Date,Confirmed,Exposed,Active,Recovered,Deaths,Diff Exposed,Diff Active,Diff Recovered,Diff Deaths
2020-05-09,38,37,38,0,0,-2,4,0,0
2020-05-10,42,35,42,0,0,-1,4,0,0
2020-05-11,46,35,46,0,0,0,3,0,0
2020-05-12,49,35,49,0,0,1,3,0,0
2020-05-13,52,35,52,0,0,1,3,0,0
2020-05-14,55,36,55,0,0,1,3,0,0
2020-05-15,58,37,58,0,0,1,3,0,0
2020-05-16,61,39,61,0,0,1,3,0,0
2020-05-17,63,40,63,0,0,2,3,0,0
2020-05-18,66,42,66,0,0,2,3,0,0
2020-05-19,69,44,69,0,0,2,3,0,0
2020-05-20,72,45,72,0,0,2,3,0,0
2020-05-21,75,47,75,0,0,2,3,0,0
2020-05-22,79,49,79,0,0,2,3,0,0
2020-05-23,82,51,82,0,0,2,4,0,0
2020-05-24,86,54,86,0,0,2,4,0,0
2020-05-25,90,56,90,0,0,2,4,0,0
2020-05-26,94,58,94,0,0,3,4,0,0
2020-05-27,98,61,98,0,0,3,4,0,0
2020-05-28,102,64,102,0,0,3,4,0,0
2020-05-29,106,66,106,0,0,3,5,0,0
2020-05-30,111,69,111,0,0,3,5,0,0
2020-05-31,116,72,116,0,0,3,5,0,0
2020-06-01,121,75,121,0,0,3,5,0,0
2020-06-02,126,79,126,0,0,3,5,0,0
2020-06-03,132,82,132,0,0,4,6,0,0
2020-06-04,137,86,137,0,0,4,6,0,0
2020-06-05,143,89,143,0,0,4,6,0,0
2020-06-06,149,93,149,0,0,4,6,0,0
2020-06-07,156,97,156,0,0,4,7,0,0
2020-06-08,163,102,163,0,0,4,7,0,0
2020-06-09,170,106,170,0,0,5,7,0,0
2020-06-10,177,110,177,0,0,5,8,0,0
2020-06-11,185,115,185,0,0,5,8,0,0
2020-06-12,193,120,193,0,0,5,8,0,0
2020-06-13,201,125,201,0,0,5,9,0,0
2020-06-14,210,131,210,0,0,6,9,0,0
2020-06-15,219,136,219,0,0,6,9,0,0
2020-06-16,228,142,228,0,0,6,10,0,0
2020-06-17,238,148,238,0,0,6,10,0,0
2020-06-18,248,155,248,0,0,7,11,0,0
2020-06-19,259,161,259,0,0,7,11,0,0
2020-06-20,270,168,270,0,0,7,12,0,0
2020-06-21,282,175,282,0,0,7,12,0,0
2020-06-22,294,183,294,0,0,8,13,0,0
2020-06-23,307,190,307,0,0,8,13,0,0
2020-06-24,320,199,320,0,0,8,14,0,0
2020-06-25,333,207,333,0,0,9,14,0,0
2020-06-26,348,216,348,0,0,9,15,0,0
2020-06-27,362,225,362,0,0,9,15,0,0
2020-06-28,378,234,378,0,0,10,16,0,0
2020-06-29,394,244,394,0,0,10,17,0,0
2020-06-30,411,254,411,0,0,11,17,0,0
2020-07-01,428,265,428,0,0,11,18,0,0
2020-07-02,446,276,446,0,0,11,19,0,0
2020-07-03,465,287,465,0,0,12,20,0,0
2020-07-04,485,299,485,0,0,12,20,0,0
2020-07-05,505,312,505,0,0,13,21,0,0
2020-07-06,526,325,526,0,0,13,22,0,0
2020-07-07,548,338,548,0,0,14,23,0,0
2020-07-08,571,352,571,0,0,14,24,0,0
2020-07-09,595,366,595,0,0,15,25,0,0
2020-07-10,620,381,620,0,0,16,26,0,0
2020-07-11,646,397,646,0,0,16,27,0,0
2020-07-12,672,413,672,0,0,17,28,0,0
2020-07-13,700,430,700,0,0,17,29,0,0
2020-07-14,729,447,729,0,0,18,30,0,0
2020-07-15,759,465,759,0,0,19,31,0,0
2020-07-16,790,483,790,0,0,19,32,0,0
2020-07-17,822,503,822,0,0,20,33,0,0
2020-07-18,856,522,856,0,0,21,35,0,0
2020-07-19,891,543,891,0,0,21,36,0,0
2020-07-20,927,564,927,0,0,22,37,0,0
2020-07-21,964,586,964,0,0,23,39,0,0
2020-07-22,1003,609,1003,0,0,23,40,0,0
2020-07-23,1043,633,1043,0,0,24,42,0,0
2020-07-24,1084,657,1084,0,0,25,43,0,0
2020-07-25,1127,682,1127,0,0,26,44,0,0
2020-07-26,1172,708,1172,0,0,27,46,0,0
2020-07-27,1218,734,1218,0,0,27,48,0,0
2020-07-28,1265,762,1265,0,0,28,49,0,0
2020-07-29,1314,790,1314,0,0,29,51,0,0
2020-07-30,1365,819,1365,0,0,30,52,0,0
2020-07-31,1418,849,1418,0,0,31,54,0,0
2020-08-01,1472,880,1472,0,0,32,56,0,0
2020-08-02,1528,911,1528,0,0,32,58,0,0
2020-08-03,1586,944,1586,0,0,33,59,0,0
2020-08-04,1645,977,1645,0,0,34,61,0,0
2020-08-05,1706,1011,1706,0,0,35,63,0,0
2020-08-06,1769,1046,1769,0,0,36,65,0,0
2020-08-07,1834,1082,1834,0,0,37,67,0,0
2020-08-08,1901,1119,1901,0,0,37,69,0,0
2020-08-09,1969,1156,1969,0,0,38,70,0,0
2020-08-10,2040,1194,2040,0,0,39,72,0,0
2020-08-11,2112,1233,2112,0,0,40,74,0,0
2020-08-12,2186,1273,2186,0,0,40,76,0,0
2020-08-13,2263,1313,2263,0,0,41,78,0,0
2020-08-14,2340,1354,2340,0,0,42,80,0,0
2020-08-15,2420,1396,2420,0,0,42,82,0,0
2020-08-16,2502,1438,2502,0,0,43,83,0,0
2020-08-17,2585,1481,2585,0,0,43,85,0,0
2020-08-18,2670,1524,2670,0,0,44,87,0,0
2020-08-19,2757,1568,2757,0,0,44,88,0,0
2020-08-20,2845,1612,2845,0,0,44,90,0,0
2020-08-21,2935,1656,2935,0,0,45,91,0,0
2020-08-22,3026,1701,3026,0,0,45,93,0,0
2020-08-23,3119,1746,3119,0,0,45,94,0,0
2020-08-24,3213,1791,3213,0,0,45,95,0,0
2020-08-25,3309,1836,3309,0,0,45,97,0,0
2020-08-26,3406,1881,3406,0,0,45,98,0,0
2020-08-27,3503,1926,3503,0,0,45,99,0,0
2020-08-28,3602,1970,3602,0,0,44,99,0,0
2020-08-29,3701,2015,3701,0,0,44,100,0,0
2020-08-30,3801,2058,3801,0,0,43,101,0,0
2020-08-31,3902,2102,3902,0,0,43,101,0,0
2020-09-01,4003,2144,4003,0,0,42,101,0,0
2020-09-02,4104,2186,4104,0,0,41,101,0,0
2020-09-03,4205,2227,4205,0,0,40,101,0,0
2020-09-04,4307,2267,4307,0,0,39,101,0,0
2020-09-05,4407,2306,4407,0,0,38,100,0,0
2020-09-06,4507,2344,4507,0,0,36,99,0,0
2020-09-07,4607,2380,4607,0,0,35,99,0,0
2020-09-08,4705,2415,4705,0,0,33,97,0,0
2020-09-09,4803,2449,4803,0,0,32,96,0,0
2020-09-10,4899,2480,4899,0,0,30,94,0,0
2020-09-11,4993,2510,4993,0,0,28,93,0,0
2020-09-12,5086,2539,5086,0,0,26,91,0,0
2020-09-13,5176,2565,5176,0,0,24,88,0,0
2020-09-14,5265,2589,5265,0,0,22,86,0,0
2020-09-15,5351,2611,5351,0,0,20,83,0,0
2020-09-16,5434,2631,5434,0,0,18,80,0,0
2020-09-17,5514,2649,5514,0,0,15,77,0,0
2020-09-18,5591,2664,5591,0,0,13,74,0,0
2020-09-19,5665,2677,5665,0,0,11,70,0,0
2020-09-20,5735,2688,5735,0,0,8,66,0,0
2020-09-21,5801,2696,5801,0,0,6,62,0,0
2020-09-22,5863,2701,5863,0,0,3,58,0,0
2020-09-23,5922,2704,5922,0,0,1,54,0,0
2020-09-24,5976,2705,5976,0,0,-2,50,0,0
2020-09-25,6025,2703,6025,0,0,-5,45,0,0
2020-09-26,6070,2698,6070,0,0,-7,40,0,0
2020-09-27,6110,2691,6110,0,0,-9,35,0,0
2020-09-28,6146,2682,6146,0,0,-12,30,0,0
2020-09-29,6176,2670,6176,0,0,-14,25,0,0
2020-09-30,6202,2656,6202,0,0,-17,20,0,0
2020-10-01,6222,2639,6222,0,0,-19,15,0,0
2020-10-02,6237,2620,6237,0,0,-21,10,0,0
2020-10-03,6248,2599,6248,0,0,-23,5,0,0
2020-10-04,6253,2576,6253,0,0,-25,0,0,0
2020-10-05,6252,2551,6252,0,0,-27,-5,0,0
2020-10-06,6247,2524,6247,0,0,-29,-10,0,0
2020-10-07,6237,2495,6237,0,0,-31,-16,0,0
2020-10-08,6221,2464,6221,0,0,-32,-20,0,0
2020-10-09,6200,2432,6200,0,0,-34,-25,0,0
2020-10-10,6175,2398,6175,0,0,-35,-30,0,0
2020-10-11,6145,2362,6145,0,0,-37,-35,0,0
2020-10-12,6110,2326,6110,0,0,-38,-39,0,0
2020-10-13,6071,2288,6071,0,0,-39,-44,0,0
2020-10-14,6027,2249,6027,0,0,-40,-48,0,0
2020-10-15,5979,2209,5979,0,0,-41,-52,0,0
2020-10-16,5926,2168,5926,0,0,-42,-56,0,0
2020-10-17,5870,2127,5870,0,0,-42,-60,0,0
2020-10-18,5810,2085,5810,0,0,-43,-63,0,0
2020-10-19,5747,2042,5747,0,0,-43,-67,0,0
2020-10-20,5680,1999,5680,0,0,-43,-70,0,0
2020-10-21,5610,1955,5610,0,0,-44,-73,0,0
2020-10-22,5537,1912,5537,0,0,-44,-76,0,0
2020-10-23,5461,1868,5461,0,0,-44,-78,0,0
2020-10-24,5383,1824,5383,0,0,-44,-81,0,0
2020-10-25,5302,1780,5302,0,0,-44,-83,0,0
2020-10-26,5219,1736,5219,0,0,-44,-85,0,0
2020-10-27,5134,1693,5134,0,0,-43,-87,0,0
2020-10-28,5047,1649,5047,0,0,-43,-88,0,0
2020-10-29,4959,1606,4959,0,0,-43,-90,0,0
2020-10-30,4870,1564,4870,0,0,-42,-91,0,0
2020-10-31,4779,1521,4779,0,0,-42,-92,0,0
2020-11-01,4687,1480,4687,0,0,-41,-93,0,0
2020-11-02,4594,1438,4594,0,0,-41,-93,0,0
2020-11-03,4501,1398,4501,0,0,-40,-94,0,0
2020-11-04,4407,1357,4407,0,0,-39,-94,0,0
2020-11-05,4313,1318,4313,0,0,-39,-94,0,0
2020-11-06,4219,1279,4219,0,0,-38,-94,0,0
2020-11-07,4125,1241,4125,0,0,-37,-94,0,0
2020-11-08,4031,1204,4031,0,0,-37,-94,0,0
2020-11-09,3937,1167,3937,0,0,-36,-93,0,0
2020-11-10,3844,1131,3844,0,0,-35,-93,0,0
2020-11-11,3751,1096,3751,0,0,-34,-92,0,0
2020-11-12,3659,1062,3659,0,0,-34,-91,0,0
2020-11-13,3568,1028,3568,0,0,-33,-91,0,0
2020-11-14,3477,996,3477,0,0,-32,-90,0,0
2020-11-15,3388,964,3388,0,0,-31,-89,0,0
2020-11-16,3299,933,3299,0,0,-30,-87,0,0
2020-11-17,3212,902,3212,0,0,-30,-86,0,0
2020-11-18,3125,873,3125,0,0,-29,-85,0,0
2020-11-19,3040,844,3040,0,0,-28,-84,0,0
2020-11-20,2957,816,2957,0,0,-27,-82,0,0
2020-11-21,2874,789,2874,0,0,-26,-81,0,0
2020-11-22,2793,762,2793,0,0,-26,-80,0,0
2020-11-23,2713,737,2713,0,0,-25,-78,0,0
2020-11-24,2635,712,2635,0,0,-24,-77,0,0
2020-11-25,2559,687,2559,0,0,-23,-75,0,0
2020-11-26,2483,664,2483,0,0,-23,-74,0,0
2020-11-27,2410,641,2410,0,0,-22,-72,0,0
2020-11-28,2338,619,2338,0,0,-21,-71,0,0
2020-11-29,2267,598,2267,0,0,-21,-69,0,0
2020-11-30,2198,577,2198,0,0,-20,-67,0,0
2020-12-01,2131,557,2131,0,0,-19,-66,0,0
2020-12-02,2065,537,2065,0,0,-19,-64,0,0
2020-12-03,2001,519,2001,0,0,-18,-63,0,0
2020-12-04,1938,500,1938,0,0,-18,-61,0,0
2020-12-05,1877,483,1877,0,0,-17,-60,0,0
2020-12-06,1817,466,1817,0,0,-16,-58,0,0
2020-12-07,1759,449,1759,0,0,-16,-57,0,0
2020-12-08,1703,433,1703,0,0,-15,-55,0,0
2020-12-09,1648,418,1648,0,0,-15,-54,0,0
2020-12-10,1594,403,1594,0,0,-14,-52,0,0
2020-12-11,1542,388,1542,0,0,-14,-51,0,0
2020-12-12,1492,375,1492,0,0,-13,-49,0,0
2020-12-13,1443,361,1443,0,0,-13,-48,0,0
2020-12-14,1395,348,1395,0,0,-13,-46,0,0
2020-12-15,1348,336,1348,0,0,-12,-45,0,0
2020-12-16,1303,324,1303,0,0,-12,-44,0,0
2020-12-17,1260,312,1260,0,0,-11,-42,0,0
2020-12-18,1217,301,1217,0,0,-11,-41,0,0
2020-12-19,1176,290,1176,0,0,-11,-40,0,0
2020-12-20,1136,279,1136,0,0,-10,-39,0,0
2020-12-21,1097,269,1097,0,0,-10,-38,0,0
2020-12-22,1060,259,1060,0,0,-9,-36,0,0
2020-12-23,1023,250,1023,0,0,-9,-35,0,0
2020-12-24,988,241,988,0,0,-9,-34,0,0
2020-12-25,954,232,954,0,0,-8,-33,0,0
2020-12-26,921,224,921,0,0,-8,-32,0,0
2020-12-27,889,215,889,0,0,-8,-31,0,0
2020-12-28,858,207,858,0,0,-8,-30,0,0
2020-12-29,828,200,828,0,0,-7,-29,0,0
2020-12-30,799,193,799,0,0,-7,-28,0,0
2020-12-31,771,186,771,0,0,-7,-27,0,0
2021-01-01,744,179,744,0,0,-7,-26,0,0
2021-01-02,718,172,718,0,0,-6,-25,0,0
2021-01-03,693,166,693,0,0,-6,-24,0,0
2021-01-04,668,160,668,0,0,-6,-24,0,0
2021-01-05,644,154,644,0,0,-6,-23,0,0
2021-01-06,622,148,622,0,0,-5,-22,0,0
2021-01-07,599,143,599,0,0,-5,-21,0,0
2021-01-08,578,137,578,0,0,-5,-21,0,0
2021-01-09,557,132,557,0,0,-5,-20,0,0
2021-01-10,538,128,538,0,0,-5,-19,0,0
2021-01-11,518,123,518,0,0,-5,-19,0,0
2021-01-12,500,118,500,0,0,-4,-18,0,0
2021-01-13,482,114,482,0,0,-4,-17,0,0
2021-01-14,464,110,464,0,0,-4,-17,0,0
2021-01-15,448,106,448,0,0,-4,-16,0,0
2021-01-16,432,102,432,0,0,-4,-16,0,0
2021-01-17,416,98,416,0,0,-4,-15,0,0
2021-01-18,401,94,401,0,0,-3,-15,0,0
2021-01-19,386,91,386,0,0,-3,-14,0,0
2021-01-20,372,88,372,0,0,-3,-14,0,0
2021-01-21,359,84,359,0,0,-3,-13,0,0
2021-01-22,346,81,346,0,0,-3,-13,0,0
2021-01-23,333,78,333,0,0,-3,-12,0,0
2021-01-24,321,75,321,0,0,-3,-12,0,0
2021-01-25,309,72,309,0,0,-3,-11,0,0
2021-01-26,298,70,298,0,0,-3,-11,0,0
2021-01-27,287,67,287,0,0,-2,-10,0,0
2021-01-28,277,65,277,0,0,-2,-10,0,0
2021-01-29,267,62,267,0,0,-2,-10,0,0
2021-01-30,257,60,257,0,0,-2,-9,0,0
2021-01-31,248,58,248,0,0,-2,-9,0,0
2021-02-01,239,56,239,0,0,-2,-9,0,0
2021-02-02,230,54,230,0,0,-2,-8,0,0
2021-02-03,221,52,221,0,0,-2,-8,0,0
2021-02-04,213,50,213,0,0,-2,-8,0,0
2021-02-05,205,48,205,0,0,-2,-8,0,0
2021-02-06,198,46,198,0,0,-2,-7,0,0
2021-02-07,191,44,191,0,0,-2,-7,0,0
2021-02-08,184,43,184,0,0,-2,-7,0,0
2021-02-09,177,41,177,0,0,-2,-7,0,0
2021-02-10,170,40,170,0,0,-1,-6,0,0
2021-02-11,164,38,164,0,0,-1,-6,0,0
2021-02-12,158,37,158,0,0,-1,-6,0,0
2021-02-13,152,35,152,0,0,-1,-6,0,0
2021-02-14,147,34,147,0,0,-1,-5,0,0
2021-02-15,141,33,141,0,0,-1,-5,0,0
2021-02-16,136,32,136,0,0,-1,-5,0,0
2021-02-17,131,30,131,0,0,-1,-5,0,0
2021-02-18,126,29,126,0,0,-1,-5,0,0
2021-02-19,121,28,121,0,0,-1,-4,0,0
2021-02-20,117,27,117,0,0,-1,-4,0,0
2021-02-21,113,26,113,0,0,-1,-4,0,0
2021-02-22,108,25,108,0,0,-1,-4,0,0
2021-02-23,104,24,104,0,0,-1,-4,0,0
2021-02-24,101,23,101,0,0,-1,-4,0,0
2021-02-25,97,22,97,0,0,-1,-4,0,0
2021-02-26,93,22,93,0,0,-1,-3,0,0
2021-02-27,90,21,90,0,0,-1,-3,0,0
2021-02-28,86,20,86,0,0,-1,-3,0,0
2021-03-01,83,19,83,0,0,-1,-3,0,0
2021-03-02,80,19,80,0,0,-1,-3,0,0
2021-03-03,77,18,77,0,0,-1,-3,0,0
2021-03-04,74,17,74,0,0,-1,-3,0,0
2021-03-05,72,17,72,0,0,-1,-3,0,0
2021-03-06,69,16,69,0,0,-1,-3,0,0
2021-03-07,66,15,66,0,0,-1,-2,0,0
2021-03-08,64,15,64,0,0,-1,-2,0,0
2021-03-09,62,14,62,0,0,-1,-2,0,0
2021-03-10,59,14,59,0,0,-1,-2,0,0
2021-03-11,57,13,57,0,0,0,-2,0,0
2021-03-12,55,13,55,0,0,0,-2,0,0
2021-03-13,53,12,53,0,0,0,-2,0,0
2021-03-14,51,12,51,0,0,0,-2,0,0
2021-03-15,49,11,49,0,0,0,-2,0,0
2021-03-16,47,11,47,0,0,0,-2,0,0
2021-03-17,45,10,45,0,0,0,-2,0,0
2021-03-18,44,10,44,0,0,0,-2,0,0
2021-03-19,42,10,42,0,0,0,-2,0,0
2021-03-20,41,9,41,0,0,0,-2,0,0
2021-03-21,39,9,39,0,0,0,-1,0,0
2021-03-22,38,9,38,0,0,0,-1,0,0
2021-03-23,36,8,36,0,0,0,-1,0,0
2021-03-24,35,8,35,0,0,0,-1,0,0
2021-03-25,34,8,34,0,0,0,-1,0,0
2021-03-26,32,7,32,0,0,0,-1,0,0
2021-03-27,31,7,31,0,0,0,-1,0,0
2021-03-28,30,7,30,0,0,0,-1,0,0
2021-03-29,29,7,29,0,0,0,-1,0,0
2021-03-30,28,6,28,0,0,0,-1,0,0
2021-03-31,27,6,27,0,0,0,-1,0,0
2021-04-01,26,6,26,0,0,0,-1,0,0
2021-04-02,25,6,25,0,0,0,-1,0,0
2021-04-03,24,6,24,0,0,0,-1,0,0
2021-04-04,23,5,23,0,0,0,-1,0,0
2021-04-05,22,5,22,0,0,0,-1,0,0
2021-04-06,21,5,21,0,0,0,-1,0,0
2021-04-07,21,5,21,0,0,0,-1,0,0
2021-04-08,20,5,20,0,0,0,-1,0,0
2021-04-09,19,4,19,0,0,0,-1,0,0
2021-04-10,18,4,18,0,0,0,-1,0,0
2021-04-11,18,4,18,0,0,0,-1,0,0
2021-04-12,17,4,17,0,0,0,-1,0,0
2021-04-13,16,4,16,0,0,0,-1,0,0
2021-04-14,16,4,16,0,0,0,-1,0,0
2021-04-15,15,3,15,0,0,0,-1,0,0
2021-04-16,15,3,15,0,0,0,-1,0,0
2021-04-17,14,3,14,0,0,0,-1,0,0
2021-04-18,14,3,14,0,0,0,-1,0,0
2021-04-19,13,3,13,0,0,0,0,0,0
2021-04-20,13,3,13,0,0,0,0,0,0
2021-04-21,12,3,12,0,0,0,0,0,0
2021-04-22,12,3,12,0,0,0,0,0,0
2021-04-23,11,3,11,0,0,0,0,0,0
2021-04-24,11,2,11,0,0,0,0,0,0
2021-04-25,10,2,10,0,0,0,0,0,0
2021-04-26,10,2,10,0,0,0,0,0,0
2021-04-27,10,2,10,0,0,0,0,0,0
2021-04-28,9,2,9,0,0,0,0,0,0
2021-04-29,9,2,9,0,0,0,0,0,0
2021-04-30,9,2,9,0,0,0,0,0,0
2021-05-01,8,2,8,0,0,0,0,0,0
2021-05-02,8,2,8,0,0,0,0,0,0
2021-05-03,8,2,8,0,0,0,0,0,0
2021-05-04,7,2,7,0,0,0,0,0,0
