Date,Confirmed,Exposed,Active,Recovered,Deaths,Diff Exposed,Diff Active,Diff Recovered,Diff Deaths
2020-05-09,24,2,24,0,0,1,0,0,0
2020-05-10,24,3,24,0,0,1,1,0,0
2020-05-11,25,4,25,0,0,0,1,0,0
2020-05-12,26,4,26,0,0,0,1,0,0
2020-05-13,27,5,27,0,0,0,1,0,0
2020-05-14,29,5,29,0,0,0,1,0,0
2020-05-15,30,5,30,0,0,0,2,0,0
2020-05-16,32,5,32,0,0,0,2,0,0
2020-05-17,33,6,33,0,0,0,2,0,0
2020-05-18,35,6,35,0,0,0,2,0,0
2020-05-19,37,6,37,0,0,0,2,0,0
2020-05-20,39,7,39,0,0,0,2,0,0
2020-05-21,41,7,41,0,0,0,2,0,0
2020-05-22,43,7,43,0,0,0,2,0,0
2020-05-23,45,8,45,0,0,0,2,0,0
2020-05-24,48,8,48,0,0,0,2,0,0
2020-05-25,50,9,50,0,0,0,3,0,0
2020-05-26,53,9,53,0,0,0,3,0,0
2020-05-27,55,10,55,0,0,0,3,0,0
2020-05-28,58,10,58,0,0,1,3,0,0
2020-05-29,61,11,61,0,0,1,3,0,0
2020-05-30,64,11,64,0,0,1,3,0,0
2020-05-31,68,12,68,0,0,1,3,0,0
2020-06-01,71,12,71,0,0,1,4,0,0
2020-06-02,75,13,75,0,0,1,4,0,0
2020-06-03,79,14,79,0,0,1,4,0,0
2020-06-04,83,14,83,0,0,1,4,0,0
2020-06-05,87,15,87,0,0,1,4,0,0
2020-06-06,91,16,91,0,0,1,5,0,0
2020-06-07,96,17,96,0,0,1,5,0,0
2020-06-08,101,17,101,0,0,1,5,0,0
2020-06-09,106,18,106,0,0,1,5,0,0
2020-06-10,112,19,112,0,0,1,6,0,0
2020-06-11,118,20,118,0,0,1,6,0,0
2020-06-12,124,21,124,0,0,1,6,0,0
2020-06-13,130,22,130,0,0,1,7,0,0
2020-06-14,137,24,137,0,0,1,7,0,0
2020-06-15,144,25,144,0,0,1,7,0,0
2020-06-16,151,26,151,0,0,1,8,0,0
2020-06-17,159,27,159,0,0,1,8,0,0
2020-06-18,167,29,167,0,0,1,9,0,0
2020-06-19,175,30,175,0,0,2,9,0,0
2020-06-20,184,32,184,0,0,2,9,0,0
2020-06-21,194,33,194,0,0,2,10,0,0
2020-06-22,204,35,204,0,0,2,10,0,0
2020-06-23,214,37,214,0,0,2,11,0,0
2020-06-24,225,39,225,0,0,2,11,0,0
2020-06-25,236,41,236,0,0,2,12,0,0
2020-06-26,248,43,248,0,0,2,13,0,0
2020-06-27,261,45,261,0,0,2,13,0,0
2020-06-28,274,47,274,0,0,2,14,0,0
2020-06-29,288,49,288,0,0,2,15,0,0
2020-06-30,303,52,303,0,0,3,15,0,0
2020-07-01,318,54,318,0,0,3,16,0,0
2020-07-02,334,57,334,0,0,3,17,0,0
2020-07-03,351,60,351,0,0,3,18,0,0
2020-07-04,369,63,369,0,0,3,19,0,0
2020-07-05,388,66,388,0,0,3,20,0,0
2020-07-06,407,69,407,0,0,3,20,0,0
2020-07-07,428,73,428,0,0,4,21,0,0
2020-07-08,449,76,449,0,0,4,22,0,0
2020-07-09,471,80,471,0,0,4,24,0,0
2020-07-10,495,84,495,0,0,4,25,0,0
2020-07-11,520,88,520,0,0,4,26,0,0
2020-07-12,546,92,546,0,0,4,27,0,0
2020-07-13,573,97,573,0,0,5,28,0,0
2020-07-14,601,101,601,0,0,5,30,0,0
2020-07-15,631,106,631,0,0,5,31,0,0
2020-07-16,662,111,662,0,0,5,33,0,0
2020-07-17,695,117,695,0,0,6,34,0,0
2020-07-18,729,122,729,0,0,6,36,0,0
2020-07-19,764,128,764,0,0,6,37,0,0
2020-07-20,802,134,802,0,0,6,39,0,0
2020-07-21,840,140,840,0,0,7,41,0,0
2020-07-22,881,147,881,0,0,7,43,0,0
2020-07-23,924,154,924,0,0,7,44,0,0
2020-07-24,968,161,968,0,0,7,46,0,0
2020-07-25,1015,168,1015,0,0,8,48,0,0
2020-07-26,1063,176,1063,0,0,8,51,0,0
2020-07-27,1114,183,1114,0,0,8,53,0,0
2020-07-28,1166,192,1166,0,0,8,55,0,0
2020-07-29,1221,200,1221,0,0,9,57,0,0
2020-07-30,1279,209,1279,0,0,9,60,0,0
2020-07-31,1338,218,1338,0,0,9,62,0,0
2020-08-01,1400,227,1400,0,0,10,65,0,0
2020-08-02,1465,237,1465,0,0,10,67,0,0
2020-08-03,1532,247,1532,0,0,10,70,0,0
2020-08-04,1602,258,1602,0,0,11,73,0,0
2020-08-05,1674,268,1674,0,0,11,75,0,0
2020-08-06,1750,279,1750,0,0,11,78,0,0
2020-08-07,1828,291,1828,0,0,12,81,0,0
2020-08-08,1909,302,1909,0,0,12,84,0,0
2020-08-09,1992,314,1992,0,0,12,87,0,0
2020-08-10,2079,326,2079,0,0,12,90,0,0
2020-08-11,2169,339,2169,0,0,13,93,0,0
2020-08-12,2262,352,2262,0,0,13,96,0,0
2020-08-13,2358,365,2358,0,0,13,99,0,0
2020-08-14,2457,378,2457,0,0,13,102,0,0
2020-08-15,2559,391,2559,0,0,14,105,0,0
2020-08-16,2664,405,2664,0,0,14,108,0,0
2020-08-17,2772,419,2772,0,0,14,111,0,0
2020-08-18,2883,433,2883,0,0,14,114,0,0
2020-08-19,2997,447,2997,0,0,14,117,0,0
2020-08-20,3114,461,3114,0,0,14,120,0,0
2020-08-21,3234,475,3234,0,0,14,123,0,0
2020-08-22,3356,490,3356,0,0,14,125,0,0
2020-08-23,3482,504,3482,0,0,14,128,0,0
2020-08-24,3609,518,3609,0,0,14,130,0,0
2020-08-25,3740,533,3740,0,0,14,133,0,0
2020-08-26,3872,547,3872,0,0,14,135,0,0
2020-08-27,4007,561,4007,0,0,14,137,0,0
2020-08-28,4144,574,4144,0,0,13,139,0,0
2020-08-29,4282,588,4282,0,0,13,140,0,0
2020-08-30,4422,601,4422,0,0,13,141,0,0
2020-08-31,4564,614,4564,0,0,12,142,0,0
2020-09-01,4706,626,4706,0,0,12,143,0,0
2020-09-02,4850,638,4850,0,0,11,144,0,0
2020-09-03,4994,649,4994,0,0,11,144,0,0
2020-09-04,5138,660,5138,0,0,10,144,0,0
2020-09-05,5282,671,5282,0,0,10,144,0,0
2020-09-06,5425,680,5425,0,0,9,143,0,0
2020-09-07,5568,689,5568,0,0,8,142,0,0
2020-09-08,5710,697,5710,0,0,7,141,0,0
2020-09-09,5851,705,5851,0,0,7,139,0,0
2020-09-10,5990,711,5990,0,0,6,137,0,0
2020-09-11,6127,717,6127,0,0,5,134,0,0
2020-09-12,6261,722,6261,0,0,4,131,0,0
2020-09-13,6392,726,6392,0,0,3,128,0,0
2020-09-14,6521,729,6521,0,0,2,125,0,0
2020-09-15,6645,731,6645,0,0,1,121,0,0
2020-09-16,6766,732,6766,0,0,0,117,0,0
2020-09-17,6883,733,6883,0,0,-1,112,0,0
2020-09-18,6995,732,6995,0,0,-2,107,0,0
2020-09-19,7102,730,7102,0,0,-2,102,0,0
2020-09-20,7204,728,7204,0,0,-3,97,0,0
2020-09-21,7301,724,7301,0,0,-4,91,0,0
2020-09-22,7391,720,7391,0,0,-5,85,0,0
2020-09-23,7476,715,7476,0,0,-6,79,0,0
2020-09-24,7555,709,7555,0,0,-7,72,0,0
2020-09-25,7627,702,7627,0,0,-8,66,0,0
2020-09-26,7693,695,7693,0,0,-8,59,0,0
2020-09-27,7752,687,7752,0,0,-9,52,0,0
2020-09-28,7805,678,7805,0,0,-10,46,0,0
2020-09-29,7850,668,7850,0,0,-10,39,0,0
2020-09-30,7889,658,7889,0,0,-11,32,0,0
2020-10-01,7920,647,7920,0,0,-11,25,0,0
2020-10-02,7945,636,7945,0,0,-12,18,0,0
2020-10-03,7963,625,7963,0,0,-12,11,0,0
2020-10-04,7974,613,7974,0,0,-12,4,0,0
2020-10-05,7978,600,7978,0,0,-13,-3,0,0
2020-10-06,7975,588,7975,0,0,-13,-9,0,0
2020-10-07,7966,575,7966,0,0,-13,-16,0,0
2020-10-08,7950,562,7950,0,0,-13,-22,0,0
2020-10-09,7928,549,7928,0,0,-13,-28,0,0
2020-10-10,7900,535,7900,0,0,-13,-34,0,0
2020-10-11,7866,522,7866,0,0,-13,-40,0,0
2020-10-12,7826,509,7826,0,0,-13,-45,0,0
2020-10-13,7780,495,7780,0,0,-13,-51,0,0
2020-10-14,7730,482,7730,0,0,-13,-56,0,0
2020-10-15,7674,469,7674,0,0,-13,-61,0,0
2020-10-16,7613,455,7613,0,0,-13,-65,0,0
2020-10-17,7548,442,7548,0,0,-13,-69,0,0
2020-10-18,7479,430,7479,0,0,-13,-74,0,0
2020-10-19,7405,417,7405,0,0,-13,-77,0,0
2020-10-20,7328,404,7328,0,0,-12,-81,0,0
2020-10-21,7247,392,7247,0,0,-12,-84,0,0
2020-10-22,7163,380,7163,0,0,-12,-87,0,0
2020-10-23,7075,368,7075,0,0,-12,-90,0,0
2020-10-24,6985,356,6985,0,0,-11,-93,0,0
2020-10-25,6893,345,6893,0,0,-11,-95,0,0
2020-10-26,6798,334,6798,0,0,-11,-97,0,0
2020-10-27,6701,323,6701,0,0,-11,-99,0,0
2020-10-28,6602,312,6602,0,0,-10,-101,0,0
2020-10-29,6501,302,6501,0,0,-10,-102,0,0
2020-10-30,6399,292,6399,0,0,-10,-103,0,0
2020-10-31,6296,282,6296,0,0,-9,-104,0,0
2020-11-01,6192,273,6192,0,0,-9,-105,0,0
2020-11-02,6087,264,6087,0,0,-9,-106,0,0
2020-11-03,5981,255,5981,0,0,-9,-106,0,0
2020-11-04,5875,246,5875,0,0,-8,-106,0,0
2020-11-05,5768,238,5768,0,0,-8,-107,0,0
2020-11-06,5662,229,5662,0,0,-8,-107,0,0
2020-11-07,5555,222,5555,0,0,-8,-107,0,0
2020-11-08,5449,214,5449,0,0,-7,-106,0,0
2020-11-09,5342,207,5342,0,0,-7,-106,0,0
2020-11-10,5236,200,5236,0,0,-7,-105,0,0
2020-11-11,5131,193,5131,0,0,-7,-105,0,0
2020-11-12,5026,186,5026,0,0,-6,-104,0,0
2020-11-13,4922,180,4922,0,0,-6,-103,0,0
2020-11-14,4819,173,4819,0,0,-6,-102,0,0
2020-11-15,4716,167,4716,0,0,-6,-101,0,0
2020-11-16,4615,162,4615,0,0,-6,-100,0,0
2020-11-17,4514,156,4514,0,0,-5,-99,0,0
2020-11-18,4415,151,4415,0,0,-5,-98,0,0
2020-11-19,4317,146,4317,0,0,-5,-97,0,0
2020-11-20,4220,141,4220,0,0,-5,-96,0,0
2020-11-21,4124,136,4124,0,0,-5,-94,0,0
2020-11-22,4030,131,4030,0,0,-4,-93,0,0
2020-11-23,3937,127,3937,0,0,-4,-92,0,0
2020-11-24,3845,122,3845,0,0,-4,-90,0,0
2020-11-25,3755,118,3755,0,0,-4,-89,0,0
2020-11-26,3666,114,3666,0,0,-4,-87,0,0
2020-11-27,3578,110,3578,0,0,-4,-86,0,0
2020-11-28,3492,106,3492,0,0,-4,-84,0,0
2020-11-29,3408,103,3408,0,0,-3,-83,0,0
2020-11-30,3325,99,3325,0,0,-3,-81,0,0
2020-12-01,3243,96,3243,0,0,-3,-80,0,0
2020-12-02,3163,93,3163,0,0,-3,-78,0,0
2020-12-03,3085,90,3085,0,0,-3,-77,0,0
2020-12-04,3008,87,3008,0,0,-3,-75,0,0
2020-12-05,2933,84,2933,0,0,-3,-74,0,0
2020-12-06,2859,81,2859,0,0,-3,-72,0,0
2020-12-07,2786,78,2786,0,0,-3,-71,0,0
2020-12-08,2715,76,2715,0,0,-3,-69,0,0
2020-12-09,2646,73,2646,0,0,-2,-68,0,0
2020-12-10,2578,71,2578,0,0,-2,-67,0,0
2020-12-11,2511,68,2511,0,0,-2,-65,0,0
2020-12-12,2446,66,2446,0,0,-2,-64,0,0
2020-12-13,2383,64,2383,0,0,-2,-62,0,0
2020-12-14,2320,62,2320,0,0,-2,-61,0,0
2020-12-15,2260,60,2260,0,0,-2,-59,0,0
2020-12-16,2200,58,2200,0,0,-2,-58,0,0
2020-12-17,2142,56,2142,0,0,-2,-57,0,0
2020-12-18,2085,54,2085,0,0,-2,-55,0,0
2020-12-19,2030,53,2030,0,0,-2,-54,0,0
2020-12-20,1976,51,1976,0,0,-2,-53,0,0
2020-12-21,1923,49,1923,0,0,-2,-52,0,0
2020-12-22,1871,48,1871,0,0,-2,-50,0,0
2020-12-23,1821,46,1821,0,0,-1,-49,0,0
2020-12-24,1772,45,1772,0,0,-1,-48,0,0
2020-12-25,1724,43,1724,0,0,-1,-47,0,0
2020-12-26,1677,42,1677,0,0,-1,-46,0,0
2020-12-27,1632,40,1632,0,0,-1,-44,0,0
2020-12-28,1587,39,1587,0,0,-1,-43,0,0
2020-12-29,1544,38,1544,0,0,-1,-42,0,0
2020-12-30,1502,37,1502,0,0,-1,-41,0,0
2020-12-31,1461,36,1461,0,0,-1,-40,0,0
2021-01-01,1421,34,1421,0,0,-1,-39,0,0
2021-01-02,1381,33,1381,0,0,-1,-38,0,0
2021-01-03,1343,32,1343,0,0,-1,-37,0,0
2021-01-04,1306,31,1306,0,0,-1,-36,0,0
2021-01-05,1270,30,1270,0,0,-1,-35,0,0
2021-01-06,1235,29,1235,0,0,-1,-34,0,0
2021-01-07,1201,28,1201,0,0,-1,-33,0,0
2021-01-08,1167,28,1167,0,0,-1,-33,0,0
2021-01-09,1135,27,1135,0,0,-1,-32,0,0
2021-01-10,1103,26,1103,0,0,-1,-31,0,0
2021-01-11,1072,25,1072,0,0,-1,-30,0,0
2021-01-12,1042,24,1042,0,0,-1,-29,0,0
2021-01-13,1013,24,1013,0,0,-1,-28,0,0
2021-01-14,985,23,985,0,0,-1,-28,0,0
2021-01-15,957,22,957,0,0,-1,-27,0,0
2021-01-16,930,21,930,0,0,-1,-26,0,0
2021-01-17,904,21,904,0,0,-1,-25,0,0
2021-01-18,878,20,878,0,0,-1,-25,0,0
2021-01-19,854,20,854,0,0,-1,-24,0,0
2021-01-20,829,19,829,0,0,-1,-23,0,0
2021-01-21,806,18,806,0,0,-1,-23,0,0
2021-01-22,783,18,783,0,0,-1,-22,0,0
2021-01-23,761,17,761,0,0,-1,-22,0,0
2021-01-24,739,17,739,0,0,-1,-21,0,0
2021-01-25,718,16,718,0,0,0,-20,0,0
2021-01-26,698,16,698,0,0,0,-20,0,0
2021-01-27,678,15,678,0,0,0,-19,0,0
2021-01-28,659,15,659,0,0,0,-19,0,0
2021-01-29,640,14,640,0,0,0,-18,0,0
2021-01-30,622,14,622,0,0,0,-18,0,0
2021-01-31,604,13,604,0,0,0,-17,0,0
2021-02-01,587,13,587,0,0,0,-17,0,0
2021-02-02,570,13,570,0,0,0,-16,0,0
2021-02-03,554,12,554,0,0,0,-16,0,0
2021-02-04,538,12,538,0,0,0,-15,0,0
2021-02-05,522,12,522,0,0,0,-15,0,0
2021-02-06,508,11,508,0,0,0,-15,0,0
2021-02-07,493,11,493,0,0,0,-14,0,0
2021-02-08,479,11,479,0,0,0,-14,0,0
2021-02-09,465,10,465,0,0,0,-13,0,0
2021-02-10,452,10,452,0,0,0,-13,0,0
2021-02-11,439,10,439,0,0,0,-13,0,0
2021-02-12,426,9,426,0,0,0,-12,0,0
2021-02-13,414,9,414,0,0,0,-12,0,0
2021-02-14,402,9,402,0,0,0,-12,0,0
2021-02-15,390,9,390,0,0,0,-11,0,0
2021-02-16,379,8,379,0,0,0,-11,0,0
2021-02-17,368,8,368,0,0,0,-11,0,0
2021-02-18,358,8,358,0,0,0,-10,0,0
2021-02-19,347,8,347,0,0,0,-10,0,0
2021-02-20,337,7,337,0,0,0,-10,0,0
2021-02-21,327,7,327,0,0,0,-9,0,0
2021-02-22,318,7,318,0,0,0,-9,0,0
2021-02-23,309,7,309,0,0,0,-9,0,0
2021-02-24,300,6,300,0,0,0,-9,0,0
2021-02-25,291,6,291,0,0,0,-8,0,0
2021-02-26,283,6,283,0,0,0,-8,0,0
2021-02-27,275,6,275,0,0,0,-8,0,0
2021-02-28,267,6,267,0,0,0,-8,0,0
2021-03-01,259,6,259,0,0,0,-8,0,0
2021-03-02,251,5,251,0,0,0,-7,0,0
2021-03-03,244,5,244,0,0,0,-7,0,0
2021-03-04,237,5,237,0,0,0,-7,0,0
2021-03-05,230,5,230,0,0,0,-7,0,0
2021-03-06,224,5,224,0,0,0,-6,0,0
2021-03-07,217,5,217,0,0,0,-6,0,0
2021-03-08,211,5,211,0,0,0,-6,0,0
2021-03-09,205,4,205,0,0,0,-6,0,0
2021-03-10,199,4,199,0,0,0,-6,0,0
2021-03-11,193,4,193,0,0,0,-6,0,0
2021-03-12,187,4,187,0,0,0,-5,0,0
2021-03-13,182,4,182,0,0,0,-5,0,0
2021-03-14,177,4,177,0,0,0,-5,0,0
2021-03-15,171,4,171,0,0,0,-5,0,0
2021-03-16,166,4,166,0,0,0,-5,0,0
2021-03-17,162,3,162,0,0,0,-5,0,0
2021-03-18,157,3,157,0,0,0,-5,0,0
2021-03-19,152,3,152,0,0,0,-4,0,0
2021-03-20,148,3,148,0,0,0,-4,0,0
2021-03-21,144,3,144,0,0,0,-4,0,0
2021-03-22,139,3,139,0,0,0,-4,0,0
2021-03-23,135,3,135,0,0,0,-4,0,0
2021-03-24,131,3,131,0,0,0,-4,0,0
2021-03-25,128,3,128,0,0,0,-4,0,0
2021-03-26,124,3,124,0,0,0,-4,0,0
2021-03-27,120,3,120,0,0,0,-4,0,0
2021-03-28,117,2,117,0,0,0,-3,0,0
2021-03-29,113,2,113,0,0,0,-3,0,0
2021-03-30,110,2,110,0,0,0,-3,0,0
2021-03-31,107,2,107,0,0,0,-3,0,0
2021-04-01,104,2,104,0,0,0,-3,0,0
2021-04-02,101,2,101,0,0,0,-3,0,0
2021-04-03,98,2,98,0,0,0,-3,0,0
2021-04-04,95,2,95,0,0,0,-3,0,0
2021-04-05,92,2,92,0,0,0,-3,0,0
2021-04-06,90,2,90,0,0,0,-3,0,0
2021-04-07,87,2,87,0,0,0,-3,0,0
2021-04-08,84,2,84,0,0,0,-2,0,0
2021-04-09,82,2,82,0,0,0,-2,0,0
2021-04-10,80,2,80,0,0,0,-2,0,0
2021-04-11,77,2,77,0,0,0,-2,0,0
2021-04-12,75,2,75,0,0,0,-2,0,0
2021-04-13,73,2,73,0,0,0,-2,0,0
2021-04-14,71,1,71,0,0,0,-2,0,0
2021-04-15,69,1,69,0,0,0,-2,0,0
2021-04-16,67,1,67,0,0,0,-2,0,0
2021-04-17,65,1,65,0,0,0,-2,0,0
2021-04-18,63,1,63,0,0,0,-2,0,0
2021-04-19,61,1,61,0,0,0,-2,0,0
2021-04-20,59,1,59,0,0,0,-2,0,0
2021-04-21,57,1,57,0,0,0,-2,0,0
2021-04-22,56,1,56,0,0,0,-2,0,0
2021-04-23,54,1,54,0,0,0,-2,0,0
2021-04-24,53,1,53,0,0,0,-2,0,0
2021-04-25,51,1,51,0,0,0,-1,0,0
2021-04-26,50,1,50,0,0,0,-1,0,0
2021-04-27,48,1,48,0,0,0,-1,0,0
2021-04-28,47,1,47,0,0,0,-1,0,0
2021-04-29,45,1,45,0,0,0,-1,0,0
2021-04-30,44,1,44,0,0,0,-1,0,0
2021-05-01,43,1,43,0,0,0,-1,0,0
2021-05-02,41,1,41,0,0,0,-1,0,0
2021-05-03,40,1,40,0,0,0,-1,0,0
2021-05-04,39,1,39,0,0,0,-1,0,0
