Date,Confirmed,Exposed,Active,Recovered,Deaths,Diff Exposed,Diff Active,Diff Recovered,Diff Deaths
2020-05-09,62,70,62,0,0,1,3,0,0
2020-05-10,65,71,65,0,0,1,3,0,0
2020-05-11,68,73,68,0,0,2,3,0,0
2020-05-12,71,74,71,0,0,2,3,0,0
2020-05-13,74,76,74,0,0,2,3,0,0
2020-05-14,77,78,77,0,0,2,3,0,0
2020-05-15,80,81,80,0,0,2,3,0,0
2020-05-16,83,83,83,0,0,3,3,0,0
2020-05-17,86,86,86,0,0,3,3,0,0
2020-05-18,89,89,89,0,0,3,3,0,0
2020-05-19,92,91,92,0,0,3,3,0,0
2020-05-20,95,95,95,0,0,3,3,0,0
2020-05-21,99,98,99,0,0,3,3,0,0
2020-05-22,102,101,102,0,0,3,4,0,0
2020-05-23,106,104,106,0,0,4,4,0,0
2020-05-24,110,108,110,0,0,4,4,0,0
2020-05-25,113,112,113,0,0,4,4,0,0
2020-05-26,117,115,117,0,0,4,4,0,0
2020-05-27,121,119,121,0,0,4,4,0,0
2020-05-28,125,123,125,0,0,4,4,0,0
2020-05-29,130,127,130,0,0,4,4,0,0
2020-05-30,134,132,134,0,0,4,5,0,0
2020-05-31,139,136,139,0,0,5,5,0,0
2020-06-01,144,141,144,0,0,5,5,0,0
2020-06-02,149,146,149,0,0,5,5,0,0
2020-06-03,154,151,154,0,0,5,5,0,0
2020-06-04,159,156,159,0,0,5,5,0,0
2020-06-05,164,161,164,0,0,5,6,0,0
2020-06-06,170,166,170,0,0,6,6,0,0
2020-06-07,176,172,176,0,0,6,6,0,0
2020-06-08,182,178,182,0,0,6,6,0,0
2020-06-09,188,184,188,0,0,6,6,0,0
2020-06-10,194,190,194,0,0,6,7,0,0
2020-06-11,201,196,201,0,0,7,7,0,0
2020-06-12,208,203,208,0,0,7,7,0,0
2020-06-13,215,210,215,0,0,7,7,0,0
2020-06-14,222,217,222,0,0,7,7,0,0
2020-06-15,229,224,229,0,0,7,8,0,0
2020-06-16,237,231,237,0,0,8,8,0,0
2020-06-17,245,239,245,0,0,8,8,0,0
2020-06-18,253,247,253,0,0,8,9,0,0
2020-06-19,262,255,262,0,0,8,9,0,0
2020-06-20,271,263,271,0,0,9,9,0,0
2020-06-21,280,272,280,0,0,9,9,0,0
2020-06-22,289,281,289,0,0,9,10,0,0
2020-06-23,299,290,299,0,0,10,10,0,0
2020-06-24,308,300,308,0,0,10,10,0,0
2020-06-25,319,310,319,0,0,10,11,0,0
2020-06-26,329,320,329,0,0,10,11,0,0
2020-06-27,340,330,340,0,0,11,11,0,0
2020-06-28,351,341,351,0,0,11,12,0,0
2020-06-29,363,352,363,0,0,11,12,0,0
2020-06-30,375,363,375,0,0,12,12,0,0
2020-07-01,387,375,387,0,0,12,13,0,0
2020-07-02,400,387,400,0,0,12,13,0,0
2020-07-03,413,399,413,0,0,13,13,0,0
2020-07-04,427,412,427,0,0,13,14,0,0
2020-07-05,440,425,440,0,0,13,14,0,0
2020-07-06,455,438,455,0,0,14,15,0,0
2020-07-07,470,452,470,0,0,14,15,0,0
2020-07-08,485,466,485,0,0,15,16,0,0
2020-07-09,500,481,500,0,0,15,16,0,0
2020-07-10,516,496,516,0,0,15,17,0,0
2020-07-11,533,511,533,0,0,16,17,0,0
2020-07-12,550,527,550,0,0,16,17,0,0
2020-07-13,567,543,567,0,0,17,18,0,0
2020-07-14,585,560,585,0,0,17,18,0,0
2020-07-15,604,577,604,0,0,17,19,0,0
2020-07-16,623,594,623,0,0,18,20,0,0
2020-07-17,642,612,642,0,0,18,20,0,0
2020-07-18,662,631,662,0,0,19,21,0,0
2020-07-19,683,650,683,0,0,19,21,0,0
2020-07-20,704,669,704,0,0,20,22,0,0
2020-07-21,726,689,726,0,0,20,22,0,0
2020-07-22,748,709,748,0,0,21,23,0,0
2020-07-23,771,729,771,0,0,21,23,0,0
2020-07-24,795,751,795,0,0,22,24,0,0
2020-07-25,819,772,819,0,0,22,25,0,0
2020-07-26,843,794,843,0,0,23,25,0,0
2020-07-27,869,817,869,0,0,23,26,0,0
2020-07-28,894,840,894,0,0,23,27,0,0
2020-07-29,921,863,921,0,0,24,27,0,0
2020-07-30,948,887,948,0,0,24,28,0,0
2020-07-31,976,911,976,0,0,25,28,0,0
2020-08-01,1004,936,1004,0,0,25,29,0,0
2020-08-02,1033,961,1033,0,0,26,30,0,0
2020-08-03,1063,987,1063,0,0,26,30,0,0
2020-08-04,1094,1013,1094,0,0,27,31,0,0
2020-08-05,1125,1040,1125,0,0,27,32,0,0
2020-08-06,1156,1067,1156,0,0,27,32,0,0
2020-08-07,1188,1094,1188,0,0,28,33,0,0
2020-08-08,1221,1122,1221,0,0,28,34,0,0
2020-08-09,1255,1150,1255,0,0,29,34,0,0
2020-08-10,1289,1179,1289,0,0,29,35,0,0
2020-08-11,1324,1208,1324,0,0,29,35,0,0
2020-08-12,1360,1237,1360,0,0,30,36,0,0
2020-08-13,1396,1267,1396,0,0,30,37,0,0
2020-08-14,1432,1296,1432,0,0,30,37,0,0
2020-08-15,1470,1327,1470,0,0,30,38,0,0
2020-08-16,1507,1357,1507,0,0,31,38,0,0
2020-08-17,1546,1387,1546,0,0,31,39,0,0
2020-08-18,1585,1418,1585,0,0,31,40,0,0
2020-08-19,1624,1449,1624,0,0,31,40,0,0
2020-08-20,1664,1480,1664,0,0,31,40,0,0
2020-08-21,1705,1512,1705,0,0,31,41,0,0
2020-08-22,1746,1543,1746,0,0,31,41,0,0
2020-08-23,1787,1574,1787,0,0,31,42,0,0
2020-08-24,1829,1605,1829,0,0,31,42,0,0
2020-08-25,1871,1637,1871,0,0,31,43,0,0
2020-08-26,1914,1668,1914,0,0,31,43,0,0
2020-08-27,1957,1699,1957,0,0,31,43,0,0
2020-08-28,2000,1730,2000,0,0,31,43,0,0
2020-08-29,2043,1761,2043,0,0,30,44,0,0
2020-08-30,2087,1791,2087,0,0,30,44,0,0
2020-08-31,2131,1821,2131,0,0,30,44,0,0
2020-09-01,2174,1851,2174,0,0,29,44,0,0
2020-09-02,2218,1881,2218,0,0,29,44,0,0
2020-09-03,2262,1910,2262,0,0,29,44,0,0
2020-09-04,2306,1938,2306,0,0,28,44,0,0
2020-09-05,2350,1966,2350,0,0,27,44,0,0
2020-09-06,2394,1994,2394,0,0,27,44,0,0
2020-09-07,2438,2021,2438,0,0,26,43,0,0
2020-09-08,2481,2047,2481,0,0,25,43,0,0
2020-09-09,2524,2072,2524,0,0,25,43,0,0
2020-09-10,2567,2097,2567,0,0,24,42,0,0
2020-09-11,2609,2121,2609,0,0,23,42,0,0
2020-09-12,2651,2144,2651,0,0,22,41,0,0
2020-09-13,2692,2166,2692,0,0,21,41,0,0
2020-09-14,2733,2187,2733,0,0,20,40,0,0
2020-09-15,2773,2207,2773,0,0,19,39,0,0
2020-09-16,2813,2226,2813,0,0,18,39,0,0
2020-09-17,2851,2244,2851,0,0,17,38,0,0
2020-09-18,2889,2261,2889,0,0,16,37,0,0
2020-09-19,2926,2277,2926,0,0,15,36,0,0
2020-09-20,2962,2291,2962,0,0,13,35,0,0
2020-09-21,2997,2305,2997,0,0,12,34,0,0
2020-09-22,3031,2317,3031,0,0,11,33,0,0
2020-09-23,3064,2327,3064,0,0,9,32,0,0
2020-09-24,3095,2337,3095,0,0,8,30,0,0
2020-09-25,3126,2345,3126,0,0,7,29,0,0
2020-09-26,3155,2352,3155,0,0,5,28,0,0
2020-09-27,3182,2357,3182,0,0,4,26,0,0
2020-09-28,3209,2361,3209,0,0,3,25,0,0
2020-09-29,3233,2364,3233,0,0,1,23,0,0
2020-09-30,3257,2365,3257,0,0,0,22,0,0
2020-10-01,3279,2365,3279,0,0,-1,20,0,0
2020-10-02,3299,2364,3299,0,0,-3,19,0,0
2020-10-03,3317,2361,3317,0,0,-4,17,0,0
2020-10-04,3334,2357,3334,0,0,-6,15,0,0
2020-10-05,3350,2351,3350,0,0,-7,14,0,0
2020-10-06,3363,2344,3363,0,0,-8,12,0,0
2020-10-07,3375,2336,3375,0,0,-10,10,0,0
2020-10-08,3385,2326,3385,0,0,-11,8,0,0
2020-10-09,3394,2315,3394,0,0,-12,7,0,0
2020-10-10,3400,2303,3400,0,0,-13,5,0,0
2020-10-11,3405,2290,3405,0,0,-15,3,0,0
2020-10-12,3408,2275,3408,0,0,-16,1,0,0
2020-10-13,3409,2260,3409,0,0,-17,-1,0,0
2020-10-14,3409,2243,3409,0,0,-18,-2,0,0
2020-10-15,3406,2225,3406,0,0,-19,-4,0,0
2020-10-16,3402,2206,3402,0,0,-20,-6,0,0
2020-10-17,3396,2186,3396,0,0,-21,-8,0,0
2020-10-18,3389,2165,3389,0,0,-22,-9,0,0
2020-10-19,3380,2143,3380,0,0,-23,-11,0,0
2020-10-20,3369,2121,3369,0,0,-24,-13,0,0
2020-10-21,3356,2097,3356,0,0,-24,-14,0,0
2020-10-22,3342,2073,3342,0,0,-25,-16,0,0
2020-10-23,3326,2048,3326,0,0,-26,-17,0,0
2020-10-24,3308,2022,3308,0,0,-26,-19,0,0
2020-10-25,3289,1996,3289,0,0,-27,-20,0,0
2020-10-26,3269,1969,3269,0,0,-28,-22,0,0
2020-10-27,3247,1941,3247,0,0,-28,-23,0,0
2020-10-28,3224,1913,3224,0,0,-28,-25,0,0
2020-10-29,3199,1884,3199,0,0,-29,-26,0,0
2020-10-30,3173,1856,3173,0,0,-29,-27,0,0
2020-10-31,3146,1826,3146,0,0,-30,-28,0,0
2020-11-01,3117,1797,3117,0,0,-30,-30,0,0
2020-11-02,3088,1767,3088,0,0,-30,-31,0,0
2020-11-03,3057,1737,3057,0,0,-30,-32,0,0
2020-11-04,3025,1707,3025,0,0,-30,-33,0,0
2020-11-05,2992,1677,2992,0,0,-30,-34,0,0
2020-11-06,2959,1646,2959,0,0,-30,-35,0,0
2020-11-07,2924,1616,2924,0,0,-31,-35,0,0
2020-11-08,2889,1585,2889,0,0,-30,-36,0,0
2020-11-09,2853,1555,2853,0,0,-30,-37,0,0
2020-11-10,2816,1524,2816,0,0,-30,-37,0,0
2020-11-11,2779,1494,2779,0,0,-30,-38,0,0
2020-11-12,2740,1464,2740,0,0,-30,-39,0,0
2020-11-13,2702,1433,2702,0,0,-30,-39,0,0
2020-11-14,2663,1403,2663,0,0,-30,-40,0,0
2020-11-15,2623,1374,2623,0,0,-30,-40,0,0
2020-11-16,2583,1344,2583,0,0,-29,-40,0,0
2020-11-17,2543,1315,2543,0,0,-29,-40,0,0
2020-11-18,2503,1286,2503,0,0,-29,-41,0,0
2020-11-19,2462,1257,2462,0,0,-28,-41,0,0
2020-11-20,2421,1229,2421,0,0,-28,-41,0,0
2020-11-21,2380,1201,2380,0,0,-28,-41,0,0
2020-11-22,2339,1173,2339,0,0,-27,-41,0,0
2020-11-23,2298,1145,2298,0,0,-27,-41,0,0
2020-11-24,2257,1118,2257,0,0,-27,-41,0,0
2020-11-25,2215,1092,2215,0,0,-26,-41,0,0
2020-11-26,2174,1066,2174,0,0,-26,-41,0,0
2020-11-27,2133,1040,2133,0,0,-25,-41,0,0
2020-11-28,2093,1014,2093,0,0,-25,-41,0,0
2020-11-29,2052,989,2052,0,0,-25,-40,0,0
2020-11-30,2012,965,2012,0,0,-24,-40,0,0
2020-12-01,1971,940,1971,0,0,-24,-40,0,0
2020-12-02,1932,917,1932,0,0,-23,-40,0,0
2020-12-03,1892,893,1892,0,0,-23,-39,0,0
2020-12-04,1853,870,1853,0,0,-22,-39,0,0
2020-12-05,1814,848,1814,0,0,-22,-39,0,0
2020-12-06,1775,826,1775,0,0,-22,-38,0,0
2020-12-07,1737,804,1737,0,0,-21,-38,0,0
2020-12-08,1699,783,1699,0,0,-21,-37,0,0
2020-12-09,1662,762,1662,0,0,-20,-37,0,0
2020-12-10,1625,742,1625,0,0,-20,-36,0,0
2020-12-11,1588,722,1588,0,0,-19,-36,0,0
2020-12-12,1552,703,1552,0,0,-19,-35,0,0
2020-12-13,1517,684,1517,0,0,-19,-35,0,0
2020-12-14,1482,666,1482,0,0,-18,-34,0,0
2020-12-15,1448,647,1448,0,0,-18,-34,0,0
2020-12-16,1414,630,1414,0,0,-17,-33,0,0
2020-12-17,1380,612,1380,0,0,-17,-33,0,0
2020-12-18,1347,596,1347,0,0,-16,-32,0,0
2020-12-19,1315,579,1315,0,0,-16,-32,0,0
2020-12-20,1283,563,1283,0,0,-16,-31,0,0
2020-12-21,1252,547,1252,0,0,-15,-31,0,0
2020-12-22,1221,532,1221,0,0,-15,-30,0,0
2020-12-23,1191,517,1191,0,0,-15,-30,0,0
2020-12-24,1161,503,1161,0,0,-14,-29,0,0
2020-12-25,1132,488,1132,0,0,-14,-29,0,0
2020-12-26,1104,475,1104,0,0,-13,-28,0,0
2020-12-27,1076,461,1076,0,0,-13,-27,0,0
2020-12-28,1048,448,1048,0,0,-13,-27,0,0
2020-12-29,1022,435,1022,0,0,-12,-26,0,0
2020-12-30,995,423,995,0,0,-12,-26,0,0
2020-12-31,969,411,969,0,0,-12,-25,0,0
2021-01-01,944,399,944,0,0,-11,-25,0,0
2021-01-02,920,387,920,0,0,-11,-24,0,0
2021-01-03,895,376,895,0,0,-11,-24,0,0
2021-01-04,872,365,872,0,0,-11,-23,0,0
2021-01-05,849,355,849,0,0,-10,-23,0,0
2021-01-06,826,344,826,0,0,-10,-22,0,0
2021-01-07,804,334,804,0,0,-10,-22,0,0
2021-01-08,782,325,782,0,0,-9,-21,0,0
2021-01-09,761,315,761,0,0,-9,-21,0,0
2021-01-10,741,306,741,0,0,-9,-20,0,0
2021-01-11,721,297,721,0,0,-9,-20,0,0
2021-01-12,701,288,701,0,0,-8,-19,0,0
2021-01-13,682,280,682,0,0,-8,-19,0,0
2021-01-14,663,272,663,0,0,-8,-18,0,0
2021-01-15,645,264,645,0,0,-8,-18,0,0
2021-01-16,627,256,627,0,0,-8,-17,0,0
2021-01-17,610,248,610,0,0,-7,-17,0,0
2021-01-18,593,241,593,0,0,-7,-17,0,0
2021-01-19,576,234,576,0,0,-7,-16,0,0
2021-01-20,560,227,560,0,0,-7,-16,0,0
2021-01-21,544,220,544,0,0,-7,-15,0,0
2021-01-22,529,214,529,0,0,-6,-15,0,0
2021-01-23,514,207,514,0,0,-6,-15,0,0
2021-01-24,500,201,500,0,0,-6,-14,0,0
2021-01-25,486,195,486,0,0,-6,-14,0,0
2021-01-26,472,189,472,0,0,-6,-13,0,0
2021-01-27,458,184,458,0,0,-5,-13,0,0
2021-01-28,445,178,445,0,0,-5,-13,0,0
2021-01-29,433,173,433,0,0,-5,-12,0,0
2021-01-30,420,168,420,0,0,-5,-12,0,0
2021-01-31,408,163,408,0,0,-5,-12,0,0
2021-02-01,396,158,396,0,0,-5,-11,0,0
2021-02-02,385,153,385,0,0,-5,-11,0,0
2021-02-03,374,148,374,0,0,-4,-11,0,0
2021-02-04,363,144,363,0,0,-4,-11,0,0
2021-02-05,353,140,353,0,0,-4,-10,0,0
2021-02-06,342,136,342,0,0,-4,-10,0,0
2021-02-07,332,131,332,0,0,-4,-10,0,0
2021-02-08,323,127,323,0,0,-4,-9,0,0
2021-02-09,313,124,313,0,0,-4,-9,0,0
2021-02-10,304,120,304,0,0,-4,-9,0,0
2021-02-11,295,116,295,0,0,-4,-9,0,0
2021-02-12,287,113,287,0,0,-3,-8,0,0
2021-02-13,278,109,278,0,0,-3,-8,0,0
2021-02-14,270,106,270,0,0,-3,-8,0,0
2021-02-15,262,103,262,0,0,-3,-8,0,0
2021-02-16,255,100,255,0,0,-3,-7,0,0
2021-02-17,247,97,247,0,0,-3,-7,0,0
2021-02-18,240,94,240,0,0,-3,-7,0,0
2021-02-19,233,91,233,0,0,-3,-7,0,0
2021-02-20,226,88,226,0,0,-3,-7,0,0
2021-02-21,219,86,219,0,0,-3,-6,0,0
2021-02-22,213,83,213,0,0,-3,-6,0,0
2021-02-23,206,81,206,0,0,-2,-6,0,0
2021-02-24,200,78,200,0,0,-2,-6,0,0
2021-02-25,194,76,194,0,0,-2,-6,0,0
2021-02-26,189,73,189,0,0,-2,-6,0,0
2021-02-27,183,71,183,0,0,-2,-5,0,0
2021-02-28,178,69,178,0,0,-2,-5,0,0
2021-03-01,172,67,172,0,0,-2,-5,0,0
2021-03-02,167,65,167,0,0,-2,-5,0,0
2021-03-03,162,63,162,0,0,-2,-5,0,0
2021-03-04,157,61,157,0,0,-2,-5,0,0
2021-03-05,153,59,153,0,0,-2,-5,0,0
2021-03-06,148,57,148,0,0,-2,-4,0,0
2021-03-07,144,56,144,0,0,-2,-4,0,0
2021-03-08,139,54,139,0,0,-2,-4,0,0
2021-03-09,135,52,135,0,0,-2,-4,0,0
2021-03-10,131,51,131,0,0,-2,-4,0,0
2021-03-11,127,49,127,0,0,-1,-4,0,0
2021-03-12,123,48,123,0,0,-1,-4,0,0
2021-03-13,120,46,120,0,0,-1,-4,0,0
2021-03-14,116,45,116,0,0,-1,-3,0,0
2021-03-15,113,43,113,0,0,-1,-3,0,0
2021-03-16,109,42,109,0,0,-1,-3,0,0
2021-03-17,106,41,106,0,0,-1,-3,0,0
2021-03-18,103,40,103,0,0,-1,-3,0,0
2021-03-19,100,38,100,0,0,-1,-3,0,0
2021-03-20,97,37,97,0,0,-1,-3,0,0
2021-03-21,94,36,94,0,0,-1,-3,0,0
2021-03-22,91,35,91,0,0,-1,-3,0,0
2021-03-23,88,34,88,0,0,-1,-3,0,0
2021-03-24,85,33,85,0,0,-1,-3,0,0
2021-03-25,83,32,83,0,0,-1,-3,0,0
2021-03-26,80,31,80,0,0,-1,-2,0,0
2021-03-27,78,30,78,0,0,-1,-2,0,0
2021-03-28,76,29,76,0,0,-1,-2,0,0
2021-03-29,73,28,73,0,0,-1,-2,0,0
2021-03-30,71,27,71,0,0,-1,-2,0,0
2021-03-31,69,27,69,0,0,-1,-2,0,0
2021-04-01,67,26,67,0,0,-1,-2,0,0
2021-04-02,65,25,65,0,0,-1,-2,0,0
2021-04-03,63,24,63,0,0,-1,-2,0,0
2021-04-04,61,23,61,0,0,-1,-2,0,0
2021-04-05,59,23,59,0,0,-1,-2,0,0
2021-04-06,57,22,57,0,0,-1,-2,0,0
2021-04-07,56,21,56,0,0,-1,-2,0,0
2021-04-08,54,21,54,0,0,-1,-2,0,0
2021-04-09,52,20,52,0,0,-1,-2,0,0
2021-04-10,51,19,51,0,0,-1,-2,0,0
2021-04-11,49,19,49,0,0,-1,-1,0,0
2021-04-12,48,18,48,0,0,-1,-1,0,0
2021-04-13,46,18,46,0,0,-1,-1,0,0
2021-04-14,45,17,45,0,0,-1,-1,0,0
2021-04-15,43,17,43,0,0,-1,-1,0,0
2021-04-16,42,16,42,0,0,0,-1,0,0
2021-04-17,41,16,41,0,0,0,-1,0,0
2021-04-18,40,15,40,0,0,0,-1,0,0
2021-04-19,38,15,38,0,0,0,-1,0,0
2021-04-20,37,14,37,0,0,0,-1,0,0
2021-04-21,36,14,36,0,0,0,-1,0,0
2021-04-22,35,13,35,0,0,0,-1,0,0
2021-04-23,34,13,34,0,0,0,-1,0,0
2021-04-24,33,13,33,0,0,0,-1,0,0
2021-04-25,32,12,32,0,0,0,-1,0,0
2021-04-26,31,12,31,0,0,0,-1,0,0
2021-04-27,30,11,30,0,0,0,-1,0,0
2021-04-28,29,11,29,0,0,0,-1,0,0
2021-04-29,28,11,28,0,0,0,-1,0,0
2021-04-30,27,10,27,0,0,0,-1,0,0
2021-05-01,27,10,27,0,0,0,-1,0,0
2021-05-02,26,10,26,0,0,0,-1,0,0
2021-05-03,25,10,25,0,0,0,-1,0,0
2021-05-04,24,9,24,0,0,0,-1,0,0
