Date,Confirmed,Exposed,Active,Recovered,Deaths,Diff Exposed,Diff Active,Diff Recovered,Diff Deaths
2020-05-08,31,7,31,0,0,-3,4,0,0
2020-05-09,35,4,35,0,0,0,1,0,0
2020-05-10,36,4,36,0,0,0,1,0,0
2020-05-11,37,4,37,0,0,0,1,0,0
2020-05-12,38,4,38,0,0,0,1,0,0
2020-05-13,39,4,39,0,0,0,1,0,0
2020-05-14,40,4,40,0,0,0,1,0,0
2020-05-15,41,4,41,0,0,0,1,0,0
2020-05-16,43,4,43,0,0,0,1,0,0
2020-05-17,44,4,44,0,0,0,1,0,0
2020-05-18,45,5,45,0,0,0,1,0,0
2020-05-19,46,5,46,0,0,0,1,0,0
2020-05-20,47,5,47,0,0,0,1,0,0
2020-05-21,49,5,49,0,0,0,1,0,0
2020-05-22,50,5,50,0,0,0,1,0,0
2020-05-23,51,5,51,0,0,0,1,0,0
2020-05-24,53,5,53,0,0,0,1,0,0
2020-05-25,54,6,54,0,0,0,1,0,0
2020-05-26,56,6,56,0,0,0,2,0,0
2020-05-27,57,6,57,0,0,0,2,0,0
2020-05-28,59,6,59,0,0,0,2,0,0
2020-05-29,60,6,60,0,0,0,2,0,0
2020-05-30,62,6,62,0,0,0,2,0,0
2020-05-31,64,6,64,0,0,0,2,0,0
2020-06-01,65,7,65,0,0,0,2,0,0
2020-06-02,67,7,67,0,0,0,2,0,0
2020-06-03,69,7,69,0,0,0,2,0,0
2020-06-04,71,7,71,0,0,0,2,0,0
2020-06-05,73,7,73,0,0,0,2,0,0
2020-06-06,75,8,75,0,0,0,2,0,0
2020-06-07,77,8,77,0,0,0,2,0,0
2020-06-08,79,8,79,0,0,0,2,0,0
2020-06-09,81,8,81,0,0,0,2,0,0
2020-06-10,83,8,83,0,0,0,2,0,0
2020-06-11,86,9,86,0,0,0,2,0,0
2020-06-12,88,9,88,0,0,0,2,0,0
2020-06-13,90,9,90,0,0,0,2,0,0
2020-06-14,93,9,93,0,0,0,3,0,0
2020-06-15,95,10,95,0,0,0,3,0,0
2020-06-16,98,10,98,0,0,0,3,0,0
2020-06-17,100,10,100,0,0,0,3,0,0
2020-06-18,103,10,103,0,0,0,3,0,0
2020-06-19,106,11,106,0,0,0,3,0,0
2020-06-20,109,11,109,0,0,0,3,0,0
2020-06-21,112,11,112,0,0,0,3,0,0
2020-06-22,115,12,115,0,0,0,3,0,0
2020-06-23,118,12,118,0,0,0,3,0,0
2020-06-24,121,12,121,0,0,0,3,0,0
2020-06-25,124,13,124,0,0,0,3,0,0
2020-06-26,128,13,128,0,0,0,3,0,0
2020-06-27,131,13,131,0,0,0,4,0,0
2020-06-28,135,14,135,0,0,0,4,0,0
2020-06-29,138,14,138,0,0,0,4,0,0
2020-06-30,142,14,142,0,0,0,4,0,0
2020-07-01,146,15,146,0,0,0,4,0,0
2020-07-02,150,15,150,0,0,0,4,0,0
2020-07-03,154,16,154,0,0,0,4,0,0
2020-07-04,158,16,158,0,0,0,4,0,0
2020-07-05,163,17,163,0,0,0,4,0,0
2020-07-06,167,17,167,0,0,0,5,0,0
2020-07-07,171,17,171,0,0,0,5,0,0
2020-07-08,176,18,176,0,0,0,5,0,0
2020-07-09,181,18,181,0,0,0,5,0,0
2020-07-10,186,19,186,0,0,1,5,0,0
2020-07-11,191,19,191,0,0,1,5,0,0
2020-07-12,196,20,196,0,0,1,5,0,0
2020-07-13,201,20,201,0,0,1,5,0,0
2020-07-14,207,21,207,0,0,1,6,0,0
2020-07-15,212,22,212,0,0,1,6,0,0
2020-07-16,218,22,218,0,0,1,6,0,0
2020-07-17,224,23,224,0,0,1,6,0,0
2020-07-18,230,23,230,0,0,1,6,0,0
2020-07-19,236,24,236,0,0,1,6,0,0
2020-07-20,242,25,242,0,0,1,7,0,0
2020-07-21,249,25,249,0,0,1,7,0,0
2020-07-22,256,26,256,0,0,1,7,0,0
2020-07-23,263,27,263,0,0,1,7,0,0
2020-07-24,270,27,270,0,0,1,7,0,0
2020-07-25,277,28,277,0,0,1,7,0,0
2020-07-26,284,29,284,0,0,1,8,0,0
2020-07-27,292,30,292,0,0,1,8,0,0
2020-07-28,300,30,300,0,0,1,8,0,0
2020-07-29,308,31,308,0,0,1,8,0,0
2020-07-30,316,32,316,0,0,1,9,0,0
2020-07-31,325,33,325,0,0,1,9,0,0
2020-08-01,334,34,334,0,0,1,9,0,0
2020-08-02,343,35,343,0,0,1,9,0,0
2020-08-03,352,36,352,0,0,1,9,0,0
2020-08-04,361,37,361,0,0,1,10,0,0
2020-08-05,371,38,371,0,0,1,10,0,0
2020-08-06,381,39,381,0,0,1,10,0,0
2020-08-07,391,40,391,0,0,1,10,0,0
2020-08-08,402,41,402,0,0,1,11,0,0
2020-08-09,412,42,412,0,0,1,11,0,0
2020-08-10,423,43,423,0,0,1,11,0,0
2020-08-11,435,44,435,0,0,1,12,0,0
2020-08-12,446,45,446,0,0,1,12,0,0
2020-08-13,458,46,458,0,0,1,12,0,0
2020-08-14,471,48,471,0,0,1,13,0,0
2020-08-15,483,49,483,0,0,1,13,0,0
2020-08-16,496,50,496,0,0,1,13,0,0
2020-08-17,509,52,509,0,0,1,14,0,0
2020-08-18,523,53,523,0,0,1,14,0,0
2020-08-19,537,54,537,0,0,1,14,0,0
2020-08-20,551,56,551,0,0,1,15,0,0
2020-08-21,566,57,566,0,0,2,15,0,0
2020-08-22,581,59,581,0,0,2,15,0,0
2020-08-23,597,60,597,0,0,2,16,0,0
2020-08-24,612,62,612,0,0,2,16,0,0
2020-08-25,629,63,629,0,0,2,17,0,0
2020-08-26,645,65,645,0,0,2,17,0,0
2020-08-27,663,67,663,0,0,2,18,0,0
2020-08-28,680,69,680,0,0,2,18,0,0
2020-08-29,698,70,698,0,0,2,19,0,0
2020-08-30,717,72,717,0,0,2,19,0,0
2020-08-31,736,74,736,0,0,2,19,0,0
2020-09-01,755,76,755,0,0,2,20,0,0
2020-09-02,775,78,775,0,0,2,20,0,0
2020-09-03,796,80,796,0,0,2,21,0,0
2020-09-04,817,82,817,0,0,2,22,0,0
2020-09-05,838,84,838,0,0,2,22,0,0
2020-09-06,860,87,860,0,0,2,23,0,0
2020-09-07,883,89,883,0,0,2,23,0,0
2020-09-08,906,91,906,0,0,2,24,0,0
2020-09-09,930,94,930,0,0,2,24,0,0
2020-09-10,955,96,955,0,0,2,25,0,0
2020-09-11,980,98,980,0,0,3,26,0,0
2020-09-12,1005,101,1005,0,0,3,26,0,0
2020-09-13,1032,104,1032,0,0,3,27,0,0
2020-09-14,1059,106,1059,0,0,3,28,0,0
2020-09-15,1086,109,1086,0,0,3,28,0,0
2020-09-16,1115,112,1115,0,0,3,29,0,0
2020-09-17,1144,115,1144,0,0,3,30,0,0
2020-09-18,1174,118,1174,0,0,3,31,0,0
2020-09-19,1204,121,1204,0,0,3,31,0,0
2020-09-20,1235,124,1235,0,0,3,32,0,0
2020-09-21,1268,127,1268,0,0,3,33,0,0
2020-09-22,1300,130,1300,0,0,3,34,0,0
2020-09-23,1334,133,1334,0,0,3,34,0,0
2020-09-24,1369,137,1369,0,0,3,35,0,0
2020-09-25,1404,140,1404,0,0,4,36,0,0
2020-09-26,1440,144,1440,0,0,4,37,0,0
2020-09-27,1477,147,1477,0,0,4,38,0,0
2020-09-28,1515,151,1515,0,0,4,39,0,0
2020-09-29,1554,155,1554,0,0,4,40,0,0
2020-09-30,1594,159,1594,0,0,4,41,0,0
2020-10-01,1635,163,1635,0,0,4,42,0,0
2020-10-02,1676,167,1676,0,0,4,43,0,0
2020-10-03,1719,171,1719,0,0,4,44,0,0
2020-10-04,1763,175,1763,0,0,4,45,0,0
2020-10-05,1808,179,1808,0,0,4,46,0,0
2020-10-06,1853,184,1853,0,0,5,47,0,0
2020-10-07,1900,188,1900,0,0,5,48,0,0
2020-10-08,1948,193,1948,0,0,5,49,0,0
2020-10-09,1997,198,1997,0,0,5,50,0,0
2020-10-10,2048,203,2048,0,0,5,51,0,0
2020-10-11,2099,208,2099,0,0,5,53,0,0
2020-10-12,2151,213,2151,0,0,5,54,0,0
2020-10-13,2205,218,2205,0,0,5,55,0,0
2020-10-14,2260,223,2260,0,0,5,56,0,0
2020-10-15,2316,228,2316,0,0,5,57,0,0
2020-10-16,2374,234,2374,0,0,6,59,0,0
2020-10-17,2433,239,2433,0,0,6,60,0,0
2020-10-18,2493,245,2493,0,0,6,61,0,0
2020-10-19,2554,251,2554,0,0,6,63,0,0
2020-10-20,2617,257,2617,0,0,6,64,0,0
2020-10-21,2681,263,2681,0,0,6,65,0,0
2020-10-22,2746,269,2746,0,0,6,67,0,0
2020-10-23,2813,275,2813,0,0,6,68,0,0
2020-10-24,2881,282,2881,0,0,7,70,0,0
2020-10-25,2951,288,2951,0,0,7,71,0,0
2020-10-26,3022,295,3022,0,0,7,73,0,0
2020-10-27,3095,302,3095,0,0,7,74,0,0
2020-10-28,3169,308,3169,0,0,7,76,0,0
2020-10-29,3245,315,3245,0,0,7,77,0,0
2020-10-30,3322,323,3322,0,0,7,79,0,0
2020-10-31,3400,330,3400,0,0,7,80,0,0
2020-11-01,3481,337,3481,0,0,7,82,0,0
2020-11-02,3563,345,3563,0,0,8,83,0,0
2020-11-03,3646,352,3646,0,0,8,85,0,0
2020-11-04,3731,360,3731,0,0,8,87,0,0
2020-11-05,3818,368,3818,0,0,8,88,0,0
2020-11-06,3906,376,3906,0,0,8,90,0,0
2020-11-07,3996,384,3996,0,0,8,92,0,0
2020-11-08,4088,392,4088,0,0,8,93,0,0
2020-11-09,4181,400,4181,0,0,8,95,0,0
2020-11-10,4276,409,4276,0,0,9,97,0,0
2020-11-11,4373,418,4373,0,0,9,98,0,0
2020-11-12,4471,426,4471,0,0,9,100,0,0
2020-11-13,4572,435,4572,0,0,9,102,0,0
2020-11-14,4673,444,4673,0,0,9,104,0,0
2020-11-15,4777,453,4777,0,0,9,105,0,0
2020-11-16,4882,462,4882,0,0,9,107,0,0
2020-11-17,4989,472,4989,0,0,9,109,0,0
2020-11-18,5098,481,5098,0,0,9,110,0,0
2020-11-19,5208,490,5208,0,0,10,112,0,0
2020-11-20,5320,500,5320,0,0,10,114,0,0
2020-11-21,5434,510,5434,0,0,10,115,0,0
2020-11-22,5549,520,5549,0,0,10,117,0,0
2020-11-23,5667,529,5667,0,0,10,119,0,0
2020-11-24,5785,539,5785,0,0,10,120,0,0
2020-11-25,5906,549,5906,0,0,10,122,0,0
2020-11-26,6028,560,6028,0,0,10,124,0,0
2020-11-27,6152,570,6152,0,0,10,125,0,0
2020-11-28,6277,580,6277,0,0,10,127,0,0
2020-11-29,6404,590,6404,0,0,10,128,0,0
2020-11-30,6532,601,6532,0,0,10,130,0,0
2020-12-01,6662,611,6662,0,0,11,131,0,0
2020-12-02,6794,622,6794,0,0,11,133,0,0
2020-12-03,6926,632,6926,0,0,11,134,0,0
2020-12-04,7061,643,7061,0,0,11,136,0,0
2020-12-05,7196,654,7196,0,0,11,137,0,0
2020-12-06,7333,664,7333,0,0,11,138,0,0
2020-12-07,7471,675,7471,0,0,11,139,0,0
2020-12-08,7611,686,7611,0,0,11,141,0,0
2020-12-09,7752,696,7752,0,0,11,142,0,0
2020-12-10,7893,707,7893,0,0,11,143,0,0
2020-12-11,8036,718,8036,0,0,11,144,0,0
2020-12-12,8180,728,8180,0,0,11,145,0,0
2020-12-13,8325,739,8325,0,0,11,146,0,0
2020-12-14,8471,750,8471,0,0,11,147,0,0
2020-12-15,8617,760,8617,0,0,11,147,0,0
2020-12-16,8765,771,8765,0,0,10,148,0,0
2020-12-17,8913,781,8913,0,0,10,149,0,0
2020-12-18,9061,792,9061,0,0,10,149,0,0
2020-12-19,9210,802,9210,0,0,10,149,0,0
2020-12-20,9360,812,9360,0,0,10,150,0,0
2020-12-21,9510,822,9510,0,0,10,150,0,0
2020-12-22,9660,832,9660,0,0,10,150,0,0
2020-12-23,9810,842,9810,0,0,10,150,0,0
2020-12-24,9960,852,9960,0,0,10,150,0,0
2020-12-25,10110,862,10110,0,0,9,150,0,0
2020-12-26,10261,871,10261,0,0,9,150,0,0
2020-12-27,10411,880,10411,0,0,9,150,0,0
2020-12-28,10560,890,10560,0,0,9,149,0,0
2020-12-29,10709,899,10709,0,0,9,149,0,0
2020-12-30,10858,907,10858,0,0,9,148,0,0
2020-12-31,11006,916,11006,0,0,8,147,0,0
2021-01-01,11153,924,11153,0,0,8,146,0,0
2021-01-02,11299,933,11299,0,0,8,145,0,0
2021-01-03,11445,941,11445,0,0,8,144,0,0
2021-01-04,11589,948,11589,0,0,8,143,0,0
2021-01-05,11732,956,11732,0,0,7,142,0,0
2021-01-06,11873,963,11873,0,0,7,140,0,0
2021-01-07,12013,970,12013,0,0,7,139,0,0
2021-01-08,12152,977,12152,0,0,6,137,0,0
2021-01-09,12289,983,12289,0,0,6,135,0,0
2021-01-10,12424,990,12424,0,0,6,133,0,0
2021-01-11,12557,996,12557,0,0,6,131,0,0
2021-01-12,12688,1001,12688,0,0,5,129,0,0
2021-01-13,12816,1006,12816,0,0,5,126,0,0
2021-01-14,12943,1011,12943,0,0,5,124,0,0
2021-01-15,13067,1016,13067,0,0,4,121,0,0
2021-01-16,13188,1021,13188,0,0,4,119,0,0
2021-01-17,13307,1025,13307,0,0,4,116,0,0
2021-01-18,13423,1028,13423,0,0,3,113,0,0
2021-01-19,13536,1032,13536,0,0,3,110,0,0
2021-01-20,13647,1035,13647,0,0,3,107,0,0
2021-01-21,13754,1037,13754,0,0,2,104,0,0
2021-01-22,13858,1040,13858,0,0,2,101,0,0
2021-01-23,13958,1042,13958,0,0,2,97,0,0
2021-01-24,14056,1044,14056,0,0,1,94,0,0
2021-01-25,14149,1045,14149,0,0,1,90,0,0
2021-01-26,14240,1046,14240,0,0,1,87,0,0
2021-01-27,14326,1047,14326,0,0,0,83,0,0
2021-01-28,14409,1047,14409,0,0,0,79,0,0
2021-01-29,14488,1047,14488,0,0,0,75,0,0
2021-01-30,14563,1046,14563,0,0,-1,71,0,0
2021-01-31,14635,1046,14635,0,0,-1,67,0,0
2021-02-01,14702,1045,14702,0,0,-1,63,0,0
2021-02-02,14765,1043,14765,0,0,-2,59,0,0
2021-02-03,14824,1041,14824,0,0,-2,55,0,0
2021-02-04,14879,1039,14879,0,0,-2,51,0,0
2021-02-05,14929,1037,14929,0,0,-3,46,0,0
2021-02-06,14976,1034,14976,0,0,-3,42,0,0
2021-02-07,15018,1031,15018,0,0,-3,38,0,0
2021-02-08,15055,1028,15055,0,0,-4,33,0,0
2021-02-09,15089,1024,15089,0,0,-4,29,0,0
2021-02-10,15118,1020,15118,0,0,-4,25,0,0
2021-02-11,15142,1016,15142,0,0,-5,20,0,0
2021-02-12,15162,1011,15162,0,0,-5,16,0,0
2021-02-13,15178,1006,15178,0,0,-5,11,0,0
2021-02-14,15190,1001,15190,0,0,-5,7,0,0
2021-02-15,15197,996,15197,0,0,-6,3,0,0
2021-02-16,15199,990,15199,0,0,-6,-2,0,0
2021-02-17,15197,984,15197,0,0,-6,-6,0,0
2021-02-18,15191,978,15191,0,0,-6,-10,0,0
2021-02-19,15181,971,15181,0,0,-7,-15,0,0
2021-02-20,15166,965,15166,0,0,-7,-19,0,0
2021-02-21,15147,958,15147,0,0,-7,-23,0,0
2021-02-22,15124,951,15124,0,0,-7,-27,0,0
2021-02-23,15097,944,15097,0,0,-7,-31,0,0
2021-02-24,15065,936,15065,0,0,-8,-35,0,0
2021-02-25,15030,928,15030,0,0,-8,-39,0,0
2021-02-26,14991,921,14991,0,0,-8,-43,0,0
2021-02-27,14947,912,14947,0,0,-8,-47,0,0
2021-02-28,14900,904,14900,0,0,-8,-51,0,0
2021-03-01,14849,896,14849,0,0,-8,-55,0,0
2021-03-02,14794,887,14794,0,0,-9,-58,0,0
2021-03-03,14736,879,14736,0,0,-9,-62,0,0
2021-03-04,14673,870,14673,0,0,-9,-66,0,0
2021-03-05,14608,861,14608,0,0,-9,-69,0,0
2021-03-06,14539,852,14539,0,0,-9,-72,0,0
2021-03-07,14467,843,14467,0,0,-9,-76,0,0
2021-03-08,14391,834,14391,0,0,-9,-79,0,0
2021-03-09,14313,825,14313,0,0,-9,-82,0,0
2021-03-10,14231,816,14231,0,0,-9,-85,0,0
2021-03-11,14146,806,14146,0,0,-9,-88,0,0
2021-03-12,14059,797,14059,0,0,-9,-90,0,0
2021-03-13,13968,787,13968,0,0,-10,-93,0,0
2021-03-14,13875,778,13875,0,0,-10,-96,0,0
2021-03-15,13780,768,13780,0,0,-10,-98,0,0
2021-03-16,13682,758,13682,0,0,-10,-100,0,0
2021-03-17,13581,749,13581,0,0,-10,-103,0,0
2021-03-18,13478,739,13478,0,0,-10,-105,0,0
2021-03-19,13373,730,13373,0,0,-10,-107,0,0
2021-03-20,13266,720,13266,0,0,-10,-109,0,0
2021-03-21,13157,710,13157,0,0,-10,-111,0,0
2021-03-22,13046,701,13046,0,0,-10,-113,0,0
2021-03-23,12934,691,12934,0,0,-10,-114,0,0
2021-03-24,12819,681,12819,0,0,-10,-116,0,0
2021-03-25,12703,672,12703,0,0,-10,-118,0,0
2021-03-26,12586,662,12586,0,0,-10,-119,0,0
2021-03-27,12467,653,12467,0,0,-9,-120,0,0
2021-03-28,12346,643,12346,0,0,-9,-121,0,0
2021-03-29,12225,634,12225,0,0,-9,-123,0,0
2021-03-30,12102,624,12102,0,0,-9,-124,0,0
2021-03-31,11979,615,11979,0,0,-9,-125,0,0
2021-04-01,11854,606,11854,0,0,-9,-125,0,0
2021-04-02,11729,596,11729,0,0,-9,-126,0,0
2021-04-03,11603,587,11603,0,0,-9,-127,0,0
2021-04-04,11476,578,11476,0,0,-9,-128,0,0
2021-04-05,11348,569,11348,0,0,-9,-128,0,0
2021-04-06,11220,560,11220,0,0,-9,-128,0,0
2021-04-07,11092,551,11092,0,0,-9,-129,0,0
2021-04-08,10963,542,10963,0,0,-9,-129,0,0
2021-04-09,10834,534,10834,0,0,-9,-129,0,0
2021-04-10,10704,525,10704,0,0,-9,-130,0,0
2021-04-11,10575,516,10575,0,0,-8,-130,0,0
2021-04-12,10445,508,10445,0,0,-8,-130,0,0
2021-04-13,10315,500,10315,0,0,-8,-130,0,0
2021-04-14,10186,491,10186,0,0,-8,-129,0,0
2021-04-15,10056,483,10056,0,0,-8,-129,0,0
2021-04-16,9927,475,9927,0,0,-8,-129,0,0
2021-04-17,9798,467,9798,0,0,-8,-129,0,0
2021-04-18,9669,459,9669,0,0,-8,-128,0,0
2021-04-19,9541,451,9541,0,0,-8,-128,0,0
2021-04-20,9413,443,9413,0,0,-8,-128,0,0
2021-04-21,9285,436,9285,0,0,-8,-127,0,0
2021-04-22,9158,428,9158,0,0,-7,-127,0,0
2021-04-23,9031,421,9031,0,0,-7,-126,0,0
2021-04-24,8905,413,8905,0,0,-7,-125,0,0
2021-04-25,8780,406,8780,0,0,-7,-125,0,0
2021-04-26,8656,399,8656,0,0,-7,-124,0,0
2021-04-27,8532,392,8532,0,0,-7,-123,0,0
2021-04-28,8408,385,8408,0,0,-7,-122,0,0
2021-04-29,8286,378,8286,0,0,-7,-122,0,0
2021-04-30,8165,371,8165,0,0,-7,-121,0,0
2021-05-01,8044,364,8044,0,0,-7,-120,0,0
2021-05-02,7924,358,7924,0,0,-6,-119,0,0
2021-05-03,7805,351,7805,0,0,-6,-118,0,0
