Date,Confirmed,Exposed,Active,Recovered,Deaths,Diff Exposed,Diff Active,Diff Recovered,Diff Deaths
2020-05-09,11,6,11,0,0,0,0,0,0
2020-05-10,11,6,11,0,0,0,0,0,0
2020-05-11,12,6,12,0,0,0,0,0,0
2020-05-12,12,7,12,0,0,0,1,0,0
2020-05-13,13,7,13,0,0,0,1,0,0
2020-05-14,13,7,13,0,0,0,1,0,0
2020-05-15,14,7,14,0,0,0,1,0,0
2020-05-16,15,8,15,0,0,0,1,0,0
2020-05-17,15,8,15,0,0,0,1,0,0
2020-05-18,16,8,16,0,0,0,1,0,0
2020-05-19,16,9,16,0,0,0,1,0,0
2020-05-20,17,9,17,0,0,0,1,0,0
2020-05-21,18,9,18,0,0,0,1,0,0
2020-05-22,18,10,18,0,0,0,1,0,0
2020-05-23,19,10,19,0,0,0,1,0,0
2020-05-24,20,10,20,0,0,0,1,0,0
2020-05-25,21,11,21,0,0,0,1,0,0
2020-05-26,21,11,21,0,0,0,1,0,0
2020-05-27,22,12,22,0,0,0,1,0,0
2020-05-28,23,12,23,0,0,0,1,0,0
2020-05-29,24,12,24,0,0,0,1,0,0
2020-05-30,25,13,25,0,0,1,1,0,0
2020-05-31,26,13,26,0,0,1,1,0,0
2020-06-01,27,14,27,0,0,1,1,0,0
2020-06-02,28,15,28,0,0,1,1,0,0
2020-06-03,29,15,29,0,0,1,1,0,0
2020-06-04,30,16,30,0,0,1,1,0,0
2020-06-05,31,16,31,0,0,1,1,0,0
2020-06-06,33,17,33,0,0,1,1,0,0
2020-06-07,34,18,34,0,0,1,1,0,0
2020-06-08,35,18,35,0,0,1,1,0,0
2020-06-09,37,19,37,0,0,1,1,0,0
2020-06-10,38,20,38,0,0,1,1,0,0
2020-06-11,39,20,39,0,0,1,2,0,0
2020-06-12,41,21,41,0,0,1,2,0,0
2020-06-13,43,22,43,0,0,1,2,0,0
2020-06-14,44,23,44,0,0,1,2,0,0
2020-06-15,46,24,46,0,0,1,2,0,0
2020-06-16,48,25,48,0,0,1,2,0,0
2020-06-17,50,26,50,0,0,1,2,0,0
2020-06-18,52,27,52,0,0,1,2,0,0
2020-06-19,54,28,54,0,0,1,2,0,0
2020-06-20,56,29,56,0,0,1,2,0,0
2020-06-21,58,30,58,0,0,1,2,0,0
2020-06-22,60,31,60,0,0,1,2,0,0
2020-06-23,62,32,62,0,0,1,2,0,0
2020-06-24,65,34,65,0,0,1,3,0,0
2020-06-25,67,35,67,0,0,1,3,0,0
2020-06-26,70,36,70,0,0,1,3,0,0
2020-06-27,73,38,73,0,0,1,3,0,0
2020-06-28,76,39,76,0,0,2,3,0,0
2020-06-29,79,41,79,0,0,2,3,0,0
2020-06-30,82,42,82,0,0,2,3,0,0
2020-07-01,85,44,85,0,0,2,3,0,0
2020-07-02,88,46,88,0,0,2,3,0,0
2020-07-03,92,47,92,0,0,2,4,0,0
2020-07-04,95,49,95,0,0,2,4,0,0
2020-07-05,99,51,99,0,0,2,4,0,0
2020-07-06,103,53,103,0,0,2,4,0,0
2020-07-07,107,55,107,0,0,2,4,0,0
2020-07-08,111,57,111,0,0,2,4,0,0
2020-07-09,115,60,115,0,0,2,4,0,0
2020-07-10,120,62,120,0,0,2,5,0,0
2020-07-11,124,64,124,0,0,3,5,0,0
2020-07-12,129,67,129,0,0,3,5,0,0
2020-07-13,134,70,134,0,0,3,5,0,0
2020-07-14,139,72,139,0,0,3,5,0,0
2020-07-15,145,75,145,0,0,3,6,0,0
2020-07-16,151,78,151,0,0,3,6,0,0
2020-07-17,156,81,156,0,0,3,6,0,0
2020-07-18,162,84,162,0,0,3,6,0,0
2020-07-19,169,87,169,0,0,3,7,0,0
2020-07-20,175,91,175,0,0,4,7,0,0
2020-07-21,182,94,182,0,0,4,7,0,0
2020-07-22,189,98,189,0,0,4,7,0,0
2020-07-23,197,102,197,0,0,4,8,0,0
2020-07-24,204,106,204,0,0,4,8,0,0
2020-07-25,212,110,212,0,0,4,8,0,0
2020-07-26,220,114,220,0,0,4,9,0,0
2020-07-27,229,119,229,0,0,5,9,0,0
2020-07-28,238,123,238,0,0,5,9,0,0
2020-07-29,247,128,247,0,0,5,10,0,0
2020-07-30,257,133,257,0,0,5,10,0,0
2020-07-31,267,138,267,0,0,5,10,0,0
2020-08-01,277,143,277,0,0,6,11,0,0
2020-08-02,288,149,288,0,0,6,11,0,0
2020-08-03,299,155,299,0,0,6,12,0,0
2020-08-04,311,161,311,0,0,6,12,0,0
2020-08-05,323,167,323,0,0,6,13,0,0
2020-08-06,335,173,335,0,0,7,13,0,0
2020-08-07,348,180,348,0,0,7,13,0,0
2020-08-08,362,187,362,0,0,7,14,0,0
2020-08-09,376,194,376,0,0,7,15,0,0
2020-08-10,390,202,390,0,0,8,15,0,0
2020-08-11,405,209,405,0,0,8,16,0,0
2020-08-12,421,217,421,0,0,8,16,0,0
2020-08-13,437,226,437,0,0,9,17,0,0
2020-08-14,454,235,454,0,0,9,18,0,0
2020-08-15,472,244,472,0,0,9,18,0,0
2020-08-16,490,253,490,0,0,10,19,0,0
2020-08-17,509,263,509,0,0,10,20,0,0
2020-08-18,529,273,529,0,0,10,20,0,0
2020-08-19,549,283,549,0,0,11,21,0,0
2020-08-20,570,294,570,0,0,11,22,0,0
2020-08-21,592,305,592,0,0,12,23,0,0
2020-08-22,615,317,615,0,0,12,24,0,0
2020-08-23,639,329,639,0,0,13,25,0,0
2020-08-24,663,342,663,0,0,13,26,0,0
2020-08-25,689,355,689,0,0,14,27,0,0
2020-08-26,716,369,716,0,0,14,28,0,0
2020-08-27,743,383,743,0,0,15,29,0,0
2020-08-28,772,397,772,0,0,15,30,0,0
2020-08-29,801,412,801,0,0,16,31,0,0
2020-08-30,832,428,832,0,0,16,32,0,0
2020-08-31,864,444,864,0,0,17,33,0,0
2020-09-01,897,461,897,0,0,18,34,0,0
2020-09-02,932,479,932,0,0,18,36,0,0
2020-09-03,967,497,967,0,0,19,37,0,0
2020-09-04,1004,516,1004,0,0,20,38,0,0
2020-09-05,1043,535,1043,0,0,20,40,0,0
2020-09-06,1083,556,1083,0,0,21,41,0,0
2020-09-07,1124,577,1124,0,0,22,43,0,0
2020-09-08,1167,598,1167,0,0,23,44,0,0
2020-09-09,1211,621,1211,0,0,23,46,0,0
2020-09-10,1257,644,1257,0,0,24,48,0,0
2020-09-11,1305,669,1305,0,0,25,50,0,0
2020-09-12,1355,694,1355,0,0,26,51,0,0
2020-09-13,1406,720,1406,0,0,27,53,0,0
2020-09-14,1460,747,1460,0,0,28,55,0,0
2020-09-15,1515,774,1515,0,0,29,57,0,0
2020-09-16,1572,803,1572,0,0,30,59,0,0
2020-09-17,1632,833,1632,0,0,31,62,0,0
2020-09-18,1693,864,1693,0,0,32,64,0,0
2020-09-19,1757,896,1757,0,0,33,66,0,0
2020-09-20,1823,929,1823,0,0,34,69,0,0
2020-09-21,1892,964,1892,0,0,35,71,0,0
2020-09-22,1963,999,1963,0,0,37,74,0,0
2020-09-23,2037,1036,2037,0,0,38,76,0,0
2020-09-24,2113,1074,2113,0,0,39,79,0,0
2020-09-25,2192,1113,2192,0,0,41,82,0,0
2020-09-26,2274,1154,2274,0,0,42,85,0,0
2020-09-27,2358,1195,2358,0,0,43,88,0,0
2020-09-28,2446,1239,2446,0,0,45,91,0,0
2020-09-29,2537,1284,2537,0,0,46,94,0,0
2020-09-30,2631,1330,2631,0,0,48,97,0,0
2020-10-01,2728,1378,2728,0,0,49,101,0,0
2020-10-02,2829,1427,2829,0,0,51,104,0,0
2020-10-03,2933,1478,2933,0,0,53,108,0,0
2020-10-04,3041,1531,3041,0,0,54,111,0,0
2020-10-05,3152,1585,3152,0,0,56,115,0,0
2020-10-06,3267,1641,3267,0,0,58,119,0,0
2020-10-07,3386,1699,3386,0,0,60,123,0,0
2020-10-08,3509,1758,3509,0,0,61,127,0,0
2020-10-09,3637,1820,3637,0,0,63,132,0,0
2020-10-10,3768,1883,3768,0,0,65,136,0,0
2020-10-11,3904,1948,3904,0,0,67,140,0,0
2020-10-12,4044,2015,4044,0,0,69,145,0,0
2020-10-13,4189,2084,4189,0,0,71,150,0,0
2020-10-14,4339,2155,4339,0,0,73,154,0,0
2020-10-15,4493,2228,4493,0,0,75,159,0,0
2020-10-16,4653,2303,4653,0,0,77,164,0,0
2020-10-17,4817,2380,4817,0,0,79,170,0,0
2020-10-18,4987,2460,4987,0,0,81,175,0,0
2020-10-19,5161,2541,5161,0,0,84,180,0,0
2020-10-20,5342,2625,5342,0,0,86,186,0,0
2020-10-21,5527,2711,5527,0,0,88,191,0,0
2020-10-22,5719,2799,5719,0,0,90,197,0,0
2020-10-23,5916,2889,5916,0,0,92,203,0,0
2020-10-24,6118,2981,6118,0,0,95,209,0,0
2020-10-25,6327,3076,6327,0,0,97,215,0,0
2020-10-26,6542,3172,6542,0,0,99,221,0,0
2020-10-27,6763,3271,6763,0,0,101,227,0,0
2020-10-28,6990,3373,6990,0,0,103,233,0,0
2020-10-29,7223,3476,7223,0,0,105,240,0,0
2020-10-30,7462,3581,7462,0,0,108,246,0,0
2020-10-31,7708,3689,7708,0,0,110,252,0,0
2020-11-01,7961,3799,7961,0,0,112,259,0,0
2020-11-02,8220,3910,8220,0,0,114,266,0,0
2020-11-03,8486,4024,8486,0,0,116,272,0,0
2020-11-04,8758,4140,8758,0,0,118,279,0,0
2020-11-05,9037,4257,9037,0,0,119,285,0,0
2020-11-06,9322,4377,9322,0,0,121,292,0,0
2020-11-07,9614,4498,9614,0,0,123,299,0,0
2020-11-08,9913,4621,9913,0,0,124,305,0,0
2020-11-09,10218,4745,10218,0,0,126,312,0,0
2020-11-10,10530,4871,10530,0,0,127,319,0,0
2020-11-11,10849,4998,10849,0,0,128,325,0,0
2020-11-12,11174,5126,11174,0,0,129,331,0,0
2020-11-13,11505,5255,11505,0,0,130,338,0,0
2020-11-14,11843,5385,11843,0,0,131,344,0,0
2020-11-15,12187,5517,12187,0,0,132,350,0,0
2020-11-16,12537,5648,12537,0,0,132,356,0,0
2020-11-17,12892,5780,12892,0,0,132,361,0,0
2020-11-18,13254,5913,13254,0,0,132,367,0,0
2020-11-19,13621,6045,13621,0,0,132,372,0,0
2020-11-20,13993,6178,13993,0,0,132,377,0,0
2020-11-21,14370,6310,14370,0,0,131,382,0,0
2020-11-22,14752,6441,14752,0,0,131,386,0,0
2020-11-23,15138,6572,15138,0,0,130,391,0,0
2020-11-24,15529,6702,15529,0,0,128,395,0,0
2020-11-25,15924,6830,15924,0,0,127,398,0,0
2020-11-26,16322,6957,16322,0,0,125,401,0,0
2020-11-27,16723,7082,16723,0,0,123,404,0,0
2020-11-28,17127,7206,17127,0,0,121,406,0,0
2020-11-29,17533,7327,17533,0,0,119,408,0,0
2020-11-30,17941,7445,17941,0,0,116,409,0,0
2020-12-01,18350,7561,18350,0,0,113,410,0,0
2020-12-02,18760,7674,18760,0,0,109,411,0,0
2020-12-03,19171,7783,19171,0,0,106,410,0,0
2020-12-04,19581,7889,19581,0,0,102,410,0,0
2020-12-05,19991,7991,19991,0,0,98,408,0,0
2020-12-06,20399,8089,20399,0,0,94,407,0,0
2020-12-07,20806,8183,20806,0,0,89,404,0,0
2020-12-08,21210,8272,21210,0,0,84,401,0,0
2020-12-09,21611,8356,21611,0,0,79,397,0,0
2020-12-10,22008,8435,22008,0,0,74,393,0,0
2020-12-11,22401,8509,22401,0,0,68,388,0,0
2020-12-12,22789,8577,22789,0,0,63,382,0,0
2020-12-13,23172,8640,23172,0,0,57,376,0,0
2020-12-14,23548,8697,23548,0,0,51,369,0,0
2020-12-15,23917,8748,23917,0,0,45,362,0,0
2020-12-16,24279,8793,24279,0,0,38,353,0,0
2020-12-17,24632,8831,24632,0,0,32,345,0,0
2020-12-18,24977,8863,24977,0,0,26,335,0,0
2020-12-19,25312,8889,25312,0,0,19,325,0,0
2020-12-20,25637,8908,25637,0,0,12,314,0,0
2020-12-21,25951,8920,25951,0,0,6,303,0,0
2020-12-22,26254,8926,26254,0,0,-1,291,0,0
2020-12-23,26545,8925,26545,0,0,-8,279,0,0
2020-12-24,26824,8918,26824,0,0,-14,266,0,0
2020-12-25,27090,8903,27090,0,0,-21,252,0,0
2020-12-26,27343,8883,27343,0,0,-27,239,0,0
2020-12-27,27581,8855,27581,0,0,-34,224,0,0
2020-12-28,27805,8821,27805,0,0,-40,210,0,0
2020-12-29,28015,8781,28015,0,0,-46,194,0,0
2020-12-30,28209,8735,28209,0,0,-52,179,0,0
2020-12-31,28388,8682,28388,0,0,-58,163,0,0
2021-01-01,28552,8624,28552,0,0,-64,147,0,0
2021-01-02,28699,8560,28699,0,0,-70,131,0,0
2021-01-03,28830,8490,28830,0,0,-75,115,0,0
2021-01-04,28945,8415,28945,0,0,-80,98,0,0
2021-01-05,29043,8335,29043,0,0,-85,81,0,0
2021-01-06,29124,8250,29124,0,0,-90,65,0,0
2021-01-07,29189,8161,29189,0,0,-94,48,0,0
2021-01-08,29237,8067,29237,0,0,-98,31,0,0
2021-01-09,29268,7968,29268,0,0,-102,15,0,0
2021-01-10,29283,7866,29283,0,0,-106,-2,0,0
2021-01-11,29281,7761,29281,0,0,-109,-18,0,0
2021-01-12,29263,7651,29263,0,0,-112,-35,0,0
2021-01-13,29228,7539,29228,0,0,-115,-51,0,0
2021-01-14,29177,7424,29177,0,0,-118,-67,0,0
2021-01-15,29111,7307,29111,0,0,-120,-82,0,0
2021-01-16,29029,7187,29029,0,0,-122,-97,0,0
2021-01-17,28931,7065,28931,0,0,-124,-112,0,0
2021-01-18,28819,6941,28819,0,0,-125,-127,0,0
2021-01-19,28692,6816,28692,0,0,-126,-141,0,0
2021-01-20,28551,6690,28551,0,0,-127,-155,0,0
2021-01-21,28396,6563,28396,0,0,-128,-168,0,0
2021-01-22,28227,6434,28227,0,0,-129,-181,0,0
2021-01-23,28046,6306,28046,0,0,-129,-194,0,0
2021-01-24,27852,6177,27852,0,0,-129,-206,0,0
2021-01-25,27646,6048,27646,0,0,-129,-217,0,0
2021-01-26,27429,5919,27429,0,0,-129,-228,0,0
2021-01-27,27200,5790,27200,0,0,-128,-239,0,0
2021-01-28,26961,5661,26961,0,0,-128,-249,0,0
2021-01-29,26712,5534,26712,0,0,-127,-258,0,0
2021-01-30,26454,5407,26454,0,0,-126,-267,0,0
2021-01-31,26186,5281,26186,0,0,-125,-276,0,0
2021-02-01,25911,5156,25911,0,0,-124,-284,0,0
2021-02-02,25627,5032,25627,0,0,-122,-291,0,0
2021-02-03,25336,4910,25336,0,0,-121,-298,0,0
2021-02-04,25038,4789,25038,0,0,-119,-304,0,0
2021-02-05,24733,4670,24733,0,0,-118,-310,0,0
2021-02-06,24423,4552,24423,0,0,-116,-316,0,0
2021-02-07,24107,4436,24107,0,0,-114,-320,0,0
2021-02-08,23787,4322,23787,0,0,-112,-325,0,0
2021-02-09,23462,4210,23462,0,0,-110,-329,0,0
2021-02-10,23133,4099,23133,0,0,-108,-332,0,0
2021-02-11,22801,3991,22801,0,0,-106,-335,0,0
2021-02-12,22466,3884,22466,0,0,-104,-338,0,0
2021-02-13,22128,3780,22128,0,0,-102,-340,0,0
2021-02-14,21788,3677,21788,0,0,-100,-342,0,0
2021-02-15,21446,3577,21446,0,0,-98,-343,0,0
2021-02-16,21104,3479,21104,0,0,-96,-344,0,0
2021-02-17,20760,3383,20760,0,0,-94,-344,0,0
2021-02-18,20415,3289,20415,0,0,-92,-345,0,0
2021-02-19,20071,3197,20071,0,0,-90,-344,0,0
2021-02-20,19727,3108,19727,0,0,-88,-344,0,0
2021-02-21,19383,3020,19383,0,0,-85,-343,0,0
2021-02-22,19039,2934,19039,0,0,-83,-342,0,0
2021-02-23,18697,2851,18697,0,0,-81,-341,0,0
2021-02-24,18357,2770,18357,0,0,-79,-339,0,0
2021-02-25,18018,2691,18018,0,0,-77,-337,0,0
2021-02-26,17680,2613,17680,0,0,-75,-335,0,0
2021-02-27,17345,2538,17345,0,0,-73,-333,0,0
2021-02-28,17012,2465,17012,0,0,-71,-330,0,0
2021-03-01,16682,2393,16682,0,0,-69,-328,0,0
2021-03-02,16355,2324,16355,0,0,-68,-325,0,0
2021-03-03,16030,2256,16030,0,0,-66,-322,0,0
2021-03-04,15708,2191,15708,0,0,-64,-318,0,0
2021-03-05,15390,2127,15390,0,0,-62,-315,0,0
2021-03-06,15075,2065,15075,0,0,-60,-311,0,0
2021-03-07,14764,2004,14764,0,0,-59,-308,0,0
2021-03-08,14456,1945,14456,0,0,-57,-304,0,0
2021-03-09,14152,1888,14152,0,0,-55,-300,0,0
2021-03-10,13852,1833,13852,0,0,-54,-296,0,0
2021-03-11,13556,1779,13556,0,0,-52,-292,0,0
2021-03-12,13264,1727,13264,0,0,-51,-288,0,0
2021-03-13,12976,1676,12976,0,0,-49,-284,0,0
2021-03-14,12692,1627,12692,0,0,-48,-280,0,0
2021-03-15,12413,1579,12413,0,0,-46,-275,0,0
2021-03-16,12137,1532,12137,0,0,-45,-271,0,0
2021-03-17,11866,1487,11866,0,0,-44,-267,0,0
2021-03-18,11600,1443,11600,0,0,-43,-262,0,0
2021-03-19,11337,1401,11337,0,0,-41,-258,0,0
2021-03-20,11079,1359,11079,0,0,-40,-254,0,0
2021-03-21,10826,1319,10826,0,0,-39,-249,0,0
2021-03-22,10577,1281,10577,0,0,-38,-245,0,0
2021-03-23,10332,1243,10332,0,0,-37,-240,0,0
2021-03-24,10092,1206,10092,0,0,-35,-236,0,0
2021-03-25,9856,1171,9856,0,0,-34,-232,0,0
2021-03-26,9624,1136,9624,0,0,-33,-227,0,0
2021-03-27,9397,1103,9397,0,0,-32,-223,0,0
2021-03-28,9174,1071,9174,0,0,-31,-219,0,0
2021-03-29,8956,1039,8956,0,0,-30,-214,0,0
2021-03-30,8742,1009,8742,0,0,-30,-210,0,0
2021-03-31,8532,979,8532,0,0,-29,-206,0,0
2021-04-01,8326,950,8326,0,0,-28,-202,0,0
2021-04-02,8124,923,8124,0,0,-27,-197,0,0
2021-04-03,7927,896,7927,0,0,-26,-193,0,0
2021-04-04,7733,869,7733,0,0,-25,-189,0,0
2021-04-05,7544,844,7544,0,0,-25,-185,0,0
2021-04-06,7359,819,7359,0,0,-24,-181,0,0
2021-04-07,7177,796,7177,0,0,-23,-178,0,0
2021-04-08,7000,772,7000,0,0,-22,-174,0,0
2021-04-09,6826,750,6826,0,0,-22,-170,0,0
2021-04-10,6656,728,6656,0,0,-21,-166,0,0
2021-04-11,6490,707,6490,0,0,-21,-162,0,0
2021-04-12,6328,686,6328,0,0,-20,-159,0,0
2021-04-13,6169,666,6169,0,0,-19,-155,0,0
2021-04-14,6013,647,6013,0,0,-19,-152,0,0
2021-04-15,5862,628,5862,0,0,-18,-148,0,0
2021-04-16,5713,610,5713,0,0,-18,-145,0,0
2021-04-17,5568,593,5568,0,0,-17,-142,0,0
2021-04-18,5427,575,5427,0,0,-17,-138,0,0
2021-04-19,5289,559,5289,0,0,-16,-135,0,0
2021-04-20,5153,543,5153,0,0,-16,-132,0,0
2021-04-21,5022,527,5022,0,0,-15,-129,0,0
2021-04-22,4893,512,4893,0,0,-15,-126,0,0
2021-04-23,4767,497,4767,0,0,-14,-123,0,0
2021-04-24,4644,483,4644,0,0,-14,-120,0,0
2021-04-25,4524,469,4524,0,0,-13,-117,0,0
2021-04-26,4407,456,4407,0,0,-13,-114,0,0
2021-04-27,4293,443,4293,0,0,-13,-111,0,0
2021-04-28,4182,430,4182,0,0,-12,-109,0,0
2021-04-29,4073,418,4073,0,0,-12,-106,0,0
2021-04-30,3967,406,3967,0,0,-12,-103,0,0
2021-05-01,3864,394,3864,0,0,-11,-101,0,0
2021-05-02,3763,383,3763,0,0,-11,-98,0,0
2021-05-03,3664,372,3664,0,0,-11,-96,0,0
2021-05-04,3568,361,3568,0,0,-10,-94,0,0
