Date,Infected,Exposed,Active,Recovered,Deaths,Diff Exposed,Diff Active,Diff Recovered,Diff Deaths
2020-06-23,572,85,151,418,3,1,3,14,0
2020-06-24,589,86,154,432,3,1,3,14,0
2020-06-25,606,88,157,446,3,1,3,14,0
2020-06-26,623,89,160,460,3,1,3,14,0
2020-06-27,641,90,163,475,3,1,3,15,0
2020-06-28,658,92,166,489,3,2,3,15,0
2020-06-29,677,93,169,504,4,2,3,15,0
2020-06-30,696,95,172,520,4,2,3,15,0
2020-07-01,714,97,175,535,4,2,3,16,0
2020-07-02,733,98,178,551,4,2,3,16,0
2020-07-03,752,100,181,567,4,2,3,16,0
2020-07-04,772,102,184,584,4,2,3,17,0
2020-07-05,791,103,187,600,4,2,3,17,0
2020-07-06,811,105,190,617,4,2,3,17,0
2020-07-07,833,107,194,635,4,2,3,17,0
2020-07-08,854,109,197,652,5,2,3,18,0
2020-07-09,875,110,200,670,5,2,3,18,0
2020-07-10,897,112,204,688,5,2,3,18,0
2020-07-11,919,114,207,707,5,2,4,19,0
2020-07-12,942,116,211,726,5,2,4,19,0
2020-07-13,964,118,214,745,5,2,4,19,0
2020-07-14,987,120,218,764,5,2,4,20,0
2020-07-15,1011,122,222,784,5,2,4,20,0
2020-07-16,1036,124,226,804,6,2,4,20,0
2020-07-17,1060,126,229,825,6,2,4,21,0
2020-07-18,1085,128,233,846,6,2,4,21,0
2020-07-19,1110,130,237,867,6,2,4,21,0
2020-07-20,1135,132,241,888,6,2,4,22,0
2020-07-21,1161,134,245,910,6,2,4,22,0
2020-07-22,1188,136,249,933,6,2,4,22,0
2020-07-23,1215,138,253,955,7,2,4,23,0
2020-07-24,1242,141,257,978,7,2,4,23,0
2020-07-25,1270,143,261,1002,7,2,4,24,0
2020-07-26,1298,145,266,1025,7,2,4,24,0
2020-07-27,1326,147,270,1049,7,2,4,24,0
2020-07-28,1355,150,274,1074,7,2,4,25,0
2020-07-29,1386,152,279,1099,8,2,4,25,0
2020-07-30,1415,154,283,1124,8,2,5,26,0
2020-07-31,1446,157,288,1150,8,2,5,26,0
2020-08-01,1476,159,292,1176,8,2,5,26,0
2020-08-02,1508,162,297,1203,8,2,5,27,0
2020-08-03,1541,164,302,1230,9,2,5,27,0
2020-08-04,1573,167,307,1257,9,2,5,28,0
2020-08-05,1605,169,311,1285,9,3,5,28,0
2020-08-06,1638,172,316,1313,9,3,5,29,0
2020-08-07,1672,174,321,1342,9,3,5,29,0
2020-08-08,1707,177,326,1371,10,3,5,29,0
2020-08-09,1742,179,331,1401,10,3,5,30,0
2020-08-10,1777,182,336,1431,10,3,5,30,0
2020-08-11,1812,185,341,1461,10,3,5,31,0
2020-08-12,1849,187,347,1492,10,3,5,31,0
2020-08-13,1887,190,352,1524,11,3,5,32,0
2020-08-14,1924,193,357,1556,11,3,5,32,0
2020-08-15,1961,195,362,1588,11,3,5,33,0
2020-08-16,2000,198,368,1621,11,3,5,33,0
2020-08-17,2039,201,373,1654,12,3,5,34,0
2020-08-18,2079,204,379,1688,12,3,6,34,0
2020-08-19,2119,206,384,1723,12,3,6,35,0
2020-08-20,2159,209,390,1757,12,3,6,35,0
2020-08-21,2200,212,395,1793,12,3,6,36,0
2020-08-22,2243,215,401,1829,13,3,6,36,0
2020-08-23,2285,218,407,1865,13,3,6,37,0
2020-08-24,2327,221,412,1902,13,3,6,37,0
2020-08-25,2371,224,418,1939,14,3,6,38,0
2020-08-26,2415,227,424,1977,14,3,6,38,0
2020-08-27,2460,230,430,2016,14,3,6,39,0
2020-08-28,2505,233,436,2055,14,3,6,39,0
2020-08-29,2552,235,442,2095,15,3,6,40,0
2020-08-30,2598,238,448,2135,15,3,6,40,0
2020-08-31,2644,241,454,2175,15,3,6,41,0
2020-09-01,2691,244,460,2216,15,3,6,42,0
2020-09-02,2740,247,466,2258,16,3,6,42,0
2020-09-03,2789,250,472,2301,16,3,6,43,0
2020-09-04,2838,254,479,2343,16,3,6,43,0
2020-09-05,2889,257,485,2387,17,3,6,44,0
2020-09-06,2939,260,491,2431,17,3,6,44,0
2020-09-07,2989,263,497,2475,17,3,6,45,0
2020-09-08,3042,266,504,2520,18,3,6,45,0
2020-09-09,3094,269,510,2566,18,3,6,46,0
2020-09-10,3146,272,516,2612,18,3,6,47,0
2020-09-11,3201,275,523,2659,19,3,6,47,0
2020-09-12,3255,278,529,2707,19,3,6,48,0
2020-09-13,3309,281,535,2755,19,3,6,48,0
2020-09-14,3365,284,542,2803,20,3,6,49,0
2020-09-15,3420,287,548,2852,20,3,6,49,0
2020-09-16,3477,290,555,2902,20,3,6,50,0
2020-09-17,3534,293,561,2952,21,3,6,51,0
2020-09-18,3592,296,568,3003,21,3,6,51,0
2020-09-19,3650,299,574,3055,21,3,6,52,0
2020-09-20,3709,302,580,3107,22,3,6,52,0
2020-09-21,3768,305,587,3159,22,3,6,53,0
2020-09-22,3827,308,593,3212,22,3,6,54,0
2020-09-23,3889,311,600,3266,23,3,6,54,0
2020-09-24,3950,314,606,3321,23,3,6,55,0
2020-09-25,4013,317,613,3376,24,3,6,55,0
2020-09-26,4074,320,619,3431,24,3,6,56,0
2020-09-27,4137,323,626,3487,24,3,6,56,0
2020-09-28,4201,325,632,3544,25,3,6,57,0
2020-09-29,4264,328,638,3601,25,3,6,58,0
2020-09-30,4329,331,645,3659,25,3,6,58,0
2020-10-01,4394,334,651,3717,26,3,6,59,0
2020-10-02,4459,337,657,3776,26,3,6,59,0
2020-10-03,4526,339,663,3836,27,3,6,60,0
2020-10-04,4593,342,670,3896,27,3,6,60,0
2020-10-05,4661,345,676,3957,28,3,6,61,0
2020-10-06,4728,347,682,4018,28,3,6,62,0
2020-10-07,4796,350,688,4080,28,3,6,62,0
2020-10-08,4865,353,694,4142,29,3,6,63,0
2020-10-09,4934,355,700,4205,29,2,6,63,0
2020-10-10,5004,358,706,4268,30,2,6,64,0
2020-10-11,5074,360,712,4332,30,2,6,64,0
2020-10-12,5146,362,718,4397,31,2,6,65,0
2020-10-13,5217,365,724,4462,31,2,6,65,0
2020-10-14,5288,367,729,4527,32,2,6,66,0
2020-10-15,5360,369,735,4593,32,2,6,66,0
2020-10-16,5433,371,741,4660,32,2,6,67,0
2020-10-17,5506,374,746,4727,33,2,5,67,0
2020-10-18,5578,376,751,4794,33,2,5,68,0
2020-10-19,5653,378,757,4862,34,2,5,68,0
2020-10-20,5727,380,762,4931,34,2,5,69,0
2020-10-21,5802,382,767,5000,35,2,5,69,0
2020-10-22,5876,384,772,5069,35,2,5,70,0
2020-10-23,5952,385,777,5139,36,2,5,70,0
2020-10-24,6028,387,782,5210,36,2,5,71,0
2020-10-25,6104,389,787,5280,37,2,5,71,0
2020-10-26,6181,391,792,5352,37,2,5,71,0
2020-10-27,6257,392,796,5423,38,2,5,72,1
2020-10-28,6334,394,801,5495,38,1,4,72,1
2020-10-29,6412,395,805,5568,39,1,4,73,1
2020-10-30,6488,397,809,5640,39,1,4,73,1
2020-10-31,6567,398,813,5714,40,1,4,73,1
2020-11-01,6644,399,817,5787,40,1,4,74,1
2020-11-02,6723,400,821,5861,41,1,4,74,1
2020-11-03,6801,401,825,5935,41,1,4,74,1
2020-11-04,6881,403,829,6010,42,1,4,75,1
2020-11-05,6959,404,832,6085,42,1,3,75,1
2020-11-06,7039,404,836,6160,43,1,3,75,1
2020-11-07,7118,405,839,6236,43,1,3,76,1
2020-11-08,7198,406,842,6312,44,1,3,76,1
2020-11-09,7277,407,845,6388,44,1,3,76,1
2020-11-10,7357,407,848,6464,45,1,3,77,1
2020-11-11,7438,408,851,6541,46,1,3,77,1
2020-11-12,7517,408,853,6618,46,0,2,77,1
2020-11-13,7598,409,856,6695,47,0,2,77,1
2020-11-14,7677,409,858,6772,47,0,2,77,1
2020-11-15,7758,409,860,6850,48,0,2,78,1
2020-11-16,7837,410,862,6927,48,0,2,78,1
2020-11-17,7918,410,864,7005,49,0,2,78,1
2020-11-18,7998,410,866,7083,49,0,2,78,1
2020-11-19,8079,410,867,7162,50,0,1,78,1
2020-11-20,8159,409,869,7240,50,0,1,78,1
2020-11-21,8239,409,870,7318,51,0,1,79,1
2020-11-22,8320,409,871,7397,52,0,1,79,1
2020-11-23,8400,409,872,7476,52,0,1,79,1
2020-11-24,8481,408,873,7555,53,0,1,79,1
2020-11-25,8560,408,874,7633,53,0,1,79,1
2020-11-26,8640,407,874,7712,54,0,0,79,1
2020-11-27,8719,407,874,7791,54,0,0,79,1
2020-11-28,8800,406,875,7870,55,0,0,79,1
2020-11-29,8879,405,875,7949,55,0,0,79,1
2020-11-30,8958,404,874,8028,56,0,0,79,1
2020-12-01,9037,403,874,8107,56,0,0,79,1
2020-12-02,9117,402,874,8186,57,0,0,79,1
2020-12-03,9196,401,873,8265,58,0,0,79,1
2020-12-04,9273,400,872,8343,58,0,0,79,1
2020-12-05,9352,399,871,8422,59,0,0,79,1
2020-12-06,9430,398,870,8501,59,0,0,79,1
2020-12-07,9508,396,869,8579,60,0,0,78,1
2020-12-08,9586,395,868,8658,60,0,0,78,1
2020-12-09,9663,394,866,8736,61,0,0,78,1
2020-12-10,9740,392,865,8814,61,0,0,78,1
2020-12-11,9817,390,863,8892,62,0,0,78,1
2020-12-12,9893,389,861,8970,62,0,0,78,1
2020-12-13,9970,387,859,9048,63,0,0,78,1
2020-12-14,10046,385,857,9125,64,0,0,77,1
2020-12-15,10120,384,854,9202,64,0,0,77,1
2020-12-16,10197,382,852,9280,65,0,0,77,1
2020-12-17,10270,380,849,9356,65,0,0,77,1
2020-12-18,10345,378,846,9433,66,0,0,76,1
2020-12-19,10418,376,843,9509,66,0,0,76,1
2020-12-20,10492,374,840,9585,67,0,0,76,1
2020-12-21,10565,372,837,9661,67,0,0,76,1
2020-12-22,10638,369,834,9736,68,0,0,75,1
2020-12-23,10710,367,830,9812,68,0,0,75,1
2020-12-24,10782,365,827,9886,69,0,0,75,1
2020-12-25,10853,363,823,9961,69,0,0,74,1
2020-12-26,10924,360,819,10035,70,0,0,74,1
2020-12-27,10995,358,816,10109,70,0,0,74,1
2020-12-28,11066,355,812,10183,71,0,0,73,1
2020-12-29,11134,353,807,10256,71,0,0,73,1
2020-12-30,11203,351,803,10328,72,0,0,73,1
2020-12-31,11272,348,799,10401,72,0,0,72,1
2021-01-01,11340,345,794,10473,73,0,0,72,0
2021-01-02,11407,343,790,10544,73,0,0,71,0
2021-01-03,11474,340,785,10615,74,0,0,71,0
2021-01-04,11541,338,781,10686,74,0,0,70,0
2021-01-05,11608,335,776,10757,75,0,0,70,0
2021-01-06,11672,332,771,10826,75,0,0,70,0
2021-01-07,11738,329,766,10896,76,0,0,69,0
2021-01-08,11802,327,761,10965,76,0,0,69,0
2021-01-09,11866,324,756,11033,77,0,0,68,0
2021-01-10,11928,321,750,11101,77,0,0,68,0
2021-01-11,11992,318,745,11169,78,0,0,67,0
2021-01-12,12054,315,740,11236,78,0,0,67,0
2021-01-13,12116,313,734,11303,79,0,0,66,0
2021-01-14,12177,310,729,11369,79,0,0,66,0
2021-01-15,12237,307,723,11434,80,0,0,65,0
2021-01-16,12297,304,718,11499,80,0,0,65,0
2021-01-17,12357,301,712,11564,81,0,0,64,0
2021-01-18,12415,298,706,11628,81,0,0,64,0
2021-01-19,12474,295,701,11692,81,0,0,63,0
2021-01-20,12532,292,695,11755,82,0,0,63,0
2021-01-21,12588,289,689,11817,82,0,0,62,0
2021-01-22,12645,286,683,11879,83,0,0,62,0
2021-01-23,12701,283,677,11941,83,0,0,61,0
2021-01-24,12757,280,671,12002,84,0,0,61,0
2021-01-25,12811,278,665,12062,84,0,0,60,0
2021-01-26,12865,275,659,12122,84,0,0,59,0
2021-01-27,12919,272,653,12181,85,0,0,59,0
2021-01-28,12972,269,647,12240,85,0,0,58,0
2021-01-29,13025,266,641,12298,86,0,0,58,0
2021-01-30,13076,263,634,12356,86,0,0,57,0
2021-01-31,13127,260,628,12413,86,0,0,57,0
2021-02-01,13178,257,622,12469,87,0,0,56,0
2021-02-02,13228,254,616,12525,87,0,0,56,0
2021-02-03,13279,251,610,12581,88,0,0,55,0
2021-02-04,13327,248,604,12635,88,0,0,54,0
2021-02-05,13375,245,597,12690,88,0,0,54,0
2021-02-06,13423,242,591,12743,89,0,0,53,0
2021-02-07,13471,239,585,12797,89,0,0,53,0
2021-02-08,13518,237,579,12849,90,0,0,52,0
2021-02-09,13563,234,572,12901,90,0,0,52,0
2021-02-10,13609,231,566,12953,90,0,0,51,0
2021-02-11,13655,228,560,13004,91,0,0,51,0
2021-02-12,13699,225,554,13054,91,0,0,50,0
2021-02-13,13743,222,548,13104,91,0,0,49,0
2021-02-14,13786,220,541,13153,92,0,0,49,0
2021-02-15,13829,217,535,13202,92,0,0,48,0
2021-02-16,13871,214,529,13250,92,0,0,48,0
2021-02-17,13913,211,523,13297,93,0,0,47,0
2021-02-18,13954,209,517,13344,93,0,0,47,0
2021-02-19,13995,206,511,13391,93,0,0,46,0
2021-02-20,14036,203,505,13437,94,0,0,46,0
2021-02-21,14075,201,499,13482,94,0,0,45,0
2021-02-22,14114,198,493,13527,94,0,0,44,0
2021-02-23,14153,195,487,13571,95,0,0,44,0
2021-02-24,14191,193,481,13615,95,0,0,43,0
2021-02-25,14228,190,475,13658,95,0,0,43,0
2021-02-26,14265,187,469,13701,95,0,0,42,0
2021-02-27,14302,185,463,13743,96,0,0,42,0
2021-02-28,14338,182,457,13785,96,0,0,41,0
2021-03-01,14373,180,451,13826,96,0,0,41,0
2021-03-02,14409,177,446,13866,97,0,0,40,0
2021-03-03,14443,175,440,13906,97,0,0,40,0
2021-03-04,14477,172,434,13946,97,0,0,39,0
2021-03-05,14511,170,429,13985,97,0,0,39,0
2021-03-06,14544,168,423,14023,98,0,0,38,0
2021-03-07,14576,165,417,14061,98,0,0,38,0
2021-03-08,14609,163,412,14099,98,0,0,37,0
2021-03-09,14640,161,406,14136,98,0,0,37,0
2021-03-10,14672,158,401,14172,99,0,0,36,0
2021-03-11,14703,156,396,14208,99,0,0,36,0
2021-03-12,14733,154,390,14244,99,0,0,35,0
2021-03-13,14763,151,385,14279,99,0,0,35,0
2021-03-14,14793,149,380,14313,100,0,0,34,0
2021-03-15,14822,147,374,14348,100,0,0,34,0
2021-03-16,14850,145,369,14381,100,0,0,33,0
2021-03-17,14878,143,364,14414,100,0,0,33,0
2021-03-18,14907,141,359,14447,101,0,0,32,0
2021-03-19,14934,139,354,14479,101,0,0,32,0
2021-03-20,14961,136,349,14511,101,0,0,32,0
2021-03-21,14987,134,344,14542,101,0,0,31,0
2021-03-22,15014,132,339,14573,102,0,0,31,0
2021-03-23,15040,130,334,14604,102,0,0,30,0
2021-03-24,15066,128,330,14634,102,0,0,30,0
2021-03-25,15090,126,325,14663,102,0,0,29,0
2021-03-26,15115,125,320,14693,102,0,0,29,0
2021-03-27,15139,123,315,14721,103,0,0,28,0
2021-03-28,15164,121,311,14750,103,0,0,28,0
2021-03-29,15187,119,306,14778,103,0,0,28,0
2021-03-30,15210,117,302,14805,103,0,0,27,0
2021-03-31,15232,115,297,14832,103,0,0,27,0
2021-04-01,15256,113,293,14859,104,0,0,26,0
2021-04-02,15278,112,289,14885,104,0,0,26,0
2021-04-03,15299,110,284,14911,104,0,0,26,0
2021-04-04,15320,108,280,14936,104,0,0,25,0
2021-04-05,15342,107,276,14962,104,0,0,25,0
2021-04-06,15362,105,272,14986,104,0,0,25,0
2021-04-07,15383,103,267,15011,105,0,0,24,0
2021-04-08,15403,102,263,15035,105,0,0,24,0
2021-04-09,15422,100,259,15058,105,0,0,23,0
2021-04-10,15442,98,255,15082,105,0,0,23,0
2021-04-11,15462,97,252,15105,105,0,0,23,0
2021-04-12,15480,95,248,15127,105,0,0,22,0
2021-04-13,15499,94,244,15149,106,0,0,22,0
2021-04-14,15517,92,240,15171,106,0,0,22,0
2021-04-15,15535,91,236,15193,106,0,0,21,0
2021-04-16,15553,89,233,15214,106,0,0,21,0
2021-04-17,15570,88,229,15235,106,0,0,21,0
2021-04-18,15587,86,225,15256,106,0,0,20,0
2021-04-19,15604,85,222,15276,106,0,0,20,0
2021-04-20,15621,84,218,15296,107,0,0,20,0
2021-04-21,15637,82,215,15315,107,0,0,19,0
2021-04-22,15654,81,212,15335,107,0,0,19,0
2021-04-23,15669,80,208,15354,107,0,0,19,0
2021-04-24,15684,78,205,15372,107,0,0,19,0
2021-04-25,15700,77,202,15391,107,0,0,18,0
2021-04-26,15714,76,198,15409,107,0,0,18,0
2021-04-27,15729,75,195,15427,107,0,0,18,0
2021-04-28,15744,73,192,15444,108,0,0,17,0
2021-04-29,15758,72,189,15461,108,0,0,17,0
2021-04-30,15772,71,186,15478,108,0,0,17,0
2021-05-01,15786,70,183,15495,108,0,0,17,0
2021-05-02,15799,69,180,15511,108,0,0,16,0
2021-05-03,15813,67,177,15528,108,0,0,16,0
2021-05-04,15825,66,174,15543,108,0,0,16,0
2021-05-05,15838,65,171,15559,108,0,0,15,0
2021-05-06,15852,64,169,15575,108,0,0,15,0
2021-05-07,15865,63,166,15590,109,0,0,15,0
2021-05-08,15877,62,163,15605,109,0,0,15,0
2021-05-09,15889,61,161,15619,109,0,0,14,0
2021-05-10,15901,60,158,15634,109,0,0,14,0
2021-05-11,15912,59,155,15648,109,0,0,14,0
2021-05-12,15924,58,153,15662,109,0,0,14,0
2021-05-13,15934,57,150,15675,109,0,0,14,0
2021-05-14,15946,56,148,15689,109,0,0,13,0
2021-05-15,15956,55,145,15702,109,0,0,13,0
2021-05-16,15967,54,143,15715,109,0,0,13,0
2021-05-17,15979,53,141,15728,110,0,0,13,0
2021-05-18,15989,52,138,15741,110,0,0,12,0
2021-05-19,15999,51,136,15753,110,0,0,12,0
2021-05-20,16009,51,134,15765,110,0,0,12,0
2021-05-21,16018,50,131,15777,110,0,0,12,0
2021-05-22,16028,49,129,15789,110,0,0,12,0
2021-05-23,16038,48,127,15801,110,0,0,11,0
2021-05-24,16047,47,125,15812,110,0,0,11,0
2021-05-25,16056,46,123,15823,110,0,0,11,0
2021-05-26,16065,46,121,15834,110,0,0,11,0
2021-05-27,16074,45,119,15845,110,0,0,11,0
2021-05-28,16083,44,117,15856,110,0,0,11,0
2021-05-29,16092,43,115,15866,111,0,0,10,0
2021-05-30,16100,43,113,15876,111,0,0,10,0
2021-05-31,16109,42,111,15887,111,0,0,10,0
2021-06-01,16116,41,109,15896,111,0,0,10,0
2021-06-02,16124,40,107,15906,111,0,0,10,0
2021-06-03,16132,40,105,15916,111,0,0,10,0
2021-06-04,16140,39,104,15925,111,0,0,9,0
2021-06-05,16148,38,102,15935,111,0,0,9,0
2021-06-06,16155,38,100,15944,111,0,0,9,0
2021-06-07,16162,37,98,15953,111,0,0,9,0
2021-06-08,16170,36,97,15962,111,0,0,9,0
2021-06-09,16176,36,95,15970,111,0,0,9,0
2021-06-10,16183,35,93,15979,111,0,0,8,0
2021-06-11,16190,34,92,15987,111,0,0,8,0
2021-06-12,16196,34,90,15995,111,0,0,8,0
2021-06-13,16203,33,89,16003,111,0,0,8,0
2021-06-14,16210,33,87,16011,112,0,0,8,0
2021-06-15,16217,32,86,16019,112,0,0,8,0
2021-06-16,16223,32,84,16027,112,0,0,8,0
2021-06-17,16229,31,83,16034,112,0,0,7,0
2021-06-18,16235,31,81,16042,112,0,0,7,0
