Date,Infected,Exposed,Active,Recovered,Deaths,Diff Exposed,Diff Active,Diff Recovered,Diff Deaths
2020-06-22,838,369,223,614,1,0,52,20,0
2020-06-23,907,325,270,636,1,0,39,24,0
2020-06-24,968,293,305,662,1,0,30,28,0
2020-06-25,1023,271,332,690,1,0,23,30,0
2020-06-26,1075,254,353,721,1,0,18,32,0
2020-06-27,1124,243,369,754,1,0,14,34,0
2020-06-28,1171,235,382,788,1,0,11,35,0
2020-06-29,1218,229,393,823,2,0,9,36,0
2020-06-30,1262,226,401,859,2,0,8,36,0
2020-07-01,1306,224,409,895,2,0,7,37,0
2020-07-02,1350,222,415,933,2,0,6,38,0
2020-07-03,1394,222,421,971,2,0,5,38,0
2020-07-04,1437,222,426,1009,2,1,5,39,0
2020-07-05,1481,223,431,1048,2,1,5,39,0
2020-07-06,1524,224,435,1087,2,1,4,39,0
2020-07-07,1568,225,439,1127,2,1,4,40,0
2020-07-08,1613,227,444,1167,2,1,4,40,0
2020-07-09,1657,228,448,1207,2,2,4,41,0
2020-07-10,1702,230,452,1248,2,2,4,41,0
2020-07-11,1747,231,456,1289,2,2,4,41,0
2020-07-12,1792,233,460,1330,2,2,4,42,0
2020-07-13,1839,235,464,1372,3,2,4,42,0
2020-07-14,1886,237,468,1415,3,2,4,42,0
2020-07-15,1931,239,471,1457,3,2,4,43,0
2020-07-16,1978,241,475,1500,3,2,4,43,0
2020-07-17,2025,242,479,1543,3,2,4,43,0
2020-07-18,2073,244,483,1587,3,2,4,44,0
2020-07-19,2121,246,487,1631,3,2,4,44,0
2020-07-20,2169,248,491,1675,3,2,4,45,0
2020-07-21,2218,250,495,1720,3,2,4,45,0
2020-07-22,2267,252,499,1765,3,2,4,45,0
2020-07-23,2316,254,503,1810,3,2,4,46,0
2020-07-24,2366,256,507,1856,3,2,4,46,0
2020-07-25,2417,258,511,1902,4,2,4,46,0
2020-07-26,2469,260,516,1949,4,2,4,47,0
2020-07-27,2520,262,520,1996,4,2,4,47,0
2020-07-28,2571,264,524,2043,4,2,4,48,0
2020-07-29,2623,266,528,2091,4,2,4,48,0
2020-07-30,2675,268,532,2139,4,2,4,48,0
2020-07-31,2727,270,536,2187,4,2,4,49,0
2020-08-01,2780,272,540,2236,4,2,4,49,0
2020-08-02,2834,274,545,2285,4,2,4,49,0
2020-08-03,2888,276,549,2335,4,2,4,50,0
2020-08-04,2942,278,553,2385,4,2,4,50,0
2020-08-05,2997,280,557,2435,5,2,4,51,0
2020-08-06,3053,282,562,2486,5,2,4,51,0
2020-08-07,3108,284,566,2537,5,2,4,51,0
2020-08-08,3163,286,570,2588,5,2,4,52,0
2020-08-09,3219,288,574,2640,5,2,4,52,0
2020-08-10,3277,290,579,2693,5,2,4,53,0
2020-08-11,3333,292,583,2745,5,2,4,53,0
2020-08-12,3390,295,587,2798,5,2,4,53,0
2020-08-13,3449,297,592,2852,5,2,4,54,0
2020-08-14,3507,299,596,2906,5,2,4,54,0
2020-08-15,3566,301,600,2960,6,2,4,54,0
2020-08-16,3625,303,605,3014,6,2,4,55,0
2020-08-17,3684,305,609,3069,6,2,4,55,0
2020-08-18,3745,307,614,3125,6,2,4,56,0
2020-08-19,3805,309,618,3181,6,2,4,56,0
2020-08-20,3866,311,623,3237,6,2,4,56,0
2020-08-21,3927,313,627,3294,6,2,4,57,0
2020-08-22,3988,316,631,3351,6,2,4,57,0
2020-08-23,4050,318,636,3408,6,2,4,58,0
2020-08-24,4112,320,640,3466,6,2,4,58,0
2020-08-25,4176,322,645,3524,7,2,4,59,0
2020-08-26,4239,324,649,3583,7,2,4,59,0
2020-08-27,4303,326,654,3642,7,2,5,59,0
2020-08-28,4366,328,658,3701,7,2,5,60,0
2020-08-29,4431,330,663,3761,7,2,5,60,0
2020-08-30,4496,332,667,3822,7,2,5,61,0
2020-08-31,4561,335,672,3882,7,2,5,61,0
2020-09-01,4627,337,676,3944,7,2,5,61,0
2020-09-02,4693,339,681,4005,7,2,5,62,0
2020-09-03,4761,341,686,4067,8,2,5,62,0
2020-09-04,4827,343,690,4129,8,2,5,63,0
2020-09-05,4895,345,695,4192,8,2,5,63,0
2020-09-06,4962,347,699,4255,8,2,5,63,0
2020-09-07,5031,349,704,4319,8,2,5,64,0
2020-09-08,5099,352,708,4383,8,2,5,64,0
2020-09-09,5168,354,713,4447,8,2,5,65,0
2020-09-10,5237,356,717,4512,8,2,5,65,0
2020-09-11,5308,358,722,4577,9,2,5,66,0
2020-09-12,5378,360,726,4643,9,2,5,66,0
2020-09-13,5449,362,731,4709,9,2,5,66,0
2020-09-14,5521,364,736,4776,9,2,5,67,0
2020-09-15,5592,366,740,4843,9,2,5,67,0
2020-09-16,5664,368,745,4910,9,2,5,68,0
2020-09-17,5736,370,749,4978,9,2,5,68,0
2020-09-18,5809,373,754,5046,9,2,5,68,0
2020-09-19,5882,375,758,5114,10,2,5,69,0
2020-09-20,5956,377,763,5183,10,2,5,69,0
2020-09-21,6030,379,767,5253,10,2,5,70,0
2020-09-22,6104,381,772,5322,10,2,5,70,0
2020-09-23,6179,383,776,5393,10,2,4,70,0
2020-09-24,6254,385,781,5463,10,2,4,71,0
2020-09-25,6329,387,785,5534,10,2,4,71,0
2020-09-26,6405,389,790,5605,10,2,4,72,0
2020-09-27,6482,391,794,5677,11,2,4,72,0
2020-09-28,6560,393,799,5750,11,2,4,72,0
2020-09-29,6636,395,803,5822,11,2,4,73,0
2020-09-30,6714,397,808,5895,11,2,4,73,0
2020-10-01,6792,399,812,5969,11,2,4,74,0
2020-10-02,6869,401,816,6042,11,2,4,74,0
2020-10-03,6949,403,821,6117,11,2,4,74,0
2020-10-04,7028,405,825,6191,12,2,4,75,0
2020-10-05,7108,407,830,6266,12,2,4,75,0
2020-10-06,7188,409,834,6342,12,2,4,76,0
2020-10-07,7268,411,838,6418,12,2,4,76,0
2020-10-08,7349,413,843,6494,12,2,4,76,0
2020-10-09,7429,415,847,6570,12,2,4,77,0
2020-10-10,7510,416,851,6647,12,2,4,77,0
2020-10-11,7593,418,855,6725,13,2,4,78,0
2020-10-12,7675,420,860,6802,13,2,4,78,0
2020-10-13,7758,422,864,6881,13,2,4,78,0
2020-10-14,7840,424,868,6959,13,2,4,79,0
2020-10-15,7923,426,872,7038,13,2,4,79,0
2020-10-16,8006,427,876,7117,13,2,4,80,0
2020-10-17,8091,429,881,7197,13,2,4,80,0
2020-10-18,8176,431,885,7277,14,2,4,80,0
2020-10-19,8260,433,889,7357,14,2,4,81,0
2020-10-20,8345,435,893,7438,14,2,4,81,0
2020-10-21,8430,436,897,7519,14,2,4,81,0
2020-10-22,8516,438,901,7601,14,2,4,82,0
2020-10-23,8602,440,905,7683,14,2,4,82,0
2020-10-24,8689,441,909,7765,15,2,4,82,0
2020-10-25,8776,443,913,7848,15,2,4,83,0
2020-10-26,8863,445,917,7931,15,2,4,83,0
2020-10-27,8949,446,920,8014,15,2,4,84,0
2020-10-28,9037,448,924,8098,15,2,4,84,0
2020-10-29,9125,450,928,8182,15,2,4,84,0
2020-10-30,9213,451,932,8266,15,2,4,85,0
2020-10-31,9303,453,936,8351,16,2,4,85,0
2020-11-01,9391,454,939,8436,16,2,4,85,0
2020-11-02,9480,456,943,8521,16,2,4,86,0
2020-11-03,9570,457,947,8607,16,1,4,86,0
2020-11-04,9659,459,950,8693,16,1,4,86,0
2020-11-05,9749,460,954,8779,16,1,4,87,0
2020-11-06,9840,462,957,8866,17,1,4,87,0
2020-11-07,9931,463,961,8953,17,1,3,87,0
2020-11-08,10021,465,964,9040,17,1,3,87,0
2020-11-09,10113,466,968,9128,17,1,3,88,0
2020-11-10,10204,467,971,9216,17,1,3,88,0
2020-11-11,10295,469,974,9304,17,1,3,88,0
2020-11-12,10388,470,978,9392,18,1,3,89,0
2020-11-13,10480,471,981,9481,18,1,3,89,0
2020-11-14,10572,472,984,9570,18,1,3,89,0
2020-11-15,10665,474,987,9660,18,1,3,90,0
2020-11-16,10757,475,990,9749,18,1,3,90,0
2020-11-17,10850,476,993,9839,18,1,3,90,0
2020-11-18,10945,477,996,9930,19,1,3,90,0
2020-11-19,11038,478,999,10020,19,1,3,91,0
2020-11-20,11132,480,1002,10111,19,1,3,91,0
2020-11-21,11226,481,1005,10202,19,1,3,91,0
2020-11-22,11320,482,1008,10293,19,1,3,91,0
2020-11-23,11415,483,1011,10385,19,1,3,92,0
2020-11-24,11511,484,1014,10477,20,1,3,92,0
2020-11-25,11605,485,1016,10569,20,1,3,92,0
2020-11-26,11700,486,1019,10661,20,1,3,92,0
2020-11-27,11796,487,1022,10754,20,1,3,93,0
2020-11-28,11890,488,1024,10846,20,1,3,93,0
2020-11-29,11986,489,1027,10939,20,1,2,93,0
2020-11-30,12083,489,1029,11033,21,1,2,93,0
2020-12-01,12178,490,1031,11126,21,1,2,94,0
2020-12-02,12275,491,1034,11220,21,1,2,94,0
2020-12-03,12371,492,1036,11314,21,1,2,94,0
2020-12-04,12467,493,1038,11408,21,1,2,94,0
2020-12-05,12564,493,1040,11502,22,1,2,94,0
2020-12-06,12661,494,1043,11596,22,1,2,95,0
2020-12-07,12758,495,1045,11691,22,1,2,95,0
2020-12-08,12855,495,1047,11786,22,1,2,95,0
2020-12-09,12952,496,1049,11881,22,1,2,95,0
2020-12-10,13048,496,1050,11976,22,1,2,95,0
2020-12-11,13147,497,1052,12072,23,1,2,95,0
2020-12-12,13244,498,1054,12167,23,1,2,96,0
2020-12-13,13342,498,1056,12263,23,0,2,96,0
2020-12-14,13439,499,1057,12359,23,0,2,96,0
2020-12-15,13537,499,1059,12455,23,0,2,96,0
2020-12-16,13635,499,1061,12551,23,0,2,96,0
2020-12-17,13733,500,1062,12647,24,0,1,96,0
2020-12-18,13832,500,1064,12744,24,0,1,97,0
2020-12-19,13929,500,1065,12840,24,0,1,97,0
2020-12-20,14027,501,1066,12937,24,0,1,97,0
2020-12-21,14125,501,1067,13034,24,0,1,97,0
2020-12-22,14225,501,1069,13131,25,0,1,97,0
2020-12-23,14323,501,1070,13228,25,0,1,97,0
2020-12-24,14421,502,1071,13325,25,0,1,97,0
2020-12-25,14519,502,1072,13422,25,0,1,97,0
2020-12-26,14617,502,1073,13519,25,0,1,97,0
2020-12-27,14715,502,1074,13616,25,0,1,97,0
2020-12-28,14814,502,1074,13714,26,0,1,97,0
2020-12-29,14912,502,1075,13811,26,0,1,98,0
2020-12-30,15011,502,1076,13909,26,0,1,98,0
2020-12-31,15109,502,1076,14007,26,0,1,98,0
2021-01-01,15207,502,1077,14104,26,0,1,98,0
2021-01-02,15306,502,1077,14202,27,0,0,98,0
2021-01-03,15405,502,1078,14300,27,0,0,98,0
2021-01-04,15503,502,1078,14398,27,0,0,98,0
2021-01-05,15602,501,1079,14496,27,0,0,98,0
2021-01-06,15699,501,1079,14593,27,0,0,98,0
2021-01-07,15797,501,1079,14691,27,0,0,98,0
2021-01-08,15896,501,1079,14789,28,0,0,98,0
2021-01-09,15994,500,1079,14887,28,0,0,98,0
2021-01-10,16092,500,1079,14985,28,0,0,98,0
2021-01-11,16190,500,1079,15083,28,0,0,98,0
2021-01-12,16288,499,1079,15181,28,0,0,98,0
2021-01-13,16387,499,1079,15279,29,0,0,98,0
2021-01-14,16484,498,1078,15377,29,0,0,98,0
2021-01-15,16582,498,1078,15475,29,0,0,98,0
2021-01-16,16679,498,1078,15572,29,0,0,98,0
2021-01-17,16776,497,1077,15670,29,0,0,98,0
2021-01-18,16874,496,1077,15768,29,0,0,98,0
2021-01-19,16972,496,1076,15866,30,0,0,98,0
2021-01-20,17069,495,1076,15963,30,0,0,98,0
2021-01-21,17166,495,1075,16061,30,0,0,98,0
2021-01-22,17262,494,1074,16158,30,0,0,97,0
2021-01-23,17359,493,1073,16256,30,0,0,97,0
2021-01-24,17456,492,1072,16353,31,0,0,97,0
2021-01-25,17552,492,1071,16450,31,0,0,97,0
2021-01-26,17649,491,1070,16548,31,0,0,97,0
2021-01-27,17745,490,1069,16645,31,0,0,97,0
2021-01-28,17841,489,1068,16742,31,0,0,97,0
2021-01-29,17937,488,1067,16839,31,0,0,97,0
2021-01-30,18033,488,1066,16935,32,0,0,97,0
2021-01-31,18128,487,1064,17032,32,0,0,97,0
2021-02-01,18224,486,1063,17129,32,0,0,96,0
2021-02-02,18319,485,1062,17225,32,0,0,96,0
2021-02-03,18413,484,1060,17321,32,0,0,96,0
2021-02-04,18509,483,1059,17417,33,0,0,96,0
2021-02-05,18603,482,1057,17513,33,0,0,96,0
2021-02-06,18697,481,1055,17609,33,0,0,96,0
2021-02-07,18792,480,1054,17705,33,0,0,96,0
2021-02-08,18885,478,1052,17800,33,0,0,95,0
2021-02-09,18979,477,1050,17896,33,0,0,95,0
2021-02-10,19073,476,1048,17991,34,0,0,95,0
2021-02-11,19166,475,1046,18086,34,0,0,95,0
2021-02-12,19259,474,1044,18181,34,0,0,95,0
2021-02-13,19352,472,1042,18276,34,0,0,95,0
2021-02-14,19444,471,1040,18370,34,0,0,94,0
2021-02-15,19537,470,1038,18464,35,0,0,94,0
2021-02-16,19630,469,1036,18559,35,0,0,94,0
2021-02-17,19720,467,1033,18652,35,0,0,94,0
2021-02-18,19812,466,1031,18746,35,0,0,94,0
2021-02-19,19904,465,1029,18840,35,0,0,93,0
2021-02-20,19994,463,1026,18933,35,0,0,93,0
2021-02-21,20086,462,1024,19026,36,0,0,93,0
2021-02-22,20176,460,1021,19119,36,0,0,93,0
2021-02-23,20266,459,1019,19211,36,0,0,92,0
2021-02-24,20356,458,1016,19304,36,0,0,92,0
2021-02-25,20445,456,1013,19396,36,0,0,92,0
2021-02-26,20535,455,1011,19488,36,0,0,92,0
2021-02-27,20624,453,1008,19579,37,0,0,91,0
2021-02-28,20713,451,1005,19671,37,0,0,91,0
2021-03-01,20801,450,1002,19762,37,0,0,91,0
2021-03-02,20888,448,999,19852,37,0,0,91,0
2021-03-03,20976,447,996,19943,37,0,0,90,0
2021-03-04,21063,445,993,20033,37,0,0,90,0
2021-03-05,21151,443,990,20123,38,0,0,90,0
2021-03-06,21238,442,987,20213,38,0,0,90,0
2021-03-07,21325,440,984,20303,38,0,0,89,0
2021-03-08,21411,438,981,20392,38,0,0,89,0
2021-03-09,21497,437,978,20481,38,0,0,89,0
2021-03-10,21581,435,974,20569,38,0,0,88,0
2021-03-11,21668,433,971,20658,39,0,0,88,0
2021-03-12,21753,432,968,20746,39,0,0,88,0
2021-03-13,21836,430,964,20833,39,0,0,88,0
2021-03-14,21921,428,961,20921,39,0,0,87,0
2021-03-15,22005,426,958,21008,39,0,0,87,0
2021-03-16,22088,425,954,21095,39,0,0,87,0
2021-03-17,22172,423,951,21181,40,0,0,86,0
2021-03-18,22254,421,947,21267,40,0,0,86,0
2021-03-19,22336,419,943,21353,40,0,0,86,0
2021-03-20,22418,417,940,21438,40,0,0,85,0
2021-03-21,22500,415,936,21524,40,0,0,85,0
2021-03-22,22581,413,933,21608,40,0,0,85,0
2021-03-23,22663,412,929,21693,41,0,0,84,0
2021-03-24,22743,410,925,21777,41,0,0,84,0
2021-03-25,22823,408,921,21861,41,0,0,84,0
2021-03-26,22902,406,917,21944,41,0,0,83,0
2021-03-27,22982,404,914,22027,41,0,0,83,0
2021-03-28,23061,402,910,22110,41,0,0,83,0
2021-03-29,23141,400,906,22193,42,0,0,82,0
2021-03-30,23219,398,902,22275,42,0,0,82,0
2021-03-31,23296,396,898,22356,42,0,0,81,0
2021-04-01,23374,394,894,22438,42,0,0,81,0
2021-04-02,23451,392,890,22519,42,0,0,81,0
2021-04-03,23527,390,886,22599,42,0,0,80,0
2021-04-04,23604,388,882,22680,42,0,0,80,0
2021-04-05,23681,386,878,22760,43,0,0,80,0
2021-04-06,23756,384,874,22839,43,0,0,79,0
2021-04-07,23831,382,870,22918,43,0,0,79,0
2021-04-08,23906,380,866,22997,43,0,0,79,0
2021-04-09,23979,378,861,23075,43,0,0,78,0
2021-04-10,24053,376,857,23153,43,0,0,78,0
2021-04-11,24127,374,853,23231,43,0,0,77,0
2021-04-12,24201,372,849,23308,44,0,0,77,0
2021-04-13,24274,370,845,23385,44,0,0,77,0
2021-04-14,24346,368,840,23462,44,0,0,76,0
2021-04-15,24418,366,836,23538,44,0,0,76,0
2021-04-16,24490,364,832,23614,44,0,0,75,0
2021-04-17,24561,362,828,23689,44,0,0,75,0
2021-04-18,24631,360,823,23764,44,0,0,75,0
2021-04-19,24703,358,819,23839,45,0,0,74,0
2021-04-20,24773,356,815,23913,45,0,0,74,0
2021-04-21,24841,354,810,23986,45,0,0,74,0
2021-04-22,24911,352,806,24060,45,0,0,73,0
2021-04-23,24980,349,802,24133,45,0,0,73,0
2021-04-24,25047,347,797,24205,45,0,0,72,0
2021-04-25,25116,345,793,24278,45,0,0,72,0
2021-04-26,25184,343,789,24349,46,0,0,72,0
2021-04-27,25251,341,784,24421,46,0,0,71,0
2021-04-28,25318,339,780,24492,46,0,0,71,0
2021-04-29,25383,337,775,24562,46,0,0,70,0
2021-04-30,25450,335,771,24633,46,0,0,70,0
2021-05-01,25515,333,767,24702,46,0,0,70,0
2021-05-02,25580,331,762,24772,46,0,0,69,0
2021-05-03,25645,329,758,24841,46,0,0,69,0
2021-05-04,25709,327,753,24909,47,0,0,68,0
2021-05-05,25774,325,749,24978,47,0,0,68,0
2021-05-06,25836,322,744,25045,47,0,0,68,0
2021-05-07,25900,320,740,25113,47,0,0,67,0
2021-05-08,25962,318,735,25180,47,0,0,67,0
2021-05-09,26024,316,731,25246,47,0,0,66,0
2021-05-10,26087,314,727,25313,47,0,0,66,0
2021-05-11,26147,312,722,25378,47,0,0,66,0
2021-05-12,26210,310,718,25444,48,0,0,65,0
2021-05-13,26270,308,713,25509,48,0,0,65,0
2021-05-14,26330,306,709,25573,48,0,0,64,0
2021-05-15,26389,304,704,25637,48,0,0,64,0
2021-05-16,26449,302,700,25701,48,0,0,64,0
2021-05-17,26508,300,695,25765,48,0,0,63,0
2021-05-18,26567,298,691,25828,48,0,0,63,0
2021-05-19,26625,296,687,25890,48,0,0,62,0
2021-05-20,26683,294,682,25952,49,0,0,62,0
2021-05-21,26741,292,678,26014,49,0,0,61,0
2021-05-22,26797,290,673,26075,49,0,0,61,0
2021-05-23,26854,288,669,26136,49,0,0,61,0
2021-05-24,26910,286,664,26197,49,0,0,60,0
2021-05-25,26966,284,660,26257,49,0,0,60,0
2021-05-26,27022,282,656,26317,49,0,0,59,0
2021-05-27,27076,280,651,26376,49,0,0,59,0
2021-05-28,27131,278,647,26435,49,0,0,59,0
2021-05-29,27185,276,642,26493,50,0,0,58,0
2021-05-30,27240,274,638,26552,50,0,0,58,0
2021-05-31,27293,272,634,26609,50,0,0,58,0
2021-06-01,27346,270,629,26667,50,0,0,57,0
2021-06-02,27399,268,625,26724,50,0,0,57,0
2021-06-03,27451,266,621,26780,50,0,0,56,0
2021-06-04,27502,264,616,26836,50,0,0,56,0
2021-06-05,27554,262,612,26892,50,0,0,56,0
2021-06-06,27606,260,608,26948,50,0,0,55,0
2021-06-07,27656,258,603,27003,50,0,0,55,0
2021-06-08,27707,256,599,27057,51,0,0,54,0
2021-06-09,27757,254,595,27111,51,0,0,54,0
2021-06-10,27807,252,591,27165,51,0,0,54,0
2021-06-11,27856,250,586,27219,51,0,0,53,0
2021-06-12,27905,248,582,27272,51,0,0,53,0
2021-06-13,27953,246,578,27324,51,0,0,52,0
2021-06-14,28002,245,574,27377,51,0,0,52,0
2021-06-15,28050,243,570,27429,51,0,0,52,0
2021-06-16,28096,241,565,27480,51,0,0,51,0
2021-06-17,28143,239,561,27531,51,0,0,51,0
