Date,Infected,Exposed,Active,Recovered,Deaths,Diff Exposed,Diff Active,Diff Recovered,Diff Deaths
2020-07-21,360,43,62,297,1,0,3,6,0
2020-07-22,369,41,65,303,1,0,2,6,0
2020-07-23,377,40,67,309,1,0,2,6,0
2020-07-24,384,40,68,315,1,0,2,6,0
2020-07-25,392,39,70,321,1,0,1,6,0
2020-07-26,399,39,71,327,1,0,1,6,0
2020-07-27,407,39,72,334,1,0,1,7,0
2020-07-28,414,39,73,340,1,0,1,7,0
2020-07-29,422,39,74,347,1,0,1,7,0
2020-07-30,430,39,75,354,1,0,1,7,0
2020-07-31,438,40,76,361,1,0,1,7,0
2020-08-01,445,40,77,367,1,0,1,7,0
2020-08-02,453,40,78,374,1,0,1,7,0
2020-08-03,462,41,79,382,1,0,1,7,0
2020-08-04,469,41,79,389,1,0,1,7,0
2020-08-05,477,41,80,396,1,0,1,7,0
2020-08-06,486,42,81,403,2,0,1,7,0
2020-08-07,495,42,82,411,2,0,1,7,0
2020-08-08,503,43,83,418,2,0,1,8,0
2020-08-09,512,43,84,426,2,0,1,8,0
2020-08-10,519,43,84,433,2,0,1,8,0
2020-08-11,528,44,85,441,2,0,1,8,0
2020-08-12,537,44,86,449,2,0,1,8,0
2020-08-13,545,45,87,456,2,0,1,8,0
2020-08-14,554,45,88,464,2,0,1,8,0
2020-08-15,563,45,89,472,2,0,1,8,0
2020-08-16,572,46,90,480,2,0,1,8,0
2020-08-17,581,46,90,489,2,0,1,8,0
2020-08-18,590,47,91,497,2,0,1,8,0
2020-08-19,599,47,92,505,2,0,1,8,0
2020-08-20,608,47,93,513,2,0,1,8,0
2020-08-21,618,48,94,522,2,0,1,8,0
2020-08-22,627,48,95,530,2,0,1,9,0
2020-08-23,636,49,95,539,2,0,1,9,0
2020-08-24,646,49,96,548,2,0,1,9,0
2020-08-25,655,50,97,556,2,0,1,9,0
2020-08-26,665,50,98,565,2,0,1,9,0
2020-08-27,675,50,99,574,2,0,1,9,0
2020-08-28,685,51,100,583,2,0,1,9,0
2020-08-29,695,51,101,592,2,0,1,9,0
2020-08-30,705,52,102,601,2,0,1,9,0
2020-08-31,715,52,102,611,2,0,1,9,0
2020-09-01,725,52,103,620,2,0,1,9,0
2020-09-02,735,53,104,629,2,0,1,9,0
2020-09-03,746,53,105,639,2,0,1,10,0
2020-09-04,756,54,106,648,2,0,1,10,0
2020-09-05,767,54,107,658,2,0,1,10,0
2020-09-06,778,54,108,668,2,0,1,10,0
2020-09-07,789,55,109,677,3,0,1,10,0
2020-09-08,799,55,109,687,3,0,1,10,0
2020-09-09,810,56,110,697,3,0,1,10,0
2020-09-10,821,56,111,707,3,0,1,10,0
2020-09-11,832,56,112,717,3,0,1,10,0
2020-09-12,844,57,113,728,3,0,1,10,0
2020-09-13,855,57,114,738,3,0,1,10,0
2020-09-14,866,58,115,748,3,0,1,10,0
2020-09-15,878,58,116,759,3,0,1,10,0
2020-09-16,888,58,116,769,3,0,1,11,0
2020-09-17,900,59,117,780,3,0,1,11,0
2020-09-18,911,59,118,790,3,0,1,11,0
2020-09-19,923,60,119,801,3,0,1,11,0
2020-09-20,935,60,120,812,3,0,1,11,0
2020-09-21,947,60,121,823,3,0,1,11,0
2020-09-22,959,61,122,834,3,0,1,11,0
2020-09-23,970,61,122,845,3,0,1,11,0
2020-09-24,982,61,123,856,3,0,1,11,0
2020-09-25,994,62,124,867,3,0,1,11,0
2020-09-26,1006,62,125,878,3,0,1,11,0
2020-09-27,1019,63,126,890,3,0,1,11,0
2020-09-28,1031,63,127,901,3,0,1,11,0
2020-09-29,1043,63,127,913,3,0,1,12,0
2020-09-30,1055,64,128,924,3,0,1,12,0
2020-10-01,1068,64,129,936,3,0,1,12,0
2020-10-02,1082,64,130,948,4,0,1,12,0
2020-10-03,1094,65,131,959,4,0,1,12,0
2020-10-04,1106,65,131,971,4,0,1,12,0
2020-10-05,1119,65,132,983,4,0,1,12,0
2020-10-06,1132,66,133,995,4,0,1,12,0
2020-10-07,1145,66,134,1007,4,0,1,12,0
2020-10-08,1158,66,135,1019,4,0,1,12,0
2020-10-09,1171,67,135,1032,4,0,1,12,0
2020-10-10,1184,67,136,1044,4,0,1,12,0
2020-10-11,1197,67,137,1056,4,0,1,12,0
2020-10-12,1211,68,138,1069,4,0,1,12,0
2020-10-13,1223,68,138,1081,4,0,1,13,0
2020-10-14,1237,68,139,1094,4,0,1,13,0
2020-10-15,1250,68,140,1106,4,0,1,13,0
2020-10-16,1264,69,141,1119,4,0,1,13,0
2020-10-17,1277,69,141,1132,4,0,1,13,0
2020-10-18,1291,69,142,1145,4,0,1,13,0
2020-10-19,1304,70,143,1157,4,0,1,13,0
2020-10-20,1317,70,143,1170,4,0,1,13,0
2020-10-21,1331,70,144,1183,4,0,1,13,0
2020-10-22,1345,70,145,1196,4,0,1,13,0
2020-10-23,1360,71,145,1210,5,0,1,13,0
2020-10-24,1374,71,146,1223,5,0,1,13,0
2020-10-25,1387,71,146,1236,5,0,1,13,0
2020-10-26,1401,71,147,1249,5,0,1,13,0
2020-10-27,1416,72,148,1263,5,0,1,13,0
2020-10-28,1429,72,148,1276,5,0,1,13,0
2020-10-29,1443,72,149,1289,5,0,1,13,0
2020-10-30,1457,72,149,1303,5,0,1,14,0
2020-10-31,1472,72,150,1317,5,0,1,14,0
2020-11-01,1486,73,151,1330,5,0,1,14,0
2020-11-02,1500,73,151,1344,5,0,1,14,0
2020-11-03,1514,73,152,1357,5,0,1,14,0
2020-11-04,1528,73,152,1371,5,0,0,14,0
2020-11-05,1543,73,153,1385,5,0,0,14,0
2020-11-06,1557,73,153,1399,5,0,0,14,0
2020-11-07,1572,74,154,1413,5,0,0,14,0
2020-11-08,1586,74,154,1427,5,0,0,14,0
2020-11-09,1600,74,154,1441,5,0,0,14,0
2020-11-10,1615,74,155,1455,5,0,0,14,0
2020-11-11,1629,74,155,1469,5,0,0,14,0
2020-11-12,1645,74,156,1483,6,0,0,14,0
2020-11-13,1659,74,156,1497,6,0,0,14,0
2020-11-14,1673,74,156,1511,6,0,0,14,0
2020-11-15,1688,74,157,1525,6,0,0,14,0
2020-11-16,1702,75,157,1539,6,0,0,14,0
2020-11-17,1717,75,157,1554,6,0,0,14,0
2020-11-18,1732,75,158,1568,6,0,0,14,0
2020-11-19,1746,75,158,1582,6,0,0,14,0
2020-11-20,1761,75,158,1597,6,0,0,14,0
2020-11-21,1776,75,159,1611,6,0,0,14,0
2020-11-22,1790,75,159,1625,6,0,0,14,0
2020-11-23,1805,75,159,1640,6,0,0,14,0
2020-11-24,1819,75,159,1654,6,0,0,14,0
2020-11-25,1835,75,160,1669,6,0,0,14,0
2020-11-26,1849,75,160,1683,6,0,0,14,0
2020-11-27,1863,75,160,1697,6,0,0,14,0
2020-11-28,1878,75,160,1712,6,0,0,15,0
2020-11-29,1892,75,160,1726,6,0,0,15,0
2020-11-30,1908,75,160,1741,7,0,0,15,0
2020-12-01,1924,75,161,1756,7,0,0,15,0
2020-12-02,1938,75,161,1770,7,0,0,15,0
2020-12-03,1953,75,161,1785,7,0,0,15,0
2020-12-04,1967,75,161,1799,7,0,0,15,0
2020-12-05,1982,75,161,1814,7,0,0,15,0
2020-12-06,1996,75,161,1828,7,0,0,15,0
2020-12-07,2011,75,161,1843,7,0,0,15,0
2020-12-08,2025,75,161,1857,7,0,0,15,0
2020-12-09,2040,75,161,1872,7,0,0,15,0
2020-12-10,2055,74,161,1887,7,0,0,15,0
2020-12-11,2069,74,161,1901,7,0,0,15,0
2020-12-12,2084,74,161,1916,7,0,0,15,0
2020-12-13,2098,74,161,1930,7,0,0,15,0
2020-12-14,2113,74,161,1945,7,0,0,15,0
2020-12-15,2127,74,161,1959,7,0,0,15,0
2020-12-16,2141,74,160,1974,7,0,0,15,0
2020-12-17,2156,74,160,1989,7,0,0,15,0
2020-12-18,2170,73,160,2003,7,0,0,15,0
2020-12-19,2186,73,160,2018,8,0,0,14,0
2020-12-20,2200,73,160,2032,8,0,0,14,0
2020-12-21,2214,73,160,2046,8,0,0,14,0
2020-12-22,2228,73,159,2061,8,0,0,14,0
2020-12-23,2242,73,159,2075,8,0,0,14,0
2020-12-24,2257,72,159,2090,8,0,0,14,0
2020-12-25,2271,72,159,2104,8,0,0,14,0
2020-12-26,2285,72,158,2119,8,0,0,14,0
2020-12-27,2299,72,158,2133,8,0,0,14,0
2020-12-28,2313,72,158,2147,8,0,0,14,0
2020-12-29,2327,71,158,2161,8,0,0,14,0
2020-12-30,2341,71,157,2176,8,0,0,14,0
2020-12-31,2355,71,157,2190,8,0,0,14,0
2021-01-01,2369,71,157,2204,8,0,0,14,0
2021-01-02,2382,70,156,2218,8,0,0,14,0
2021-01-03,2396,70,156,2232,8,0,0,14,0
2021-01-04,2410,70,155,2247,8,0,0,14,0
2021-01-05,2424,70,155,2261,8,0,0,14,0
2021-01-06,2439,69,155,2275,9,0,0,14,0
2021-01-07,2452,69,154,2289,9,0,0,14,0
2021-01-08,2466,69,154,2303,9,0,0,14,0
2021-01-09,2478,69,153,2316,9,0,0,14,0
2021-01-10,2492,68,153,2330,9,0,0,14,0
2021-01-11,2505,68,152,2344,9,0,0,14,0
2021-01-12,2519,68,152,2358,9,0,0,14,0
2021-01-13,2532,68,151,2372,9,0,0,14,0
2021-01-14,2545,67,151,2385,9,0,0,14,0
2021-01-15,2558,67,150,2399,9,0,0,14,0
2021-01-16,2572,67,150,2413,9,0,0,14,0
2021-01-17,2584,66,149,2426,9,0,0,14,0
2021-01-18,2598,66,149,2440,9,0,0,13,0
2021-01-19,2610,66,148,2453,9,0,0,13,0
2021-01-20,2622,65,147,2466,9,0,0,13,0
2021-01-21,2636,65,147,2480,9,0,0,13,0
2021-01-22,2648,65,146,2493,9,0,0,13,0
2021-01-23,2661,64,146,2506,9,0,0,13,0
2021-01-24,2673,64,145,2519,9,0,0,13,0
2021-01-25,2686,64,144,2533,9,0,0,13,0
2021-01-26,2700,63,144,2546,10,0,0,13,0
2021-01-27,2712,63,143,2559,10,0,0,13,0
2021-01-28,2723,63,142,2571,10,0,0,13,0
2021-01-29,2736,62,142,2584,10,0,0,13,0
2021-01-30,2748,62,141,2597,10,0,0,13,0
2021-01-31,2760,61,140,2610,10,0,0,13,0
2021-02-01,2773,61,140,2623,10,0,0,13,0
2021-02-02,2784,61,139,2635,10,0,0,13,0
2021-02-03,2796,60,138,2648,10,0,0,13,0
2021-02-04,2807,60,137,2660,10,0,0,12,0
2021-02-05,2820,60,137,2673,10,0,0,12,0
2021-02-06,2831,59,136,2685,10,0,0,12,0
2021-02-07,2842,59,135,2697,10,0,0,12,0
2021-02-08,2854,58,134,2710,10,0,0,12,0
2021-02-09,2866,58,134,2722,10,0,0,12,0
2021-02-10,2877,58,133,2734,10,0,0,12,0
2021-02-11,2888,57,132,2746,10,0,0,12,0
2021-02-12,2899,57,131,2758,10,0,0,12,0
2021-02-13,2911,57,131,2770,10,0,0,12,0
2021-02-14,2921,56,130,2781,10,0,0,12,0
2021-02-15,2932,56,129,2793,10,0,0,12,0
2021-02-16,2943,55,128,2805,10,0,0,12,0
2021-02-17,2954,55,127,2816,11,0,0,12,0
2021-02-18,2966,55,127,2828,11,0,0,11,0
2021-02-19,2976,54,126,2839,11,0,0,11,0
2021-02-20,2987,54,125,2851,11,0,0,11,0
2021-02-21,2997,53,124,2862,11,0,0,11,0
2021-02-22,3007,53,123,2873,11,0,0,11,0
2021-02-23,3018,53,123,2884,11,0,0,11,0
2021-02-24,3028,52,122,2895,11,0,0,11,0
2021-02-25,3038,52,121,2906,11,0,0,11,0
2021-02-26,3048,51,120,2917,11,0,0,11,0
2021-02-27,3058,51,119,2928,11,0,0,11,0
2021-02-28,3068,51,118,2939,11,0,0,11,0
2021-03-01,3079,50,118,2950,11,0,0,11,0
2021-03-02,3088,50,117,2960,11,0,0,11,0
2021-03-03,3098,49,116,2971,11,0,0,10,0
2021-03-04,3107,49,115,2981,11,0,0,10,0
2021-03-05,3117,49,114,2992,11,0,0,10,0
2021-03-06,3126,48,113,3002,11,0,0,10,0
2021-03-07,3135,48,112,3012,11,0,0,10,0
2021-03-08,3145,47,112,3022,11,0,0,10,0
2021-03-09,3154,47,111,3032,11,0,0,10,0
2021-03-10,3163,47,110,3042,11,0,0,10,0
2021-03-11,3172,46,109,3052,11,0,0,10,0
2021-03-12,3181,46,108,3062,11,0,0,10,0
2021-03-13,3190,45,107,3072,11,0,0,10,0
2021-03-14,3201,45,107,3082,12,0,0,10,0
2021-03-15,3209,45,106,3091,12,0,0,10,0
2021-03-16,3218,44,105,3101,12,0,0,9,0
2021-03-17,3226,44,104,3110,12,0,0,9,0
2021-03-18,3235,43,103,3120,12,0,0,9,0
2021-03-19,3243,43,102,3129,12,0,0,9,0
2021-03-20,3251,43,101,3138,12,0,0,9,0
2021-03-21,3260,42,101,3147,12,0,0,9,0
2021-03-22,3268,42,100,3156,12,0,0,9,0
2021-03-23,3276,42,99,3165,12,0,0,9,0
2021-03-24,3284,41,98,3174,12,0,0,9,0
2021-03-25,3292,41,97,3183,12,0,0,9,0
2021-03-26,3300,40,96,3192,12,0,0,9,0
2021-03-27,3308,40,95,3201,12,0,0,9,0
2021-03-28,3316,40,95,3209,12,0,0,9,0
2021-03-29,3324,39,94,3218,12,0,0,8,0
2021-03-30,3331,39,93,3226,12,0,0,8,0
2021-03-31,3339,39,92,3235,12,0,0,8,0
2021-04-01,3346,38,91,3243,12,0,0,8,0
2021-04-02,3354,38,91,3251,12,0,0,8,0
2021-04-03,3361,37,90,3259,12,0,0,8,0
2021-04-04,3369,37,89,3268,12,0,0,8,0
2021-04-05,3376,37,88,3276,12,0,0,8,0
2021-04-06,3383,36,87,3284,12,0,0,8,0
2021-04-07,3389,36,86,3291,12,0,0,8,0
2021-04-08,3397,36,86,3299,12,0,0,8,0
2021-04-09,3404,35,85,3307,12,0,0,8,0
2021-04-10,3411,35,84,3315,12,0,0,8,0
2021-04-11,3417,35,83,3322,12,0,0,8,0
2021-04-12,3424,34,82,3330,12,0,0,7,0
2021-04-13,3431,34,82,3337,12,0,0,7,0
2021-04-14,3439,33,81,3345,13,0,0,7,0
2021-04-15,3445,33,80,3352,13,0,0,7,0
2021-04-16,3451,33,79,3359,13,0,0,7,0
2021-04-17,3458,32,79,3366,13,0,0,7,0
2021-04-18,3464,32,78,3373,13,0,0,7,0
2021-04-19,3470,32,77,3380,13,0,0,7,0
2021-04-20,3476,31,76,3387,13,0,0,7,0
2021-04-21,3482,31,75,3394,13,0,0,7,0
2021-04-22,3489,31,75,3401,13,0,0,7,0
2021-04-23,3495,30,74,3408,13,0,0,7,0
2021-04-24,3500,30,73,3414,13,0,0,7,0
2021-04-25,3506,30,72,3421,13,0,0,7,0
2021-04-26,3512,30,72,3427,13,0,0,6,0
2021-04-27,3518,29,71,3434,13,0,0,6,0
2021-04-28,3523,29,70,3440,13,0,0,6,0
2021-04-29,3530,29,70,3447,13,0,0,6,0
2021-04-30,3535,28,69,3453,13,0,0,6,0
2021-05-01,3540,28,68,3459,13,0,0,6,0
2021-05-02,3545,28,67,3465,13,0,0,6,0
2021-05-03,3551,27,67,3471,13,0,0,6,0
2021-05-04,3556,27,66,3477,13,0,0,6,0
2021-05-05,3561,27,65,3483,13,0,0,6,0
2021-05-06,3567,26,65,3489,13,0,0,6,0
2021-05-07,3572,26,64,3495,13,0,0,6,0
2021-05-08,3577,26,63,3501,13,0,0,6,0
2021-05-09,3583,26,63,3507,13,0,0,6,0
2021-05-10,3587,25,62,3512,13,0,0,6,0
2021-05-11,3592,25,61,3518,13,0,0,6,0
2021-05-12,3597,25,61,3523,13,0,0,5,0
2021-05-13,3602,24,60,3529,13,0,0,5,0
2021-05-14,3606,24,59,3534,13,0,0,5,0
2021-05-15,3612,24,59,3540,13,0,0,5,0
2021-05-16,3616,24,58,3545,13,0,0,5,0
2021-05-17,3620,23,57,3550,13,0,0,5,0
2021-05-18,3625,23,57,3555,13,0,0,5,0
2021-05-19,3629,23,56,3560,13,0,0,5,0
2021-05-20,3634,23,56,3565,13,0,0,5,0
2021-05-21,3638,22,55,3570,13,0,0,5,0
2021-05-22,3642,22,54,3575,13,0,0,5,0
2021-05-23,3647,22,54,3580,13,0,0,5,0
2021-05-24,3651,22,53,3585,13,0,0,5,0
2021-05-25,3656,21,53,3590,13,0,0,5,0
2021-05-26,3660,21,52,3595,13,0,0,5,0
2021-05-27,3663,21,51,3599,13,0,0,5,0
2021-05-28,3668,21,51,3604,13,0,0,5,0
2021-05-29,3672,20,50,3609,13,0,0,5,0
2021-05-30,3677,20,50,3613,14,0,0,4,0
2021-05-31,3681,20,49,3618,14,0,0,4,0
2021-06-01,3685,20,49,3622,14,0,0,4,0
2021-06-02,3688,19,48,3626,14,0,0,4,0
2021-06-03,3692,19,47,3631,14,0,0,4,0
2021-06-04,3696,19,47,3635,14,0,0,4,0
2021-06-05,3699,19,46,3639,14,0,0,4,0
2021-06-06,3703,19,46,3643,14,0,0,4,0
2021-06-07,3707,18,45,3648,14,0,0,4,0
2021-06-08,3711,18,45,3652,14,0,0,4,0
2021-06-09,3714,18,44,3656,14,0,0,4,0
2021-06-10,3718,18,44,3660,14,0,0,4,0
2021-06-11,3721,17,43,3664,14,0,0,4,0
2021-06-12,3724,17,43,3667,14,0,0,4,0
2021-06-13,3727,17,42,3671,14,0,0,4,0
2021-06-14,3731,17,42,3675,14,0,0,4,0
2021-06-15,3734,17,41,3679,14,0,0,4,0
2021-06-16,3738,16,41,3683,14,0,0,4,0
2021-06-17,3740,16,40,3686,14,0,0,4,0
2021-06-18,3744,16,40,3690,14,0,0,4,0
2021-06-19,3747,16,39,3694,14,0,0,4,0
2021-06-20,3750,16,39,3697,14,0,0,4,0
2021-06-21,3753,15,38,3701,14,0,0,3,0
2021-06-22,3756,15,38,3704,14,0,0,3,0
2021-06-23,3758,15,37,3707,14,0,0,3,0
2021-06-24,3762,15,37,3711,14,0,0,3,0
2021-06-25,3765,15,37,3714,14,0,0,3,0
2021-06-26,3767,15,36,3717,14,0,0,3,0
2021-06-27,3771,14,36,3721,14,0,0,3,0
2021-06-28,3773,14,35,3724,14,0,0,3,0
2021-06-29,3776,14,35,3727,14,0,0,3,0
2021-06-30,3778,14,34,3730,14,0,0,3,0
2021-07-01,3781,14,34,3733,14,0,0,3,0
2021-07-02,3784,14,34,3736,14,0,0,3,0
2021-07-03,3786,13,33,3739,14,0,0,3,0
2021-07-04,3789,13,33,3742,14,0,0,3,0
2021-07-05,3791,13,32,3745,14,0,0,3,0
2021-07-06,3794,13,32,3748,14,0,0,3,0
2021-07-07,3797,13,32,3751,14,0,0,3,0
2021-07-08,3799,13,31,3754,14,0,0,3,0
2021-07-09,3802,12,31,3757,14,0,0,3,0
2021-07-10,3804,12,30,3760,14,0,0,3,0
2021-07-11,3806,12,30,3762,14,0,0,3,0
2021-07-12,3809,12,30,3765,14,0,0,3,0
2021-07-13,3811,12,29,3768,14,0,0,3,0
2021-07-14,3813,12,29,3770,14,0,0,3,0
2021-07-15,3816,11,29,3773,14,0,0,3,0
2021-07-16,3818,11,28,3776,14,0,0,3,0
