Date,Infected,Exposed,Active,Recovered,Deaths,Diff Exposed,Diff Active,Diff Recovered,Diff Deaths
2020-07-07,1102,347,249,849,4,0,45,23,0
2020-07-08,1167,308,290,873,4,0,34,26,0
2020-07-09,1226,280,321,901,4,0,26,29,0
2020-07-10,1279,260,344,931,4,0,20,31,0
2020-07-11,1328,245,362,962,4,0,15,33,0
2020-07-12,1376,234,376,996,4,0,12,34,0
2020-07-13,1420,226,386,1030,4,0,9,35,0
2020-07-14,1464,221,395,1065,4,0,7,36,0
2020-07-15,1508,217,402,1101,5,0,6,36,0
2020-07-16,1550,214,407,1138,5,0,5,37,0
2020-07-17,1592,213,412,1175,5,0,4,37,0
2020-07-18,1633,211,416,1212,5,0,4,38,0
2020-07-19,1674,211,419,1250,5,0,3,38,0
2020-07-20,1715,210,422,1288,5,0,3,38,0
2020-07-21,1758,210,425,1327,6,0,3,38,0
2020-07-22,1799,211,428,1365,6,0,2,39,0
2020-07-23,1840,211,430,1404,6,0,2,39,0
2020-07-24,1881,211,432,1443,6,0,2,39,0
2020-07-25,1922,211,434,1482,6,0,2,39,0
2020-07-26,1964,212,436,1522,6,0,2,39,0
2020-07-27,2006,212,438,1561,7,0,2,40,0
2020-07-28,2048,213,440,1601,7,0,2,40,0
2020-07-29,2090,213,442,1641,7,0,2,40,0
2020-07-30,2131,213,443,1681,7,0,2,40,0
2020-07-31,2173,214,445,1721,7,0,1,40,0
2020-08-01,2214,214,446,1761,7,0,1,40,0
2020-08-02,2258,214,448,1802,8,0,1,41,0
2020-08-03,2299,215,449,1842,8,0,1,41,0
2020-08-04,2341,215,450,1883,8,0,1,41,0
2020-08-05,2383,215,451,1924,8,0,1,41,0
2020-08-06,2426,216,453,1965,8,0,1,41,0
2020-08-07,2468,216,454,2006,8,0,1,41,0
2020-08-08,2511,216,455,2047,9,0,1,41,0
2020-08-09,2553,216,456,2088,9,0,1,41,0
2020-08-10,2595,216,457,2129,9,0,1,41,0
2020-08-11,2637,216,457,2171,9,0,1,41,0
2020-08-12,2679,216,458,2212,9,0,1,41,0
2020-08-13,2721,216,459,2253,9,0,1,42,0
2020-08-14,2765,216,460,2295,10,0,1,42,0
2020-08-15,2807,216,460,2337,10,0,1,42,0
2020-08-16,2849,216,461,2378,10,0,0,42,0
2020-08-17,2891,216,461,2420,10,0,0,42,0
2020-08-18,2934,216,462,2462,10,0,0,42,0
2020-08-19,2977,216,462,2504,11,0,0,42,0
2020-08-20,3018,215,462,2545,11,0,0,42,0
2020-08-21,3060,215,462,2587,11,0,0,42,0
2020-08-22,3103,215,463,2629,11,0,0,42,0
2020-08-23,3145,215,463,2671,11,0,0,42,0
2020-08-24,3187,214,463,2713,11,0,0,42,0
2020-08-25,3230,214,463,2755,12,0,0,42,0
2020-08-26,3271,214,462,2797,12,0,0,42,0
2020-08-27,3313,213,462,2839,12,0,0,42,0
2020-08-28,3354,213,462,2880,12,0,0,42,0
2020-08-29,3396,212,462,2922,12,0,0,42,0
2020-08-30,3437,212,461,2964,12,0,0,42,0
2020-08-31,3480,211,461,3006,13,0,0,42,0
2020-09-01,3520,211,460,3047,13,0,0,42,0
2020-09-02,3562,210,460,3089,13,0,0,42,0
2020-09-03,3603,210,459,3131,13,0,0,42,0
2020-09-04,3644,209,459,3172,13,0,0,42,0
2020-09-05,3686,208,458,3214,14,0,0,41,0
2020-09-06,3726,208,457,3255,14,0,0,41,0
2020-09-07,3767,207,456,3297,14,0,0,41,0
2020-09-08,3807,206,455,3338,14,0,0,41,0
2020-09-09,3847,205,454,3379,14,0,0,41,0
2020-09-10,3887,205,453,3420,14,0,0,41,0
2020-09-11,3928,204,452,3461,15,0,0,41,0
2020-09-12,3968,203,451,3502,15,0,0,41,0
2020-09-13,4008,202,450,3543,15,0,0,41,0
2020-09-14,4046,201,448,3583,15,0,0,41,0
2020-09-15,4086,200,447,3624,15,0,0,40,0
2020-09-16,4125,199,446,3664,15,0,0,40,0
2020-09-17,4165,198,444,3705,16,0,0,40,0
2020-09-18,4204,197,443,3745,16,0,0,40,0
2020-09-19,4242,196,441,3785,16,0,0,40,0
2020-09-20,4280,195,439,3825,16,0,0,40,0
2020-09-21,4318,194,438,3864,16,0,0,40,0
2020-09-22,4356,193,436,3904,16,0,0,39,0
2020-09-23,4394,192,434,3943,17,0,0,39,0
2020-09-24,4433,191,433,3983,17,0,0,39,0
2020-09-25,4470,190,431,4022,17,0,0,39,0
2020-09-26,4507,189,429,4061,17,0,0,39,0
2020-09-27,4543,188,427,4099,17,0,0,39,0
2020-09-28,4580,187,425,4138,17,0,0,38,0
2020-09-29,4617,185,423,4176,18,0,0,38,0
2020-09-30,4654,184,421,4215,18,0,0,38,0
2020-10-01,4690,183,419,4253,18,0,0,38,0
2020-10-02,4724,182,416,4290,18,0,0,38,0
2020-10-03,4760,181,414,4328,18,0,0,37,0
2020-10-04,4795,179,412,4365,18,0,0,37,0
2020-10-05,4831,178,410,4403,18,0,0,37,0
2020-10-06,4866,177,407,4440,19,0,0,37,0
2020-10-07,4901,176,405,4477,19,0,0,37,0
2020-10-08,4935,174,403,4513,19,0,0,36,0
2020-10-09,4968,173,400,4549,19,0,0,36,0
2020-10-10,5003,172,398,4586,19,0,0,36,0
2020-10-11,5036,171,395,4622,19,0,0,36,0
2020-10-12,5070,169,393,4657,20,0,0,36,0
2020-10-13,5103,168,390,4693,20,0,0,35,0
2020-10-14,5136,167,388,4728,20,0,0,35,0
2020-10-15,5168,165,385,4763,20,0,0,35,0
2020-10-16,5200,164,382,4798,20,0,0,35,0
2020-10-17,5232,163,380,4832,20,0,0,34,0
2020-10-18,5264,161,377,4867,20,0,0,34,0
2020-10-19,5296,160,374,4901,21,0,0,34,0
2020-10-20,5327,158,372,4934,21,0,0,34,0
2020-10-21,5358,157,369,4968,21,0,0,33,0
2020-10-22,5388,156,366,5001,21,0,0,33,0
2020-10-23,5418,154,363,5034,21,0,0,33,0
2020-10-24,5449,153,361,5067,21,0,0,33,0
2020-10-25,5479,152,358,5100,21,0,0,32,0
2020-10-26,5509,150,355,5132,22,0,0,32,0
2020-10-27,5538,149,352,5164,22,0,0,32,0
2020-10-28,5567,147,349,5196,22,0,0,32,0
2020-10-29,5595,146,346,5227,22,0,0,31,0
2020-10-30,5625,145,344,5259,22,0,0,31,0
2020-10-31,5653,143,341,5290,22,0,0,31,0
2020-11-01,5680,142,338,5320,22,0,0,31,0
2020-11-02,5708,140,335,5351,22,0,0,30,0
2020-11-03,5736,139,332,5381,23,0,0,30,0
2020-11-04,5763,138,329,5411,23,0,0,30,0
2020-11-05,5790,136,326,5441,23,0,0,30,0
2020-11-06,5816,135,323,5470,23,0,0,29,0
2020-11-07,5842,134,320,5499,23,0,0,29,0
2020-11-08,5868,132,317,5528,23,0,0,29,0
2020-11-09,5895,131,315,5557,23,0,0,28,0
2020-11-10,5920,129,312,5585,23,0,0,28,0
2020-11-11,5946,128,309,5613,24,0,0,28,0
2020-11-12,5971,127,306,5641,24,0,0,28,0
2020-11-13,5996,125,303,5669,24,0,0,27,0
2020-11-14,6020,124,300,5696,24,0,0,27,0
2020-11-15,6044,123,297,5723,24,0,0,27,0
2020-11-16,6068,121,294,5750,24,0,0,27,0
2020-11-17,6091,120,291,5776,24,0,0,26,0
2020-11-18,6115,119,288,5803,24,0,0,26,0
2020-11-19,6138,117,285,5829,24,0,0,26,0
2020-11-20,6161,116,282,5854,25,0,0,26,0
2020-11-21,6184,115,279,5880,25,0,0,25,0
2020-11-22,6207,114,277,5905,25,0,0,25,0
2020-11-23,6229,112,274,5930,25,0,0,25,0
2020-11-24,6251,111,271,5955,25,0,0,25,0
2020-11-25,6272,110,268,5979,25,0,0,24,0
2020-11-26,6293,108,265,6003,25,0,0,24,0
2020-11-27,6314,107,262,6027,25,0,0,24,0
2020-11-28,6335,106,259,6051,25,0,0,23,0
2020-11-29,6357,105,257,6074,26,0,0,23,0
2020-11-30,6377,103,254,6097,26,0,0,23,0
2020-12-01,6397,102,251,6120,26,0,0,23,0
2020-12-02,6417,101,248,6143,26,0,0,22,0
2020-12-03,6436,100,245,6165,26,0,0,22,0
2020-12-04,6456,99,243,6187,26,0,0,22,0
2020-12-05,6475,97,240,6209,26,0,0,22,0
2020-12-06,6494,96,237,6231,26,0,0,21,0
2020-12-07,6513,95,235,6252,26,0,0,21,0
2020-12-08,6531,94,232,6273,26,0,0,21,0
2020-12-09,6549,93,229,6294,26,0,0,21,0
2020-12-10,6568,91,226,6315,27,0,0,21,0
2020-12-11,6586,90,224,6335,27,0,0,20,0
2020-12-12,6604,89,221,6356,27,0,0,20,0
2020-12-13,6621,88,219,6375,27,0,0,20,0
2020-12-14,6638,87,216,6395,27,0,0,20,0
2020-12-15,6655,86,213,6415,27,0,0,19,0
2020-12-16,6672,85,211,6434,27,0,0,19,0
2020-12-17,6688,84,208,6453,27,0,0,19,0
2020-12-18,6705,83,206,6472,27,0,0,19,0
2020-12-19,6720,82,203,6490,27,0,0,18,0
2020-12-20,6737,80,201,6509,27,0,0,18,0
2020-12-21,6752,79,198,6527,27,0,0,18,0
2020-12-22,6767,78,196,6544,27,0,0,18,0
2020-12-23,6783,77,193,6562,28,0,0,18,0
2020-12-24,6799,76,191,6580,28,0,0,17,0
2020-12-25,6814,75,189,6597,28,0,0,17,0
2020-12-26,6828,74,186,6614,28,0,0,17,0
2020-12-27,6843,73,184,6631,28,0,0,17,0
2020-12-28,6857,72,182,6647,28,0,0,16,0
2020-12-29,6871,71,179,6664,28,0,0,16,0
2020-12-30,6885,70,177,6680,28,0,0,16,0
2020-12-31,6899,70,175,6696,28,0,0,16,0
2021-01-01,6912,69,173,6711,28,0,0,16,0
2021-01-02,6925,68,170,6727,28,0,0,15,0
2021-01-03,6938,67,168,6742,28,0,0,15,0
2021-01-04,6951,66,166,6757,28,0,0,15,0
2021-01-05,6964,65,164,6772,28,0,0,15,0
2021-01-06,6978,64,162,6787,29,0,0,15,0
2021-01-07,6990,63,159,6802,29,0,0,14,0
2021-01-08,7002,62,157,6816,29,0,0,14,0
2021-01-09,7014,61,155,6830,29,0,0,14,0
2021-01-10,7026,61,153,6844,29,0,0,14,0
2021-01-11,7038,60,151,6858,29,0,0,14,0
2021-01-12,7050,59,149,6872,29,0,0,14,0
2021-01-13,7061,58,147,6885,29,0,0,13,0
2021-01-14,7072,57,145,6898,29,0,0,13,0
2021-01-15,7083,56,143,6911,29,0,0,13,0
2021-01-16,7094,56,141,6924,29,0,0,13,0
2021-01-17,7105,55,139,6937,29,0,0,13,0
2021-01-18,7116,54,137,6950,29,0,0,12,0
2021-01-19,7127,53,136,6962,29,0,0,12,0
2021-01-20,7137,53,134,6974,29,0,0,12,0
2021-01-21,7147,52,132,6986,29,0,0,12,0
2021-01-22,7157,51,130,6998,29,0,0,12,0
2021-01-23,7167,50,128,7010,29,0,0,12,0
2021-01-24,7177,50,127,7021,29,0,0,11,0
2021-01-25,7188,49,125,7033,30,0,0,11,0
2021-01-26,7197,48,123,7044,30,0,0,11,0
2021-01-27,7206,48,121,7055,30,0,0,11,0
2021-01-28,7216,47,120,7066,30,0,0,11,0
2021-01-29,7225,46,118,7077,30,0,0,11,0
2021-01-30,7233,46,116,7087,30,0,0,11,0
2021-01-31,7243,45,115,7098,30,0,0,10,0
2021-02-01,7251,44,113,7108,30,0,0,10,0
2021-02-02,7259,44,111,7118,30,0,0,10,0
2021-02-03,7268,43,110,7128,30,0,0,10,0
2021-02-04,7276,42,108,7138,30,0,0,10,0
2021-02-05,7285,42,107,7148,30,0,0,10,0
2021-02-06,7293,41,105,7158,30,0,0,10,0
2021-02-07,7301,41,104,7167,30,0,0,9,0
2021-02-08,7308,40,102,7176,30,0,0,9,0
2021-02-09,7317,39,101,7186,30,0,0,9,0
2021-02-10,7324,39,99,7195,30,0,0,9,0
2021-02-11,7332,38,98,7204,30,0,0,9,0
2021-02-12,7340,38,97,7213,30,0,0,9,0
2021-02-13,7346,37,95,7221,30,0,0,9,0
2021-02-14,7354,37,94,7230,30,0,0,8,0
2021-02-15,7360,36,92,7238,30,0,0,8,0
2021-02-16,7368,35,91,7247,30,0,0,8,0
2021-02-17,7375,35,90,7255,30,0,0,8,0
2021-02-18,7382,34,88,7263,31,0,0,8,0
2021-02-19,7389,34,87,7271,31,0,0,8,0
2021-02-20,7396,33,86,7279,31,0,0,8,0
2021-02-21,7402,33,85,7286,31,0,0,8,0
2021-02-22,7408,32,83,7294,31,0,0,8,0
2021-02-23,7415,32,82,7302,31,0,0,7,0
2021-02-24,7421,31,81,7309,31,0,0,7,0
2021-02-25,7427,31,80,7316,31,0,0,7,0
2021-02-26,7433,30,79,7323,31,0,0,7,0
2021-02-27,7438,30,77,7330,31,0,0,7,0
2021-02-28,7444,30,76,7337,31,0,0,7,0
2021-03-01,7450,29,75,7344,31,0,0,7,0
2021-03-02,7456,29,74,7351,31,0,0,7,0
2021-03-03,7462,28,73,7358,31,0,0,7,0
2021-03-04,7467,28,72,7364,31,0,0,7,0
2021-03-05,7473,27,71,7371,31,0,0,6,0
2021-03-06,7478,27,70,7377,31,0,0,6,0
2021-03-07,7483,27,69,7383,31,0,0,6,0
2021-03-08,7489,26,68,7390,31,0,0,6,0
2021-03-09,7494,26,67,7396,31,0,0,6,0
2021-03-10,7499,25,66,7402,31,0,0,6,0
2021-03-11,7504,25,65,7408,31,0,0,6,0
2021-03-12,7508,25,64,7413,31,0,0,6,0
2021-03-13,7513,24,63,7419,31,0,0,6,0
2021-03-14,7518,24,62,7425,31,0,0,6,0
2021-03-15,7522,24,61,7430,31,0,0,6,0
2021-03-16,7527,23,60,7436,31,0,0,5,0
2021-03-17,7531,23,59,7441,31,0,0,5,0
2021-03-18,7536,22,58,7447,31,0,0,5,0
2021-03-19,7540,22,57,7452,31,0,0,5,0
2021-03-20,7544,22,56,7457,31,0,0,5,0
2021-03-21,7549,21,56,7462,31,0,0,5,0
2021-03-22,7553,21,55,7467,31,0,0,5,0
2021-03-23,7557,21,54,7472,31,0,0,5,0
2021-03-24,7561,20,53,7477,31,0,0,5,0
2021-03-25,7565,20,52,7482,31,0,0,5,0
2021-03-26,7568,20,51,7486,31,0,0,5,0
2021-03-27,7573,20,51,7491,31,0,0,5,0
2021-03-28,7576,19,50,7495,31,0,0,5,0
2021-03-29,7581,19,49,7500,32,0,0,4,0
2021-03-30,7584,19,48,7504,32,0,0,4,0
2021-03-31,7589,18,48,7509,32,0,0,4,0
2021-04-01,7592,18,47,7513,32,0,0,4,0
2021-04-02,7595,18,46,7517,32,0,0,4,0
2021-04-03,7598,17,45,7521,32,0,0,4,0
2021-04-04,7602,17,45,7525,32,0,0,4,0
2021-04-05,7605,17,44,7529,32,0,0,4,0
2021-04-06,7608,17,43,7533,32,0,0,4,0
2021-04-07,7612,16,43,7537,32,0,0,4,0
2021-04-08,7615,16,42,7541,32,0,0,4,0
2021-04-09,7618,16,41,7545,32,0,0,4,0
2021-04-10,7622,16,41,7549,32,0,0,4,0
2021-04-11,7624,15,40,7552,32,0,0,4,0
2021-04-12,7628,15,40,7556,32,0,0,4,0
2021-04-13,7631,15,39,7560,32,0,0,4,0
2021-04-14,7633,15,38,7563,32,0,0,3,0
2021-04-15,7636,14,38,7566,32,0,0,3,0
2021-04-16,7639,14,37,7570,32,0,0,3,0
2021-04-17,7642,14,37,7573,32,0,0,3,0
2021-04-18,7645,14,36,7577,32,0,0,3,0
2021-04-19,7647,14,35,7580,32,0,0,3,0
2021-04-20,7650,13,35,7583,32,0,0,3,0
2021-04-21,7652,13,34,7586,32,0,0,3,0
2021-04-22,7655,13,34,7589,32,0,0,3,0
2021-04-23,7657,13,33,7592,32,0,0,3,0
2021-04-24,7660,13,33,7595,32,0,0,3,0
2021-04-25,7662,12,32,7598,32,0,0,3,0
2021-04-26,7665,12,32,7601,32,0,0,3,0
2021-04-27,7667,12,31,7604,32,0,0,3,0
2021-04-28,7670,12,31,7607,32,0,0,3,0
2021-04-29,7672,12,30,7610,32,0,0,3,0
2021-04-30,7674,11,30,7612,32,0,0,3,0
2021-05-01,7676,11,29,7615,32,0,0,3,0
2021-05-02,7679,11,29,7618,32,0,0,3,0
2021-05-03,7680,11,28,7620,32,0,0,3,0
2021-05-04,7683,11,28,7623,32,0,0,3,0
2021-05-05,7685,11,28,7625,32,0,0,2,0
2021-05-06,7687,10,27,7628,32,0,0,2,0
2021-05-07,7689,10,27,7630,32,0,0,2,0
2021-05-08,7691,10,26,7633,32,0,0,2,0
2021-05-09,7693,10,26,7635,32,0,0,2,0
2021-05-10,7694,10,25,7637,32,0,0,2,0
2021-05-11,7697,10,25,7640,32,0,0,2,0
2021-05-12,7699,9,25,7642,32,0,0,2,0
2021-05-13,7700,9,24,7644,32,0,0,2,0
2021-05-14,7702,9,24,7646,32,0,0,2,0
2021-05-15,7704,9,24,7648,32,0,0,2,0
2021-05-16,7705,9,23,7650,32,0,0,2,0
2021-05-17,7708,9,23,7653,32,0,0,2,0
2021-05-18,7709,9,22,7655,32,0,0,2,0
2021-05-19,7711,8,22,7657,32,0,0,2,0
2021-05-20,7713,8,22,7659,32,0,0,2,0
2021-05-21,7714,8,21,7661,32,0,0,2,0
2021-05-22,7715,8,21,7662,32,0,0,2,0
2021-05-23,7717,8,21,7664,32,0,0,2,0
2021-05-24,7718,8,20,7666,32,0,0,2,0
2021-05-25,7720,8,20,7668,32,0,0,2,0
2021-05-26,7722,8,20,7670,32,0,0,2,0
2021-05-27,7723,7,19,7672,32,0,0,2,0
2021-05-28,7724,7,19,7673,32,0,0,2,0
2021-05-29,7726,7,19,7675,32,0,0,2,0
2021-05-30,7728,7,19,7677,32,0,0,2,0
2021-05-31,7728,7,18,7678,32,0,0,2,0
2021-06-01,7730,7,18,7680,32,0,0,2,0
2021-06-02,7732,7,18,7682,32,0,0,2,0
2021-06-03,7732,7,17,7683,32,0,0,2,0
2021-06-04,7734,7,17,7685,32,0,0,2,0
2021-06-05,7735,6,17,7686,32,0,0,2,0
2021-06-06,7737,6,17,7688,32,0,0,1,0
2021-06-07,7737,6,16,7689,32,0,0,1,0
2021-06-08,7739,6,16,7691,32,0,0,1,0
2021-06-09,7740,6,16,7692,32,0,0,1,0
2021-06-10,7742,6,16,7694,32,0,0,1,0
2021-06-11,7742,6,15,7695,32,0,0,1,0
2021-06-12,7744,6,15,7697,32,0,0,1,0
2021-06-13,7745,6,15,7698,32,0,0,1,0
2021-06-14,7746,6,15,7699,32,0,0,1,0
2021-06-15,7747,5,14,7701,32,0,0,1,0
2021-06-16,7748,5,14,7702,32,0,0,1,0
2021-06-17,7749,5,14,7703,32,0,0,1,0
2021-06-18,7750,5,14,7704,32,0,0,1,0
2021-06-19,7751,5,13,7706,32,0,0,1,0
2021-06-20,7752,5,13,7707,32,0,0,1,0
2021-06-21,7753,5,13,7708,32,0,0,1,0
2021-06-22,7754,5,13,7709,32,0,0,1,0
2021-06-23,7755,5,13,7710,32,0,0,1,0
2021-06-24,7755,5,12,7711,32,0,0,1,0
2021-06-25,7757,5,12,7713,32,0,0,1,0
2021-06-26,7758,5,12,7714,32,0,0,1,0
2021-06-27,7759,5,12,7715,32,0,0,1,0
2021-06-28,7760,4,12,7716,32,0,0,1,0
2021-06-29,7760,4,11,7717,32,0,0,1,0
2021-06-30,7761,4,11,7718,32,0,0,1,0
2021-07-01,7762,4,11,7719,32,0,0,1,0
2021-07-02,7763,4,11,7720,32,0,0,1,0
