Date,Infected,Exposed,Active,Recovered,Deaths,Diff Exposed,Diff Active,Diff Recovered,Diff Deaths
2020-06-25,1876,399,493,1368,15,0,33,44,0
2020-06-26,1953,377,524,1414,15,0,26,47,1
2020-06-27,2026,362,548,1462,16,0,21,49,1
2020-06-28,2096,352,568,1512,16,0,17,51,1
2020-06-29,2164,346,584,1563,17,0,15,53,1
2020-06-30,2231,342,598,1616,17,0,13,54,1
2020-07-01,2298,340,610,1670,18,0,11,55,1
2020-07-02,2366,340,621,1726,19,0,10,56,1
2020-07-03,2432,340,631,1782,19,1,9,57,1
2020-07-04,2499,342,640,1839,20,2,9,58,1
2020-07-05,2566,344,649,1897,20,2,8,58,1
2020-07-06,2633,346,657,1955,21,3,8,59,1
2020-07-07,2702,349,665,2015,22,3,8,60,1
2020-07-08,2770,352,673,2075,22,3,8,61,1
2020-07-09,2840,355,681,2136,23,3,8,61,1
2020-07-10,2909,358,688,2197,24,3,8,62,1
2020-07-11,2979,362,696,2259,24,3,8,63,1
2020-07-12,3051,365,704,2322,25,3,8,63,1
2020-07-13,3123,369,711,2386,26,4,8,64,1
2020-07-14,3195,372,719,2450,26,4,8,65,1
2020-07-15,3269,376,727,2515,27,4,8,65,1
2020-07-16,3342,380,734,2580,28,4,8,66,1
2020-07-17,3417,383,742,2647,28,4,8,67,1
2020-07-18,3493,387,750,2714,29,4,8,67,1
2020-07-19,3568,391,757,2781,30,4,8,68,1
2020-07-20,3646,394,765,2850,31,4,8,69,1
2020-07-21,3723,398,773,2919,31,4,8,70,1
2020-07-22,3802,402,781,2989,32,4,8,70,1
2020-07-23,3880,405,788,3059,33,4,8,71,1
2020-07-24,3960,409,796,3130,34,4,8,72,1
2020-07-25,4040,413,804,3202,34,4,8,72,1
2020-07-26,4122,416,812,3275,35,4,8,73,1
2020-07-27,4204,420,820,3348,36,4,8,74,1
2020-07-28,4286,424,827,3422,37,4,8,74,1
2020-07-29,4370,427,835,3497,38,4,8,75,1
2020-07-30,4453,431,843,3572,38,4,8,76,1
2020-07-31,4538,435,851,3648,39,4,8,77,1
2020-08-01,4624,438,859,3725,40,4,8,77,1
2020-08-02,4711,442,867,3803,41,4,8,78,1
2020-08-03,4798,445,875,3881,42,4,8,79,1
2020-08-04,4885,449,882,3960,43,4,8,79,1
2020-08-05,4972,453,890,4039,43,4,8,80,1
2020-08-06,5062,456,898,4120,44,4,8,81,1
2020-08-07,5152,460,906,4201,45,4,8,81,1
2020-08-08,5242,463,914,4282,46,4,8,82,1
2020-08-09,5333,467,921,4365,47,4,8,83,1
2020-08-10,5425,470,929,4448,48,4,8,84,1
2020-08-11,5518,474,937,4532,49,3,8,84,1
2020-08-12,5611,477,945,4616,50,3,8,85,1
2020-08-13,5705,481,953,4702,50,3,8,86,1
2020-08-14,5799,484,960,4788,51,3,8,86,1
2020-08-15,5894,488,968,4874,52,3,8,87,1
2020-08-16,5991,491,976,4962,53,3,8,88,1
2020-08-17,6087,495,983,5050,54,3,8,88,1
2020-08-18,6184,498,991,5138,55,3,8,89,1
2020-08-19,6282,501,998,5228,56,3,8,90,1
2020-08-20,6381,504,1006,5318,57,3,7,90,1
2020-08-21,6479,508,1013,5408,58,3,7,91,1
2020-08-22,6580,511,1021,5500,59,3,7,92,1
2020-08-23,6680,514,1028,5592,60,3,7,92,1
2020-08-24,6780,517,1035,5684,61,3,7,93,1
2020-08-25,6883,520,1043,5778,62,3,7,94,1
2020-08-26,6985,523,1050,5872,63,3,7,94,1
2020-08-27,7088,526,1057,5967,64,3,7,95,1
2020-08-28,7191,529,1064,6062,65,3,7,96,1
2020-08-29,7295,532,1071,6158,66,3,7,96,1
2020-08-30,7399,535,1078,6254,67,3,7,97,1
2020-08-31,7505,538,1085,6352,68,3,7,98,1
2020-09-01,7610,541,1092,6449,69,3,7,98,1
2020-09-02,7717,544,1099,6548,70,3,7,99,1
2020-09-03,7823,546,1105,6647,71,3,7,99,1
2020-09-04,7930,549,1112,6746,72,3,7,100,1
2020-09-05,8040,552,1119,6847,74,3,6,101,1
2020-09-06,8148,554,1125,6948,75,3,6,101,1
2020-09-07,8256,557,1131,7049,76,2,6,102,1
2020-09-08,8366,559,1138,7151,77,2,6,102,1
2020-09-09,8475,562,1144,7253,78,2,6,103,1
2020-09-10,8586,564,1150,7357,79,2,6,103,1
2020-09-11,8696,566,1156,7460,80,2,6,104,1
2020-09-12,8807,569,1162,7564,81,2,6,105,1
2020-09-13,8919,571,1168,7669,82,2,6,105,1
2020-09-14,9030,573,1173,7774,83,2,6,106,1
2020-09-15,9144,575,1179,7880,85,2,6,106,1
2020-09-16,9257,577,1185,7986,86,2,5,107,1
2020-09-17,9370,579,1190,8093,87,2,5,107,1
2020-09-18,9483,581,1195,8200,88,2,5,108,1
2020-09-19,9598,583,1201,8308,89,2,5,108,1
2020-09-20,9712,585,1206,8416,90,2,5,108,1
2020-09-21,9828,586,1211,8525,92,2,5,109,1
2020-09-22,9942,588,1215,8634,93,2,5,109,1
2020-09-23,10057,589,1220,8743,94,2,5,110,1
2020-09-24,10173,591,1225,8853,95,1,5,110,1
2020-09-25,10288,592,1229,8963,96,1,4,111,1
2020-09-26,10405,594,1234,9074,97,1,4,111,1
2020-09-27,10522,595,1238,9185,99,1,4,111,1
2020-09-28,10639,596,1242,9297,100,1,4,112,1
2020-09-29,10755,597,1246,9408,101,1,4,112,1
2020-09-30,10873,599,1250,9521,102,1,4,112,1
2020-10-01,10989,600,1253,9633,103,1,4,113,1
2020-10-02,11108,600,1257,9746,105,1,3,113,1
2020-10-03,11225,601,1260,9859,106,1,3,113,1
2020-10-04,11344,602,1264,9973,107,1,3,114,1
2020-10-05,11461,603,1267,10086,108,1,3,114,1
2020-10-06,11580,604,1270,10200,110,1,3,114,1
2020-10-07,11699,604,1273,10315,111,1,3,114,1
2020-10-08,11816,605,1275,10429,112,0,3,115,1
2020-10-09,11935,605,1278,10544,113,0,2,115,1
2020-10-10,12053,605,1280,10659,114,0,2,115,1
2020-10-11,12173,606,1283,10774,116,0,2,115,1
2020-10-12,12292,606,1285,10890,117,0,2,116,1
2020-10-13,12410,606,1287,11005,118,0,2,116,1
2020-10-14,12529,606,1289,11121,119,0,2,116,1
2020-10-15,12648,606,1290,11237,121,0,2,116,1
2020-10-16,12767,606,1292,11353,122,0,1,116,1
2020-10-17,12886,606,1293,11470,123,0,1,116,1
2020-10-18,13004,606,1294,11586,124,0,1,116,1
2020-10-19,13123,605,1295,11702,126,0,1,117,1
2020-10-20,13242,605,1296,11819,127,0,1,117,1
2020-10-21,13360,605,1297,11935,128,0,1,117,1
2020-10-22,13479,604,1298,12052,129,0,0,117,1
2020-10-23,13598,604,1298,12169,131,0,0,117,1
2020-10-24,13716,603,1298,12286,132,0,0,117,1
2020-10-25,13833,602,1298,12402,133,0,0,117,1
2020-10-26,13951,601,1298,12519,134,0,0,117,1
2020-10-27,14070,600,1298,12636,136,0,0,117,1
2020-10-28,14188,599,1298,12753,137,0,0,117,1
2020-10-29,14304,598,1297,12869,138,0,0,117,1
2020-10-30,14422,597,1297,12986,139,0,0,117,1
2020-10-31,14540,596,1296,13103,141,0,0,117,1
2020-11-01,14656,595,1295,13219,142,0,0,116,1
2020-11-02,14773,594,1294,13336,143,0,0,116,1
2020-11-03,14889,592,1293,13452,144,0,0,116,1
2020-11-04,15005,591,1291,13568,146,0,0,116,1
2020-11-05,15121,589,1290,13684,147,0,0,116,1
2020-11-06,15236,588,1288,13800,148,0,0,116,1
2020-11-07,15351,586,1286,13916,149,0,0,116,1
2020-11-08,15467,585,1284,14032,151,0,0,115,1
2020-11-09,15581,583,1282,14147,152,0,0,115,1
2020-11-10,15695,581,1280,14262,153,0,0,115,1
2020-11-11,15808,579,1277,14377,154,0,0,115,1
2020-11-12,15922,577,1274,14492,156,0,0,115,1
2020-11-13,16036,575,1272,14607,157,0,0,114,1
2020-11-14,16148,573,1269,14721,158,0,0,114,1
2020-11-15,16260,571,1266,14835,159,0,0,114,1
2020-11-16,16373,569,1263,14949,161,0,0,114,1
2020-11-17,16483,567,1259,15062,162,0,0,113,1
2020-11-18,16594,564,1256,15175,163,0,0,113,1
2020-11-19,16704,562,1252,15288,164,0,0,113,1
2020-11-20,16815,560,1249,15401,165,0,0,112,1
2020-11-21,16925,557,1245,15513,167,0,0,112,1
2020-11-22,17034,555,1241,15625,168,0,0,112,1
2020-11-23,17142,552,1237,15736,169,0,0,111,1
2020-11-24,17250,550,1233,15847,170,0,0,111,1
2020-11-25,17357,547,1228,15958,171,0,0,110,1
2020-11-26,17465,544,1224,16068,173,0,0,110,1
2020-11-27,17571,542,1219,16178,174,0,0,110,1
2020-11-28,17678,539,1215,16288,175,0,0,109,1
2020-11-29,17783,536,1210,16397,176,0,0,109,1
2020-11-30,17887,533,1205,16505,177,0,0,108,1
2020-12-01,17992,530,1200,16614,178,0,0,108,1
2020-12-02,18096,527,1195,16721,180,0,0,107,1
2020-12-03,18199,524,1189,16829,181,0,0,107,1
2020-12-04,18301,521,1184,16935,182,0,0,107,1
2020-12-05,18404,518,1179,17042,183,0,0,106,1
2020-12-06,18505,515,1173,17148,184,0,0,106,1
2020-12-07,18606,512,1168,17253,185,0,0,105,1
2020-12-08,18706,509,1162,17358,186,0,0,104,1
2020-12-09,18806,506,1156,17462,188,0,0,104,1
2020-12-10,18905,503,1150,17566,189,0,0,103,1
2020-12-11,19003,500,1144,17669,190,0,0,103,1
2020-12-12,19101,496,1138,17772,191,0,0,102,1
2020-12-13,19198,493,1132,17874,192,0,0,102,1
2020-12-14,19294,490,1126,17975,193,0,0,101,1
2020-12-15,19389,486,1119,18076,194,0,0,101,1
2020-12-16,19485,483,1113,18177,195,0,0,100,1
2020-12-17,19579,480,1106,18277,196,0,0,100,1
2020-12-18,19673,476,1100,18376,197,0,0,99,1
2020-12-19,19766,473,1093,18475,198,0,0,98,1
2020-12-20,19858,469,1086,18573,199,0,0,98,1
2020-12-21,19951,466,1080,18670,201,0,0,97,1
2020-12-22,20042,463,1073,18767,202,0,0,97,1
2020-12-23,20133,459,1066,18864,203,0,0,96,1
2020-12-24,20222,456,1059,18959,204,0,0,95,1
2020-12-25,20311,452,1052,19054,205,0,0,95,1
2020-12-26,20400,449,1045,19149,206,0,0,94,1
2020-12-27,20487,445,1038,19242,207,0,0,93,1
2020-12-28,20574,441,1031,19335,208,0,0,93,1
2020-12-29,20661,438,1024,19428,209,0,0,92,1
2020-12-30,20747,434,1017,19520,210,0,0,91,1
2020-12-31,20831,431,1009,19611,211,0,0,91,1
2021-01-01,20916,427,1002,19702,212,0,0,90,1
2021-01-02,20999,424,995,19791,213,0,0,89,1
2021-01-03,21082,420,987,19881,214,0,0,89,1
2021-01-04,21163,417,980,19969,214,0,0,88,1
2021-01-05,21244,413,972,20057,215,0,0,87,1
2021-01-06,21325,409,965,20144,216,0,0,87,1
2021-01-07,21406,406,958,20231,217,0,0,86,1
2021-01-08,21485,402,950,20317,218,0,0,85,1
2021-01-09,21564,399,943,20402,219,0,0,85,1
2021-01-10,21641,395,935,20486,220,0,0,84,1
2021-01-11,21718,391,927,20570,221,0,0,83,1
2021-01-12,21795,388,920,20653,222,0,0,83,1
2021-01-13,21871,384,912,20736,223,0,0,82,1
2021-01-14,21947,381,905,20818,224,0,0,81,1
2021-01-15,22020,377,897,20899,224,0,0,81,1
2021-01-16,22093,374,889,20979,225,0,0,80,1
2021-01-17,22167,370,882,21059,226,0,0,79,1
2021-01-18,22239,367,874,21138,227,0,0,79,1
2021-01-19,22311,363,867,21216,228,0,0,78,1
2021-01-20,22382,359,859,21294,229,0,0,77,1
2021-01-21,22452,356,851,21371,230,0,0,77,1
2021-01-22,22521,352,844,21447,230,0,0,76,1
2021-01-23,22590,349,836,21523,231,0,0,75,1
2021-01-24,22659,345,829,21598,232,0,0,75,1
2021-01-25,22726,342,821,21672,233,0,0,74,1
2021-01-26,22793,339,813,21746,234,0,0,73,1
2021-01-27,22859,335,806,21819,234,0,0,72,1
2021-01-28,22924,332,798,21891,235,0,0,72,1
2021-01-29,22990,328,791,21963,236,0,0,71,1
2021-01-30,23053,325,783,22033,237,0,0,70,1
2021-01-31,23117,322,776,22104,237,0,0,70,1
2021-02-01,23179,318,768,22173,238,0,0,69,1
2021-02-02,23242,315,761,22242,239,0,0,68,1
2021-02-03,23303,311,753,22310,240,0,0,68,1
2021-02-04,23364,308,746,22378,240,0,0,67,1
2021-02-05,23425,305,739,22445,241,0,0,66,1
2021-02-06,23484,302,731,22511,242,0,0,66,1
2021-02-07,23542,298,724,22576,242,0,0,65,1
2021-02-08,23601,295,717,22641,243,0,0,64,1
2021-02-09,23658,292,709,22705,244,0,0,64,1
2021-02-10,23716,289,702,22769,245,0,0,63,1
2021-02-11,23772,286,695,22832,245,0,0,63,1
2021-02-12,23828,282,688,22894,246,0,0,62,1
2021-02-13,23884,279,681,22956,247,0,0,61,1
2021-02-14,23938,276,674,23017,247,0,0,61,1
2021-02-15,23991,273,666,23077,248,0,0,60,1
2021-02-16,24044,270,659,23137,248,0,0,59,1
2021-02-17,24097,267,652,23196,249,0,0,59,1
2021-02-18,24149,264,645,23254,250,0,0,58,1
2021-02-19,24200,261,638,23312,250,0,0,57,1
2021-02-20,24252,258,632,23369,251,0,0,57,1
2021-02-21,24303,255,625,23426,252,0,0,56,1
2021-02-22,24352,252,618,23482,252,0,0,56,1
2021-02-23,24401,249,611,23537,253,0,0,55,1
2021-02-24,24449,246,604,23592,253,0,0,54,1
2021-02-25,24498,243,598,23646,254,0,0,54,1
2021-02-26,24546,240,591,23700,255,0,0,53,1
2021-02-27,24593,238,585,23753,255,0,0,53,1
2021-02-28,24639,235,578,23805,256,0,0,52,1
2021-03-01,24684,232,571,23857,256,0,0,51,1
2021-03-02,24730,229,565,23908,257,0,0,51,1
2021-03-03,24774,226,559,23958,257,0,0,50,1
2021-03-04,24818,224,552,24008,258,0,0,50,1
2021-03-05,24862,221,546,24058,258,0,0,49,1
2021-03-06,24906,218,540,24107,259,0,0,49,1
2021-03-07,24947,216,533,24155,259,0,0,48,1
2021-03-08,24990,213,527,24203,260,0,0,47,1
2021-03-09,25031,210,521,24250,260,0,0,47,1
2021-03-10,25073,208,515,24297,261,0,0,46,0
2021-03-11,25113,205,509,24343,261,0,0,46,0
2021-03-12,25153,203,503,24388,262,0,0,45,0
2021-03-13,25193,200,497,24434,262,0,0,45,0
2021-03-14,25232,198,491,24478,263,0,0,44,0
2021-03-15,25270,195,485,24522,263,0,0,44,0
2021-03-16,25308,193,479,24565,264,0,0,43,0
2021-03-17,25346,191,474,24608,264,0,0,43,0
2021-03-18,25384,188,468,24651,265,0,0,42,0
2021-03-19,25420,186,462,24693,265,0,0,42,0
2021-03-20,25457,183,457,24734,266,0,0,41,0
2021-03-21,25492,181,451,24775,266,0,0,41,0
2021-03-22,25528,179,446,24815,267,0,0,40,0
2021-03-23,25562,177,440,24855,267,0,0,40,0
2021-03-24,25597,174,435,24895,267,0,0,39,0
2021-03-25,25632,172,430,24934,268,0,0,39,0
2021-03-26,25664,170,424,24972,268,0,0,38,0
2021-03-27,25698,168,419,25010,269,0,0,38,0
2021-03-28,25731,166,414,25048,269,0,0,37,0
2021-03-29,25763,163,409,25085,269,0,0,37,0
2021-03-30,25795,161,404,25121,270,0,0,36,0
2021-03-31,25826,159,399,25157,270,0,0,36,0
2021-04-01,25858,157,394,25193,271,0,0,35,0
2021-04-02,25888,155,389,25228,271,0,0,35,0
2021-04-03,25918,153,384,25263,271,0,0,35,0
2021-04-04,25948,151,379,25297,272,0,0,34,0
2021-04-05,25977,149,374,25331,272,0,0,34,0
2021-04-06,26006,147,369,25365,272,0,0,33,0
2021-04-07,26036,145,365,25398,273,0,0,33,0
2021-04-08,26064,143,360,25431,273,0,0,32,0
2021-04-09,26091,141,355,25463,273,0,0,32,0
2021-04-10,26120,140,351,25495,274,0,0,32,0
2021-04-11,26146,138,346,25526,274,0,0,31,0
2021-04-12,26173,136,342,25557,274,0,0,31,0
2021-04-13,26200,134,337,25588,275,0,0,30,0
2021-04-14,26226,132,333,25618,275,0,0,30,0
2021-04-15,26252,131,329,25648,275,0,0,30,0
2021-04-16,26277,129,324,25677,276,0,0,29,0
2021-04-17,26302,127,320,25706,276,0,0,29,0
2021-04-18,26327,125,316,25735,276,0,0,28,0
2021-04-19,26352,124,312,25763,277,0,0,28,0
2021-04-20,26376,122,308,25791,277,0,0,28,0
2021-04-21,26399,120,304,25818,277,0,0,27,0
2021-04-22,26424,119,300,25846,278,0,0,27,0
2021-04-23,26446,117,296,25872,278,0,0,27,0
2021-04-24,26469,116,292,25899,278,0,0,26,0
2021-04-25,26491,114,288,25925,278,0,0,26,0
2021-04-26,26514,112,284,25951,279,0,0,26,0
2021-04-27,26535,111,280,25976,279,0,0,25,0
2021-04-28,26557,109,277,26001,279,0,0,25,0
2021-04-29,26579,108,273,26026,280,0,0,25,0
2021-04-30,26600,106,269,26051,280,0,0,24,0
2021-05-01,26621,105,266,26075,280,0,0,24,0
2021-05-02,26641,104,262,26099,280,0,0,24,0
2021-05-03,26662,102,259,26122,281,0,0,23,0
2021-05-04,26681,101,255,26145,281,0,0,23,0
2021-05-05,26701,99,252,26168,281,0,0,23,0
2021-05-06,26720,98,248,26191,281,0,0,22,0
2021-05-07,26740,97,245,26213,282,0,0,22,0
2021-05-08,26759,95,242,26235,282,0,0,22,0
2021-05-09,26776,94,238,26256,282,0,0,21,0
2021-05-10,26795,93,235,26278,282,0,0,21,0
2021-05-11,26813,91,232,26299,282,0,0,21,0
2021-05-12,26831,90,229,26319,283,0,0,21,0
2021-05-13,26849,89,226,26340,283,0,0,20,0
2021-05-14,26866,88,223,26360,283,0,0,20,0
2021-05-15,26883,86,220,26380,283,0,0,20,0
2021-05-16,26901,85,217,26400,284,0,0,19,0
2021-05-17,26917,84,214,26419,284,0,0,19,0
2021-05-18,26933,83,211,26438,284,0,0,19,0
2021-05-19,26949,82,208,26457,284,0,0,19,0
2021-05-20,26965,81,205,26476,284,0,0,18,0
2021-05-21,26981,79,202,26494,285,0,0,18,0
2021-05-22,26996,78,199,26512,285,0,0,18,0
2021-05-23,27012,77,197,26530,285,0,0,18,0
2021-05-24,27027,76,194,26548,285,0,0,17,0
2021-05-25,27041,75,191,26565,285,0,0,17,0
2021-05-26,27056,74,189,26582,285,0,0,17,0
2021-05-27,27071,73,186,26599,286,0,0,17,0
2021-05-28,27085,72,183,26616,286,0,0,16,0
2021-05-29,27099,71,181,26632,286,0,0,16,0
2021-05-30,27112,70,178,26648,286,0,0,16,0
2021-05-31,27126,69,176,26664,286,0,0,16,0
2021-06-01,27140,68,173,26680,287,0,0,16,0
2021-06-02,27153,67,171,26695,287,0,0,15,0
2021-06-03,27167,66,169,26711,287,0,0,15,0
2021-06-04,27179,65,166,26726,287,0,0,15,0
2021-06-05,27192,64,164,26741,287,0,0,15,0
2021-06-06,27204,63,162,26755,287,0,0,15,0
2021-06-07,27216,62,159,26770,287,0,0,14,0
2021-06-08,27229,62,157,26784,288,0,0,14,0
2021-06-09,27241,61,155,26798,288,0,0,14,0
2021-06-10,27253,60,153,26812,288,0,0,14,0
2021-06-11,27265,59,151,26826,288,0,0,14,0
2021-06-12,27275,58,148,26839,288,0,0,13,0
2021-06-13,27286,57,146,26852,288,0,0,13,0
2021-06-14,27298,56,144,26865,289,0,0,13,0
2021-06-15,27309,56,142,26878,289,0,0,13,0
2021-06-16,27320,55,140,26891,289,0,0,13,0
2021-06-17,27331,54,138,26904,289,0,0,12,0
2021-06-18,27341,53,136,26916,289,0,0,12,0
2021-06-19,27351,53,134,26928,289,0,0,12,0
2021-06-20,27361,52,132,26940,289,0,0,12,0
