Date,Infected,Exposed,Active,Recovered,Deaths,Diff Exposed,Diff Active,Diff Recovered,Diff Deaths
2020-07-06,864,0,199,661,4,26,0,18,0
2020-07-07,865,23,183,678,4,19,0,17,0
2020-07-08,872,41,173,695,4,15,0,16,0
2020-07-09,881,54,167,710,4,11,0,15,0
2020-07-10,892,64,163,725,4,9,0,15,0
2020-07-11,905,72,161,740,4,7,0,15,0
2020-07-12,919,78,161,754,4,6,1,15,0
2020-07-13,936,83,162,769,5,5,2,15,0
2020-07-14,953,88,164,784,5,4,2,15,0
2020-07-15,970,92,167,798,5,4,3,15,0
2020-07-16,989,95,170,814,5,3,3,15,0
2020-07-17,1007,98,173,829,5,3,4,16,0
2020-07-18,1027,101,177,845,5,3,4,16,0
2020-07-19,1047,104,181,861,5,3,4,16,0
2020-07-20,1067,107,185,877,5,3,4,17,0
2020-07-21,1088,109,189,894,5,3,4,17,0
2020-07-22,1109,112,193,911,5,3,4,17,0
2020-07-23,1133,115,198,929,6,3,5,18,0
2020-07-24,1155,117,202,947,6,3,5,18,0
2020-07-25,1178,120,207,965,6,3,5,19,0
2020-07-26,1202,123,212,984,6,3,5,19,0
2020-07-27,1226,125,216,1004,6,3,5,20,0
2020-07-28,1250,128,221,1023,6,3,5,20,0
2020-07-29,1275,131,226,1043,6,3,5,20,0
2020-07-30,1301,134,231,1064,6,3,5,21,0
2020-07-31,1328,137,237,1085,6,3,5,21,0
2020-08-01,1356,139,242,1107,7,3,5,22,0
2020-08-02,1383,142,247,1129,7,3,5,22,0
2020-08-03,1411,145,253,1151,7,3,5,23,0
2020-08-04,1439,148,258,1174,7,3,6,23,0
2020-08-05,1469,151,264,1198,7,3,6,24,0
2020-08-06,1499,154,270,1222,7,3,6,24,0
2020-08-07,1528,157,275,1246,7,3,6,25,0
2020-08-08,1561,160,281,1272,8,3,6,25,0
2020-08-09,1592,163,287,1297,8,3,6,26,0
2020-08-10,1624,166,293,1323,8,3,6,26,0
2020-08-11,1657,170,299,1350,8,3,6,27,0
2020-08-12,1690,173,305,1377,8,3,6,28,0
2020-08-13,1724,176,311,1405,8,3,6,28,0
2020-08-14,1759,179,317,1433,9,3,6,29,0
2020-08-15,1795,182,324,1462,9,3,6,29,0
2020-08-16,1831,185,330,1492,9,3,6,30,0
2020-08-17,1867,189,336,1522,9,3,6,30,0
2020-08-18,1904,192,343,1552,9,3,6,31,0
2020-08-19,1941,195,349,1583,9,3,6,32,0
2020-08-20,1981,198,356,1615,10,3,7,32,0
2020-08-21,2020,201,362,1648,10,3,7,33,0
2020-08-22,2060,205,369,1681,10,3,7,33,0
2020-08-23,2099,208,375,1714,10,3,7,34,0
2020-08-24,2140,211,382,1748,10,3,7,35,0
2020-08-25,2183,214,389,1783,11,3,7,35,0
2020-08-26,2224,217,395,1818,11,3,7,36,0
2020-08-27,2267,220,402,1854,11,3,7,36,0
2020-08-28,2311,223,409,1891,11,3,7,37,0
2020-08-29,2354,227,415,1928,11,3,7,38,0
2020-08-30,2400,230,422,1966,12,3,7,38,0
2020-08-31,2445,233,429,2004,12,3,7,39,0
2020-09-01,2490,236,435,2043,12,3,7,39,0
2020-09-02,2537,239,442,2083,12,3,7,40,0
2020-09-03,2585,242,449,2123,13,3,7,41,0
2020-09-04,2632,244,455,2164,13,3,7,41,0
2020-09-05,2680,247,462,2205,13,3,7,42,0
2020-09-06,2728,250,468,2247,13,3,6,42,0
2020-09-07,2778,253,475,2289,14,3,6,43,0
2020-09-08,2827,255,481,2332,14,3,6,43,0
2020-09-09,2877,258,487,2376,14,3,6,44,0
2020-09-10,2927,260,493,2420,14,2,6,45,0
2020-09-11,2980,263,500,2465,15,2,6,45,0
2020-09-12,3032,265,506,2511,15,2,6,46,0
2020-09-13,3083,268,512,2556,15,2,6,46,0
2020-09-14,3136,270,518,2603,15,2,6,47,0
2020-09-15,3189,272,523,2650,16,2,6,47,0
2020-09-16,3242,274,529,2697,16,2,6,48,0
2020-09-17,3296,276,535,2745,16,2,6,48,0
2020-09-18,3351,278,540,2794,17,2,5,49,0
2020-09-19,3406,280,546,2843,17,2,5,49,0
2020-09-20,3460,281,551,2892,17,2,5,50,0
2020-09-21,3515,283,556,2942,17,2,5,50,0
2020-09-22,3572,285,561,2993,18,1,5,51,0
2020-09-23,3628,286,566,3044,18,1,5,51,0
2020-09-24,3683,287,570,3095,18,1,5,52,0
2020-09-25,3741,288,575,3147,19,1,4,52,0
2020-09-26,3797,290,579,3199,19,1,4,52,0
2020-09-27,3853,291,583,3251,19,1,4,53,0
2020-09-28,3911,291,587,3304,20,1,4,53,0
2020-09-29,3968,292,591,3357,20,1,4,53,0
2020-09-30,4025,293,594,3411,20,1,3,54,0
2020-10-01,4082,293,597,3464,21,0,3,54,0
2020-10-02,4140,294,601,3518,21,0,3,54,0
2020-10-03,4198,294,604,3573,21,0,3,55,0
2020-10-04,4255,294,606,3627,22,0,3,55,0
2020-10-05,4313,294,609,3682,22,0,2,55,0
2020-10-06,4370,294,611,3737,22,0,2,55,0
2020-10-07,4429,294,613,3793,23,0,2,55,0
2020-10-08,4486,294,615,3848,23,0,2,56,0
2020-10-09,4544,294,617,3904,23,0,2,56,0
2020-10-10,4602,293,618,3960,24,0,1,56,0
2020-10-11,4659,293,619,4016,24,0,1,56,0
2020-10-12,4716,292,620,4072,24,0,1,56,0
2020-10-13,4774,291,621,4128,25,0,1,56,0
2020-10-14,4831,290,622,4184,25,0,0,56,0
2020-10-15,4887,289,622,4240,25,0,0,56,0
2020-10-16,4944,288,622,4296,26,0,0,56,0
2020-10-17,5000,287,622,4352,26,0,0,56,0
2020-10-18,5055,285,621,4408,26,0,0,56,0
2020-10-19,5113,284,621,4465,27,0,0,56,0
2020-10-20,5168,282,620,4521,27,0,0,56,0
2020-10-21,5223,281,619,4577,27,0,0,56,0
2020-10-22,5278,279,617,4633,28,0,0,56,0
2020-10-23,5332,277,616,4688,28,0,0,56,0
2020-10-24,5386,275,614,4744,28,0,0,56,0
2020-10-25,5439,273,612,4799,28,0,0,55,0
2020-10-26,5494,271,610,4855,29,0,0,55,0
2020-10-27,5547,269,608,4910,29,0,0,55,0
2020-10-28,5598,267,605,4964,29,0,0,55,0
2020-10-29,5651,265,602,5019,30,0,0,54,0
2020-10-30,5702,262,599,5073,30,0,0,54,0
2020-10-31,5753,260,596,5127,30,0,0,54,0
2020-11-01,5805,257,593,5181,31,0,0,54,0
2020-11-02,5855,255,589,5235,31,0,0,53,0
2020-11-03,5905,252,586,5288,31,0,0,53,0
2020-11-04,5955,249,582,5341,32,0,0,53,0
2020-11-05,6003,247,578,5393,32,0,0,52,0
2020-11-06,6051,244,574,5445,32,0,0,52,0
2020-11-07,6099,241,569,5497,33,0,0,51,0
2020-11-08,6146,238,565,5548,33,0,0,51,0
2020-11-09,6192,236,560,5599,33,0,0,51,0
2020-11-10,6238,233,555,5649,34,0,0,50,0
2020-11-11,6283,230,550,5699,34,0,0,50,0
2020-11-12,6328,227,545,5749,34,0,0,49,0
2020-11-13,6372,224,540,5798,34,0,0,49,0
2020-11-14,6417,221,535,5847,35,0,0,48,0
2020-11-15,6460,218,530,5895,35,0,0,48,0
2020-11-16,6502,215,524,5943,35,0,0,47,0
2020-11-17,6544,212,518,5990,36,0,0,47,0
2020-11-18,6585,209,513,6036,36,0,0,46,0
2020-11-19,6626,206,507,6083,36,0,0,46,0
2020-11-20,6665,202,501,6128,36,0,0,45,0
2020-11-21,6705,199,495,6173,37,0,0,45,0
2020-11-22,6744,196,489,6218,37,0,0,44,0
2020-11-23,6782,193,483,6262,37,0,0,44,0
2020-11-24,6819,190,477,6305,37,0,0,43,0
2020-11-25,6857,187,471,6348,38,0,0,43,0
2020-11-26,6894,184,465,6391,38,0,0,42,0
2020-11-27,6929,181,459,6432,38,0,0,41,0
2020-11-28,6965,178,453,6474,38,0,0,41,0
2020-11-29,6999,175,446,6514,39,0,0,40,0
2020-11-30,7033,172,440,6554,39,0,0,40,0
2020-12-01,7067,169,434,6594,39,0,0,39,0
2020-12-02,7099,166,427,6633,39,0,0,39,0
2020-12-03,7132,163,421,6671,40,0,0,38,0
2020-12-04,7164,160,415,6709,40,0,0,37,0
2020-12-05,7195,157,408,6747,40,0,0,37,0
2020-12-06,7225,154,402,6783,40,0,0,36,0
2020-12-07,7255,151,396,6819,40,0,0,36,0
2020-12-08,7286,149,390,6855,41,0,0,35,0
2020-12-09,7314,146,383,6890,41,0,0,35,0
2020-12-10,7342,143,377,6924,41,0,0,34,0
2020-12-11,7370,140,371,6958,41,0,0,34,0
2020-12-12,7398,138,365,6991,42,0,0,33,0
2020-12-13,7424,135,358,7024,42,0,0,32,0
2020-12-14,7450,132,352,7056,42,0,0,32,0
2020-12-15,7476,130,346,7088,42,0,0,31,0
2020-12-16,7501,127,340,7119,42,0,0,31,0
2020-12-17,7526,125,334,7150,42,0,0,30,0
2020-12-18,7551,122,328,7180,43,0,0,30,0
2020-12-19,7574,120,322,7209,43,0,0,29,0
2020-12-20,7598,117,317,7238,43,0,0,29,0
2020-12-21,7621,115,311,7267,43,0,0,28,0
2020-12-22,7642,112,305,7294,43,0,0,28,0
2020-12-23,7664,110,299,7322,43,0,0,27,0
2020-12-24,7687,108,294,7349,44,0,0,27,0
2020-12-25,7707,105,288,7375,44,0,0,26,0
2020-12-26,7728,103,283,7401,44,0,0,26,0
2020-12-27,7747,101,277,7426,44,0,0,25,0
2020-12-28,7767,99,272,7451,44,0,0,25,0
2020-12-29,7787,97,267,7476,44,0,0,24,0
2020-12-30,7805,95,261,7499,45,0,0,24,0
2020-12-31,7824,93,256,7523,45,0,0,23,0
2021-01-01,7842,91,251,7546,45,0,0,23,0
2021-01-02,7859,89,246,7568,45,0,0,22,0
2021-01-03,7876,87,241,7590,45,0,0,22,0
2021-01-04,7893,85,236,7612,45,0,0,21,0
2021-01-05,7909,83,231,7633,45,0,0,21,0
2021-01-06,7926,81,227,7654,45,0,0,20,0
2021-01-07,7942,79,222,7674,46,0,0,20,0
2021-01-08,7957,77,217,7694,46,0,0,20,0
2021-01-09,7973,76,213,7714,46,0,0,19,0
2021-01-10,7987,74,208,7733,46,0,0,19,0
2021-01-11,8001,72,204,7751,46,0,0,18,0
2021-01-12,8016,71,200,7770,46,0,0,18,0
2021-01-13,8029,69,195,7788,46,0,0,18,0
2021-01-14,8042,67,191,7805,46,0,0,17,0
2021-01-15,8055,66,187,7822,46,0,0,17,0
2021-01-16,8069,64,183,7839,47,0,0,17,0
2021-01-17,8081,63,179,7855,47,0,0,16,0
2021-01-18,8093,61,175,7871,47,0,0,16,0
2021-01-19,8105,60,171,7887,47,0,0,15,0
2021-01-20,8116,59,167,7902,47,0,0,15,0
2021-01-21,8128,57,164,7917,47,0,0,15,0
2021-01-22,8139,56,160,7932,47,0,0,14,0
2021-01-23,8150,55,157,7946,47,0,0,14,0
2021-01-24,8160,53,153,7960,47,0,0,14,0
2021-01-25,8171,52,150,7974,47,0,0,14,0
2021-01-26,8181,51,146,7988,47,0,0,13,0
2021-01-27,8192,50,143,8001,48,0,0,13,0
2021-01-28,8202,49,140,8014,48,0,0,13,0
2021-01-29,8211,47,137,8026,48,0,0,12,0
2021-01-30,8219,46,133,8038,48,0,0,12,0
2021-01-31,8228,45,130,8050,48,0,0,12,0
2021-02-01,8237,44,127,8062,48,0,0,12,0
2021-02-02,8246,43,125,8073,48,0,0,11,0
2021-02-03,8255,42,122,8085,48,0,0,11,0
2021-02-04,8262,41,119,8095,48,0,0,11,0
2021-02-05,8270,40,116,8106,48,0,0,10,0
2021-02-06,8277,39,113,8116,48,0,0,10,0
2021-02-07,8286,38,111,8127,48,0,0,10,0
2021-02-08,8293,37,108,8137,48,0,0,10,0
2021-02-09,8300,36,106,8146,48,0,0,10,0
2021-02-10,8307,35,103,8156,48,0,0,9,0
2021-02-11,8314,35,101,8165,48,0,0,9,0
2021-02-12,8321,34,98,8174,49,0,0,9,0
2021-02-13,8328,33,96,8183,49,0,0,9,0
2021-02-14,8334,32,94,8191,49,0,0,8,0
2021-02-15,8341,31,92,8200,49,0,0,8,0
2021-02-16,8346,31,89,8208,49,0,0,8,0
2021-02-17,8352,30,87,8216,49,0,0,8,0
2021-02-18,8358,29,85,8224,49,0,0,8,0
2021-02-19,8363,28,83,8231,49,0,0,8,0
2021-02-20,8369,28,81,8239,49,0,0,7,0
2021-02-21,8374,27,79,8246,49,0,0,7,0
2021-02-22,8379,26,77,8253,49,0,0,7,0
2021-02-23,8384,26,75,8260,49,0,0,7,0
2021-02-24,8390,25,74,8267,49,0,0,7,0
2021-02-25,8395,24,72,8274,49,0,0,6,0
2021-02-26,8399,24,70,8280,49,0,0,6,0
2021-02-27,8403,23,68,8286,49,0,0,6,0
2021-02-28,8408,23,67,8292,49,0,0,6,0
2021-03-01,8412,22,65,8298,49,0,0,6,0
2021-03-02,8417,22,64,8304,49,0,0,6,0
2021-03-03,8421,21,62,8310,49,0,0,6,0
2021-03-04,8425,20,61,8315,49,0,0,5,0
2021-03-05,8429,20,59,8321,49,0,0,5,0
2021-03-06,8433,19,58,8326,49,0,0,5,0
2021-03-07,8436,19,56,8331,49,0,0,5,0
2021-03-08,8440,19,55,8336,49,0,0,5,0
2021-03-09,8444,18,53,8341,50,0,0,5,0
2021-03-10,8448,18,52,8346,50,0,0,5,0
2021-03-11,8452,17,51,8351,50,0,0,5,0
2021-03-12,8455,17,50,8355,50,0,0,4,0
2021-03-13,8458,16,48,8360,50,0,0,4,0
2021-03-14,8461,16,47,8364,50,0,0,4,0
2021-03-15,8464,16,46,8368,50,0,0,4,0
2021-03-16,8467,15,45,8372,50,0,0,4,0
2021-03-17,8470,15,44,8376,50,0,0,4,0
2021-03-18,8473,14,43,8380,50,0,0,4,0
2021-03-19,8476,14,42,8384,50,0,0,4,0
2021-03-20,8479,14,41,8388,50,0,0,4,0
2021-03-21,8482,13,40,8392,50,0,0,4,0
2021-03-22,8484,13,39,8395,50,0,0,3,0
2021-03-23,8487,13,38,8399,50,0,0,3,0
2021-03-24,8489,12,37,8402,50,0,0,3,0
2021-03-25,8491,12,36,8405,50,0,0,3,0
2021-03-26,8493,12,35,8408,50,0,0,3,0
2021-03-27,8496,11,34,8412,50,0,0,3,0
2021-03-28,8498,11,33,8415,50,0,0,3,0
2021-03-29,8500,11,32,8418,50,0,0,3,0
2021-03-30,8502,11,32,8420,50,0,0,3,0
2021-03-31,8504,10,31,8423,50,0,0,3,0
2021-04-01,8506,10,30,8426,50,0,0,3,0
2021-04-02,8508,10,29,8429,50,0,0,3,0
2021-04-03,8510,10,29,8431,50,0,0,3,0
2021-04-04,8512,9,28,8434,50,0,0,3,0
2021-04-05,8513,9,27,8436,50,0,0,2,0
2021-04-06,8515,9,26,8439,50,0,0,2,0
2021-04-07,8517,9,26,8441,50,0,0,2,0
2021-04-08,8519,8,25,8444,50,0,0,2,0
2021-04-09,8521,8,25,8446,50,0,0,2,0
2021-04-10,8522,8,24,8448,50,0,0,2,0
2021-04-11,8523,8,23,8450,50,0,0,2,0
2021-04-12,8525,8,23,8452,50,0,0,2,0
2021-04-13,8526,7,22,8454,50,0,0,2,0
2021-04-14,8528,7,22,8456,50,0,0,2,0
2021-04-15,8529,7,21,8458,50,0,0,2,0
2021-04-16,8531,7,21,8460,50,0,0,2,0
2021-04-17,8532,7,20,8462,50,0,0,2,0
2021-04-18,8534,7,20,8464,50,0,0,2,0
2021-04-19,8534,6,19,8465,50,0,0,2,0
2021-04-20,8536,6,19,8467,50,0,0,2,0
2021-04-21,8537,6,18,8469,50,0,0,2,0
2021-04-22,8538,6,18,8470,50,0,0,2,0
2021-04-23,8539,6,17,8472,50,0,0,2,0
2021-04-24,8541,6,17,8474,50,0,0,2,0
2021-04-25,8541,5,16,8475,50,0,0,1,0
2021-04-26,8543,5,16,8477,50,0,0,1,0
2021-04-27,8544,5,16,8478,50,0,0,1,0
2021-04-28,8544,5,15,8479,50,0,0,1,0
2021-04-29,8546,5,15,8481,50,0,0,1,0
2021-04-30,8546,5,14,8482,50,0,0,1,0
2021-05-01,8547,5,14,8483,50,0,0,1,0
2021-05-02,8549,5,14,8485,50,0,0,1,0
2021-05-03,8549,4,13,8486,50,0,0,1,0
2021-05-04,8550,4,13,8487,50,0,0,1,0
2021-05-05,8551,4,13,8488,50,0,0,1,0
2021-05-06,8551,4,12,8489,50,0,0,1,0
2021-05-07,8552,4,12,8490,50,0,0,1,0
2021-05-08,8553,4,12,8491,50,0,0,1,0
2021-05-09,8553,4,11,8492,50,0,0,1,0
2021-05-10,8554,4,11,8493,50,0,0,1,0
2021-05-11,8555,4,11,8494,50,0,0,1,0
2021-05-12,8556,4,11,8495,50,0,0,1,0
2021-05-13,8556,3,10,8496,50,0,0,1,0
2021-05-14,8557,3,10,8497,50,0,0,1,0
2021-05-15,8558,3,10,8498,50,0,0,1,0
2021-05-16,8559,3,10,8499,50,0,0,1,0
2021-05-17,8559,3,9,8500,50,0,0,1,0
2021-05-18,8560,3,9,8501,50,0,0,1,0
2021-05-19,8561,3,9,8502,50,0,0,1,0
2021-05-20,8561,3,9,8502,50,0,0,1,0
2021-05-21,8561,3,8,8503,50,0,0,1,0
2021-05-22,8562,3,8,8504,50,0,0,1,0
2021-05-23,8563,3,8,8505,50,0,0,1,0
2021-05-24,8563,3,8,8505,50,0,0,1,0
2021-05-25,8565,3,8,8506,51,0,0,1,0
2021-05-26,8565,2,7,8507,51,0,0,1,0
2021-05-27,8565,2,7,8507,51,0,0,1,0
2021-05-28,8566,2,7,8508,51,0,0,1,0
2021-05-29,8567,2,7,8509,51,0,0,1,0
2021-05-30,8567,2,7,8509,51,0,0,1,0
2021-05-31,8567,2,6,8510,51,0,0,1,0
2021-06-01,8567,2,6,8510,51,0,0,1,0
2021-06-02,8568,2,6,8511,51,0,0,1,0
2021-06-03,8569,2,6,8512,51,0,0,1,0
2021-06-04,8569,2,6,8512,51,0,0,1,0
2021-06-05,8570,2,6,8513,51,0,0,1,0
2021-06-06,8570,2,6,8513,51,0,0,1,0
2021-06-07,8570,2,5,8514,51,0,0,0,0
2021-06-08,8570,2,5,8514,51,0,0,0,0
2021-06-09,8571,2,5,8515,51,0,0,0,0
2021-06-10,8571,2,5,8515,51,0,0,0,0
2021-06-11,8571,2,5,8515,51,0,0,0,0
2021-06-12,8572,2,5,8516,51,0,0,0,0
2021-06-13,8572,2,5,8516,51,0,0,0,0
2021-06-14,8573,2,5,8517,51,0,0,0,0
2021-06-15,8572,1,4,8517,51,0,0,0,0
2021-06-16,8573,1,4,8518,51,0,0,0,0
2021-06-17,8573,1,4,8518,51,0,0,0,0
2021-06-18,8573,1,4,8518,51,0,0,0,0
2021-06-19,8574,1,4,8519,51,0,0,0,0
2021-06-20,8574,1,4,8519,51,0,0,0,0
2021-06-21,8574,1,4,8519,51,0,0,0,0
2021-06-22,8575,1,4,8520,51,0,0,0,0
2021-06-23,8575,1,4,8520,51,0,0,0,0
2021-06-24,8574,1,3,8520,51,0,0,0,0
2021-06-25,8575,1,3,8521,51,0,0,0,0
2021-06-26,8575,1,3,8521,51,0,0,0,0
2021-06-27,8575,1,3,8521,51,0,0,0,0
2021-06-28,8576,1,3,8522,51,0,0,0,0
2021-06-29,8576,1,3,8522,51,0,0,0,0
2021-06-30,8576,1,3,8522,51,0,0,0,0
2021-07-01,8576,1,3,8522,51,0,0,0,0
