Date,Infected,Exposed,Active,Recovered,Deaths,Diff Exposed,Diff Active,Diff Recovered,Diff Deaths
2020-07-12,3060,60,653,2394,13,57,0,59,0
2020-07-13,3075,111,611,2451,13,42,0,55,0
2020-07-14,3101,149,581,2506,14,32,0,53,0
2020-07-15,3132,178,561,2557,14,24,0,51,0
2020-07-16,3169,200,547,2608,14,18,0,49,0
2020-07-17,3209,216,538,2657,14,14,0,49,0
2020-07-18,3253,229,533,2705,15,11,0,48,0
2020-07-19,3298,239,530,2753,15,9,0,48,0
2020-07-20,3345,247,529,2801,15,7,0,48,0
2020-07-21,3395,253,530,2849,16,6,1,48,0
2020-07-22,3445,258,532,2897,16,5,2,48,0
2020-07-23,3495,262,534,2945,16,4,3,48,0
2020-07-24,3546,266,537,2993,16,4,3,49,0
2020-07-25,3600,270,541,3042,17,3,4,49,0
2020-07-26,3653,273,545,3091,17,3,4,49,0
2020-07-27,3707,275,549,3141,17,3,4,50,0
2020-07-28,3760,278,553,3190,17,3,4,50,0
2020-07-29,3815,281,557,3240,18,2,4,50,0
2020-07-30,3870,283,561,3291,18,2,4,51,0
2020-07-31,3926,285,566,3342,18,2,4,51,0
2020-08-01,3981,287,570,3393,18,2,5,52,0
2020-08-02,4039,290,575,3445,19,2,5,52,0
2020-08-03,4095,292,579,3497,19,2,5,52,0
2020-08-04,4153,294,584,3550,19,2,5,53,0
2020-08-05,4210,296,588,3602,20,2,5,53,0
2020-08-06,4269,298,593,3656,20,2,5,54,0
2020-08-07,4327,300,597,3710,20,2,4,54,0
2020-08-08,4386,302,602,3764,20,2,4,54,0
2020-08-09,4445,304,606,3818,21,2,4,55,0
2020-08-10,4505,306,611,3873,21,2,4,55,0
2020-08-11,4565,308,615,3929,21,2,4,56,0
2020-08-12,4627,310,620,3985,22,2,4,56,0
2020-08-13,4687,312,624,4041,22,2,4,56,0
2020-08-14,4747,314,628,4097,22,2,4,57,0
2020-08-15,4810,315,633,4154,23,2,4,57,0
2020-08-16,4872,317,637,4212,23,2,4,58,0
2020-08-17,4933,319,641,4269,23,2,4,58,0
2020-08-18,4998,321,646,4328,24,2,4,58,0
2020-08-19,5060,323,650,4386,24,2,4,59,0
2020-08-20,5123,324,654,4445,24,2,4,59,0
2020-08-21,5187,326,658,4504,25,2,4,60,0
2020-08-22,5251,328,662,4564,25,2,4,60,0
2020-08-23,5315,329,666,4624,25,2,4,60,0
2020-08-24,5379,331,670,4684,25,2,4,61,0
2020-08-25,5445,333,674,4745,26,2,4,61,0
2020-08-26,5510,334,678,4806,26,2,4,61,0
2020-08-27,5575,336,682,4867,26,2,4,62,0
2020-08-28,5642,337,686,4929,27,1,4,62,0
2020-08-29,5707,339,689,4991,27,1,4,62,0
2020-08-30,5775,340,693,5054,28,1,4,63,0
2020-08-31,5842,342,697,5117,28,1,4,63,0
2020-09-01,5908,343,700,5180,28,1,4,63,0
2020-09-02,5976,344,704,5243,29,1,4,64,0
2020-09-03,6043,346,707,5307,29,1,3,64,0
2020-09-04,6111,347,711,5371,29,1,3,64,0
2020-09-05,6179,348,714,5435,30,1,3,65,0
2020-09-06,6248,349,718,5500,30,1,3,65,0
2020-09-07,6316,351,721,5565,30,1,3,65,0
2020-09-08,6385,352,724,5630,31,1,3,65,0
2020-09-09,6454,353,727,5696,31,1,3,66,0
2020-09-10,6523,354,730,5762,31,1,3,66,0
2020-09-11,6593,355,733,5828,32,1,3,66,0
2020-09-12,6662,356,736,5894,32,1,3,67,0
2020-09-13,6732,357,739,5961,32,1,3,67,0
2020-09-14,6803,358,742,6028,33,1,3,67,0
2020-09-15,6872,359,744,6095,33,1,3,67,0
2020-09-16,6943,360,747,6162,34,1,3,68,0
2020-09-17,7014,360,750,6230,34,1,3,68,0
2020-09-18,7084,361,752,6298,34,1,2,68,0
2020-09-19,7155,362,754,6366,35,1,2,68,0
2020-09-20,7226,363,757,6434,35,1,2,68,0
2020-09-21,7297,363,759,6503,35,1,2,69,0
2020-09-22,7369,364,761,6572,36,1,2,69,0
2020-09-23,7439,364,763,6640,36,1,2,69,0
2020-09-24,7512,365,765,6710,37,0,2,69,0
2020-09-25,7583,365,767,6779,37,0,2,69,0
2020-09-26,7654,366,769,6848,37,0,2,70,0
2020-09-27,7727,366,771,6918,38,0,2,70,0
2020-09-28,7799,366,773,6988,38,0,2,70,0
2020-09-29,7869,367,774,7057,38,0,2,70,0
2020-09-30,7943,367,776,7128,39,0,1,70,0
2020-10-01,8014,367,777,7198,39,0,1,70,0
2020-10-02,8086,367,778,7268,40,0,1,70,0
2020-10-03,8158,368,780,7338,40,0,1,70,0
2020-10-04,8230,368,781,7409,40,0,1,71,0
2020-10-05,8303,368,782,7480,41,0,1,71,0
2020-10-06,8374,368,783,7550,41,0,1,71,0
2020-10-07,8446,368,784,7621,41,0,1,71,0
2020-10-08,8519,368,785,7692,42,0,1,71,0
2020-10-09,8590,367,785,7763,42,0,1,71,0
2020-10-10,8663,367,786,7834,43,0,1,71,0
2020-10-11,8734,367,786,7905,43,0,0,71,0
2020-10-12,8806,367,787,7976,43,0,0,71,0
2020-10-13,8878,366,787,8047,44,0,0,71,0
2020-10-14,8950,366,787,8119,44,0,0,71,0
2020-10-15,9023,366,788,8190,45,0,0,71,0
2020-10-16,9094,365,788,8261,45,0,0,71,0
2020-10-17,9165,365,788,8332,45,0,0,71,0
2020-10-18,9237,364,788,8403,46,0,0,71,0
2020-10-19,9308,364,787,8475,46,0,0,71,0
2020-10-20,9380,363,787,8546,47,0,0,71,0
2020-10-21,9451,363,787,8617,47,0,0,71,0
2020-10-22,9521,362,786,8688,47,0,0,71,0
2020-10-23,9593,361,786,8759,48,0,0,71,0
2020-10-24,9663,360,785,8830,48,0,0,71,0
2020-10-25,9733,360,784,8901,48,0,0,71,0
2020-10-26,9805,359,784,8972,49,0,0,71,0
2020-10-27,9875,358,783,9043,49,0,0,71,0
2020-10-28,9946,357,782,9114,50,0,0,71,0
2020-10-29,10015,356,781,9184,50,0,0,71,0
2020-10-30,10084,355,779,9255,50,0,0,70,0
2020-10-31,10154,354,778,9325,51,0,0,70,0
2020-11-01,10224,353,777,9396,51,0,0,70,0
2020-11-02,10293,352,775,9466,52,0,0,70,0
2020-11-03,10362,351,774,9536,52,0,0,70,0
2020-11-04,10430,350,772,9606,52,0,0,70,0
2020-11-05,10499,348,771,9675,53,0,0,70,0
2020-11-06,10567,347,769,9745,53,0,0,70,0
2020-11-07,10635,346,767,9815,53,0,0,69,0
2020-11-08,10703,345,765,9884,54,0,0,69,0
2020-11-09,10770,343,763,9953,54,0,0,69,0
2020-11-10,10838,342,761,10022,55,0,0,69,0
2020-11-11,10905,341,759,10091,55,0,0,69,0
2020-11-12,10971,339,757,10159,55,0,0,68,0
2020-11-13,11037,338,754,10227,56,0,0,68,0
2020-11-14,11104,336,752,10296,56,0,0,68,0
2020-11-15,11168,335,749,10363,56,0,0,68,0
2020-11-16,11235,333,747,10431,57,0,0,68,0
2020-11-17,11300,332,744,10499,57,0,0,67,0
2020-11-18,11366,330,742,10566,58,0,0,67,0
2020-11-19,11430,328,739,10633,58,0,0,67,0
2020-11-20,11493,327,736,10699,58,0,0,67,0
2020-11-21,11558,325,733,10766,59,0,0,66,0
2020-11-22,11621,323,730,10832,59,0,0,66,0
2020-11-23,11684,322,727,10898,59,0,0,66,0
2020-11-24,11748,320,724,10964,60,0,0,65,0
2020-11-25,11810,318,721,11029,60,0,0,65,0
2020-11-26,11872,316,718,11094,60,0,0,65,0
2020-11-27,11935,315,715,11159,61,0,0,65,0
2020-11-28,11995,313,711,11223,61,0,0,64,0
2020-11-29,12057,311,708,11288,61,0,0,64,0
2020-11-30,12119,309,705,11352,62,0,0,64,0
2020-12-01,12178,307,701,11415,62,0,0,63,0
2020-12-02,12238,305,698,11478,62,0,0,63,0
2020-12-03,12298,303,694,11541,63,0,0,63,0
2020-12-04,12357,301,690,11604,63,0,0,62,0
2020-12-05,12417,299,687,11666,64,0,0,62,0
2020-12-06,12475,297,683,11728,64,0,0,62,0
2020-12-07,12533,296,679,11790,64,0,0,61,0
2020-12-08,12591,294,675,11851,65,0,0,61,0
2020-12-09,12648,292,671,11912,65,0,0,61,0
2020-12-10,12706,289,668,11973,65,0,0,60,0
2020-12-11,12763,287,664,12033,66,0,0,60,0
2020-12-12,12819,285,660,12093,66,0,0,60,0
2020-12-13,12874,283,656,12152,66,0,0,59,0
2020-12-14,12929,281,652,12211,66,0,0,59,0
2020-12-15,12984,279,647,12270,67,0,0,59,0
2020-12-16,13039,277,643,12329,67,0,0,58,0
2020-12-17,13093,275,639,12387,67,0,0,58,0
2020-12-18,13147,273,635,12444,68,0,0,57,0
2020-12-19,13200,271,631,12501,68,0,0,57,0
2020-12-20,13253,269,627,12558,68,0,0,57,0
2020-12-21,13306,267,622,12615,69,0,0,56,0
2020-12-22,13358,265,618,12671,69,0,0,56,0
2020-12-23,13410,262,614,12727,69,0,0,55,0
2020-12-24,13461,260,609,12782,70,0,0,55,0
2020-12-25,13512,258,605,12837,70,0,0,55,0
2020-12-26,13563,256,601,12892,70,0,0,54,0
2020-12-27,13612,254,596,12946,70,0,0,54,0
2020-12-28,13662,252,592,12999,71,0,0,54,0
2020-12-29,13711,250,587,13053,71,0,0,53,0
2020-12-30,13760,248,583,13106,71,0,0,53,0
2020-12-31,13808,245,578,13158,72,0,0,52,0
2021-01-01,13857,243,574,13211,72,0,0,52,0
2021-01-02,13904,241,570,13262,72,0,0,51,0
2021-01-03,13951,239,565,13314,72,0,0,51,0
2021-01-04,13999,237,561,13365,73,0,0,51,0
2021-01-05,14044,235,556,13415,73,0,0,50,0
2021-01-06,14089,233,551,13465,73,0,0,50,0
2021-01-07,14136,231,547,13515,74,0,0,49,0
2021-01-08,14180,228,542,13564,74,0,0,49,0
2021-01-09,14225,226,538,13613,74,0,0,49,0
2021-01-10,14269,224,533,13662,74,0,0,48,0
2021-01-11,14314,222,529,13710,75,0,0,48,0
2021-01-12,14356,220,524,13757,75,0,0,47,0
2021-01-13,14400,218,520,13805,75,0,0,47,0
2021-01-14,14441,216,515,13851,75,0,0,47,0
2021-01-15,14485,214,511,13898,76,0,0,46,0
2021-01-16,14526,212,506,13944,76,0,0,46,0
2021-01-17,14567,210,502,13989,76,0,0,45,0
2021-01-18,14608,207,497,14035,76,0,0,45,0
2021-01-19,14649,205,493,14079,77,0,0,45,0
2021-01-20,14689,203,488,14124,77,0,0,44,0
2021-01-21,14729,201,484,14168,77,0,0,44,0
2021-01-22,14767,199,479,14211,77,0,0,43,0
2021-01-23,14808,197,475,14255,78,0,0,43,0
2021-01-24,14845,195,470,14297,78,0,0,43,0
2021-01-25,14884,193,466,14340,78,0,0,42,0
2021-01-26,14921,191,461,14382,78,0,0,42,0
2021-01-27,14959,189,457,14423,79,0,0,41,0
2021-01-28,14995,187,452,14464,79,0,0,41,0
2021-01-29,15032,185,448,14505,79,0,0,41,0
2021-01-30,15069,183,444,14546,79,0,0,40,0
2021-01-31,15104,181,439,14586,79,0,0,40,0
2021-02-01,15140,180,435,14625,80,0,0,39,0
2021-02-02,15175,178,431,14664,80,0,0,39,0
2021-02-03,15209,176,426,14703,80,0,0,39,0
2021-02-04,15243,174,422,14741,80,0,0,38,0
2021-02-05,15277,172,418,14779,80,0,0,38,0
2021-02-06,15311,170,413,14817,81,0,0,37,0
2021-02-07,15344,168,409,14854,81,0,0,37,0
2021-02-08,15377,166,405,14891,81,0,0,37,0
2021-02-09,15410,164,401,14928,81,0,0,36,0
2021-02-10,15442,163,397,14964,81,0,0,36,0
2021-02-11,15474,161,392,15000,82,0,0,35,0
2021-02-12,15505,159,388,15035,82,0,0,35,0
2021-02-13,15536,157,384,15070,82,0,0,35,0
2021-02-14,15566,155,380,15104,82,0,0,34,0
2021-02-15,15597,154,376,15139,82,0,0,34,0
2021-02-16,15628,152,372,15173,83,0,0,34,0
2021-02-17,15657,150,368,15206,83,0,0,33,0
2021-02-18,15686,149,364,15239,83,0,0,33,0
2021-02-19,15715,147,360,15272,83,0,0,33,0
2021-02-20,15743,145,356,15304,83,0,0,32,0
2021-02-21,15771,143,352,15336,83,0,0,32,0
2021-02-22,15800,142,348,15368,84,0,0,31,0
2021-02-23,15828,140,344,15400,84,0,0,31,0
2021-02-24,15856,138,341,15431,84,0,0,31,0
2021-02-25,15882,137,337,15461,84,0,0,30,0
2021-02-26,15909,135,333,15492,84,0,0,30,0
2021-02-27,15935,134,329,15522,84,0,0,30,0
2021-02-28,15962,132,326,15551,85,0,0,29,0
2021-03-01,15987,130,322,15580,85,0,0,29,0
2021-03-02,16012,129,318,15609,85,0,0,29,0
2021-03-03,16038,127,315,15638,85,0,0,28,0
2021-03-04,16062,126,311,15666,85,0,0,28,0
2021-03-05,16086,124,307,15694,85,0,0,28,0
2021-03-06,16112,123,304,15722,86,0,0,27,0
2021-03-07,16135,121,300,15749,86,0,0,27,0
2021-03-08,16159,120,297,15776,86,0,0,27,0
2021-03-09,16182,118,293,15803,86,0,0,27,0
2021-03-10,16206,117,290,15830,86,0,0,26,0
2021-03-11,16228,115,286,15856,86,0,0,26,0
2021-03-12,16250,114,283,15881,86,0,0,26,0
2021-03-13,16274,113,280,15907,87,0,0,25,0
2021-03-14,16295,111,276,15932,87,0,0,25,0
2021-03-15,16317,110,273,15957,87,0,0,25,0
2021-03-16,16339,109,270,15982,87,0,0,24,0
2021-03-17,16360,107,267,16006,87,0,0,24,0
2021-03-18,16380,106,263,16030,87,0,0,24,0
2021-03-19,16401,105,260,16054,87,0,0,24,0
2021-03-20,16422,103,257,16077,88,0,0,23,0
2021-03-21,16442,102,254,16100,88,0,0,23,0
2021-03-22,16462,101,251,16123,88,0,0,23,0
2021-03-23,16482,99,248,16146,88,0,0,22,0
2021-03-24,16501,98,245,16168,88,0,0,22,0
2021-03-25,16520,97,242,16190,88,0,0,22,0
2021-03-26,16539,96,239,16212,88,0,0,22,0
2021-03-27,16557,94,236,16233,88,0,0,21,0
2021-03-28,16575,93,233,16254,88,0,0,21,0
2021-03-29,16594,92,230,16275,89,0,0,21,0
2021-03-30,16612,91,227,16296,89,0,0,21,0
2021-03-31,16629,90,224,16316,89,0,0,20,0
2021-04-01,16647,88,221,16337,89,0,0,20,0
2021-04-02,16665,87,219,16357,89,0,0,20,0
2021-04-03,16681,86,216,16376,89,0,0,20,0
2021-04-04,16698,85,213,16396,89,0,0,19,0
2021-04-05,16715,84,211,16415,89,0,0,19,0
2021-04-06,16731,83,208,16434,89,0,0,19,0
2021-04-07,16747,82,205,16452,90,0,0,19,0
2021-04-08,16764,81,203,16471,90,0,0,18,0
2021-04-09,16779,80,200,16489,90,0,0,18,0
2021-04-10,16795,79,198,16507,90,0,0,18,0
2021-04-11,16810,78,195,16525,90,0,0,18,0
2021-04-12,16825,77,192,16543,90,0,0,17,0
2021-04-13,16840,76,190,16560,90,0,0,17,0
2021-04-14,16855,75,188,16577,90,0,0,17,0
2021-04-15,16869,74,185,16594,90,0,0,17,0
2021-04-16,16883,73,183,16610,90,0,0,17,0
2021-04-17,16898,72,180,16627,91,0,0,16,0
2021-04-18,16912,71,178,16643,91,0,0,16,0
2021-04-19,16926,70,176,16659,91,0,0,16,0
2021-04-20,16939,69,173,16675,91,0,0,16,0
2021-04-21,16953,68,171,16691,91,0,0,15,0
2021-04-22,16966,67,169,16706,91,0,0,15,0
2021-04-23,16979,66,167,16721,91,0,0,15,0
2021-04-24,16992,65,165,16736,91,0,0,15,0
2021-04-25,17004,64,162,16751,91,0,0,15,0
2021-04-26,17017,64,160,16766,91,0,0,14,0
2021-04-27,17029,63,158,16780,91,0,0,14,0
2021-04-28,17041,62,156,16794,91,0,0,14,0
2021-04-29,17053,61,154,16808,91,0,0,14,0
2021-04-30,17066,60,152,16822,92,0,0,14,0
2021-05-01,17078,59,150,16836,92,0,0,14,0
2021-05-02,17089,59,148,16849,92,0,0,13,0
2021-05-03,17101,58,146,16863,92,0,0,13,0
2021-05-04,17112,57,144,16876,92,0,0,13,0
2021-05-05,17123,56,142,16889,92,0,0,13,0
2021-05-06,17134,55,140,16902,92,0,0,13,0
2021-05-07,17144,55,138,16914,92,0,0,13,0
2021-05-08,17156,54,137,16927,92,0,0,12,0
2021-05-09,17166,53,135,16939,92,0,0,12,0
2021-05-10,17176,52,133,16951,92,0,0,12,0
2021-05-11,17186,52,131,16963,92,0,0,12,0
2021-05-12,17196,51,129,16975,92,0,0,12,0
2021-05-13,17206,50,128,16986,92,0,0,12,0
2021-05-14,17217,50,126,16998,93,0,0,11,0
2021-05-15,17226,49,124,17009,93,0,0,11,0
2021-05-16,17235,48,122,17020,93,0,0,11,0
2021-05-17,17245,48,121,17031,93,0,0,11,0
2021-05-18,17254,47,119,17042,93,0,0,11,0
2021-05-19,17264,46,118,17053,93,0,0,11,0
2021-05-20,17273,46,116,17064,93,0,0,10,0
2021-05-21,17281,45,114,17074,93,0,0,10,0
2021-05-22,17290,44,113,17084,93,0,0,10,0
2021-05-23,17298,44,111,17094,93,0,0,10,0
2021-05-24,17307,43,110,17104,93,0,0,10,0
2021-05-25,17315,43,108,17114,93,0,0,10,0
2021-05-26,17324,42,107,17124,93,0,0,10,0
2021-05-27,17332,41,105,17134,93,0,0,10,0
2021-05-28,17340,41,104,17143,93,0,0,9,0
2021-05-29,17347,40,102,17152,93,0,0,9,0
2021-05-30,17356,40,101,17162,93,0,0,9,0
2021-05-31,17364,39,100,17171,93,0,0,9,0
2021-06-01,17372,39,98,17180,94,0,0,9,0
2021-06-02,17380,38,97,17189,94,0,0,9,0
2021-06-03,17387,38,96,17197,94,0,0,9,0
2021-06-04,17394,37,94,17206,94,0,0,9,0
2021-06-05,17401,37,93,17214,94,0,0,8,0
2021-06-06,17409,36,92,17223,94,0,0,8,0
2021-06-07,17415,36,90,17231,94,0,0,8,0
2021-06-08,17422,35,89,17239,94,0,0,8,0
2021-06-09,17429,35,88,17247,94,0,0,8,0
2021-06-10,17436,34,87,17255,94,0,0,8,0
2021-06-11,17443,34,86,17263,94,0,0,8,0
2021-06-12,17449,33,84,17271,94,0,0,8,0
2021-06-13,17455,33,83,17278,94,0,0,8,0
2021-06-14,17462,32,82,17286,94,0,0,7,0
2021-06-15,17468,32,81,17293,94,0,0,7,0
2021-06-16,17474,31,80,17300,94,0,0,7,0
2021-06-17,17480,31,79,17307,94,0,0,7,0
2021-06-18,17486,30,78,17314,94,0,0,7,0
2021-06-19,17491,30,76,17321,94,0,0,7,0
2021-06-20,17497,30,75,17328,94,0,0,7,0
2021-06-21,17503,29,74,17335,94,0,0,7,0
2021-06-22,17509,29,73,17342,94,0,0,7,0
2021-06-23,17514,28,72,17348,94,0,0,7,0
2021-06-24,17520,28,71,17355,94,0,0,6,0
2021-06-25,17526,28,70,17361,95,0,0,6,0
2021-06-26,17532,27,69,17368,95,0,0,6,0
2021-06-27,17537,27,68,17374,95,0,0,6,0
2021-06-28,17542,26,67,17380,95,0,0,6,0
2021-06-29,17547,26,66,17386,95,0,0,6,0
2021-06-30,17552,26,65,17392,95,0,0,6,0
2021-07-01,17558,25,65,17398,95,0,0,6,0
2021-07-02,17563,25,64,17404,95,0,0,6,0
2021-07-03,17567,25,63,17409,95,0,0,6,0
2021-07-04,17572,24,62,17415,95,0,0,6,0
2021-07-05,17577,24,61,17421,95,0,0,6,0
2021-07-06,17581,23,60,17426,95,0,0,5,0
2021-07-07,17585,23,59,17431,95,0,0,5,0
