Date,Infected,Exposed,Active,Recovered,Deaths,Diff Exposed,Diff Active,Diff Recovered,Diff Deaths
2020-06-18,378,206,105,272,1,0,31,10,0
2020-06-19,417,181,133,283,1,0,23,12,0
2020-06-20,450,163,154,295,1,0,18,14,0
2020-06-21,481,150,170,310,1,0,14,15,0
2020-06-22,510,141,183,326,1,0,11,17,0
2020-06-23,537,135,193,343,1,0,9,18,0
2020-06-24,563,131,201,361,1,0,7,18,0
2020-06-25,588,128,208,379,1,0,6,19,0
2020-06-26,613,127,214,398,1,0,5,19,0
2020-06-27,638,126,219,418,1,0,5,20,0
2020-06-28,663,126,224,438,1,0,4,20,0
2020-06-29,687,126,228,458,1,1,4,21,0
2020-06-30,713,127,232,479,2,1,4,21,0
2020-07-01,738,128,236,500,2,1,4,21,0
2020-07-02,764,129,240,522,2,1,4,22,0
2020-07-03,789,130,243,544,2,1,3,22,0
2020-07-04,814,131,246,566,2,1,3,22,0
2020-07-05,840,133,250,588,2,1,3,23,0
2020-07-06,866,134,253,611,2,1,3,23,0
2020-07-07,892,135,256,634,2,1,3,23,0
2020-07-08,918,137,259,657,2,1,3,24,0
2020-07-09,946,138,263,681,2,1,3,24,0
2020-07-10,973,139,266,705,2,1,3,24,0
2020-07-11,1000,141,269,729,2,1,3,24,0
2020-07-12,1027,142,272,753,2,1,3,25,0
2020-07-13,1056,144,275,778,3,1,3,25,0
2020-07-14,1084,145,278,803,3,1,3,25,0
2020-07-15,1114,146,282,829,3,1,3,26,0
2020-07-16,1142,148,285,854,3,1,3,26,0
2020-07-17,1171,149,288,880,3,1,3,26,0
2020-07-18,1200,150,291,906,3,1,3,26,0
2020-07-19,1230,151,294,933,3,1,3,27,0
2020-07-20,1259,153,297,959,3,1,3,27,0
2020-07-21,1289,154,300,986,3,1,3,27,0
2020-07-22,1320,155,303,1014,3,1,3,27,0
2020-07-23,1349,156,305,1041,3,1,3,28,0
2020-07-24,1380,157,308,1069,3,1,3,28,0
2020-07-25,1412,159,311,1097,4,1,3,28,0
2020-07-26,1443,160,314,1125,4,1,3,28,0
2020-07-27,1475,161,317,1154,4,1,3,29,0
2020-07-28,1506,162,319,1183,4,1,3,29,0
2020-07-29,1538,163,322,1212,4,1,3,29,0
2020-07-30,1570,164,325,1241,4,1,3,29,0
2020-07-31,1602,165,327,1271,4,1,3,30,0
2020-08-01,1634,166,330,1300,4,1,3,30,0
2020-08-02,1666,167,332,1330,4,1,2,30,0
2020-08-03,1699,167,335,1360,4,1,2,30,0
2020-08-04,1733,168,337,1391,5,1,2,31,0
2020-08-05,1767,169,340,1422,5,1,2,31,0
2020-08-06,1799,170,342,1452,5,1,2,31,0
2020-08-07,1832,171,344,1483,5,1,2,31,0
2020-08-08,1866,171,346,1515,5,1,2,31,0
2020-08-09,1899,172,348,1546,5,1,2,32,0
2020-08-10,1933,173,350,1578,5,1,2,32,0
2020-08-11,1967,173,352,1610,5,1,2,32,0
2020-08-12,2000,174,354,1641,5,1,2,32,0
2020-08-13,2035,174,356,1674,5,0,2,32,0
2020-08-14,2070,175,358,1706,6,0,2,32,0
2020-08-15,2103,175,359,1738,6,0,2,33,0
2020-08-16,2138,175,361,1771,6,0,2,33,0
2020-08-17,2173,176,363,1804,6,0,1,33,0
2020-08-18,2207,176,364,1837,6,0,1,33,0
2020-08-19,2241,176,365,1870,6,0,1,33,0
2020-08-20,2276,176,367,1903,6,0,1,33,0
2020-08-21,2310,177,368,1936,6,0,1,33,0
2020-08-22,2345,177,369,1970,6,0,1,33,0
2020-08-23,2380,177,370,2003,7,0,1,34,0
2020-08-24,2415,177,371,2037,7,0,1,34,0
2020-08-25,2449,177,372,2070,7,0,1,34,0
2020-08-26,2484,177,373,2104,7,0,1,34,0
2020-08-27,2519,177,374,2138,7,0,1,34,0
2020-08-28,2553,177,374,2172,7,0,1,34,0
2020-08-29,2588,176,375,2206,7,0,1,34,0
2020-08-30,2622,176,375,2240,7,0,0,34,0
2020-08-31,2657,176,376,2274,7,0,0,34,0
2020-09-01,2692,176,376,2308,8,0,0,34,0
2020-09-02,2726,175,376,2342,8,0,0,34,0
2020-09-03,2760,175,376,2376,8,0,0,34,0
2020-09-04,2794,174,376,2410,8,0,0,34,0
2020-09-05,2828,174,376,2444,8,0,0,34,0
2020-09-06,2862,173,376,2478,8,0,0,34,0
2020-09-07,2896,173,376,2512,8,0,0,34,0
2020-09-08,2930,172,376,2546,8,0,0,34,0
2020-09-09,2963,172,375,2580,8,0,0,34,0
2020-09-10,2998,171,375,2614,9,0,0,34,0
2020-09-11,3031,170,374,2648,9,0,0,34,0
2020-09-12,3065,170,374,2682,9,0,0,34,0
2020-09-13,3098,169,373,2716,9,0,0,34,0
2020-09-14,3131,168,372,2750,9,0,0,34,0
2020-09-15,3163,167,371,2783,9,0,0,34,0
2020-09-16,3196,167,370,2817,9,0,0,34,0
2020-09-17,3228,166,369,2850,9,0,0,33,0
2020-09-18,3261,165,368,2884,9,0,0,33,0
2020-09-19,3293,164,367,2917,9,0,0,33,0
2020-09-20,3326,163,366,2950,10,0,0,33,0
2020-09-21,3357,162,364,2983,10,0,0,33,0
2020-09-22,3389,161,363,3016,10,0,0,33,0
2020-09-23,3420,160,361,3049,10,0,0,33,0
2020-09-24,3452,159,360,3082,10,0,0,33,0
2020-09-25,3482,158,358,3114,10,0,0,32,0
2020-09-26,3513,156,356,3147,10,0,0,32,0
2020-09-27,3544,155,355,3179,10,0,0,32,0
2020-09-28,3574,154,353,3211,10,0,0,32,0
2020-09-29,3605,153,351,3243,11,0,0,32,0
2020-09-30,3635,152,349,3275,11,0,0,32,0
2020-10-01,3664,150,347,3306,11,0,0,31,0
2020-10-02,3694,149,345,3338,11,0,0,31,0
2020-10-03,3723,148,343,3369,11,0,0,31,0
2020-10-04,3752,147,341,3400,11,0,0,31,0
2020-10-05,3780,145,338,3431,11,0,0,31,0
2020-10-06,3808,144,336,3461,11,0,0,30,0
2020-10-07,3837,143,334,3492,11,0,0,30,0
2020-10-08,3864,141,331,3522,11,0,0,30,0
2020-10-09,3893,140,329,3552,12,0,0,30,0
2020-10-10,3919,138,326,3581,12,0,0,30,0
2020-10-11,3947,137,324,3611,12,0,0,29,0
2020-10-12,3973,136,321,3640,12,0,0,29,0
2020-10-13,4000,134,319,3669,12,0,0,29,0
2020-10-14,4026,133,316,3698,12,0,0,29,0
2020-10-15,4052,131,313,3727,12,0,0,28,0
2020-10-16,4078,130,311,3755,12,0,0,28,0
2020-10-17,4103,129,308,3783,12,0,0,28,0
2020-10-18,4128,127,305,3811,12,0,0,28,0
2020-10-19,4152,126,302,3838,12,0,0,27,0
2020-10-20,4178,124,299,3866,13,0,0,27,0
2020-10-21,4203,123,297,3893,13,0,0,27,0
2020-10-22,4226,121,294,3919,13,0,0,27,0
2020-10-23,4250,120,291,3946,13,0,0,26,0
2020-10-24,4273,118,288,3972,13,0,0,26,0
2020-10-25,4296,117,285,3998,13,0,0,26,0
2020-10-26,4319,116,282,4024,13,0,0,26,0
2020-10-27,4341,114,279,4049,13,0,0,25,0
2020-10-28,4363,113,276,4074,13,0,0,25,0
2020-10-29,4385,111,273,4099,13,0,0,25,0
2020-10-30,4407,110,270,4124,13,0,0,24,0
2020-10-31,4428,108,267,4148,13,0,0,24,0
2020-11-01,4450,107,264,4172,14,0,0,24,0
2020-11-02,4471,106,261,4196,14,0,0,24,0
2020-11-03,4492,104,258,4220,14,0,0,23,0
2020-11-04,4512,103,255,4243,14,0,0,23,0
2020-11-05,4532,101,252,4266,14,0,0,23,0
2020-11-06,4552,100,249,4289,14,0,0,23,0
2020-11-07,4571,98,246,4311,14,0,0,22,0
2020-11-08,4590,97,243,4333,14,0,0,22,0
2020-11-09,4609,96,240,4355,14,0,0,22,0
2020-11-10,4628,94,237,4377,14,0,0,21,0
2020-11-11,4646,93,234,4398,14,0,0,21,0
2020-11-12,4664,92,231,4419,14,0,0,21,0
2020-11-13,4682,90,228,4440,14,0,0,21,0
2020-11-14,4701,89,225,4461,15,0,0,20,0
2020-11-15,4718,88,222,4481,15,0,0,20,0
2020-11-16,4735,86,219,4501,15,0,0,20,0
2020-11-17,4751,85,216,4520,15,0,0,20,0
2020-11-18,4768,84,213,4540,15,0,0,19,0
2020-11-19,4784,82,210,4559,15,0,0,19,0
2020-11-20,4800,81,207,4578,15,0,0,19,0
2020-11-21,4816,80,204,4597,15,0,0,18,0
2020-11-22,4831,79,201,4615,15,0,0,18,0
2020-11-23,4846,77,198,4633,15,0,0,18,0
2020-11-24,4862,76,196,4651,15,0,0,18,0
2020-11-25,4877,75,193,4669,15,0,0,17,0
2020-11-26,4891,74,190,4686,15,0,0,17,0
2020-11-27,4905,73,187,4703,15,0,0,17,0
2020-11-28,4919,71,184,4720,15,0,0,17,0
2020-11-29,4934,70,182,4737,15,0,0,16,0
2020-11-30,4947,69,179,4753,15,0,0,16,0
2020-12-01,4961,68,176,4769,16,0,0,16,0
2020-12-02,4975,67,174,4785,16,0,0,16,0
2020-12-03,4988,66,171,4801,16,0,0,15,0
2020-12-04,5000,65,168,4816,16,0,0,15,0
2020-12-05,5013,64,166,4831,16,0,0,15,0
2020-12-06,5025,63,163,4846,16,0,0,15,0
2020-12-07,5038,62,161,4861,16,0,0,15,0
2020-12-08,5049,61,158,4875,16,0,0,14,0
2020-12-09,5062,60,156,4890,16,0,0,14,0
2020-12-10,5073,59,153,4904,16,0,0,14,0
2020-12-11,5084,58,151,4917,16,0,0,14,0
2020-12-12,5095,57,148,4931,16,0,0,13,0
2020-12-13,5106,56,146,4944,16,0,0,13,0
2020-12-14,5117,55,144,4957,16,0,0,13,0
2020-12-15,5127,54,141,4970,16,0,0,13,0
2020-12-16,5138,53,139,4983,16,0,0,13,0
2020-12-17,5149,52,137,4996,16,0,0,12,0
2020-12-18,5158,51,134,5008,16,0,0,12,0
2020-12-19,5168,50,132,5020,16,0,0,12,0
2020-12-20,5178,49,130,5032,16,0,0,12,0
2020-12-21,5188,48,128,5044,16,0,0,12,0
2020-12-22,5197,47,126,5055,16,0,0,11,0
2020-12-23,5206,47,124,5066,16,0,0,11,0
2020-12-24,5216,46,121,5078,17,0,0,11,0
2020-12-25,5224,45,119,5088,17,0,0,11,0
2020-12-26,5233,44,117,5099,17,0,0,11,0
2020-12-27,5242,43,115,5110,17,0,0,10,0
2020-12-28,5250,43,113,5120,17,0,0,10,0
2020-12-29,5258,42,111,5130,17,0,0,10,0
2020-12-30,5266,41,109,5140,17,0,0,10,0
2020-12-31,5275,40,108,5150,17,0,0,10,0
2021-01-01,5283,40,106,5160,17,0,0,10,0
2021-01-02,5290,39,104,5169,17,0,0,9,0
2021-01-03,5298,38,102,5179,17,0,0,9,0
2021-01-04,5305,37,100,5188,17,0,0,9,0
2021-01-05,5312,37,98,5197,17,0,0,9,0
2021-01-06,5320,36,97,5206,17,0,0,9,0
2021-01-07,5327,35,95,5215,17,0,0,9,0
2021-01-08,5333,35,93,5223,17,0,0,8,0
2021-01-09,5340,34,92,5231,17,0,0,8,0
2021-01-10,5347,33,90,5240,17,0,0,8,0
2021-01-11,5353,33,88,5248,17,0,0,8,0
2021-01-12,5360,32,87,5256,17,0,0,8,0
2021-01-13,5366,32,85,5264,17,0,0,8,0
2021-01-14,5372,31,84,5271,17,0,0,8,0
2021-01-15,5378,30,82,5279,17,0,0,7,0
2021-01-16,5384,30,81,5286,17,0,0,7,0
2021-01-17,5389,29,79,5293,17,0,0,7,0
2021-01-18,5396,29,78,5301,17,0,0,7,0
2021-01-19,5401,28,76,5308,17,0,0,7,0
2021-01-20,5406,28,75,5314,17,0,0,7,0
2021-01-21,5412,27,74,5321,17,0,0,7,0
2021-01-22,5417,27,72,5328,17,0,0,7,0
2021-01-23,5422,26,71,5334,17,0,0,6,0
2021-01-24,5428,26,70,5341,17,0,0,6,0
2021-01-25,5432,25,68,5347,17,0,0,6,0
2021-01-26,5437,25,67,5353,17,0,0,6,0
2021-01-27,5442,24,66,5359,17,0,0,6,0
2021-01-28,5447,24,65,5365,17,0,0,6,0
2021-01-29,5451,23,63,5371,17,0,0,6,0
2021-01-30,5456,23,62,5377,17,0,0,6,0
2021-01-31,5461,22,61,5382,18,0,0,6,0
2021-02-01,5466,22,60,5388,18,0,0,5,0
2021-02-02,5470,22,59,5393,18,0,0,5,0
2021-02-03,5474,21,58,5398,18,0,0,5,0
2021-02-04,5478,21,57,5403,18,0,0,5,0
2021-02-05,5482,20,55,5409,18,0,0,5,0
2021-02-06,5486,20,54,5414,18,0,0,5,0
2021-02-07,5489,20,53,5418,18,0,0,5,0
2021-02-08,5493,19,52,5423,18,0,0,5,0
2021-02-09,5497,19,51,5428,18,0,0,5,0
2021-02-10,5501,18,50,5433,18,0,0,5,0
2021-02-11,5504,18,49,5437,18,0,0,4,0
2021-02-12,5508,18,48,5442,18,0,0,4,0
2021-02-13,5512,17,48,5446,18,0,0,4,0
2021-02-14,5515,17,47,5450,18,0,0,4,0
2021-02-15,5518,17,46,5454,18,0,0,4,0
2021-02-16,5521,16,45,5458,18,0,0,4,0
2021-02-17,5525,16,44,5463,18,0,0,4,0
2021-02-18,5527,16,43,5466,18,0,0,4,0
2021-02-19,5530,15,42,5470,18,0,0,4,0
2021-02-20,5533,15,41,5474,18,0,0,4,0
2021-02-21,5537,15,41,5478,18,0,0,4,0
2021-02-22,5540,15,40,5482,18,0,0,4,0
2021-02-23,5542,14,39,5485,18,0,0,4,0
2021-02-24,5545,14,38,5489,18,0,0,3,0
2021-02-25,5548,14,38,5492,18,0,0,3,0
2021-02-26,5550,13,37,5495,18,0,0,3,0
2021-02-27,5553,13,36,5499,18,0,0,3,0
2021-02-28,5555,13,35,5502,18,0,0,3,0
2021-03-01,5558,13,35,5505,18,0,0,3,0
2021-03-02,5560,12,34,5508,18,0,0,3,0
2021-03-03,5562,12,33,5511,18,0,0,3,0
2021-03-04,5565,12,33,5514,18,0,0,3,0
2021-03-05,5567,12,32,5517,18,0,0,3,0
2021-03-06,5570,11,32,5520,18,0,0,3,0
2021-03-07,5572,11,31,5523,18,0,0,3,0
2021-03-08,5574,11,30,5526,18,0,0,3,0
2021-03-09,5577,11,30,5529,18,0,0,3,0
2021-03-10,5578,11,29,5531,18,0,0,3,0
2021-03-11,5581,10,29,5534,18,0,0,3,0
2021-03-12,5582,10,28,5536,18,0,0,3,0
2021-03-13,5584,10,27,5539,18,0,0,2,0
2021-03-14,5586,10,27,5541,18,0,0,2,0
2021-03-15,5588,10,26,5544,18,0,0,2,0
2021-03-16,5590,9,26,5546,18,0,0,2,0
2021-03-17,5592,9,25,5549,18,0,0,2,0
2021-03-18,5594,9,25,5551,18,0,0,2,0
2021-03-19,5595,9,24,5553,18,0,0,2,0
2021-03-20,5597,9,24,5555,18,0,0,2,0
2021-03-21,5598,8,23,5557,18,0,0,2,0
2021-03-22,5601,8,23,5560,18,0,0,2,0
2021-03-23,5602,8,22,5562,18,0,0,2,0
2021-03-24,5604,8,22,5564,18,0,0,2,0
2021-03-25,5606,8,22,5566,18,0,0,2,0
2021-03-26,5607,8,21,5568,18,0,0,2,0
2021-03-27,5608,7,21,5569,18,0,0,2,0
2021-03-28,5609,7,20,5571,18,0,0,2,0
2021-03-29,5611,7,20,5573,18,0,0,2,0
2021-03-30,5613,7,20,5575,18,0,0,2,0
2021-03-31,5614,7,19,5577,18,0,0,2,0
2021-04-01,5615,7,19,5578,18,0,0,2,0
2021-04-02,5616,7,18,5580,18,0,0,2,0
2021-04-03,5618,7,18,5582,18,0,0,2,0
2021-04-04,5619,6,18,5583,18,0,0,2,0
2021-04-05,5620,6,17,5585,18,0,0,2,0
2021-04-06,5621,6,17,5586,18,0,0,2,0
2021-04-07,5623,6,17,5588,18,0,0,2,0
2021-04-08,5624,6,16,5590,18,0,0,1,0
2021-04-09,5625,6,16,5591,18,0,0,1,0
2021-04-10,5626,6,16,5592,18,0,0,1,0
2021-04-11,5627,6,15,5594,18,0,0,1,0
2021-04-12,5628,5,15,5595,18,0,0,1,0
2021-04-13,5630,5,15,5597,18,0,0,1,0
2021-04-14,5630,5,14,5598,18,0,0,1,0
2021-04-15,5631,5,14,5599,18,0,0,1,0
2021-04-16,5632,5,14,5600,18,0,0,1,0
2021-04-17,5634,5,14,5602,18,0,0,1,0
2021-04-18,5634,5,13,5603,18,0,0,1,0
2021-04-19,5635,5,13,5604,18,0,0,1,0
2021-04-20,5636,5,13,5605,18,0,0,1,0
2021-04-21,5637,5,13,5606,18,0,0,1,0
2021-04-22,5638,4,12,5608,18,0,0,1,0
2021-04-23,5639,4,12,5609,18,0,0,1,0
2021-04-24,5640,4,12,5610,18,0,0,1,0
2021-04-25,5641,4,12,5611,18,0,0,1,0
2021-04-26,5641,4,11,5612,18,0,0,1,0
2021-04-27,5642,4,11,5613,18,0,0,1,0
2021-04-28,5643,4,11,5614,18,0,0,1,0
2021-04-29,5644,4,11,5615,18,0,0,1,0
2021-04-30,5644,4,10,5616,18,0,0,1,0
2021-05-01,5645,4,10,5617,18,0,0,1,0
2021-05-02,5646,4,10,5618,18,0,0,1,0
2021-05-03,5647,4,10,5619,18,0,0,1,0
2021-05-04,5647,3,10,5619,18,0,0,1,0
2021-05-05,5647,3,9,5620,18,0,0,1,0
2021-05-06,5648,3,9,5621,18,0,0,1,0
2021-05-07,5649,3,9,5622,18,0,0,1,0
2021-05-08,5650,3,9,5623,18,0,0,1,0
2021-05-09,5651,3,9,5624,18,0,0,1,0
2021-05-10,5650,3,8,5624,18,0,0,1,0
2021-05-11,5651,3,8,5625,18,0,0,1,0
2021-05-12,5652,3,8,5626,18,0,0,1,0
2021-05-13,5653,3,8,5627,18,0,0,1,0
2021-05-14,5653,3,8,5627,18,0,0,1,0
2021-05-15,5654,3,8,5628,18,0,0,1,0
2021-05-16,5655,3,8,5629,18,0,0,1,0
2021-05-17,5654,3,7,5629,18,0,0,1,0
2021-05-18,5655,3,7,5630,18,0,0,1,0
2021-05-19,5656,3,7,5631,18,0,0,1,0
2021-05-20,5656,2,7,5631,18,0,0,1,0
2021-05-21,5657,2,7,5632,18,0,0,1,0
2021-05-22,5658,2,7,5633,18,0,0,1,0
2021-05-23,5658,2,7,5633,18,0,0,1,0
2021-05-24,5658,2,6,5634,18,0,0,1,0
2021-05-25,5658,2,6,5634,18,0,0,1,0
2021-05-26,5659,2,6,5635,18,0,0,1,0
2021-05-27,5659,2,6,5635,18,0,0,1,0
2021-05-28,5660,2,6,5636,18,0,0,1,0
2021-05-29,5660,2,6,5636,18,0,0,1,0
2021-05-30,5661,2,6,5637,18,0,0,1,0
2021-05-31,5662,2,6,5638,18,0,0,1,0
2021-06-01,5661,2,5,5638,18,0,0,0,0
2021-06-02,5661,2,5,5638,18,0,0,0,0
2021-06-03,5662,2,5,5639,18,0,0,0,0
2021-06-04,5662,2,5,5639,18,0,0,0,0
2021-06-05,5663,2,5,5640,18,0,0,0,0
2021-06-06,5663,2,5,5640,18,0,0,0,0
2021-06-07,5664,2,5,5641,18,0,0,0,0
2021-06-08,5664,2,5,5641,18,0,0,0,0
2021-06-09,5665,2,5,5642,18,0,0,0,0
2021-06-10,5665,2,5,5642,18,0,0,0,0
2021-06-11,5664,2,4,5642,18,0,0,0,0
2021-06-12,5665,2,4,5643,18,0,0,0,0
2021-06-13,5665,2,4,5643,18,0,0,0,0
