Date,Infected,Exposed,Active,Recovered,Deaths,Diff Exposed,Diff Active,Diff Recovered,Diff Deaths
2020-07-12,5719,476,1223,4482,14,27,0,111,0
2020-07-13,5815,500,1208,4592,15,20,0,109,0
2020-07-14,5914,518,1198,4701,15,15,0,109,0
2020-07-15,6016,532,1192,4809,15,12,0,108,0
2020-07-16,6122,543,1189,4917,16,9,0,108,0
2020-07-17,6229,551,1188,5025,16,7,0,108,0
2020-07-18,6336,557,1188,5132,16,5,1,108,0
2020-07-19,6447,562,1190,5240,17,4,2,108,0
2020-07-20,6557,566,1192,5348,17,3,3,108,0
2020-07-21,6669,569,1195,5456,18,3,3,108,0
2020-07-22,6781,572,1198,5565,18,2,3,109,0
2020-07-23,6892,574,1201,5673,18,2,3,109,0
2020-07-24,7006,575,1205,5782,19,1,3,109,0
2020-07-25,7118,577,1208,5891,19,1,3,109,0
2020-07-26,7231,578,1211,6001,19,1,3,110,0
2020-07-27,7345,579,1214,6111,20,1,3,110,0
2020-07-28,7458,579,1217,6221,20,1,3,110,0
2020-07-29,7571,580,1220,6331,20,0,3,111,0
2020-07-30,7686,580,1223,6442,21,0,3,111,0
2020-07-31,7799,580,1225,6553,21,0,2,111,0
2020-08-01,7913,580,1228,6664,21,0,2,111,0
2020-08-02,8027,580,1230,6775,22,0,2,111,0
2020-08-03,8140,580,1231,6887,22,0,2,112,0
2020-08-04,8253,579,1233,6998,22,0,2,112,0
2020-08-05,8367,579,1234,7110,23,0,1,112,0
2020-08-06,8481,578,1236,7222,23,0,1,112,0
2020-08-07,8595,578,1237,7334,24,0,1,112,0
2020-08-08,8707,577,1237,7446,24,0,1,112,0
2020-08-09,8820,576,1238,7558,24,0,0,112,0
2020-08-10,8934,575,1238,7671,25,0,0,112,0
2020-08-11,9046,574,1238,7783,25,0,0,112,0
2020-08-12,9158,572,1238,7895,25,0,0,112,0
2020-08-13,9271,571,1238,8007,26,0,0,112,0
2020-08-14,9382,570,1237,8119,26,0,0,112,0
2020-08-15,9493,568,1236,8231,26,0,0,112,0
2020-08-16,9605,566,1235,8343,27,0,0,112,0
2020-08-17,9716,565,1234,8455,27,0,0,112,0
2020-08-18,9827,563,1232,8567,28,0,0,112,0
2020-08-19,9937,561,1230,8679,28,0,0,112,0
2020-08-20,10046,559,1228,8790,28,0,0,111,0
2020-08-21,10156,557,1226,8901,29,0,0,111,0
2020-08-22,10265,554,1224,9012,29,0,0,111,0
2020-08-23,10373,552,1221,9123,29,0,0,111,0
2020-08-24,10482,550,1218,9234,30,0,0,110,0
2020-08-25,10589,547,1215,9344,30,0,0,110,0
2020-08-26,10696,544,1212,9454,30,0,0,110,0
2020-08-27,10803,542,1208,9564,31,0,0,110,0
2020-08-28,10909,539,1205,9673,31,0,0,109,0
2020-08-29,11014,536,1201,9782,31,0,0,109,0
2020-08-30,11120,533,1197,9891,32,0,0,108,0
2020-08-31,11223,530,1192,9999,32,0,0,108,0
2020-09-01,11327,527,1188,10107,32,0,0,108,0
2020-09-02,11431,524,1183,10215,33,0,0,107,0
2020-09-03,11533,521,1178,10322,33,0,0,107,0
2020-09-04,11635,518,1173,10428,34,0,0,106,0
2020-09-05,11736,514,1168,10534,34,0,0,106,0
2020-09-06,11837,511,1163,10640,34,0,0,105,0
2020-09-07,11937,507,1157,10745,35,0,0,105,0
2020-09-08,12036,504,1151,10850,35,0,0,104,0
2020-09-09,12134,500,1145,10954,35,0,0,104,0
2020-09-10,12233,497,1139,11058,36,0,0,103,0
2020-09-11,12330,493,1133,11161,36,0,0,103,0
2020-09-12,12426,489,1127,11263,36,0,0,102,0
2020-09-13,12522,486,1120,11365,37,0,0,102,0
2020-09-14,12616,482,1113,11466,37,0,0,101,0
2020-09-15,12711,478,1107,11567,37,0,0,100,0
2020-09-16,12804,474,1100,11667,37,0,0,100,0
2020-09-17,12897,470,1093,11766,38,0,0,99,0
2020-09-18,12988,466,1085,11865,38,0,0,98,0
2020-09-19,13079,462,1078,11963,38,0,0,98,0
2020-09-20,13171,458,1071,12061,39,0,0,97,0
2020-09-21,13260,454,1063,12158,39,0,0,96,0
2020-09-22,13348,450,1055,12254,39,0,0,96,0
2020-09-23,13437,446,1048,12349,40,0,0,95,0
2020-09-24,13524,442,1040,12444,40,0,0,94,0
2020-09-25,13610,437,1032,12538,40,0,0,93,0
2020-09-26,13696,433,1024,12631,41,0,0,93,0
2020-09-27,13779,429,1015,12723,41,0,0,92,0
2020-09-28,13863,425,1007,12815,41,0,0,91,0
2020-09-29,13946,420,999,12906,41,0,0,91,0
2020-09-30,14029,416,991,12996,42,0,0,90,0
2020-10-01,14110,412,982,13086,42,0,0,89,0
2020-10-02,14190,408,974,13174,42,0,0,88,0
2020-10-03,14270,403,965,13262,43,0,0,87,0
2020-10-04,14348,399,956,13349,43,0,0,87,0
2020-10-05,14427,395,948,13436,43,0,0,86,0
2020-10-06,14503,391,939,13521,43,0,0,85,0
2020-10-07,14580,386,930,13606,44,0,0,84,0
2020-10-08,14655,382,921,13690,44,0,0,83,0
2020-10-09,14729,378,912,13773,44,0,0,83,0
2020-10-10,14804,373,903,13856,45,0,0,82,0
2020-10-11,14877,369,895,13937,45,0,0,81,0
2020-10-12,14949,365,886,14018,45,0,0,80,0
2020-10-13,15020,361,877,14098,45,0,0,79,0
2020-10-14,15091,356,868,14177,46,0,0,79,0
2020-10-15,15160,352,859,14255,46,0,0,78,0
2020-10-16,15229,348,850,14333,46,0,0,77,0
2020-10-17,15297,344,841,14410,46,0,0,76,0
2020-10-18,15364,339,832,14485,47,0,0,75,0
2020-10-19,15431,335,823,14561,47,0,0,75,0
2020-10-20,15495,331,813,14635,47,0,0,74,0
2020-10-21,15559,327,804,14708,47,0,0,73,0
2020-10-22,15623,323,795,14781,47,0,0,72,0
2020-10-23,15687,319,786,14853,48,0,0,71,0
2020-10-24,15749,315,777,14924,48,0,0,70,0
2020-10-25,15811,311,769,14994,48,0,0,70,0
2020-10-26,15871,307,760,15063,48,0,0,69,0
2020-10-27,15932,303,751,15132,49,0,0,68,0
2020-10-28,15990,299,742,15199,49,0,0,67,0
2020-10-29,16048,295,733,15266,49,0,0,66,0
2020-10-30,16105,291,724,15332,49,0,0,66,0
2020-10-31,16162,287,715,15398,49,0,0,65,0
2020-11-01,16218,283,706,15462,50,0,0,64,0
2020-11-02,16274,279,698,15526,50,0,0,63,0
2020-11-03,16328,275,689,15589,50,0,0,62,0
2020-11-04,16381,272,680,15651,50,0,0,62,0
2020-11-05,16434,268,672,15712,50,0,0,61,0
2020-11-06,16487,264,663,15773,51,0,0,60,0
2020-11-07,16539,260,655,15833,51,0,0,59,0
2020-11-08,16589,257,646,15892,51,0,0,59,0
2020-11-09,16639,253,638,15950,51,0,0,58,0
2020-11-10,16689,249,630,16008,51,0,0,57,0
2020-11-11,16737,246,621,16064,52,0,0,56,0
2020-11-12,16785,242,613,16120,52,0,0,56,0
2020-11-13,16833,239,605,16176,52,0,0,55,0
2020-11-14,16879,235,597,16230,52,0,0,54,0
2020-11-15,16925,232,589,16284,52,0,0,53,0
2020-11-16,16970,229,581,16337,52,0,0,53,0
2020-11-17,17015,225,573,16389,53,0,0,52,0
2020-11-18,17059,222,565,16441,53,0,0,51,0
2020-11-19,17102,219,557,16492,53,0,0,50,0
2020-11-20,17144,215,549,16542,53,0,0,50,0
2020-11-21,17187,212,542,16592,53,0,0,49,0
2020-11-22,17227,209,534,16640,53,0,0,48,0
2020-11-23,17268,206,526,16688,54,0,0,48,0
2020-11-24,17309,203,519,16736,54,0,0,47,0
2020-11-25,17348,200,511,16783,54,0,0,46,0
2020-11-26,17387,197,504,16829,54,0,0,46,0
2020-11-27,17425,193,497,16874,54,0,0,45,0
2020-11-28,17463,191,490,16919,54,0,0,44,0
2020-11-29,17500,188,483,16963,54,0,0,44,0
2020-11-30,17537,185,475,17007,55,0,0,43,0
2020-12-01,17572,182,468,17049,55,0,0,42,0
2020-12-02,17609,179,462,17092,55,0,0,42,0
2020-12-03,17643,176,455,17133,55,0,0,41,0
2020-12-04,17677,173,448,17174,55,0,0,41,0
2020-12-05,17711,171,441,17215,55,0,0,40,0
2020-12-06,17744,168,435,17254,55,0,0,39,0
2020-12-07,17778,165,428,17294,56,0,0,39,0
2020-12-08,17810,163,422,17332,56,0,0,38,0
2020-12-09,17841,160,415,17370,56,0,0,38,0
2020-12-10,17872,158,409,17407,56,0,0,37,0
2020-12-11,17903,155,403,17444,56,0,0,36,0
2020-12-12,17933,153,396,17481,56,0,0,36,0
2020-12-13,17962,150,390,17516,56,0,0,35,0
2020-12-14,17991,148,384,17551,56,0,0,35,0
2020-12-15,18020,145,378,17586,56,0,0,34,0
2020-12-16,18049,143,372,17620,57,0,0,34,0
2020-12-17,18078,141,367,17654,57,0,0,33,0
2020-12-18,18105,138,361,17687,57,0,0,33,0
2020-12-19,18131,136,355,17719,57,0,0,32,0
2020-12-20,18158,134,350,17751,57,0,0,32,0
2020-12-21,18184,132,344,17783,57,0,0,31,0
2020-12-22,18210,129,339,17814,57,0,0,31,0
2020-12-23,18234,127,333,17844,57,0,0,30,0
2020-12-24,18259,125,328,17874,57,0,0,30,0
2020-12-25,18285,123,323,17904,58,0,0,29,0
2020-12-26,18309,121,318,17933,58,0,0,29,0
2020-12-27,18332,119,312,17962,58,0,0,28,0
2020-12-28,18355,117,307,17990,58,0,0,28,0
2020-12-29,18377,115,302,18017,58,0,0,27,0
2020-12-30,18401,113,298,18045,58,0,0,27,0
2020-12-31,18422,111,293,18071,58,0,0,27,0
2021-01-01,18444,109,288,18098,58,0,0,26,0
2021-01-02,18465,108,283,18124,58,0,0,26,0
2021-01-03,18486,106,279,18149,58,0,0,25,0
2021-01-04,18506,104,274,18174,58,0,0,25,0
2021-01-05,18527,102,270,18199,58,0,0,24,0
2021-01-06,18547,100,265,18223,59,0,0,24,0
2021-01-07,18567,99,261,18247,59,0,0,24,0
2021-01-08,18586,97,256,18271,59,0,0,23,0
2021-01-09,18605,95,252,18294,59,0,0,23,0
2021-01-10,18623,94,248,18316,59,0,0,22,0
2021-01-11,18642,92,244,18339,59,0,0,22,0
2021-01-12,18660,91,240,18361,59,0,0,22,0
2021-01-13,18677,89,236,18382,59,0,0,21,0
2021-01-14,18694,88,232,18403,59,0,0,21,0
2021-01-15,18711,86,228,18424,59,0,0,21,0
2021-01-16,18728,85,224,18445,59,0,0,20,0
2021-01-17,18744,83,220,18465,59,0,0,20,0
2021-01-18,18761,82,217,18485,59,0,0,20,0
2021-01-19,18776,80,213,18504,59,0,0,19,0
2021-01-20,18793,79,209,18524,60,0,0,19,0
2021-01-21,18808,77,206,18542,60,0,0,19,0
2021-01-22,18823,76,202,18561,60,0,0,18,0
2021-01-23,18838,75,199,18579,60,0,0,18,0
2021-01-24,18852,74,195,18597,60,0,0,18,0
2021-01-25,18867,72,192,18615,60,0,0,17,0
2021-01-26,18881,71,189,18632,60,0,0,17,0
2021-01-27,18895,70,186,18649,60,0,0,17,0
2021-01-28,18908,69,182,18666,60,0,0,17,0
2021-01-29,18921,67,179,18682,60,0,0,16,0
2021-01-30,18934,66,176,18698,60,0,0,16,0
2021-01-31,18947,65,173,18714,60,0,0,16,0
2021-02-01,18960,64,170,18730,60,0,0,15,0
2021-02-02,18972,63,167,18745,60,0,0,15,0
2021-02-03,18984,62,164,18760,60,0,0,15,0
2021-02-04,18997,61,162,18775,60,0,0,15,0
2021-02-05,19008,59,159,18789,60,0,0,14,0
2021-02-06,19020,58,156,18804,60,0,0,14,0
2021-02-07,19031,57,153,18818,60,0,0,14,0
2021-02-08,19044,56,151,18832,61,0,0,14,0
2021-02-09,19054,55,148,18845,61,0,0,13,0
2021-02-10,19064,54,145,18858,61,0,0,13,0
2021-02-11,19076,53,143,18872,61,0,0,13,0
2021-02-12,19085,52,140,18884,61,0,0,13,0
2021-02-13,19096,52,138,18897,61,0,0,12,0
2021-02-14,19106,51,136,18909,61,0,0,12,0
2021-02-15,19116,50,133,18922,61,0,0,12,0
2021-02-16,19126,49,131,18934,61,0,0,12,0
2021-02-17,19135,48,129,18945,61,0,0,12,0
2021-02-18,19144,47,126,18957,61,0,0,11,0
2021-02-19,19153,46,124,18968,61,0,0,11,0
2021-02-20,19163,45,122,18980,61,0,0,11,0
2021-02-21,19171,45,120,18990,61,0,0,11,0
2021-02-22,19180,44,118,19001,61,0,0,11,0
2021-02-23,19189,43,116,19012,61,0,0,10,0
2021-02-24,19196,42,113,19022,61,0,0,10,0
2021-02-25,19204,42,111,19032,61,0,0,10,0
2021-02-26,19213,41,109,19043,61,0,0,10,0
2021-02-27,19221,40,108,19052,61,0,0,10,0
2021-02-28,19229,39,106,19062,61,0,0,10,0
2021-03-01,19237,39,104,19072,61,0,0,9,0
2021-03-02,19244,38,102,19081,61,0,0,9,0
2021-03-03,19251,37,100,19090,61,0,0,9,0
2021-03-04,19258,37,98,19099,61,0,0,9,0
2021-03-05,19266,36,97,19108,61,0,0,9,0
2021-03-06,19273,35,95,19117,61,0,0,9,0
2021-03-07,19279,35,93,19125,61,0,0,8,0
2021-03-08,19287,34,92,19134,61,0,0,8,0
2021-03-09,19293,33,90,19142,61,0,0,8,0
2021-03-10,19300,33,88,19150,62,0,0,8,0
2021-03-11,19307,32,87,19158,62,0,0,8,0
2021-03-12,19313,32,85,19166,62,0,0,8,0
2021-03-13,19319,31,84,19173,62,0,0,8,0
2021-03-14,19325,31,82,19181,62,0,0,7,0
2021-03-15,19331,30,81,19188,62,0,0,7,0
2021-03-16,19336,29,79,19195,62,0,0,7,0
2021-03-17,19343,29,78,19203,62,0,0,7,0
2021-03-18,19348,28,76,19210,62,0,0,7,0
2021-03-19,19353,28,75,19216,62,0,0,7,0
2021-03-20,19359,27,74,19223,62,0,0,7,0
2021-03-21,19364,27,72,19230,62,0,0,7,0
2021-03-22,19369,26,71,19236,62,0,0,6,0
2021-03-23,19375,26,70,19243,62,0,0,6,0
2021-03-24,19380,25,69,19249,62,0,0,6,0
2021-03-25,19384,25,67,19255,62,0,0,6,0
2021-03-26,19389,25,66,19261,62,0,0,6,0
2021-03-27,19394,24,65,19267,62,0,0,6,0
2021-03-28,19399,24,64,19273,62,0,0,6,0
2021-03-29,19404,23,63,19279,62,0,0,6,0
2021-03-30,19407,23,61,19284,62,0,0,6,0
2021-03-31,19412,22,60,19290,62,0,0,5,0
2021-04-01,19416,22,59,19295,62,0,0,5,0
2021-04-02,19421,22,58,19301,62,0,0,5,0
2021-04-03,19425,21,57,19306,62,0,0,5,0
2021-04-04,19429,21,56,19311,62,0,0,5,0
2021-04-05,19433,20,55,19316,62,0,0,5,0
2021-04-06,19437,20,54,19321,62,0,0,5,0
2021-04-07,19441,20,53,19326,62,0,0,5,0
2021-04-08,19445,19,52,19331,62,0,0,5,0
2021-04-09,19448,19,51,19335,62,0,0,5,0
2021-04-10,19452,19,50,19340,62,0,0,5,0
2021-04-11,19456,18,49,19345,62,0,0,4,0
2021-04-12,19459,18,48,19349,62,0,0,4,0
2021-04-13,19463,18,48,19353,62,0,0,4,0
2021-04-14,19467,17,47,19358,62,0,0,4,0
2021-04-15,19470,17,46,19362,62,0,0,4,0
2021-04-16,19473,17,45,19366,62,0,0,4,0
2021-04-17,19476,16,44,19370,62,0,0,4,0
2021-04-18,19479,16,43,19374,62,0,0,4,0
2021-04-19,19483,16,43,19378,62,0,0,4,0
2021-04-20,19486,15,42,19382,62,0,0,4,0
2021-04-21,19488,15,41,19385,62,0,0,4,0
2021-04-22,19491,15,40,19389,62,0,0,4,0
2021-04-23,19495,15,40,19393,62,0,0,4,0
2021-04-24,19497,14,39,19396,62,0,0,4,0
2021-04-25,19500,14,38,19400,62,0,0,3,0
2021-04-26,19502,14,37,19403,62,0,0,3,0
2021-04-27,19506,14,37,19407,62,0,0,3,0
2021-04-28,19508,13,36,19410,62,0,0,3,0
2021-04-29,19510,13,35,19413,62,0,0,3,0
2021-04-30,19513,13,35,19416,62,0,0,3,0
2021-05-01,19515,13,34,19419,62,0,0,3,0
2021-05-02,19519,12,34,19423,62,0,0,3,0
2021-05-03,19521,12,33,19426,62,0,0,3,0
2021-05-04,19523,12,32,19429,62,0,0,3,0
2021-05-05,19525,12,32,19431,62,0,0,3,0
2021-05-06,19527,12,31,19434,62,0,0,3,0
2021-05-07,19530,11,31,19437,62,0,0,3,0
2021-05-08,19532,11,30,19440,62,0,0,3,0
2021-05-09,19534,11,29,19443,62,0,0,3,0
2021-05-10,19536,11,29,19445,62,0,0,3,0
2021-05-11,19538,10,28,19448,62,0,0,3,0
2021-05-12,19540,10,28,19450,62,0,0,3,0
2021-05-13,19542,10,27,19453,62,0,0,2,0
2021-05-14,19545,10,27,19455,63,0,0,2,0
2021-05-15,19547,10,26,19458,63,0,0,2,0
2021-05-16,19549,10,26,19460,63,0,0,2,0
2021-05-17,19550,9,25,19462,63,0,0,2,0
2021-05-18,19553,9,25,19465,63,0,0,2,0
2021-05-19,19554,9,24,19467,63,0,0,2,0
2021-05-20,19556,9,24,19469,63,0,0,2,0
2021-05-21,19558,9,24,19471,63,0,0,2,0
2021-05-22,19559,9,23,19473,63,0,0,2,0
2021-05-23,19562,8,23,19476,63,0,0,2,0
2021-05-24,19563,8,22,19478,63,0,0,2,0
2021-05-25,19565,8,22,19480,63,0,0,2,0
2021-05-26,19567,8,22,19482,63,0,0,2,0
2021-05-27,19568,8,21,19484,63,0,0,2,0
2021-05-28,19569,8,21,19485,63,0,0,2,0
2021-05-29,19570,8,20,19487,63,0,0,2,0
2021-05-30,19572,7,20,19489,63,0,0,2,0
2021-05-31,19574,7,20,19491,63,0,0,2,0
2021-06-01,19575,7,19,19493,63,0,0,2,0
2021-06-02,19576,7,19,19494,63,0,0,2,0
2021-06-03,19578,7,19,19496,63,0,0,2,0
2021-06-04,19579,7,18,19498,63,0,0,2,0
2021-06-05,19580,7,18,19499,63,0,0,2,0
2021-06-06,19582,6,18,19501,63,0,0,2,0
2021-06-07,19583,6,17,19503,63,0,0,2,0
2021-06-08,19584,6,17,19504,63,0,0,2,0
2021-06-09,19586,6,17,19506,63,0,0,2,0
2021-06-10,19586,6,16,19507,63,0,0,1,0
2021-06-11,19588,6,16,19509,63,0,0,1,0
2021-06-12,19589,6,16,19510,63,0,0,1,0
2021-06-13,19589,6,15,19511,63,0,0,1,0
2021-06-14,19591,6,15,19513,63,0,0,1,0
2021-06-15,19592,5,15,19514,63,0,0,1,0
2021-06-16,19594,5,15,19516,63,0,0,1,0
2021-06-17,19594,5,14,19517,63,0,0,1,0
2021-06-18,19595,5,14,19518,63,0,0,1,0
2021-06-19,19596,5,14,19519,63,0,0,1,0
2021-06-20,19598,5,14,19521,63,0,0,1,0
2021-06-21,19598,5,13,19522,63,0,0,1,0
2021-06-22,19599,5,13,19523,63,0,0,1,0
2021-06-23,19600,5,13,19524,63,0,0,1,0
2021-06-24,19601,5,13,19525,63,0,0,1,0
2021-06-25,19602,5,12,19527,63,0,0,1,0
2021-06-26,19603,4,12,19528,63,0,0,1,0
2021-06-27,19604,4,12,19529,63,0,0,1,0
2021-06-28,19605,4,12,19530,63,0,0,1,0
2021-06-29,19605,4,11,19531,63,0,0,1,0
2021-06-30,19606,4,11,19532,63,0,0,1,0
2021-07-01,19607,4,11,19533,63,0,0,1,0
2021-07-02,19608,4,11,19534,63,0,0,1,0
2021-07-03,19609,4,11,19535,63,0,0,1,0
2021-07-04,19609,4,10,19536,63,0,0,1,0
2021-07-05,19610,4,10,19537,63,0,0,1,0
2021-07-06,19611,4,10,19538,63,0,0,1,0
2021-07-07,19612,4,10,19539,63,0,0,1,0
