Date,Infected,Exposed,Active,Recovered,Deaths,Diff Exposed,Diff Active,Diff Recovered,Diff Deaths
2020-07-08,410,136,93,315,2,0,18,8,0
2020-07-09,436,123,110,324,2,0,14,10,0
2020-07-10,459,114,122,335,2,0,11,11,0
2020-07-11,481,107,133,346,2,0,9,12,0
2020-07-12,502,103,141,359,2,0,7,13,0
2020-07-13,522,101,148,372,2,0,6,13,0
2020-07-14,541,100,154,385,2,0,6,14,0
2020-07-15,561,100,160,399,2,0,5,14,0
2020-07-16,580,100,164,414,2,1,5,15,0
2020-07-17,600,101,169,429,2,1,4,15,0
2020-07-18,619,102,173,444,2,1,4,16,0
2020-07-19,639,103,177,460,2,1,4,16,0
2020-07-20,659,105,181,476,2,2,4,16,0
2020-07-21,681,106,185,493,3,2,4,17,0
2020-07-22,702,108,189,510,3,2,4,17,0
2020-07-23,723,110,193,527,3,2,4,17,0
2020-07-24,745,112,197,545,3,2,4,18,0
2020-07-25,767,114,201,563,3,2,4,18,0
2020-07-26,789,116,205,581,3,2,4,19,0
2020-07-27,812,118,209,600,3,2,4,19,0
2020-07-28,836,120,214,619,3,2,4,19,0
2020-07-29,859,122,218,638,3,2,4,20,0
2020-07-30,883,125,222,658,3,2,4,20,0
2020-07-31,907,127,226,678,3,2,4,20,0
2020-08-01,934,129,231,699,4,2,4,21,0
2020-08-02,959,131,235,720,4,2,4,21,0
2020-08-03,984,134,239,741,4,2,4,22,0
2020-08-04,1011,136,244,763,4,2,4,22,0
2020-08-05,1037,138,248,785,4,2,5,22,0
2020-08-06,1065,141,253,808,4,2,5,23,0
2020-08-07,1092,143,257,831,4,2,5,23,0
2020-08-08,1120,145,262,854,4,2,5,24,0
2020-08-09,1149,148,267,878,4,2,5,24,0
2020-08-10,1179,150,271,903,5,2,5,25,0
2020-08-11,1208,152,276,927,5,2,5,25,0
2020-08-12,1238,155,281,952,5,2,5,25,0
2020-08-13,1269,157,286,978,5,2,5,26,0
2020-08-14,1300,160,291,1004,5,2,5,26,0
2020-08-15,1331,162,296,1030,5,2,5,27,0
2020-08-16,1363,165,301,1057,5,2,5,27,0
2020-08-17,1397,167,306,1085,6,2,5,28,0
2020-08-18,1430,170,311,1113,6,2,5,28,0
2020-08-19,1463,172,316,1141,6,2,5,29,0
2020-08-20,1496,175,321,1169,6,2,5,29,0
2020-08-21,1531,177,326,1199,6,2,5,29,0
2020-08-22,1565,180,331,1228,6,2,5,30,0
2020-08-23,1600,182,336,1258,6,2,5,30,0
2020-08-24,1637,184,341,1289,7,2,5,31,0
2020-08-25,1673,187,346,1320,7,2,5,31,0
2020-08-26,1710,189,351,1352,7,2,5,32,0
2020-08-27,1747,192,357,1383,7,2,5,32,0
2020-08-28,1785,194,362,1416,7,2,5,33,0
2020-08-29,1823,197,367,1449,7,2,5,33,0
2020-08-30,1862,199,372,1482,8,2,5,34,0
2020-08-31,1901,201,377,1516,8,2,5,34,0
2020-09-01,1940,204,382,1550,8,2,5,35,0
2020-09-02,1981,206,388,1585,8,2,5,35,0
2020-09-03,2021,208,393,1620,8,2,5,36,0
2020-09-04,2062,210,398,1656,8,2,5,36,0
2020-09-05,2104,213,403,1692,9,2,5,36,0
2020-09-06,2146,215,408,1729,9,2,5,37,0
2020-09-07,2188,217,413,1766,9,2,5,37,0
2020-09-08,2230,219,418,1803,9,2,5,38,0
2020-09-09,2273,221,423,1841,9,2,5,38,0
2020-09-10,2318,223,428,1880,10,2,5,39,0
2020-09-11,2362,225,433,1919,10,2,5,39,0
2020-09-12,2406,227,438,1958,10,2,5,40,0
2020-09-13,2451,229,443,1998,10,2,5,40,0
2020-09-14,2495,231,447,2038,10,2,5,40,0
2020-09-15,2542,233,452,2079,11,2,5,41,0
2020-09-16,2588,235,457,2120,11,2,5,41,0
2020-09-17,2633,237,461,2161,11,2,4,42,0
2020-09-18,2680,238,466,2203,11,2,4,42,0
2020-09-19,2726,240,470,2245,11,2,4,43,0
2020-09-20,2774,242,474,2288,12,2,4,43,0
2020-09-21,2821,243,478,2331,12,1,4,43,0
2020-09-22,2869,245,483,2374,12,1,4,44,0
2020-09-23,2917,246,487,2418,12,1,4,44,0
2020-09-24,2966,247,491,2462,13,1,4,44,0
2020-09-25,3015,249,495,2507,13,1,4,45,0
2020-09-26,3063,250,498,2552,13,1,4,45,0
2020-09-27,3112,251,502,2597,13,1,4,45,0
2020-09-28,3161,252,506,2642,13,1,3,46,0
2020-09-29,3211,253,509,2688,14,1,3,46,0
2020-09-30,3260,254,512,2734,14,1,3,46,0
2020-10-01,3310,255,515,2781,14,1,3,47,0
2020-10-02,3360,256,519,2827,14,1,3,47,0
2020-10-03,3411,256,522,2874,15,1,3,47,0
2020-10-04,3461,257,524,2922,15,1,3,47,0
2020-10-05,3511,258,527,2969,15,1,3,48,0
2020-10-06,3562,258,530,3017,15,0,2,48,0
2020-10-07,3613,259,532,3065,16,0,2,48,0
2020-10-08,3663,259,534,3113,16,0,2,48,0
2020-10-09,3714,259,536,3162,16,0,2,49,0
2020-10-10,3764,259,538,3210,16,0,2,49,0
2020-10-11,3816,260,540,3259,17,0,2,49,0
2020-10-12,3867,260,542,3308,17,0,2,49,0
2020-10-13,3918,260,544,3357,17,0,1,49,0
2020-10-14,3968,259,545,3406,17,0,1,49,0
2020-10-15,4020,259,546,3456,18,0,1,49,0
2020-10-16,4070,259,547,3505,18,0,1,50,0
2020-10-17,4121,259,548,3555,18,0,1,50,0
2020-10-18,4171,258,549,3604,18,0,1,50,0
2020-10-19,4223,258,550,3654,19,0,1,50,0
2020-10-20,4273,257,550,3704,19,0,0,50,0
2020-10-21,4323,256,551,3753,19,0,0,50,0
2020-10-22,4373,256,551,3803,19,0,0,50,0
2020-10-23,4424,255,551,3853,20,0,0,50,0
2020-10-24,4474,254,551,3903,20,0,0,50,0
2020-10-25,4523,253,550,3953,20,0,0,50,0
2020-10-26,4572,252,550,4002,20,0,0,50,0
2020-10-27,4622,251,549,4052,21,0,0,50,0
2020-10-28,4672,250,549,4102,21,0,0,50,0
2020-10-29,4720,249,548,4151,21,0,0,50,0
2020-10-30,4769,248,547,4201,21,0,0,49,0
2020-10-31,4817,246,545,4250,22,0,0,49,0
2020-11-01,4865,245,544,4299,22,0,0,49,0
2020-11-02,4914,243,543,4349,22,0,0,49,0
2020-11-03,4961,242,541,4398,22,0,0,49,0
2020-11-04,5009,240,539,4447,23,0,0,49,0
2020-11-05,5055,239,537,4495,23,0,0,49,0
2020-11-06,5102,237,535,4544,23,0,0,48,0
2020-11-07,5148,235,533,4592,23,0,0,48,0
2020-11-08,5195,234,531,4640,24,0,0,48,0
2020-11-09,5240,232,528,4688,24,0,0,48,0
2020-11-10,5285,230,525,4736,24,0,0,48,0
2020-11-11,5330,228,523,4783,24,0,0,47,0
2020-11-12,5375,226,520,4830,25,0,0,47,0
2020-11-13,5419,224,517,4877,25,0,0,47,0
2020-11-14,5463,222,514,4924,25,0,0,46,0
2020-11-15,5506,220,511,4970,25,0,0,46,0
2020-11-16,5549,218,507,5016,26,0,0,46,0
2020-11-17,5592,216,504,5062,26,0,0,46,0
2020-11-18,5634,214,500,5108,26,0,0,45,0
2020-11-19,5676,212,497,5153,26,0,0,45,0
2020-11-20,5717,209,493,5198,26,0,0,45,0
2020-11-21,5758,207,489,5242,27,0,0,44,0
2020-11-22,5798,205,485,5286,27,0,0,44,0
2020-11-23,5838,203,481,5330,27,0,0,44,0
2020-11-24,5877,200,477,5373,27,0,0,43,0
2020-11-25,5917,198,473,5416,28,0,0,43,0
2020-11-26,5956,196,469,5459,28,0,0,42,0
2020-11-27,5994,194,465,5501,28,0,0,42,0
2020-11-28,6032,191,461,5543,28,0,0,42,0
2020-11-29,6069,189,456,5585,28,0,0,41,0
2020-11-30,6107,186,452,5626,29,0,0,41,0
2020-12-01,6143,184,447,5667,29,0,0,40,0
2020-12-02,6179,182,443,5707,29,0,0,40,0
2020-12-03,6214,179,438,5747,29,0,0,40,0
2020-12-04,6248,177,433,5786,29,0,0,39,0
2020-12-05,6284,175,429,5825,30,0,0,39,0
2020-12-06,6318,172,424,5864,30,0,0,38,0
2020-12-07,6351,170,419,5902,30,0,0,38,0
2020-12-08,6384,168,414,5940,30,0,0,37,0
2020-12-09,6416,165,409,5977,30,0,0,37,0
2020-12-10,6450,163,405,6014,31,0,0,37,0
2020-12-11,6481,160,400,6050,31,0,0,36,0
2020-12-12,6512,158,395,6086,31,0,0,36,0
2020-12-13,6543,156,390,6122,31,0,0,35,0
2020-12-14,6573,153,385,6157,31,0,0,35,0
2020-12-15,6604,151,380,6192,32,0,0,34,0
2020-12-16,6633,149,375,6226,32,0,0,34,0
2020-12-17,6662,147,370,6260,32,0,0,33,0
2020-12-18,6690,144,365,6293,32,0,0,33,0
2020-12-19,6718,142,360,6326,32,0,0,33,0
2020-12-20,6746,140,356,6358,32,0,0,32,0
2020-12-21,6774,138,351,6390,33,0,0,32,0
2020-12-22,6801,135,346,6422,33,0,0,31,0
2020-12-23,6827,133,341,6453,33,0,0,31,0
2020-12-24,6853,131,336,6484,33,0,0,30,0
2020-12-25,6878,129,331,6514,33,0,0,30,0
2020-12-26,6903,127,326,6544,33,0,0,30,0
2020-12-27,6927,124,321,6573,33,0,0,29,0
2020-12-28,6953,122,317,6602,34,0,0,29,0
2020-12-29,6976,120,312,6630,34,0,0,28,0
2020-12-30,6999,118,307,6658,34,0,0,28,0
2020-12-31,7022,116,302,6686,34,0,0,27,0
2021-01-01,7045,114,298,6713,34,0,0,27,0
2021-01-02,7067,112,293,6740,34,0,0,27,0
2021-01-03,7088,110,288,6766,34,0,0,26,0
2021-01-04,7111,108,284,6792,35,0,0,26,0
2021-01-05,7132,106,279,6818,35,0,0,25,0
2021-01-06,7153,104,275,6843,35,0,0,25,0
2021-01-07,7173,103,270,6868,35,0,0,24,0
2021-01-08,7193,101,266,6892,35,0,0,24,0
2021-01-09,7212,99,261,6916,35,0,0,24,0
2021-01-10,7231,97,257,6939,35,0,0,23,0
2021-01-11,7250,95,253,6962,35,0,0,23,0
2021-01-12,7269,94,248,6985,36,0,0,22,0
2021-01-13,7287,92,244,7007,36,0,0,22,0
2021-01-14,7305,90,240,7029,36,0,0,22,0
2021-01-15,7323,88,236,7051,36,0,0,21,0
2021-01-16,7340,87,232,7072,36,0,0,21,0
2021-01-17,7357,85,228,7093,36,0,0,21,0
2021-01-18,7373,83,224,7113,36,0,0,20,0
2021-01-19,7389,82,220,7133,36,0,0,20,0
2021-01-20,7405,80,216,7153,36,0,0,20,0
2021-01-21,7422,79,212,7173,37,0,0,19,0
2021-01-22,7437,77,208,7192,37,0,0,19,0
2021-01-23,7451,76,204,7210,37,0,0,18,0
2021-01-24,7467,74,201,7229,37,0,0,18,0
2021-01-25,7481,73,197,7247,37,0,0,18,0
2021-01-26,7494,71,193,7264,37,0,0,17,0
2021-01-27,7509,70,190,7282,37,0,0,17,0
2021-01-28,7522,69,186,7299,37,0,0,17,0
2021-01-29,7536,67,183,7316,37,0,0,17,0
2021-01-30,7548,66,179,7332,37,0,0,16,0
2021-01-31,7561,65,176,7348,37,0,0,16,0
2021-02-01,7574,63,173,7364,37,0,0,16,0
2021-02-02,7587,62,170,7379,38,0,0,15,0
2021-02-03,7599,61,166,7395,38,0,0,15,0
2021-02-04,7611,60,163,7410,38,0,0,15,0
2021-02-05,7622,58,160,7424,38,0,0,14,0
2021-02-06,7634,57,157,7439,38,0,0,14,0
2021-02-07,7645,56,154,7453,38,0,0,14,0
2021-02-08,7656,55,151,7467,38,0,0,14,0
2021-02-09,7666,54,148,7480,38,0,0,13,0
2021-02-10,7676,53,145,7493,38,0,0,13,0
2021-02-11,7686,52,142,7506,38,0,0,13,0
2021-02-12,7696,51,139,7519,38,0,0,13,0
2021-02-13,7707,50,137,7532,38,0,0,12,0
2021-02-14,7716,48,134,7544,38,0,0,12,0
2021-02-15,7725,47,131,7556,38,0,0,12,0
2021-02-16,7736,46,129,7568,39,0,0,12,0
2021-02-17,7744,46,126,7579,39,0,0,11,0
2021-02-18,7754,45,124,7591,39,0,0,11,0
2021-02-19,7762,44,121,7602,39,0,0,11,0
2021-02-20,7771,43,119,7613,39,0,0,11,0
2021-02-21,7778,42,116,7623,39,0,0,11,0
2021-02-22,7787,41,114,7634,39,0,0,10,0
2021-02-23,7795,40,112,7644,39,0,0,10,0
2021-02-24,7802,39,109,7654,39,0,0,10,0
2021-02-25,7810,38,107,7664,39,0,0,10,0
2021-02-26,7817,38,105,7673,39,0,0,9,0
2021-02-27,7825,37,103,7683,39,0,0,9,0
2021-02-28,7832,36,101,7692,39,0,0,9,0
2021-03-01,7839,35,99,7701,39,0,0,9,0
2021-03-02,7846,35,97,7710,39,0,0,9,0
2021-03-03,7853,34,95,7719,39,0,0,9,0
2021-03-04,7859,33,93,7727,39,0,0,8,0
2021-03-05,7865,32,91,7735,39,0,0,8,0
2021-03-06,7872,32,89,7744,39,0,0,8,0
2021-03-07,7878,31,87,7752,39,0,0,8,0
2021-03-08,7883,30,85,7759,39,0,0,8,0
2021-03-09,7890,30,83,7767,40,0,0,8,0
2021-03-10,7896,29,82,7774,40,0,0,7,0
2021-03-11,7902,28,80,7782,40,0,0,7,0
2021-03-12,7907,28,78,7789,40,0,0,7,0
2021-03-13,7913,27,77,7796,40,0,0,7,0
2021-03-14,7918,27,75,7803,40,0,0,7,0
2021-03-15,7923,26,73,7810,40,0,0,7,0
2021-03-16,7928,26,72,7816,40,0,0,7,0
2021-03-17,7933,25,70,7823,40,0,0,6,0
2021-03-18,7938,24,69,7829,40,0,0,6,0
2021-03-19,7942,24,67,7835,40,0,0,6,0
2021-03-20,7947,23,66,7841,40,0,0,6,0
2021-03-21,7952,23,65,7847,40,0,0,6,0
2021-03-22,7956,22,63,7853,40,0,0,6,0
2021-03-23,7961,22,62,7859,40,0,0,6,0
2021-03-24,7965,21,61,7864,40,0,0,5,0
2021-03-25,7969,21,59,7870,40,0,0,5,0
2021-03-26,7973,20,58,7875,40,0,0,5,0
2021-03-27,7977,20,57,7880,40,0,0,5,0
2021-03-28,7980,20,55,7885,40,0,0,5,0
2021-03-29,7984,19,54,7890,40,0,0,5,0
2021-03-30,7988,19,53,7895,40,0,0,5,0
2021-03-31,7992,18,52,7900,40,0,0,5,0
2021-04-01,7995,18,51,7904,40,0,0,5,0
2021-04-02,7999,18,50,7909,40,0,0,5,0
2021-04-03,8002,17,49,7913,40,0,0,4,0
2021-04-04,8006,17,48,7918,40,0,0,4,0
2021-04-05,8009,16,47,7922,40,0,0,4,0
2021-04-06,8012,16,46,7926,40,0,0,4,0
2021-04-07,8015,16,45,7930,40,0,0,4,0
2021-04-08,8018,15,44,7934,40,0,0,4,0
2021-04-09,8021,15,43,7938,40,0,0,4,0
2021-04-10,8024,15,42,7942,40,0,0,4,0
2021-04-11,8027,14,41,7946,40,0,0,4,0
2021-04-12,8029,14,40,7949,40,0,0,4,0
2021-04-13,8032,14,39,7953,40,0,0,4,0
2021-04-14,8035,13,38,7957,40,0,0,3,0
2021-04-15,8038,13,37,7960,41,0,0,3,0
2021-04-16,8041,13,37,7963,41,0,0,3,0
2021-04-17,8044,13,36,7967,41,0,0,3,0
2021-04-18,8046,12,35,7970,41,0,0,3,0
2021-04-19,8048,12,34,7973,41,0,0,3,0
2021-04-20,8050,12,33,7976,41,0,0,3,0
2021-04-21,8053,11,33,7979,41,0,0,3,0
2021-04-22,8055,11,32,7982,41,0,0,3,0
2021-04-23,8057,11,31,7985,41,0,0,3,0
2021-04-24,8060,11,31,7988,41,0,0,3,0
2021-04-25,8061,10,30,7990,41,0,0,3,0
2021-04-26,8063,10,29,7993,41,0,0,3,0
2021-04-27,8066,10,29,7996,41,0,0,3,0
2021-04-28,8067,10,28,7998,41,0,0,3,0
2021-04-29,8069,10,27,8001,41,0,0,2,0
2021-04-30,8071,9,27,8003,41,0,0,2,0
2021-05-01,8073,9,26,8006,41,0,0,2,0
2021-05-02,8075,9,26,8008,41,0,0,2,0
2021-05-03,8076,9,25,8010,41,0,0,2,0
2021-05-04,8078,9,24,8013,41,0,0,2,0
2021-05-05,8080,8,24,8015,41,0,0,2,0
2021-05-06,8081,8,23,8017,41,0,0,2,0
2021-05-07,8083,8,23,8019,41,0,0,2,0
2021-05-08,8084,8,22,8021,41,0,0,2,0
2021-05-09,8086,8,22,8023,41,0,0,2,0
2021-05-10,8087,7,21,8025,41,0,0,2,0
2021-05-11,8089,7,21,8027,41,0,0,2,0
2021-05-12,8090,7,20,8029,41,0,0,2,0
2021-05-13,8092,7,20,8031,41,0,0,2,0
2021-05-14,8093,7,20,8032,41,0,0,2,0
2021-05-15,8094,7,19,8034,41,0,0,2,0
2021-05-16,8096,7,19,8036,41,0,0,2,0
2021-05-17,8097,6,18,8038,41,0,0,2,0
2021-05-18,8098,6,18,8039,41,0,0,2,0
2021-05-19,8099,6,17,8041,41,0,0,2,0
2021-05-20,8100,6,17,8042,41,0,0,2,0
2021-05-21,8102,6,17,8044,41,0,0,2,0
2021-05-22,8102,6,16,8045,41,0,0,1,0
2021-05-23,8104,6,16,8047,41,0,0,1,0
2021-05-24,8105,5,16,8048,41,0,0,1,0
2021-05-25,8106,5,15,8050,41,0,0,1,0
2021-05-26,8107,5,15,8051,41,0,0,1,0
2021-05-27,8108,5,15,8052,41,0,0,1,0
2021-05-28,8109,5,14,8054,41,0,0,1,0
2021-05-29,8110,5,14,8055,41,0,0,1,0
2021-05-30,8111,5,14,8056,41,0,0,1,0
2021-05-31,8112,5,13,8058,41,0,0,1,0
2021-06-01,8113,5,13,8059,41,0,0,1,0
2021-06-02,8114,4,13,8060,41,0,0,1,0
2021-06-03,8114,4,12,8061,41,0,0,1,0
2021-06-04,8115,4,12,8062,41,0,0,1,0
2021-06-05,8116,4,12,8063,41,0,0,1,0
2021-06-06,8117,4,12,8064,41,0,0,1,0
2021-06-07,8117,4,11,8065,41,0,0,1,0
2021-06-08,8118,4,11,8066,41,0,0,1,0
2021-06-09,8119,4,11,8067,41,0,0,1,0
2021-06-10,8120,4,11,8068,41,0,0,1,0
2021-06-11,8120,4,10,8069,41,0,0,1,0
2021-06-12,8121,4,10,8070,41,0,0,1,0
2021-06-13,8122,3,10,8071,41,0,0,1,0
2021-06-14,8123,3,10,8072,41,0,0,1,0
2021-06-15,8123,3,9,8073,41,0,0,1,0
2021-06-16,8124,3,9,8074,41,0,0,1,0
2021-06-17,8125,3,9,8075,41,0,0,1,0
2021-06-18,8125,3,9,8075,41,0,0,1,0
2021-06-19,8126,3,9,8076,41,0,0,1,0
2021-06-20,8126,3,8,8077,41,0,0,1,0
2021-06-21,8127,3,8,8078,41,0,0,1,0
2021-06-22,8128,3,8,8079,41,0,0,1,0
2021-06-23,8128,3,8,8079,41,0,0,1,0
2021-06-24,8129,3,8,8080,41,0,0,1,0
2021-06-25,8130,3,8,8081,41,0,0,1,0
2021-06-26,8129,3,7,8081,41,0,0,1,0
2021-06-27,8130,3,7,8082,41,0,0,1,0
2021-06-28,8131,2,7,8083,41,0,0,1,0
2021-06-29,8131,2,7,8083,41,0,0,1,0
2021-06-30,8132,2,7,8084,41,0,0,1,0
2021-07-01,8132,2,7,8084,41,0,0,1,0
2021-07-02,8132,2,6,8085,41,0,0,1,0
2021-07-03,8133,2,6,8086,41,0,0,1,0
