Date,Infected,Exposed,Active,Recovered,Deaths,Diff Exposed,Diff Active,Diff Recovered,Diff Deaths
2020-07-21,122,56,21,101,0,0,9,2,0
2020-07-22,132,49,29,103,0,0,7,3,0
2020-07-23,142,45,36,106,0,0,6,3,0
2020-07-24,150,41,41,109,0,0,4,4,0
2020-07-25,158,39,45,113,0,0,4,4,0
2020-07-26,165,38,48,117,0,0,3,4,0
2020-07-27,173,38,51,122,0,0,3,5,0
2020-07-28,180,38,54,126,0,0,2,5,0
2020-07-29,187,38,56,131,0,0,2,5,0
2020-07-30,197,38,59,137,1,1,2,5,0
2020-07-31,204,39,61,142,1,1,2,6,0
2020-08-01,211,40,63,147,1,1,2,6,0
2020-08-02,219,40,65,153,1,1,2,6,0
2020-08-03,227,41,67,159,1,1,2,6,0
2020-08-04,235,42,69,165,1,1,2,6,0
2020-08-05,244,43,71,172,1,1,2,6,0
2020-08-06,252,44,73,178,1,1,2,7,0
2020-08-07,261,45,75,185,1,1,2,7,0
2020-08-08,270,46,77,192,1,1,2,7,0
2020-08-09,279,47,79,199,1,1,2,7,0
2020-08-10,288,47,81,206,1,1,2,7,0
2020-08-11,297,48,83,213,1,1,2,7,0
2020-08-12,307,49,85,221,1,1,2,8,0
2020-08-13,316,50,87,228,1,1,2,8,0
2020-08-14,326,51,89,236,1,1,2,8,0
2020-08-15,336,52,91,244,1,1,2,8,0
2020-08-16,346,53,92,253,1,1,2,8,0
2020-08-17,356,53,94,261,1,1,2,9,0
2020-08-18,367,54,96,270,1,1,2,9,0
2020-08-19,378,55,98,279,1,1,2,9,0
2020-08-20,388,56,100,287,1,1,2,9,0
2020-08-21,400,56,102,297,1,1,2,9,0
2020-08-22,411,57,104,306,1,1,2,9,0
2020-08-23,421,57,105,315,1,1,2,10,0
2020-08-24,433,58,107,325,1,0,2,10,0
2020-08-25,445,58,109,335,1,0,2,10,0
2020-08-26,456,59,110,345,1,0,2,10,0
2020-08-27,468,59,112,355,1,0,1,10,0
2020-08-28,479,60,113,365,1,0,1,10,0
2020-08-29,490,60,114,375,1,0,1,10,0
2020-08-30,502,60,116,385,1,0,1,10,0
2020-08-31,514,60,117,396,1,0,1,11,0
2020-09-01,527,60,118,407,2,0,1,11,0
2020-09-02,538,61,119,417,2,0,1,11,0
2020-09-03,550,61,120,428,2,0,1,11,0
2020-09-04,562,61,121,439,2,0,1,11,0
2020-09-05,574,60,122,450,2,0,1,11,0
2020-09-06,586,60,123,461,2,0,1,11,0
2020-09-07,597,60,123,472,2,0,1,11,0
2020-09-08,609,60,124,483,2,0,0,11,0
2020-09-09,621,60,124,495,2,0,0,11,0
2020-09-10,633,59,125,506,2,0,0,11,0
2020-09-11,644,59,125,517,2,0,0,11,0
2020-09-12,656,59,125,529,2,0,0,11,0
2020-09-13,667,58,125,540,2,0,0,11,0
2020-09-14,678,58,125,551,2,0,0,11,0
2020-09-15,690,57,125,563,2,0,0,11,0
2020-09-16,701,57,125,574,2,0,0,11,0
2020-09-17,712,56,125,585,2,0,0,11,0
2020-09-18,722,55,124,596,2,0,0,11,0
2020-09-19,734,55,124,608,2,0,0,11,0
2020-09-20,744,54,123,619,2,0,0,11,0
2020-09-21,754,53,122,630,2,0,0,11,0
2020-09-22,765,52,122,641,2,0,0,11,0
2020-09-23,775,52,121,652,2,0,0,11,0
2020-09-24,785,51,120,663,2,0,0,11,0
2020-09-25,796,50,119,674,3,0,0,11,0
2020-09-26,805,49,118,684,3,0,0,11,0
2020-09-27,815,48,117,695,3,0,0,11,0
2020-09-28,825,47,116,706,3,0,0,10,0
2020-09-29,833,46,114,716,3,0,0,10,0
2020-09-30,842,45,113,726,3,0,0,10,0
2020-10-01,852,44,112,737,3,0,0,10,0
2020-10-02,860,44,110,747,3,0,0,10,0
2020-10-03,869,43,109,757,3,0,0,10,0
2020-10-04,876,42,107,766,3,0,0,10,0
2020-10-05,885,41,106,776,3,0,0,10,0
2020-10-06,892,40,104,785,3,0,0,9,0
2020-10-07,900,39,102,795,3,0,0,9,0
2020-10-08,908,38,101,804,3,0,0,9,0
2020-10-09,915,37,99,813,3,0,0,9,0
2020-10-10,922,36,97,822,3,0,0,9,0
2020-10-11,929,35,95,831,3,0,0,9,0
2020-10-12,936,34,94,839,3,0,0,8,0
2020-10-13,943,33,92,848,3,0,0,8,0
2020-10-14,949,33,90,856,3,0,0,8,0
2020-10-15,955,32,88,864,3,0,0,8,0
2020-10-16,961,31,86,872,3,0,0,8,0
2020-10-17,968,30,85,880,3,0,0,8,0
2020-10-18,973,29,83,887,3,0,0,7,0
2020-10-19,979,28,81,895,3,0,0,7,0
2020-10-20,984,28,79,902,3,0,0,7,0
2020-10-21,989,27,77,909,3,0,0,7,0
2020-10-22,995,26,76,916,3,0,0,7,0
2020-10-23,1000,25,74,923,3,0,0,7,0
2020-10-24,1005,24,72,930,3,0,0,7,0
2020-10-25,1010,24,70,936,4,0,0,6,0
2020-10-26,1015,23,69,942,4,0,0,6,0
2020-10-27,1020,22,67,949,4,0,0,6,0
2020-10-28,1023,22,65,954,4,0,0,6,0
2020-10-29,1027,21,63,960,4,0,0,6,0
2020-10-30,1032,20,62,966,4,0,0,6,0
2020-10-31,1036,20,60,972,4,0,0,5,0
2020-11-01,1040,19,59,977,4,0,0,5,0
2020-11-02,1043,18,57,982,4,0,0,5,0
2020-11-03,1046,18,55,987,4,0,0,5,0
2020-11-04,1050,17,54,992,4,0,0,5,0
2020-11-05,1053,17,52,997,4,0,0,5,0
2020-11-06,1057,16,51,1002,4,0,0,5,0
2020-11-07,1060,16,50,1006,4,0,0,4,0
2020-11-08,1063,15,48,1011,4,0,0,4,0
2020-11-09,1066,15,47,1015,4,0,0,4,0
2020-11-10,1068,14,45,1019,4,0,0,4,0
2020-11-11,1071,14,44,1023,4,0,0,4,0
2020-11-12,1074,13,43,1027,4,0,0,4,0
2020-11-13,1076,13,41,1031,4,0,0,4,0
2020-11-14,1079,12,40,1035,4,0,0,4,0
2020-11-15,1082,12,39,1039,4,0,0,4,0
2020-11-16,1084,12,38,1042,4,0,0,3,0
2020-11-17,1086,11,37,1045,4,0,0,3,0
2020-11-18,1089,11,36,1049,4,0,0,3,0
2020-11-19,1090,10,34,1052,4,0,0,3,0
2020-11-20,1092,10,33,1055,4,0,0,3,0
2020-11-21,1094,10,32,1058,4,0,0,3,0
2020-11-22,1096,9,31,1061,4,0,0,3,0
2020-11-23,1098,9,30,1064,4,0,0,3,0
2020-11-24,1099,9,29,1066,4,0,0,3,0
2020-11-25,1101,8,28,1069,4,0,0,3,0
2020-11-26,1104,8,28,1072,4,0,0,2,0
2020-11-27,1105,8,27,1074,4,0,0,2,0
2020-11-28,1106,8,26,1076,4,0,0,2,0
2020-11-29,1108,7,25,1079,4,0,0,2,0
2020-11-30,1109,7,24,1081,4,0,0,2,0
2020-12-01,1110,7,23,1083,4,0,0,2,0
2020-12-02,1112,7,23,1085,4,0,0,2,0
2020-12-03,1113,6,22,1087,4,0,0,2,0
2020-12-04,1114,6,21,1089,4,0,0,2,0
2020-12-05,1115,6,20,1091,4,0,0,2,0
2020-12-06,1117,6,20,1093,4,0,0,2,0
2020-12-07,1118,6,19,1095,4,0,0,2,0
2020-12-08,1118,5,18,1096,4,0,0,2,0
2020-12-09,1120,5,18,1098,4,0,0,2,0
2020-12-10,1121,5,17,1100,4,0,0,2,0
2020-12-11,1122,5,17,1101,4,0,0,2,0
2020-12-12,1123,5,16,1103,4,0,0,1,0
2020-12-13,1124,4,16,1104,4,0,0,1,0
2020-12-14,1124,4,15,1105,4,0,0,1,0
2020-12-15,1126,4,15,1107,4,0,0,1,0
2020-12-16,1126,4,14,1108,4,0,0,1,0
2020-12-17,1127,4,14,1109,4,0,0,1,0
2020-12-18,1128,4,13,1111,4,0,0,1,0
2020-12-19,1129,4,13,1112,4,0,0,1,0
2020-12-20,1129,3,12,1113,4,0,0,1,0
2020-12-21,1130,3,12,1114,4,0,0,1,0
2020-12-22,1130,3,11,1115,4,0,0,1,0
2020-12-23,1131,3,11,1116,4,0,0,1,0
2020-12-24,1132,3,11,1117,4,0,0,1,0
2020-12-25,1132,3,10,1118,4,0,0,1,0
2020-12-26,1133,3,10,1119,4,0,0,1,0
2020-12-27,1134,3,10,1120,4,0,0,1,0
2020-12-28,1134,3,9,1121,4,0,0,1,0
2020-12-29,1134,3,9,1121,4,0,0,1,0
2020-12-30,1135,2,9,1122,4,0,0,1,0
2020-12-31,1135,2,8,1123,4,0,0,1,0
2021-01-01,1136,2,8,1124,4,0,0,1,0
2021-01-02,1136,2,8,1124,4,0,0,1,0
2021-01-03,1136,2,7,1125,4,0,0,1,0
2021-01-04,1137,2,7,1126,4,0,0,1,0
2021-01-05,1137,2,7,1126,4,0,0,1,0
2021-01-06,1138,2,7,1127,4,0,0,1,0
2021-01-07,1138,2,6,1128,4,0,0,1,0
2021-01-08,1138,2,6,1128,4,0,0,1,0
2021-01-09,1139,2,6,1129,4,0,0,1,0
2021-01-10,1139,2,6,1129,4,0,0,1,0
2021-01-11,1140,2,6,1130,4,0,0,1,0
2021-01-12,1139,2,5,1130,4,0,0,0,0
2021-01-13,1140,1,5,1131,4,0,0,0,0
2021-01-14,1140,1,5,1131,4,0,0,0,0
2021-01-15,1141,1,5,1132,4,0,0,0,0
2021-01-16,1141,1,5,1132,4,0,0,0,0
2021-01-17,1142,1,5,1133,4,0,0,0,0
2021-01-18,1141,1,4,1133,4,0,0,0,0
2021-01-19,1141,1,4,1133,4,0,0,0,0
2021-01-20,1142,1,4,1134,4,0,0,0,0
2021-01-21,1142,1,4,1134,4,0,0,0,0
2021-01-22,1142,1,4,1134,4,0,0,0,0
2021-01-23,1143,1,4,1135,4,0,0,0,0
2021-01-24,1143,1,4,1135,4,0,0,0,0
2021-01-25,1142,1,3,1135,4,0,0,0,0
2021-01-26,1143,1,3,1136,4,0,0,0,0
2021-01-27,1143,1,3,1136,4,0,0,0,0
2021-01-28,1143,1,3,1136,4,0,0,0,0
2021-01-29,1144,1,3,1137,4,0,0,0,0
2021-01-30,1144,1,3,1137,4,0,0,0,0
2021-01-31,1144,1,3,1137,4,0,0,0,0
2021-02-01,1144,1,3,1137,4,0,0,0,0
2021-02-02,1145,1,3,1138,4,0,0,0,0
2021-02-03,1144,1,2,1138,4,0,0,0,0
2021-02-04,1144,1,2,1138,4,0,0,0,0
2021-02-05,1144,1,2,1138,4,0,0,0,0
2021-02-06,1144,1,2,1138,4,0,0,0,0
2021-02-07,1145,1,2,1139,4,0,0,0,0
2021-02-08,1145,1,2,1139,4,0,0,0,0
2021-02-09,1145,1,2,1139,4,0,0,0,0
2021-02-10,1145,1,2,1139,4,0,0,0,0
2021-02-11,1145,1,2,1139,4,0,0,0,0
2021-02-12,1146,0,2,1140,4,0,0,0,0
2021-02-13,1146,0,2,1140,4,0,0,0,0
2021-02-14,1146,0,2,1140,4,0,0,0,0
2021-02-15,1146,0,2,1140,4,0,0,0,0
2021-02-16,1146,0,2,1140,4,0,0,0,0
2021-02-17,1145,0,1,1140,4,0,0,0,0
2021-02-18,1145,0,1,1140,4,0,0,0,0
2021-02-19,1145,0,1,1140,4,0,0,0,0
2021-02-20,1146,0,1,1141,4,0,0,0,0
2021-02-21,1146,0,1,1141,4,0,0,0,0
2021-02-22,1146,0,1,1141,4,0,0,0,0
2021-02-23,1146,0,1,1141,4,0,0,0,0
2021-02-24,1146,0,1,1141,4,0,0,0,0
2021-02-25,1146,0,1,1141,4,0,0,0,0
2021-02-26,1146,0,1,1141,4,0,0,0,0
2021-02-27,1146,0,1,1141,4,0,0,0,0
2021-02-28,1146,0,1,1141,4,0,0,0,0
2021-03-01,1147,0,1,1142,4,0,0,0,0
2021-03-02,1147,0,1,1142,4,0,0,0,0
2021-03-03,1147,0,1,1142,4,0,0,0,0
2021-03-04,1147,0,1,1142,4,0,0,0,0
2021-03-05,1147,0,1,1142,4,0,0,0,0
2021-03-06,1147,0,1,1142,4,0,0,0,0
2021-03-07,1147,0,1,1142,4,0,0,0,0
2021-03-08,1147,0,1,1142,4,0,0,0,0
2021-03-09,1147,0,1,1142,4,0,0,0,0
2021-03-10,1147,0,1,1142,4,0,0,0,0
2021-03-11,1147,0,1,1142,4,0,0,0,0
2021-03-12,1147,0,1,1142,4,0,0,0,0
2021-03-13,1147,0,1,1142,4,0,0,0,0
2021-03-14,1147,0,1,1142,4,0,0,0,0
2021-03-15,1147,0,1,1142,4,0,0,0,0
2021-03-16,1148,0,1,1143,4,0,0,0,0
2021-03-17,1148,0,1,1143,4,0,0,0,0
2021-03-18,1148,0,1,1143,4,0,0,0,0
2021-03-19,1147,0,0,1143,4,0,0,0,0
2021-03-20,1147,0,0,1143,4,0,0,0,0
2021-03-21,1147,0,0,1143,4,0,0,0,0
2021-03-22,1147,0,0,1143,4,0,0,0,0
2021-03-23,1147,0,0,1143,4,0,0,0,0
2021-03-24,1147,0,0,1143,4,0,0,0,0
2021-03-25,1147,0,0,1143,4,0,0,0,0
2021-03-26,1147,0,0,1143,4,0,0,0,0
2021-03-27,1147,0,0,1143,4,0,0,0,0
2021-03-28,1147,0,0,1143,4,0,0,0,0
2021-03-29,1147,0,0,1143,4,0,0,0,0
2021-03-30,1147,0,0,1143,4,0,0,0,0
2021-03-31,1147,0,0,1143,4,0,0,0,0
2021-04-01,1147,0,0,1143,4,0,0,0,0
2021-04-02,1147,0,0,1143,4,0,0,0,0
2021-04-03,1147,0,0,1143,4,0,0,0,0
2021-04-04,1147,0,0,1143,4,0,0,0,0
2021-04-05,1147,0,0,1143,4,0,0,0,0
2021-04-06,1147,0,0,1143,4,0,0,0,0
2021-04-07,1147,0,0,1143,4,0,0,0,0
2021-04-08,1147,0,0,1143,4,0,0,0,0
2021-04-09,1147,0,0,1143,4,0,0,0,0
2021-04-10,1147,0,0,1143,4,0,0,0,0
2021-04-11,1147,0,0,1143,4,0,0,0,0
2021-04-12,1147,0,0,1143,4,0,0,0,0
2021-04-13,1147,0,0,1143,4,0,0,0,0
2021-04-14,1147,0,0,1143,4,0,0,0,0
2021-04-15,1147,0,0,1143,4,0,0,0,0
2021-04-16,1147,0,0,1143,4,0,0,0,0
2021-04-17,1147,0,0,1143,4,0,0,0,0
2021-04-18,1147,0,0,1143,4,0,0,0,0
2021-04-19,1147,0,0,1143,4,0,0,0,0
2021-04-20,1148,0,0,1144,4,0,0,0,0
2021-04-21,1148,0,0,1144,4,0,0,0,0
2021-04-22,1148,0,0,1144,4,0,0,0,0
2021-04-23,1148,0,0,1144,4,0,0,0,0
2021-04-24,1148,0,0,1144,4,0,0,0,0
2021-04-25,1148,0,0,1144,4,0,0,0,0
2021-04-26,1148,0,0,1144,4,0,0,0,0
2021-04-27,1148,0,0,1144,4,0,0,0,0
2021-04-28,1148,0,0,1144,4,0,0,0,0
2021-04-29,1148,0,0,1144,4,0,0,0,0
2021-04-30,1148,0,0,1144,4,0,0,0,0
2021-05-01,1148,0,0,1144,4,0,0,0,0
2021-05-02,1148,0,0,1144,4,0,0,0,0
2021-05-03,1148,0,0,1144,4,0,0,0,0
2021-05-04,1148,0,0,1144,4,0,0,0,0
2021-05-05,1148,0,0,1144,4,0,0,0,0
2021-05-06,1148,0,0,1144,4,0,0,0,0
2021-05-07,1148,0,0,1144,4,0,0,0,0
2021-05-08,1148,0,0,1144,4,0,0,0,0
2021-05-09,1148,0,0,1144,4,0,0,0,0
2021-05-10,1148,0,0,1144,4,0,0,0,0
2021-05-11,1148,0,0,1144,4,0,0,0,0
2021-05-12,1148,0,0,1144,4,0,0,0,0
2021-05-13,1148,0,0,1144,4,0,0,0,0
2021-05-14,1148,0,0,1144,4,0,0,0,0
2021-05-15,1148,0,0,1144,4,0,0,0,0
2021-05-16,1148,0,0,1144,4,0,0,0,0
2021-05-17,1148,0,0,1144,4,0,0,0,0
2021-05-18,1148,0,0,1144,4,0,0,0,0
2021-05-19,1148,0,0,1144,4,0,0,0,0
2021-05-20,1148,0,0,1144,4,0,0,0,0
2021-05-21,1148,0,0,1144,4,0,0,0,0
2021-05-22,1148,0,0,1144,4,0,0,0,0
2021-05-23,1148,0,0,1144,4,0,0,0,0
2021-05-24,1148,0,0,1144,4,0,0,0,0
2021-05-25,1148,0,0,1144,4,0,0,0,0
2021-05-26,1148,0,0,1144,4,0,0,0,0
2021-05-27,1148,0,0,1144,4,0,0,0,0
2021-05-28,1148,0,0,1144,4,0,0,0,0
2021-05-29,1148,0,0,1144,4,0,0,0,0
2021-05-30,1148,0,0,1144,4,0,0,0,0
2021-05-31,1148,0,0,1144,4,0,0,0,0
2021-06-01,1148,0,0,1144,4,0,0,0,0
2021-06-02,1148,0,0,1144,4,0,0,0,0
2021-06-03,1148,0,0,1144,4,0,0,0,0
2021-06-04,1148,0,0,1144,4,0,0,0,0
2021-06-05,1148,0,0,1144,4,0,0,0,0
2021-06-06,1148,0,0,1144,4,0,0,0,0
2021-06-07,1148,0,0,1144,4,0,0,0,0
2021-06-08,1148,0,0,1144,4,0,0,0,0
2021-06-09,1148,0,0,1144,4,0,0,0,0
2021-06-10,1148,0,0,1144,4,0,0,0,0
2021-06-11,1148,0,0,1144,4,0,0,0,0
2021-06-12,1148,0,0,1144,4,0,0,0,0
2021-06-13,1148,0,0,1144,4,0,0,0,0
2021-06-14,1148,0,0,1144,4,0,0,0,0
2021-06-15,1148,0,0,1144,4,0,0,0,0
2021-06-16,1148,0,0,1144,4,0,0,0,0
2021-06-17,1148,0,0,1144,4,0,0,0,0
2021-06-18,1148,0,0,1144,4,0,0,0,0
2021-06-19,1148,0,0,1144,4,0,0,0,0
2021-06-20,1148,0,0,1144,4,0,0,0,0
2021-06-21,1148,0,0,1144,4,0,0,0,0
2021-06-22,1148,0,0,1144,4,0,0,0,0
2021-06-23,1148,0,0,1144,4,0,0,0,0
2021-06-24,1148,0,0,1144,4,0,0,0,0
2021-06-25,1148,0,0,1144,4,0,0,0,0
2021-06-26,1148,0,0,1144,4,0,0,0,0
2021-06-27,1148,0,0,1144,4,0,0,0,0
2021-06-28,1148,0,0,1144,4,0,0,0,0
2021-06-29,1148,0,0,1144,4,0,0,0,0
2021-06-30,1148,0,0,1144,4,0,0,0,0
2021-07-01,1148,0,0,1144,4,0,0,0,0
2021-07-02,1148,0,0,1144,4,0,0,0,0
2021-07-03,1148,0,0,1144,4,0,0,0,0
2021-07-04,1148,0,0,1144,4,0,0,0,0
2021-07-05,1148,0,0,1144,4,0,0,0,0
2021-07-06,1148,0,0,1144,4,0,0,0,0
2021-07-07,1148,0,0,1144,4,0,0,0,0
2021-07-08,1148,0,0,1144,4,0,0,0,0
2021-07-09,1148,0,0,1144,4,0,0,0,0
2021-07-10,1148,0,0,1144,4,0,0,0,0
2021-07-11,1148,0,0,1144,4,0,0,0,0
2021-07-12,1148,0,0,1144,4,0,0,0,0
2021-07-13,1148,0,0,1144,4,0,0,0,0
2021-07-14,1148,0,0,1144,4,0,0,0,0
2021-07-15,1148,0,0,1144,4,0,0,0,0
2021-07-16,1148,0,0,1144,4,0,0,0,0
