Date,Infected,Exposed,Active,Recovered,Deaths,Diff Exposed,Diff Active,Diff Recovered,Diff Deaths
2020-06-24,40,22,11,29,0,0,3,1,0
2020-06-25,44,20,14,30,0,0,3,1,0
2020-06-26,47,18,16,31,0,0,2,1,0
2020-06-27,51,18,18,33,0,0,2,2,0
2020-06-28,55,17,20,35,0,0,2,2,0
2020-06-29,58,17,22,36,0,0,1,2,0
2020-06-30,62,18,23,39,0,0,1,2,0
2020-07-01,65,18,24,41,0,0,1,2,0
2020-07-02,69,18,26,43,0,1,1,2,0
2020-07-03,72,19,27,45,0,1,1,2,0
2020-07-04,76,20,28,48,0,1,1,3,0
2020-07-05,79,20,29,50,0,1,1,3,0
2020-07-06,84,21,31,53,0,1,1,3,0
2020-07-07,88,22,32,56,0,1,1,3,0
2020-07-08,93,23,34,59,0,1,1,3,0
2020-07-09,97,24,35,62,0,1,1,3,0
2020-07-10,102,25,37,65,0,1,2,3,0
2020-07-11,106,26,38,68,0,1,2,3,0
2020-07-12,112,27,40,72,0,1,2,4,0
2020-07-13,117,28,41,76,0,1,2,4,0
2020-07-14,122,29,43,79,0,1,2,4,0
2020-07-15,128,30,45,83,0,1,2,4,0
2020-07-16,135,32,47,88,0,1,2,4,0
2020-07-17,141,33,49,92,0,1,2,4,0
2020-07-18,147,34,51,96,0,1,2,5,0
2020-07-19,154,36,53,101,0,1,2,5,0
2020-07-20,161,37,55,106,0,2,2,5,0
2020-07-21,169,39,58,111,0,2,2,5,0
2020-07-22,177,40,60,116,1,2,2,5,0
2020-07-23,186,42,63,122,1,2,3,6,0
2020-07-24,194,44,65,128,1,2,3,6,0
2020-07-25,203,46,68,134,1,2,3,6,0
2020-07-26,212,47,71,140,1,2,3,6,0
2020-07-27,221,49,74,146,1,2,3,7,0
2020-07-28,231,51,77,153,1,2,3,7,0
2020-07-29,241,53,80,160,1,2,3,7,0
2020-07-30,251,56,83,167,1,2,3,8,0
2020-07-31,262,58,86,175,1,2,3,8,0
2020-08-01,274,60,90,183,1,2,4,8,0
2020-08-02,286,62,94,191,1,2,4,8,0
2020-08-03,298,65,97,200,1,3,4,9,0
2020-08-04,311,67,101,209,1,3,4,9,0
2020-08-05,324,70,105,218,1,3,4,10,0
2020-08-06,339,73,110,228,1,3,4,10,0
2020-08-07,353,76,114,238,1,3,4,10,0
2020-08-08,367,78,118,248,1,3,5,11,0
2020-08-09,383,81,123,259,1,3,5,11,0
2020-08-10,399,85,128,270,1,3,5,12,0
2020-08-11,416,88,133,282,1,3,5,12,0
2020-08-12,433,91,138,294,1,3,5,13,0
2020-08-13,452,94,144,307,1,3,5,13,0
2020-08-14,470,98,149,320,1,4,6,13,0
2020-08-15,490,102,155,334,1,4,6,14,0
2020-08-16,511,105,161,348,2,4,6,15,0
2020-08-17,532,109,167,363,2,4,6,15,0
2020-08-18,553,113,173,378,2,4,6,16,0
2020-08-19,576,117,180,394,2,4,7,16,0
2020-08-20,599,121,186,411,2,4,7,17,0
2020-08-21,623,125,193,428,2,4,7,17,0
2020-08-22,647,129,200,445,2,4,7,18,0
2020-08-23,673,134,207,464,2,4,7,19,0
2020-08-24,700,138,215,483,2,5,8,19,0
2020-08-25,728,143,223,503,2,5,8,20,0
2020-08-26,755,148,230,523,2,5,8,21,0
2020-08-27,785,152,239,544,2,5,8,22,0
2020-08-28,815,157,247,566,2,5,8,22,0
2020-08-29,847,162,255,589,3,5,9,23,0
2020-08-30,879,167,264,612,3,5,9,24,0
2020-08-31,912,172,273,636,3,5,9,25,0
2020-09-01,946,178,282,661,3,5,9,26,0
2020-09-02,981,183,291,687,3,5,9,26,0
2020-09-03,1018,188,301,714,3,5,10,27,0
2020-09-04,1054,194,310,741,3,5,10,28,0
2020-09-05,1093,199,320,770,3,5,10,29,0
2020-09-06,1132,205,330,799,3,5,10,30,0
2020-09-07,1173,210,340,829,4,6,10,31,0
2020-09-08,1215,216,351,860,4,6,10,32,0
2020-09-09,1257,221,361,892,4,6,11,33,0
2020-09-10,1302,227,372,926,4,6,11,34,0
2020-09-11,1346,232,382,960,4,6,11,35,0
2020-09-12,1392,238,393,995,4,6,11,36,0
2020-09-13,1438,243,404,1030,4,5,11,37,0
2020-09-14,1487,249,415,1067,5,5,11,38,0
2020-09-15,1536,254,426,1105,5,5,11,39,0
2020-09-16,1586,259,437,1144,5,5,11,40,0
2020-09-17,1637,265,448,1184,5,5,11,41,0
2020-09-18,1689,270,459,1225,5,5,11,42,0
2020-09-19,1743,275,471,1267,5,5,11,43,0
2020-09-20,1798,280,482,1310,6,5,11,44,0
2020-09-21,1853,285,493,1354,6,5,11,45,0
2020-09-22,1909,290,504,1399,6,5,11,46,0
2020-09-23,1966,294,515,1445,6,4,11,47,0
2020-09-24,2024,298,526,1492,6,4,11,48,0
2020-09-25,2083,303,536,1540,7,4,11,49,0
2020-09-26,2143,307,547,1589,7,4,10,49,0
2020-09-27,2203,311,557,1639,7,4,10,50,0
2020-09-28,2264,314,567,1690,7,3,10,51,0
2020-09-29,2326,317,577,1741,8,3,10,52,0
2020-09-30,2389,321,587,1794,8,3,10,53,0
2020-10-01,2451,324,596,1847,8,3,9,54,0
2020-10-02,2515,326,605,1902,8,2,9,55,0
2020-10-03,2579,328,614,1957,8,2,9,56,0
2020-10-04,2645,331,623,2013,9,2,8,56,0
2020-10-05,2709,332,631,2069,9,2,8,57,0
2020-10-06,2774,334,638,2127,9,1,7,58,0
2020-10-07,2840,335,646,2185,9,1,7,58,0
2020-10-08,2906,336,653,2243,10,1,7,59,0
2020-10-09,2972,337,659,2303,10,0,6,60,0
2020-10-10,3037,337,665,2362,10,0,6,60,0
2020-10-11,3103,337,670,2423,10,0,5,61,0
2020-10-12,3170,337,675,2484,11,0,5,61,0
2020-10-13,3236,336,680,2545,11,0,4,62,0
2020-10-14,3302,335,684,2607,11,0,4,62,0
2020-10-15,3368,334,687,2669,12,0,3,62,0
2020-10-16,3433,333,690,2731,12,0,3,62,0
2020-10-17,3497,331,692,2793,12,0,2,63,0
2020-10-18,3562,329,694,2856,12,0,1,63,0
2020-10-19,3627,327,695,2919,13,0,1,63,0
2020-10-20,3691,324,696,2982,13,0,0,63,0
2020-10-21,3754,322,696,3045,13,0,0,63,0
2020-10-22,3817,319,696,3108,13,0,0,63,0
2020-10-23,3880,315,695,3171,14,0,0,63,0
2020-10-24,3941,312,693,3234,14,0,0,63,0
2020-10-25,4001,308,691,3296,14,0,0,63,0
2020-10-26,4062,304,688,3359,15,0,0,62,0
2020-10-27,4121,300,685,3421,15,0,0,62,0
2020-10-28,4180,296,682,3483,15,0,0,62,0
2020-10-29,4238,292,678,3545,15,0,0,61,0
2020-10-30,4295,287,673,3606,16,0,0,61,0
2020-10-31,4351,283,668,3667,16,0,0,60,0
2020-11-01,4406,278,663,3727,16,0,0,60,0
2020-11-02,4460,273,657,3787,16,0,0,59,0
2020-11-03,4513,268,650,3846,17,0,0,59,0
2020-11-04,4566,263,644,3905,17,0,0,58,0
2020-11-05,4616,258,636,3963,17,0,0,58,0
2020-11-06,4666,253,629,4020,17,0,0,57,0
2020-11-07,4716,247,621,4077,18,0,0,56,0
2020-11-08,4764,242,613,4133,18,0,0,56,0
2020-11-09,4811,237,605,4188,18,0,0,55,0
2020-11-10,4856,232,596,4242,18,0,0,54,0
2020-11-11,4902,226,587,4296,19,0,0,53,0
2020-11-12,4946,221,578,4349,19,0,0,52,0
2020-11-13,4989,216,569,4401,19,0,0,51,0
2020-11-14,5030,210,559,4452,19,0,0,51,0
2020-11-15,5071,205,550,4502,19,0,0,50,0
2020-11-16,5112,200,540,4552,20,0,0,49,0
2020-11-17,5150,195,530,4600,20,0,0,48,0
2020-11-18,5188,190,520,4648,20,0,0,47,0
2020-11-19,5224,185,510,4694,20,0,0,46,0
2020-11-20,5261,180,500,4740,21,0,0,45,0
2020-11-21,5295,175,489,4785,21,0,0,44,0
2020-11-22,5329,170,479,4829,21,0,0,43,0
2020-11-23,5362,165,469,4872,21,0,0,42,0
2020-11-24,5394,160,459,4914,21,0,0,42,0
2020-11-25,5425,156,449,4955,21,0,0,41,0
2020-11-26,5456,151,438,4996,22,0,0,40,0
2020-11-27,5485,147,428,5035,22,0,0,39,0
2020-11-28,5513,142,418,5073,22,0,0,38,0
2020-11-29,5541,138,408,5111,22,0,0,37,0
2020-11-30,5568,134,398,5148,22,0,0,36,0
2020-12-01,5593,130,388,5183,22,0,0,35,0
2020-12-02,5619,126,378,5218,23,0,0,34,0
2020-12-03,5644,122,369,5252,23,0,0,33,0
2020-12-04,5667,118,359,5285,23,0,0,33,0
2020-12-05,5690,115,350,5317,23,0,0,32,0
2020-12-06,5712,111,340,5349,23,0,0,31,0
2020-12-07,5733,107,331,5379,23,0,0,30,0
2020-12-08,5754,104,322,5409,23,0,0,29,0
2020-12-09,5775,101,313,5438,24,0,0,28,0
2020-12-10,5795,97,305,5466,24,0,0,28,0
2020-12-11,5813,94,296,5493,24,0,0,27,0
2020-12-12,5831,91,288,5519,24,0,0,26,0
2020-12-13,5849,88,280,5545,24,0,0,25,0
2020-12-14,5865,85,271,5570,24,0,0,25,0
2020-12-15,5883,82,264,5595,24,0,0,24,0
2020-12-16,5898,80,256,5618,24,0,0,23,0
2020-12-17,5913,77,248,5641,24,0,0,22,0
2020-12-18,5929,74,241,5663,25,0,0,22,0
2020-12-19,5943,72,233,5685,25,0,0,21,0
2020-12-20,5957,69,226,5706,25,0,0,20,0
2020-12-21,5970,67,219,5726,25,0,0,20,0
2020-12-22,5984,65,213,5746,25,0,0,19,0
2020-12-23,5996,63,206,5765,25,0,0,19,0
2020-12-24,6008,60,200,5783,25,0,0,18,0
2020-12-25,6019,58,193,5801,25,0,0,18,0
2020-12-26,6030,56,187,5818,25,0,0,17,0
2020-12-27,6041,54,181,5835,25,0,0,16,0
2020-12-28,6052,52,176,5851,25,0,0,16,0
2020-12-29,6062,51,170,5867,25,0,0,15,0
2020-12-30,6072,49,165,5882,25,0,0,15,0
2020-12-31,6082,47,159,5897,26,0,0,14,0
2021-01-01,6091,46,154,5911,26,0,0,14,0
2021-01-02,6100,44,149,5925,26,0,0,13,0
2021-01-03,6108,42,144,5938,26,0,0,13,0
2021-01-04,6116,41,139,5951,26,0,0,13,0
2021-01-05,6125,39,135,5964,26,0,0,12,0
2021-01-06,6132,38,130,5976,26,0,0,12,0
2021-01-07,6139,37,126,5987,26,0,0,11,0
2021-01-08,6147,35,122,5999,26,0,0,11,0
2021-01-09,6153,34,118,6009,26,0,0,11,0
2021-01-10,6160,33,114,6020,26,0,0,10,0
2021-01-11,6166,32,110,6030,26,0,0,10,0
2021-01-12,6172,31,106,6040,26,0,0,10,0
2021-01-13,6178,30,103,6049,26,0,0,9,0
2021-01-14,6184,29,99,6059,26,0,0,9,0
2021-01-15,6189,28,96,6067,26,0,0,9,0
2021-01-16,6194,27,92,6076,26,0,0,8,0
2021-01-17,6199,26,89,6084,26,0,0,8,0
2021-01-18,6204,25,86,6092,26,0,0,8,0
2021-01-19,6209,24,83,6100,26,0,0,8,0
2021-01-20,6213,23,80,6107,26,0,0,7,0
2021-01-21,6219,22,78,6115,26,0,0,7,0
2021-01-22,6224,21,75,6122,27,0,0,7,0
2021-01-23,6227,21,72,6128,27,0,0,7,0
2021-01-24,6232,20,70,6135,27,0,0,6,0
2021-01-25,6235,19,67,6141,27,0,0,6,0
2021-01-26,6239,18,65,6147,27,0,0,6,0
2021-01-27,6243,18,63,6153,27,0,0,6,0
2021-01-28,6246,17,61,6158,27,0,0,5,0
2021-01-29,6249,16,58,6164,27,0,0,5,0
2021-01-30,6252,16,56,6169,27,0,0,5,0
2021-01-31,6255,15,54,6174,27,0,0,5,0
2021-02-01,6259,15,53,6179,27,0,0,5,0
2021-02-02,6262,14,51,6184,27,0,0,5,0
2021-02-03,6264,14,49,6188,27,0,0,4,0
2021-02-04,6266,13,47,6192,27,0,0,4,0
2021-02-05,6269,13,45,6197,27,0,0,4,0
2021-02-06,6272,12,44,6201,27,0,0,4,0
2021-02-07,6274,12,42,6205,27,0,0,4,0
2021-02-08,6276,11,41,6208,27,0,0,4,0
2021-02-09,6278,11,39,6212,27,0,0,4,0
2021-02-10,6281,11,38,6216,27,0,0,3,0
2021-02-11,6283,10,37,6219,27,0,0,3,0
2021-02-12,6284,10,35,6222,27,0,0,3,0
2021-02-13,6286,9,34,6225,27,0,0,3,0
2021-02-14,6288,9,33,6228,27,0,0,3,0
2021-02-15,6290,9,32,6231,27,0,0,3,0
2021-02-16,6292,8,31,6234,27,0,0,3,0
2021-02-17,6293,8,29,6237,27,0,0,3,0
2021-02-18,6295,8,28,6240,27,0,0,3,0
2021-02-19,6296,8,27,6242,27,0,0,2,0
2021-02-20,6298,7,26,6245,27,0,0,2,0
2021-02-21,6299,7,25,6247,27,0,0,2,0
2021-02-22,6301,7,25,6249,27,0,0,2,0
2021-02-23,6302,7,24,6251,27,0,0,2,0
2021-02-24,6303,6,23,6253,27,0,0,2,0
2021-02-25,6304,6,22,6255,27,0,0,2,0
2021-02-26,6305,6,21,6257,27,0,0,2,0
2021-02-27,6306,6,20,6259,27,0,0,2,0
2021-02-28,6308,5,20,6261,27,0,0,2,0
2021-03-01,6309,5,19,6263,27,0,0,2,0
2021-03-02,6310,5,18,6265,27,0,0,2,0
2021-03-03,6311,5,18,6266,27,0,0,2,0
2021-03-04,6312,5,17,6268,27,0,0,2,0
2021-03-05,6312,5,16,6269,27,0,0,1,0
2021-03-06,6314,4,16,6271,27,0,0,1,0
2021-03-07,6314,4,15,6272,27,0,0,1,0
2021-03-08,6316,4,15,6274,27,0,0,1,0
2021-03-09,6316,4,14,6275,27,0,0,1,0
2021-03-10,6317,4,14,6276,27,0,0,1,0
2021-03-11,6317,4,13,6277,27,0,0,1,0
2021-03-12,6318,3,13,6278,27,0,0,1,0
2021-03-13,6319,3,12,6280,27,0,0,1,0
2021-03-14,6320,3,12,6281,27,0,0,1,0
2021-03-15,6320,3,11,6282,27,0,0,1,0
2021-03-16,6321,3,11,6283,27,0,0,1,0
2021-03-17,6322,3,11,6284,27,0,0,1,0
2021-03-18,6322,3,10,6285,27,0,0,1,0
2021-03-19,6323,3,10,6286,27,0,0,1,0
2021-03-20,6322,3,9,6286,27,0,0,1,0
2021-03-21,6323,3,9,6287,27,0,0,1,0
2021-03-22,6324,2,9,6288,27,0,0,1,0
2021-03-23,6324,2,8,6289,27,0,0,1,0
2021-03-24,6325,2,8,6290,27,0,0,1,0
2021-03-25,6325,2,8,6290,27,0,0,1,0
2021-03-26,6326,2,8,6291,27,0,0,1,0
2021-03-27,6326,2,7,6292,27,0,0,1,0
2021-03-28,6326,2,7,6292,27,0,0,1,0
2021-03-29,6327,2,7,6293,27,0,0,1,0
2021-03-30,6327,2,6,6294,27,0,0,1,0
2021-03-31,6327,2,6,6294,27,0,0,1,0
2021-04-01,6328,2,6,6295,27,0,0,1,0
2021-04-02,6328,2,6,6295,27,0,0,1,0
2021-04-03,6329,2,6,6296,27,0,0,1,0
2021-04-04,6328,1,5,6296,27,0,0,0,0
2021-04-05,6329,1,5,6297,27,0,0,0,0
2021-04-06,6329,1,5,6297,27,0,0,0,0
2021-04-07,6330,1,5,6298,27,0,0,0,0
2021-04-08,6330,1,5,6298,27,0,0,0,0
2021-04-09,6330,1,4,6299,27,0,0,0,0
2021-04-10,6330,1,4,6299,27,0,0,0,0
2021-04-11,6330,1,4,6299,27,0,0,0,0
2021-04-12,6331,1,4,6300,27,0,0,0,0
2021-04-13,6331,1,4,6300,27,0,0,0,0
2021-04-14,6331,1,4,6300,27,0,0,0,0
2021-04-15,6332,1,4,6301,27,0,0,0,0
2021-04-16,6331,1,3,6301,27,0,0,0,0
2021-04-17,6331,1,3,6301,27,0,0,0,0
2021-04-18,6332,1,3,6302,27,0,0,0,0
2021-04-19,6332,1,3,6302,27,0,0,0,0
2021-04-20,6332,1,3,6302,27,0,0,0,0
2021-04-21,6332,1,3,6302,27,0,0,0,0
2021-04-22,6333,1,3,6303,27,0,0,0,0
2021-04-23,6333,1,3,6303,27,0,0,0,0
2021-04-24,6333,1,3,6303,27,0,0,0,0
2021-04-25,6332,1,2,6303,27,0,0,0,0
2021-04-26,6333,1,2,6304,27,0,0,0,0
2021-04-27,6333,1,2,6304,27,0,0,0,0
2021-04-28,6333,1,2,6304,27,0,0,0,0
2021-04-29,6333,1,2,6304,27,0,0,0,0
2021-04-30,6333,1,2,6304,27,0,0,0,0
2021-05-01,6334,1,2,6305,27,0,0,0,0
2021-05-02,6334,1,2,6305,27,0,0,0,0
2021-05-03,6334,1,2,6305,27,0,0,0,0
2021-05-04,6334,0,2,6305,27,0,0,0,0
2021-05-05,6334,0,2,6305,27,0,0,0,0
2021-05-06,6334,0,2,6305,27,0,0,0,0
2021-05-07,6335,0,2,6306,27,0,0,0,0
2021-05-08,6335,0,2,6306,27,0,0,0,0
2021-05-09,6334,0,1,6306,27,0,0,0,0
2021-05-10,6334,0,1,6306,27,0,0,0,0
2021-05-11,6334,0,1,6306,27,0,0,0,0
2021-05-12,6334,0,1,6306,27,0,0,0,0
2021-05-13,6334,0,1,6306,27,0,0,0,0
2021-05-14,6335,0,1,6307,27,0,0,0,0
2021-05-15,6335,0,1,6307,27,0,0,0,0
2021-05-16,6335,0,1,6307,27,0,0,0,0
2021-05-17,6335,0,1,6307,27,0,0,0,0
2021-05-18,6335,0,1,6307,27,0,0,0,0
2021-05-19,6335,0,1,6307,27,0,0,0,0
2021-05-20,6335,0,1,6307,27,0,0,0,0
2021-05-21,6335,0,1,6307,27,0,0,0,0
2021-05-22,6335,0,1,6307,27,0,0,0,0
2021-05-23,6335,0,1,6307,27,0,0,0,0
2021-05-24,6335,0,1,6307,27,0,0,0,0
2021-05-25,6336,0,1,6308,27,0,0,0,0
2021-05-26,6336,0,1,6308,27,0,0,0,0
2021-05-27,6336,0,1,6308,27,0,0,0,0
2021-05-28,6336,0,1,6308,27,0,0,0,0
2021-05-29,6336,0,1,6308,27,0,0,0,0
2021-05-30,6336,0,1,6308,27,0,0,0,0
2021-05-31,6336,0,1,6308,27,0,0,0,0
2021-06-01,6336,0,1,6308,27,0,0,0,0
2021-06-02,6336,0,1,6308,27,0,0,0,0
2021-06-03,6336,0,1,6308,27,0,0,0,0
2021-06-04,6336,0,1,6308,27,0,0,0,0
2021-06-05,6336,0,1,6308,27,0,0,0,0
2021-06-06,6336,0,1,6308,27,0,0,0,0
2021-06-07,6336,0,1,6308,27,0,0,0,0
2021-06-08,6335,0,0,6308,27,0,0,0,0
2021-06-09,6335,0,0,6308,27,0,0,0,0
2021-06-10,6335,0,0,6308,27,0,0,0,0
2021-06-11,6335,0,0,6308,27,0,0,0,0
2021-06-12,6336,0,0,6309,27,0,0,0,0
2021-06-13,6336,0,0,6309,27,0,0,0,0
2021-06-14,6336,0,0,6309,27,0,0,0,0
2021-06-15,6336,0,0,6309,27,0,0,0,0
2021-06-16,6336,0,0,6309,27,0,0,0,0
2021-06-17,6336,0,0,6309,27,0,0,0,0
2021-06-18,6336,0,0,6309,27,0,0,0,0
2021-06-19,6336,0,0,6309,27,0,0,0,0
