Date,Infected,Exposed,Active,Recovered,Deaths,Diff Exposed,Diff Active,Diff Recovered,Diff Deaths
2020-07-19,101,31,18,83,0,0,4,2,0
2020-07-20,106,28,22,84,0,0,3,2,0
2020-07-21,111,26,25,86,0,0,3,2,0
2020-07-22,117,25,28,89,0,0,2,3,0
2020-07-23,121,24,30,91,0,0,2,3,0
2020-07-24,127,24,32,94,1,0,2,3,0
2020-07-25,132,24,34,97,1,0,2,3,0
2020-07-26,136,24,35,100,1,0,1,3,0
2020-07-27,140,24,36,103,1,0,1,3,0
2020-07-28,146,25,38,107,1,1,1,3,0
2020-07-29,150,25,39,110,1,1,1,4,0
2020-07-30,156,26,41,114,1,1,1,4,0
2020-07-31,161,26,42,118,1,1,1,4,0
2020-08-01,165,27,43,121,1,1,1,4,0
2020-08-02,171,28,45,125,1,1,1,4,0
2020-08-03,176,29,46,129,1,1,1,4,0
2020-08-04,183,29,48,134,1,1,1,4,0
2020-08-05,188,30,49,138,1,1,1,4,0
2020-08-06,193,31,50,142,1,1,2,5,0
2020-08-07,200,32,52,147,1,1,2,5,0
2020-08-08,207,33,54,152,1,1,2,5,0
2020-08-09,213,34,55,157,1,1,2,5,0
2020-08-10,220,35,57,162,1,1,2,5,0
2020-08-11,227,36,59,167,1,1,2,5,0
2020-08-12,233,37,60,172,1,1,2,5,0
2020-08-13,241,38,62,178,1,1,2,6,0
2020-08-14,249,39,64,184,1,1,2,6,0
2020-08-15,256,40,66,189,1,1,2,6,0
2020-08-16,264,42,68,195,1,1,2,6,0
2020-08-17,273,43,70,202,1,1,2,6,0
2020-08-18,281,44,72,208,1,1,2,7,0
2020-08-19,290,45,74,215,1,1,2,7,0
2020-08-20,298,46,76,221,1,1,2,7,0
2020-08-21,307,48,78,228,1,1,2,7,0
2020-08-22,318,49,81,236,1,1,2,7,0
2020-08-23,327,50,83,243,1,1,2,8,0
2020-08-24,336,52,85,250,1,1,2,8,0
2020-08-25,347,53,88,258,1,1,2,8,0
2020-08-26,357,55,90,266,1,1,3,8,0
2020-08-27,369,56,93,275,1,1,3,8,0
2020-08-28,380,58,95,283,2,2,3,9,0
2020-08-29,392,59,98,292,2,2,3,9,0
2020-08-30,404,61,101,301,2,2,3,9,0
2020-08-31,415,62,103,310,2,2,3,9,0
2020-09-01,427,64,106,319,2,2,3,10,0
2020-09-02,440,65,109,329,2,2,3,10,0
2020-09-03,453,67,112,339,2,2,3,10,0
2020-09-04,466,69,115,349,2,2,3,10,0
2020-09-05,480,71,118,360,2,2,3,11,0
2020-09-06,494,72,121,371,2,2,3,11,0
2020-09-07,508,74,124,382,2,2,3,11,0
2020-09-08,523,76,128,393,2,2,3,12,0
2020-09-09,538,78,131,405,2,2,3,12,0
2020-09-10,553,79,134,417,2,2,3,12,0
2020-09-11,569,81,138,429,2,2,3,12,0
2020-09-12,584,83,141,441,2,2,3,13,0
2020-09-13,601,85,145,454,2,2,4,13,0
2020-09-14,618,87,148,467,3,2,4,13,0
2020-09-15,636,89,152,481,3,2,4,14,0
2020-09-16,653,91,155,495,3,2,4,14,0
2020-09-17,671,93,159,509,3,2,4,14,0
2020-09-18,690,95,163,524,3,2,4,15,0
2020-09-19,708,97,167,538,3,2,4,15,0
2020-09-20,728,99,171,554,3,2,4,15,0
2020-09-21,746,101,174,569,3,2,4,16,0
2020-09-22,766,103,178,585,3,2,4,16,0
2020-09-23,786,105,182,601,3,2,4,16,0
2020-09-24,807,107,186,618,3,2,4,17,0
2020-09-25,828,109,190,635,3,2,4,17,0
2020-09-26,850,111,194,652,4,2,4,18,0
2020-09-27,872,113,198,670,4,2,4,18,0
2020-09-28,894,115,202,688,4,2,4,18,0
2020-09-29,917,117,207,706,4,2,4,19,0
2020-09-30,940,119,211,725,4,2,4,19,0
2020-10-01,963,121,215,744,4,2,4,19,0
2020-10-02,987,123,219,764,4,2,4,20,0
2020-10-03,1011,125,223,784,4,2,4,20,0
2020-10-04,1035,127,227,804,4,2,4,21,0
2020-10-05,1060,128,231,825,4,2,4,21,0
2020-10-06,1087,130,236,846,5,2,4,21,0
2020-10-07,1113,132,240,868,5,2,4,22,0
2020-10-08,1138,134,244,889,5,2,4,22,0
2020-10-09,1164,136,248,911,5,2,4,22,0
2020-10-10,1191,137,252,934,5,2,4,23,0
2020-10-11,1218,139,256,957,5,2,4,23,0
2020-10-12,1245,141,260,980,5,2,4,24,0
2020-10-13,1273,142,264,1004,5,2,4,24,0
2020-10-14,1302,144,268,1028,6,2,4,24,0
2020-10-15,1330,145,272,1052,6,1,4,25,0
2020-10-16,1358,147,275,1077,6,1,4,25,0
2020-10-17,1387,148,279,1102,6,1,4,25,0
2020-10-18,1416,149,283,1127,6,1,4,26,0
2020-10-19,1445,151,286,1153,6,1,4,26,0
2020-10-20,1475,152,290,1179,6,1,3,26,0
2020-10-21,1505,153,293,1205,7,1,3,27,0
2020-10-22,1535,154,296,1232,7,1,3,27,0
2020-10-23,1566,155,300,1259,7,1,3,27,0
2020-10-24,1596,156,303,1286,7,1,3,27,0
2020-10-25,1626,157,306,1313,7,1,3,28,0
2020-10-26,1657,158,309,1341,7,1,3,28,0
2020-10-27,1687,158,311,1369,7,1,3,28,0
2020-10-28,1719,159,314,1397,8,1,3,28,0
2020-10-29,1751,159,317,1426,8,0,2,29,0
2020-10-30,1782,160,319,1455,8,0,2,29,0
2020-10-31,1813,160,321,1484,8,0,2,29,0
2020-11-01,1844,160,323,1513,8,0,2,29,0
2020-11-02,1875,161,325,1542,8,0,2,29,0
2020-11-03,1907,161,327,1571,9,0,2,30,0
2020-11-04,1939,161,329,1601,9,0,2,30,0
2020-11-05,1971,161,331,1631,9,0,1,30,0
2020-11-06,2002,161,332,1661,9,0,1,30,0
2020-11-07,2033,160,333,1691,9,0,1,30,0
2020-11-08,2064,160,334,1721,9,0,1,30,0
2020-11-09,2096,160,335,1751,10,0,1,30,0
2020-11-10,2128,159,336,1782,10,0,1,30,0
2020-11-11,2159,159,337,1812,10,0,1,30,0
2020-11-12,2190,158,337,1843,10,0,0,30,0
2020-11-13,2220,157,337,1873,10,0,0,31,0
2020-11-14,2252,157,338,1904,10,0,0,31,0
2020-11-15,2282,156,337,1934,11,0,0,31,0
2020-11-16,2313,155,337,1965,11,0,0,30,0
2020-11-17,2343,154,337,1995,11,0,0,30,0
2020-11-18,2373,153,336,2026,11,0,0,30,0
2020-11-19,2403,152,336,2056,11,0,0,30,0
2020-11-20,2432,151,335,2086,11,0,0,30,0
2020-11-21,2463,149,334,2117,12,0,0,30,0
2020-11-22,2492,148,333,2147,12,0,0,30,0
2020-11-23,2521,147,332,2177,12,0,0,30,0
2020-11-24,2549,145,330,2207,12,0,0,30,0
2020-11-25,2577,144,329,2236,12,0,0,30,0
2020-11-26,2605,142,327,2266,12,0,0,30,0
2020-11-27,2633,141,325,2296,12,0,0,29,0
2020-11-28,2661,139,323,2325,13,0,0,29,0
2020-11-29,2688,138,321,2354,13,0,0,29,0
2020-11-30,2715,136,319,2383,13,0,0,29,0
2020-12-01,2741,134,316,2412,13,0,0,29,0
2020-12-02,2767,133,314,2440,13,0,0,28,0
2020-12-03,2793,131,311,2469,13,0,0,28,0
2020-12-04,2820,129,309,2497,14,0,0,28,0
2020-12-05,2844,127,306,2524,14,0,0,28,0
2020-12-06,2869,125,303,2552,14,0,0,27,0
2020-12-07,2893,123,300,2579,14,0,0,27,0
2020-12-08,2917,122,297,2606,14,0,0,27,0
2020-12-09,2941,120,294,2633,14,0,0,27,0
2020-12-10,2963,118,290,2659,14,0,0,26,0
2020-12-11,2988,116,287,2686,15,0,0,26,0
2020-12-12,3010,114,284,2711,15,0,0,26,0
2020-12-13,3032,112,280,2737,15,0,0,25,0
2020-12-14,3054,110,277,2762,15,0,0,25,0
2020-12-15,3075,108,273,2787,15,0,0,25,0
2020-12-16,3097,106,270,2812,15,0,0,24,0
2020-12-17,3117,104,266,2836,15,0,0,24,0
2020-12-18,3138,102,262,2860,16,0,0,24,0
2020-12-19,3157,101,258,2883,16,0,0,23,0
2020-12-20,3178,99,255,2907,16,0,0,23,0
2020-12-21,3197,97,251,2930,16,0,0,23,0
2020-12-22,3215,95,247,2952,16,0,0,22,0
2020-12-23,3233,93,243,2974,16,0,0,22,0
2020-12-24,3251,91,239,2996,16,0,0,22,0
2020-12-25,3269,89,235,3018,16,0,0,21,0
2020-12-26,3287,87,231,3039,17,0,0,21,0
2020-12-27,3305,86,228,3060,17,0,0,21,0
2020-12-28,3321,84,224,3080,17,0,0,20,0
2020-12-29,3337,82,220,3100,17,0,0,20,0
2020-12-30,3353,80,216,3120,17,0,0,20,0
2020-12-31,3368,79,212,3139,17,0,0,19,0
2021-01-01,3383,77,208,3158,17,0,0,19,0
2021-01-02,3398,75,204,3177,17,0,0,18,0
2021-01-03,3412,74,200,3195,17,0,0,18,0
2021-01-04,3427,72,197,3213,17,0,0,18,0
2021-01-05,3442,70,193,3231,18,0,0,17,0
2021-01-06,3455,69,189,3248,18,0,0,17,0
2021-01-07,3468,67,185,3265,18,0,0,17,0
2021-01-08,3482,66,182,3282,18,0,0,16,0
2021-01-09,3494,64,178,3298,18,0,0,16,0
2021-01-10,3506,62,174,3314,18,0,0,16,0
2021-01-11,3519,61,171,3330,18,0,0,15,0
2021-01-12,3530,60,167,3345,18,0,0,15,0
2021-01-13,3542,58,164,3360,18,0,0,15,0
2021-01-14,3553,57,160,3375,18,0,0,14,0
2021-01-15,3564,55,157,3389,18,0,0,14,0
2021-01-16,3575,54,153,3403,19,0,0,14,0
2021-01-17,3586,53,150,3417,19,0,0,14,0
2021-01-18,3596,51,147,3430,19,0,0,13,0
2021-01-19,3607,50,144,3444,19,0,0,13,0
2021-01-20,3616,49,140,3457,19,0,0,13,0
2021-01-21,3625,48,137,3469,19,0,0,12,0
2021-01-22,3634,46,134,3481,19,0,0,12,0
2021-01-23,3643,45,131,3493,19,0,0,12,0
2021-01-24,3652,44,128,3505,19,0,0,12,0
2021-01-25,3661,43,125,3517,19,0,0,11,0
2021-01-26,3669,42,122,3528,19,0,0,11,0
2021-01-27,3677,41,119,3539,19,0,0,11,0
2021-01-28,3684,40,116,3549,19,0,0,11,0
2021-01-29,3693,39,114,3560,19,0,0,10,0
2021-01-30,3700,38,111,3570,19,0,0,10,0
2021-01-31,3707,37,108,3580,19,0,0,10,0
2021-02-01,3716,36,106,3590,20,0,0,10,0
2021-02-02,3722,35,103,3599,20,0,0,9,0
2021-02-03,3729,34,101,3608,20,0,0,9,0
2021-02-04,3735,33,98,3617,20,0,0,9,0
2021-02-05,3742,32,96,3626,20,0,0,9,0
2021-02-06,3748,31,93,3635,20,0,0,8,0
2021-02-07,3754,31,91,3643,20,0,0,8,0
2021-02-08,3760,30,89,3651,20,0,0,8,0
2021-02-09,3766,29,87,3659,20,0,0,8,0
2021-02-10,3771,28,84,3667,20,0,0,8,0
2021-02-11,3777,27,82,3675,20,0,0,7,0
2021-02-12,3782,27,80,3682,20,0,0,7,0
2021-02-13,3787,26,78,3689,20,0,0,7,0
2021-02-14,3792,25,76,3696,20,0,0,7,0
2021-02-15,3797,25,74,3703,20,0,0,7,0
2021-02-16,3802,24,72,3710,20,0,0,7,0
2021-02-17,3806,23,70,3716,20,0,0,6,0
2021-02-18,3811,23,69,3722,20,0,0,6,0
2021-02-19,3815,22,67,3728,20,0,0,6,0
2021-02-20,3819,21,65,3734,20,0,0,6,0
2021-02-21,3823,21,63,3740,20,0,0,6,0
2021-02-22,3828,20,62,3746,20,0,0,6,0
2021-02-23,3831,20,60,3751,20,0,0,5,0
2021-02-24,3835,19,58,3757,20,0,0,5,0
2021-02-25,3839,19,57,3762,20,0,0,5,0
2021-02-26,3843,18,55,3767,21,0,0,5,0
2021-02-27,3847,18,54,3772,21,0,0,5,0
2021-02-28,3850,17,52,3777,21,0,0,5,0
2021-03-01,3854,17,51,3782,21,0,0,5,0
2021-03-02,3857,16,50,3786,21,0,0,4,0
2021-03-03,3860,16,48,3791,21,0,0,4,0
2021-03-04,3863,15,47,3795,21,0,0,4,0
2021-03-05,3866,15,46,3799,21,0,0,4,0
2021-03-06,3869,14,45,3803,21,0,0,4,0
2021-03-07,3871,14,43,3807,21,0,0,4,0
2021-03-08,3874,14,42,3811,21,0,0,4,0
2021-03-09,3877,13,41,3815,21,0,0,4,0
2021-03-10,3880,13,40,3819,21,0,0,4,0
2021-03-11,3882,13,39,3822,21,0,0,4,0
2021-03-12,3885,12,38,3826,21,0,0,3,0
2021-03-13,3887,12,37,3829,21,0,0,3,0
2021-03-14,3889,12,36,3832,21,0,0,3,0
2021-03-15,3892,11,35,3836,21,0,0,3,0
2021-03-16,3894,11,34,3839,21,0,0,3,0
2021-03-17,3896,11,33,3842,21,0,0,3,0
2021-03-18,3898,10,32,3845,21,0,0,3,0
2021-03-19,3899,10,31,3847,21,0,0,3,0
2021-03-20,3901,10,30,3850,21,0,0,3,0
2021-03-21,3903,9,29,3853,21,0,0,3,0
2021-03-22,3906,9,29,3856,21,0,0,3,0
2021-03-23,3907,9,28,3858,21,0,0,3,0
2021-03-24,3909,9,27,3861,21,0,0,2,0
2021-03-25,3910,8,26,3863,21,0,0,2,0
2021-03-26,3912,8,26,3865,21,0,0,2,0
2021-03-27,3914,8,25,3868,21,0,0,2,0
2021-03-28,3915,8,24,3870,21,0,0,2,0
2021-03-29,3916,7,23,3872,21,0,0,2,0
2021-03-30,3918,7,23,3874,21,0,0,2,0
2021-03-31,3919,7,22,3876,21,0,0,2,0
2021-04-01,3921,7,22,3878,21,0,0,2,0
2021-04-02,3922,7,21,3880,21,0,0,2,0
2021-04-03,3923,6,20,3882,21,0,0,2,0
2021-04-04,3925,6,20,3884,21,0,0,2,0
2021-04-05,3926,6,19,3886,21,0,0,2,0
2021-04-06,3927,6,19,3887,21,0,0,2,0
2021-04-07,3928,6,18,3889,21,0,0,2,0
2021-04-08,3930,6,18,3891,21,0,0,2,0
2021-04-09,3930,5,17,3892,21,0,0,2,0
2021-04-10,3932,5,17,3894,21,0,0,2,0
2021-04-11,3932,5,16,3895,21,0,0,1,0
2021-04-12,3934,5,16,3897,21,0,0,1,0
2021-04-13,3934,5,15,3898,21,0,0,1,0
2021-04-14,3935,5,15,3899,21,0,0,1,0
2021-04-15,3936,5,14,3901,21,0,0,1,0
2021-04-16,3937,4,14,3902,21,0,0,1,0
2021-04-17,3938,4,14,3903,21,0,0,1,0
2021-04-18,3938,4,13,3904,21,0,0,1,0
2021-04-19,3940,4,13,3906,21,0,0,1,0
2021-04-20,3940,4,12,3907,21,0,0,1,0
2021-04-21,3941,4,12,3908,21,0,0,1,0
2021-04-22,3942,4,12,3909,21,0,0,1,0
2021-04-23,3942,4,11,3910,21,0,0,1,0
2021-04-24,3943,4,11,3911,21,0,0,1,0
2021-04-25,3944,3,11,3912,21,0,0,1,0
2021-04-26,3945,3,11,3913,21,0,0,1,0
2021-04-27,3945,3,10,3914,21,0,0,1,0
2021-04-28,3946,3,10,3915,21,0,0,1,0
2021-04-29,3947,3,10,3916,21,0,0,1,0
2021-04-30,3947,3,9,3917,21,0,0,1,0
2021-05-01,3947,3,9,3917,21,0,0,1,0
2021-05-02,3948,3,9,3918,21,0,0,1,0
2021-05-03,3949,3,9,3919,21,0,0,1,0
2021-05-04,3949,3,8,3920,21,0,0,1,0
2021-05-05,3950,3,8,3921,21,0,0,1,0
2021-05-06,3950,2,8,3921,21,0,0,1,0
2021-05-07,3951,2,8,3922,21,0,0,1,0
2021-05-08,3951,2,7,3923,21,0,0,1,0
2021-05-09,3951,2,7,3923,21,0,0,1,0
2021-05-10,3952,2,7,3924,21,0,0,1,0
2021-05-11,3953,2,7,3925,21,0,0,1,0
2021-05-12,3953,2,7,3925,21,0,0,1,0
2021-05-13,3953,2,6,3926,21,0,0,1,0
2021-05-14,3953,2,6,3926,21,0,0,1,0
2021-05-15,3954,2,6,3927,21,0,0,1,0
2021-05-16,3954,2,6,3927,21,0,0,1,0
2021-05-17,3955,2,6,3928,21,0,0,1,0
2021-05-18,3956,2,6,3929,21,0,0,1,0
2021-05-19,3955,2,5,3929,21,0,0,0,0
2021-05-20,3955,2,5,3929,21,0,0,0,0
2021-05-21,3956,2,5,3930,21,0,0,0,0
2021-05-22,3956,2,5,3930,21,0,0,0,0
2021-05-23,3957,2,5,3931,21,0,0,0,0
2021-05-24,3957,1,5,3931,21,0,0,0,0
2021-05-25,3958,1,5,3932,21,0,0,0,0
2021-05-26,3957,1,4,3932,21,0,0,0,0
2021-05-27,3958,1,4,3933,21,0,0,0,0
2021-05-28,3958,1,4,3933,21,0,0,0,0
2021-05-29,3958,1,4,3933,21,0,0,0,0
2021-05-30,3959,1,4,3934,21,0,0,0,0
2021-05-31,3959,1,4,3934,21,0,0,0,0
2021-06-01,3959,1,4,3934,21,0,0,0,0
2021-06-02,3960,1,4,3935,21,0,0,0,0
2021-06-03,3959,1,3,3935,21,0,0,0,0
2021-06-04,3959,1,3,3935,21,0,0,0,0
2021-06-05,3960,1,3,3936,21,0,0,0,0
2021-06-06,3960,1,3,3936,21,0,0,0,0
2021-06-07,3960,1,3,3936,21,0,0,0,0
2021-06-08,3960,1,3,3936,21,0,0,0,0
2021-06-09,3961,1,3,3937,21,0,0,0,0
2021-06-10,3961,1,3,3937,21,0,0,0,0
2021-06-11,3961,1,3,3937,21,0,0,0,0
2021-06-12,3961,1,3,3937,21,0,0,0,0
2021-06-13,3962,1,3,3938,21,0,0,0,0
2021-06-14,3962,1,3,3938,21,0,0,0,0
2021-06-15,3961,1,2,3938,21,0,0,0,0
2021-06-16,3961,1,2,3938,21,0,0,0,0
2021-06-17,3962,1,2,3939,21,0,0,0,0
2021-06-18,3962,1,2,3939,21,0,0,0,0
2021-06-19,3962,1,2,3939,21,0,0,0,0
2021-06-20,3962,1,2,3939,21,0,0,0,0
2021-06-21,3962,1,2,3939,21,0,0,0,0
2021-06-22,3963,1,2,3940,21,0,0,0,0
2021-06-23,3963,1,2,3940,21,0,0,0,0
2021-06-24,3963,1,2,3940,21,0,0,0,0
2021-06-25,3963,1,2,3940,21,0,0,0,0
2021-06-26,3963,1,2,3940,21,0,0,0,0
2021-06-27,3963,1,2,3940,21,0,0,0,0
2021-06-28,3964,1,2,3941,21,0,0,0,0
2021-06-29,3964,1,2,3941,21,0,0,0,0
2021-06-30,3964,0,2,3941,21,0,0,0,0
2021-07-01,3964,0,2,3941,21,0,0,0,0
2021-07-02,3963,0,1,3941,21,0,0,0,0
2021-07-03,3963,0,1,3941,21,0,0,0,0
2021-07-04,3963,0,1,3941,21,0,0,0,0
2021-07-05,3964,0,1,3942,21,0,0,0,0
2021-07-06,3964,0,1,3942,21,0,0,0,0
2021-07-07,3964,0,1,3942,21,0,0,0,0
2021-07-08,3964,0,1,3942,21,0,0,0,0
2021-07-09,3964,0,1,3942,21,0,0,0,0
2021-07-10,3964,0,1,3942,21,0,0,0,0
2021-07-11,3964,0,1,3942,21,0,0,0,0
2021-07-12,3964,0,1,3942,21,0,0,0,0
2021-07-13,3964,0,1,3942,21,0,0,0,0
2021-07-14,3965,0,1,3943,21,0,0,0,0
