Date,Infected,Exposed,Active,Recovered,Deaths,Diff Exposed,Diff Active,Diff Recovered,Diff Deaths
2020-07-18,790,63,151,632,7,8,0,14,0
2020-07-19,803,70,150,645,8,6,0,14,0
2020-07-20,818,76,151,659,8,5,1,14,0
2020-07-21,832,82,152,672,8,5,2,14,0
2020-07-22,849,86,155,686,8,4,3,14,0
2020-07-23,866,90,158,700,8,4,3,14,0
2020-07-24,883,93,161,714,8,3,4,14,0
2020-07-25,902,97,165,729,8,3,4,15,0
2020-07-26,922,100,169,744,9,3,4,15,0
2020-07-27,941,103,173,759,9,3,4,16,0
2020-07-28,962,106,178,775,9,3,5,16,0
2020-07-29,983,109,183,791,9,3,5,16,0
2020-07-30,1005,113,188,808,9,3,5,17,0
2020-07-31,1028,116,193,825,10,3,5,17,0
2020-08-01,1050,119,198,842,10,3,5,18,0
2020-08-02,1073,122,203,860,10,3,5,18,0
2020-08-03,1098,126,209,879,10,3,6,19,0
2020-08-04,1123,129,215,898,10,3,6,19,0
2020-08-05,1148,133,220,917,11,4,6,20,0
2020-08-06,1174,136,226,937,11,4,6,20,0
2020-08-07,1202,140,233,958,11,4,6,21,0
2020-08-08,1229,144,239,979,11,4,6,21,0
2020-08-09,1257,148,245,1000,12,4,7,22,0
2020-08-10,1287,152,252,1023,12,4,7,23,0
2020-08-11,1317,156,259,1046,12,4,7,23,0
2020-08-12,1347,160,266,1069,12,4,7,24,0
2020-08-13,1379,164,273,1093,13,4,7,25,0
2020-08-14,1412,168,281,1118,13,4,8,25,0
2020-08-15,1445,173,288,1144,13,5,8,26,0
2020-08-16,1480,178,296,1170,14,5,8,27,0
2020-08-17,1515,182,304,1197,14,5,8,27,0
2020-08-18,1550,187,312,1224,14,5,8,28,0
2020-08-19,1588,192,321,1252,15,5,9,29,0
2020-08-20,1626,197,329,1282,15,5,9,30,0
2020-08-21,1664,202,338,1311,15,5,9,30,0
2020-08-22,1705,208,347,1342,16,5,9,31,0
2020-08-23,1746,213,356,1374,16,6,9,32,0
2020-08-24,1788,219,366,1406,16,6,10,33,0
2020-08-25,1831,224,375,1439,17,6,10,34,0
2020-08-26,1875,230,385,1473,17,6,10,35,0
2020-08-27,1921,236,395,1508,18,6,10,36,0
2020-08-28,1968,242,406,1544,18,6,11,36,0
2020-08-29,2016,248,417,1581,18,6,11,37,0
2020-08-30,2065,255,427,1619,19,6,11,38,0
2020-08-31,2115,261,439,1657,19,7,11,39,0
2020-09-01,2167,268,450,1697,20,7,12,40,0
2020-09-02,2220,275,462,1738,20,7,12,41,0
2020-09-03,2275,282,474,1780,21,7,12,43,0
2020-09-04,2330,289,486,1823,21,7,12,44,1
2020-09-05,2388,296,499,1867,22,7,13,45,1
2020-09-06,2445,303,511,1912,22,8,13,46,1
2020-09-07,2506,311,524,1959,23,8,13,47,1
2020-09-08,2567,319,538,2006,23,8,14,48,1
2020-09-09,2631,327,552,2055,24,8,14,50,1
2020-09-10,2696,335,566,2105,25,8,14,51,1
2020-09-11,2761,343,580,2156,25,8,14,52,1
2020-09-12,2830,351,595,2209,26,8,15,53,1
2020-09-13,2898,360,609,2263,26,9,15,55,1
2020-09-14,2970,368,625,2318,27,9,15,56,1
2020-09-15,3043,377,640,2375,28,9,16,58,1
2020-09-16,3117,386,656,2433,28,9,16,59,1
2020-09-17,3193,396,672,2492,29,9,16,60,1
2020-09-18,3272,405,689,2553,30,9,17,62,1
2020-09-19,3352,414,706,2616,30,10,17,63,1
2020-09-20,3434,424,723,2680,31,10,17,65,1
2020-09-21,3518,434,741,2745,32,10,18,67,1
2020-09-22,3604,444,758,2813,33,10,18,68,1
2020-09-23,3692,454,777,2881,34,10,18,70,1
2020-09-24,3781,465,795,2952,34,10,19,71,1
2020-09-25,3873,475,814,3024,35,11,19,73,1
2020-09-26,3968,486,834,3098,36,11,20,75,1
2020-09-27,4063,497,853,3173,37,11,20,77,1
2020-09-28,4162,508,873,3251,38,11,20,78,1
2020-09-29,4263,519,894,3330,39,11,21,80,1
2020-09-30,4365,531,914,3411,40,11,21,82,1
2020-10-01,4470,542,935,3494,41,12,21,84,1
2020-10-02,4577,554,957,3578,42,12,22,86,1
2020-10-03,4686,566,978,3665,43,12,22,88,1
2020-10-04,4799,578,1001,3754,44,12,22,90,1
2020-10-05,4912,590,1023,3844,45,12,23,92,1
2020-10-06,5029,602,1046,3937,46,12,23,94,1
2020-10-07,5148,615,1069,4032,47,13,23,96,1
2020-10-08,5269,627,1092,4129,48,13,24,98,1
2020-10-09,5393,640,1116,4228,49,13,24,100,1
2020-10-10,5519,653,1140,4329,50,13,24,102,1
2020-10-11,5649,666,1165,4432,52,13,25,105,1
2020-10-12,5780,679,1189,4538,53,13,25,107,1
2020-10-13,5914,692,1215,4645,54,13,25,109,1
2020-10-14,6050,705,1240,4755,55,13,26,111,1
2020-10-15,6191,719,1266,4868,57,13,26,114,1
2020-10-16,6332,732,1292,4982,58,14,26,116,1
2020-10-17,6476,746,1318,5099,59,14,26,118,1
2020-10-18,6623,759,1344,5218,61,14,27,121,1
2020-10-19,6773,773,1371,5340,62,14,27,123,1
2020-10-20,6926,787,1398,5464,64,14,27,126,1
2020-10-21,7081,801,1425,5591,65,14,27,128,1
2020-10-22,7240,815,1453,5720,67,14,28,131,2
2020-10-23,7400,829,1481,5851,68,14,28,133,2
2020-10-24,7564,842,1509,5985,70,14,28,136,2
2020-10-25,7730,856,1537,6122,71,14,28,138,2
2020-10-26,7899,870,1565,6261,73,14,28,141,2
2020-10-27,8070,884,1593,6402,75,14,29,143,2
2020-10-28,8245,898,1622,6547,76,14,29,146,2
2020-10-29,8422,912,1651,6693,78,14,29,148,2
2020-10-30,8603,926,1680,6843,80,14,29,151,2
2020-10-31,8785,940,1708,6995,82,14,29,154,2
2020-11-01,8969,953,1737,7149,83,14,29,156,2
2020-11-02,9157,967,1766,7306,85,14,29,159,2
2020-11-03,9348,980,1795,7466,87,13,29,161,2
2020-11-04,9541,994,1824,7628,89,13,29,164,2
2020-11-05,9737,1007,1853,7793,91,13,29,167,2
2020-11-06,9936,1020,1882,7961,93,13,29,169,2
2020-11-07,10137,1033,1911,8131,95,13,29,172,2
2020-11-08,10340,1046,1940,8303,97,13,29,174,2
2020-11-09,10547,1059,1969,8479,99,13,29,177,2
2020-11-10,10755,1071,1997,8657,101,12,28,179,2
2020-11-11,10966,1083,2026,8837,103,12,28,182,2
2020-11-12,11179,1095,2054,9020,105,12,28,185,2
2020-11-13,11395,1107,2082,9206,107,12,28,187,2
2020-11-14,11613,1119,2110,9394,109,11,28,190,2
2020-11-15,11833,1130,2137,9584,112,11,27,192,2
2020-11-16,12055,1141,2164,9777,114,11,27,194,2
2020-11-17,12279,1151,2191,9972,116,10,27,197,2
2020-11-18,12506,1162,2217,10170,119,10,26,199,2
2020-11-19,12734,1172,2243,10370,121,10,26,202,2
2020-11-20,12965,1182,2269,10573,123,9,25,204,2
2020-11-21,13198,1191,2294,10778,126,9,25,206,2
2020-11-22,13432,1200,2319,10985,128,9,24,208,2
2020-11-23,13667,1209,2343,11194,130,8,24,211,2
2020-11-24,13905,1217,2367,11405,133,8,23,213,2
2020-11-25,14144,1225,2390,11619,135,8,23,215,3
2020-11-26,14385,1232,2413,11834,138,7,22,217,3
2020-11-27,14627,1239,2435,12052,140,7,22,219,3
2020-11-28,14870,1246,2456,12271,143,6,21,221,3
2020-11-29,15116,1252,2477,12493,146,6,20,223,3
2020-11-30,15361,1257,2497,12716,148,5,20,224,3
2020-12-01,15608,1263,2516,12941,151,5,19,226,3
2020-12-02,15856,1267,2535,13168,153,4,18,228,3
2020-12-03,16105,1272,2553,13396,156,4,17,229,3
2020-12-04,16355,1276,2570,13626,159,4,17,231,3
2020-12-05,16605,1279,2586,13858,161,3,16,232,3
2020-12-06,16856,1282,2601,14091,164,3,15,234,3
2020-12-07,17108,1284,2616,14325,167,2,14,235,3
2020-12-08,17360,1286,2630,14560,170,2,13,236,3
2020-12-09,17611,1288,2642,14797,172,1,12,237,3
2020-12-10,17864,1289,2654,15035,175,1,11,239,3
2020-12-11,18117,1289,2665,15274,178,0,10,240,3
2020-12-12,18370,1289,2675,15514,181,0,10,240,3
2020-12-13,18623,1288,2685,15754,184,0,9,241,3
2020-12-14,18875,1287,2693,15996,186,0,8,242,3
2020-12-15,19127,1286,2700,16238,189,0,7,243,3
2020-12-16,19379,1284,2706,16481,192,0,6,243,3
2020-12-17,19631,1281,2712,16724,195,0,5,244,3
2020-12-18,19882,1278,2716,16968,198,0,4,244,3
2020-12-19,20132,1275,2719,17212,201,0,3,244,3
2020-12-20,20382,1271,2722,17457,203,0,2,245,3
2020-12-21,20630,1266,2723,17701,206,0,1,245,3
2020-12-22,20878,1261,2723,17946,209,0,0,245,3
2020-12-23,21126,1256,2723,18191,212,0,0,245,3
2020-12-24,21371,1250,2721,18435,215,0,0,245,3
2020-12-25,21617,1244,2719,18680,218,0,0,244,3
2020-12-26,21860,1238,2715,18924,221,0,0,244,3
2020-12-27,22102,1231,2711,19168,223,0,0,244,3
2020-12-28,22342,1223,2705,19411,226,0,0,243,3
2020-12-29,22582,1215,2699,19654,229,0,0,243,3
2020-12-30,22819,1207,2691,19896,232,0,0,242,3
2020-12-31,23056,1199,2683,20138,235,0,0,241,3
2021-01-01,23290,1190,2674,20379,237,0,0,240,3
2021-01-02,23523,1181,2664,20619,240,0,0,239,3
2021-01-03,23754,1171,2653,20858,243,0,0,238,3
2021-01-04,23983,1161,2641,21096,246,0,0,237,3
2021-01-05,24210,1151,2628,21333,249,0,0,236,3
2021-01-06,24434,1141,2615,21568,251,0,0,235,3
2021-01-07,24657,1130,2600,21803,254,0,0,234,3
2021-01-08,24878,1119,2585,22036,257,0,0,232,3
2021-01-09,25097,1108,2569,22268,260,0,0,231,3
2021-01-10,25313,1096,2553,22498,262,0,0,229,3
2021-01-11,25527,1085,2535,22727,265,0,0,228,3
2021-01-12,25739,1073,2517,22954,268,0,0,226,3
2021-01-13,25949,1061,2499,23180,270,0,0,225,3
2021-01-14,26156,1049,2479,23404,273,0,0,223,3
2021-01-15,26360,1036,2459,23626,275,0,0,221,3
2021-01-16,26563,1024,2439,23846,278,0,0,219,3
2021-01-17,26761,1011,2417,24064,280,0,0,217,3
2021-01-18,26960,998,2396,24281,283,0,0,215,3
2021-01-19,27153,985,2373,24495,285,0,0,213,2
2021-01-20,27347,972,2351,24708,288,0,0,211,2
2021-01-21,27535,959,2327,24918,290,0,0,209,2
2021-01-22,27724,946,2304,25127,293,0,0,207,2
2021-01-23,27908,933,2280,25333,295,0,0,205,2
2021-01-24,28090,919,2255,25537,298,0,0,203,2
2021-01-25,28269,906,2230,25739,300,0,0,200,2
2021-01-26,28445,893,2205,25938,302,0,0,198,2
2021-01-27,28620,879,2179,26136,305,0,0,196,2
2021-01-28,28792,866,2154,26331,307,0,0,194,2
2021-01-29,28959,853,2127,26523,309,0,0,191,2
2021-01-30,29126,839,2101,26714,311,0,0,189,2
2021-01-31,29290,826,2075,26901,314,0,0,186,2
2021-02-01,29451,813,2048,27087,316,0,0,184,2
2021-02-02,29609,799,2021,27270,318,0,0,182,2
2021-02-03,29765,786,1994,27451,320,0,0,179,2
2021-02-04,29918,773,1967,27629,322,0,0,177,2
2021-02-05,30068,760,1939,27805,324,0,0,174,2
2021-02-06,30216,747,1912,27978,326,0,0,172,2
2021-02-07,30362,734,1885,28149,328,0,0,169,2
2021-02-08,30505,721,1857,28318,330,0,0,167,2
2021-02-09,30646,708,1830,28484,332,0,0,164,2
2021-02-10,30783,696,1802,28647,334,0,0,162,2
2021-02-11,30919,683,1775,28808,336,0,0,159,2
2021-02-12,31052,671,1747,28967,338,0,0,157,2
2021-02-13,31182,658,1720,29123,339,0,0,155,2
2021-02-14,31310,646,1693,29276,341,0,0,152,2
2021-02-15,31437,634,1666,29428,343,0,0,150,2
2021-02-16,31559,622,1638,29576,345,0,0,147,2
2021-02-17,31680,610,1611,29723,346,0,0,145,2
2021-02-18,31800,598,1585,29867,348,0,0,142,2
2021-02-19,31916,587,1558,30008,350,0,0,140,2
2021-02-20,32029,575,1531,30147,351,0,0,138,2
2021-02-21,32142,564,1505,30284,353,0,0,135,2
2021-02-22,32251,553,1479,30418,354,0,0,133,2
2021-02-23,32359,542,1453,30550,356,0,0,131,2
2021-02-24,32465,531,1427,30680,358,0,0,128,1
2021-02-25,32568,520,1402,30807,359,0,0,126,1
2021-02-26,32668,510,1376,30932,360,0,0,124,1
2021-02-27,32768,499,1351,31055,362,0,0,121,1
2021-02-28,32865,489,1326,31176,363,0,0,119,1
2021-03-01,32961,479,1302,31294,365,0,0,117,1
2021-03-02,33053,469,1277,31410,366,0,0,115,1
2021-03-03,33144,459,1253,31524,367,0,0,113,1
2021-03-04,33234,449,1229,31636,369,0,0,110,1
2021-03-05,33322,440,1206,31746,370,0,0,108,1
2021-03-06,33407,430,1183,31853,371,0,0,106,1
2021-03-07,33491,421,1160,31959,372,0,0,104,1
2021-03-08,33573,412,1137,32062,374,0,0,102,1
2021-03-09,33653,403,1114,32164,375,0,0,100,1
2021-03-10,33731,395,1092,32263,376,0,0,98,1
2021-03-11,33808,386,1071,32360,377,0,0,96,1
2021-03-12,33883,378,1049,32456,378,0,0,94,1
2021-03-13,33956,369,1028,32549,379,0,0,92,1
2021-03-14,34028,361,1007,32641,380,0,0,90,1
2021-03-15,34098,353,986,32731,381,0,0,89,1
2021-03-16,34167,345,966,32819,382,0,0,87,1
2021-03-17,34234,338,946,32905,383,0,0,85,1
2021-03-18,34299,330,926,32989,384,0,0,83,1
2021-03-19,34364,323,907,33072,385,0,0,82,1
2021-03-20,34427,316,888,33153,386,0,0,80,1
2021-03-21,34488,308,869,33232,387,0,0,78,1
2021-03-22,34548,301,851,33309,388,0,0,76,1
2021-03-23,34607,295,833,33385,389,0,0,75,1
2021-03-24,34665,288,815,33460,390,0,0,73,1
2021-03-25,34720,281,797,33532,391,0,0,72,1
2021-03-26,34775,275,780,33603,392,0,0,70,1
2021-03-27,34828,269,763,33673,392,0,0,69,1
2021-03-28,34881,262,747,33741,393,0,0,67,1
2021-03-29,34931,256,730,33807,394,0,0,66,1
2021-03-30,34981,250,714,33872,395,0,0,64,1
2021-03-31,35029,245,698,33936,395,0,0,63,1
2021-04-01,35077,239,683,33998,396,0,0,61,1
2021-04-02,35124,233,668,34059,397,0,0,60,1
2021-04-03,35170,228,653,34119,398,0,0,59,1
2021-04-04,35213,223,638,34177,398,0,0,57,1
2021-04-05,35257,217,624,34234,399,0,0,56,1
2021-04-06,35299,212,610,34289,400,0,0,55,1
2021-04-07,35340,207,596,34344,400,0,0,54,1
2021-04-08,35381,202,583,34397,401,0,0,52,1
2021-04-09,35420,197,570,34449,401,0,0,51,1
2021-04-10,35459,193,557,34500,402,0,0,50,1
2021-04-11,35496,188,544,34549,403,0,0,49,1
2021-04-12,35533,184,532,34598,403,0,0,48,1
2021-04-13,35568,179,519,34645,404,0,0,47,1
2021-04-14,35602,175,507,34691,404,0,0,46,1
2021-04-15,35637,171,496,34736,405,0,0,45,1
2021-04-16,35670,167,484,34781,405,0,0,44,1
2021-04-17,35703,163,473,34824,406,0,0,43,0
2021-04-18,35734,159,462,34866,406,0,0,42,0
2021-04-19,35765,155,451,34907,407,0,0,41,0
2021-04-20,35795,151,441,34947,407,0,0,40,0
2021-04-21,35824,148,430,34986,408,0,0,39,0
2021-04-22,35853,144,420,35025,408,0,0,38,0
2021-04-23,35881,141,410,35062,409,0,0,37,0
2021-04-24,35909,137,401,35099,409,0,0,36,0
2021-04-25,35934,134,391,35134,409,0,0,35,0
2021-04-26,35961,131,382,35169,410,0,0,34,0
2021-04-27,35986,127,373,35203,410,0,0,34,0
2021-04-28,36012,124,364,35237,411,0,0,33,0
2021-04-29,36036,121,356,35269,411,0,0,32,0
2021-04-30,36059,118,347,35301,411,0,0,31,0
2021-05-01,36083,116,339,35332,412,0,0,30,0
2021-05-02,36105,113,331,35362,412,0,0,30,0
2021-05-03,36126,110,323,35391,412,0,0,29,0
2021-05-04,36148,107,315,35420,413,0,0,28,0
2021-05-05,36169,105,308,35448,413,0,0,28,0
2021-05-06,36188,102,300,35475,413,0,0,27,0
2021-05-07,36209,100,293,35502,414,0,0,26,0
2021-05-08,36228,97,286,35528,414,0,0,26,0
2021-05-09,36247,95,279,35554,414,0,0,25,0
2021-05-10,36266,92,272,35579,415,0,0,24,0
2021-05-11,36284,90,266,35603,415,0,0,24,0
2021-05-12,36300,88,259,35626,415,0,0,23,0
2021-05-13,36318,86,253,35650,415,0,0,23,0
2021-05-14,36335,84,247,35672,416,0,0,22,0
2021-05-15,36351,82,241,35694,416,0,0,22,0
2021-05-16,36366,80,235,35715,416,0,0,21,0
2021-05-17,36381,78,229,35736,416,0,0,21,0
2021-05-18,36398,76,224,35757,417,0,0,20,0
2021-05-19,36412,74,218,35777,417,0,0,20,0
2021-05-20,36426,72,213,35796,417,0,0,19,0
2021-05-21,36440,70,208,35815,417,0,0,19,0
2021-05-22,36455,68,203,35834,418,0,0,18,0
2021-05-23,36468,67,198,35852,418,0,0,18,0
2021-05-24,36480,65,193,35869,418,0,0,17,0
2021-05-25,36492,63,188,35886,418,0,0,17,0
2021-05-26,36504,62,183,35903,418,0,0,16,0
2021-05-27,36517,60,179,35919,419,0,0,16,0
2021-05-28,36529,59,175,35935,419,0,0,16,0
2021-05-29,36540,57,170,35951,419,0,0,15,0
2021-05-30,36551,56,166,35966,419,0,0,15,0
2021-05-31,36562,55,162,35981,419,0,0,15,0
2021-06-01,36572,53,158,35995,419,0,0,14,0
2021-06-02,36583,52,154,36009,420,0,0,14,0
2021-06-03,36593,51,150,36023,420,0,0,14,0
2021-06-04,36603,49,147,36036,420,0,0,13,0
2021-06-05,36613,48,143,36050,420,0,0,13,0
2021-06-06,36621,47,139,36062,420,0,0,13,0
2021-06-07,36631,46,136,36075,420,0,0,12,0
2021-06-08,36641,45,133,36087,421,0,0,12,0
2021-06-09,36649,43,129,36099,421,0,0,12,0
2021-06-10,36657,42,126,36110,421,0,0,11,0
2021-06-11,36665,41,123,36121,421,0,0,11,0
2021-06-12,36673,40,120,36132,421,0,0,11,0
2021-06-13,36681,39,117,36143,421,0,0,11,0
2021-06-14,36688,38,114,36153,421,0,0,10,0
2021-06-15,36695,37,111,36163,421,0,0,10,0
2021-06-16,36703,36,108,36173,422,0,0,10,0
2021-06-17,36711,35,106,36183,422,0,0,9,0
2021-06-18,36717,35,103,36192,422,0,0,9,0
2021-06-19,36724,34,100,36202,422,0,0,9,0
2021-06-20,36730,33,98,36210,422,0,0,9,0
2021-06-21,36737,32,96,36219,422,0,0,9,0
2021-06-22,36743,31,93,36228,422,0,0,8,0
2021-06-23,36749,30,91,36236,422,0,0,8,0
2021-06-24,36755,30,89,36244,422,0,0,8,0
2021-06-25,36760,29,86,36252,422,0,0,8,0
2021-06-26,36767,28,84,36260,423,0,0,8,0
2021-06-27,36772,27,82,36267,423,0,0,7,0
2021-06-28,36777,27,80,36274,423,0,0,7,0
2021-06-29,36783,26,78,36282,423,0,0,7,0
2021-06-30,36788,25,76,36289,423,0,0,7,0
2021-07-01,36792,25,74,36295,423,0,0,7,0
2021-07-02,36797,24,72,36302,423,0,0,6,0
2021-07-03,36801,24,70,36308,423,0,0,6,0
2021-07-04,36807,23,69,36315,423,0,0,6,0
2021-07-05,36811,22,67,36321,423,0,0,6,0
2021-07-06,36815,22,65,36327,423,0,0,6,0
2021-07-07,36819,21,64,36332,423,0,0,6,0
2021-07-08,36823,21,62,36338,423,0,0,6,0
2021-07-09,36828,20,60,36344,424,0,0,5,0
2021-07-10,36832,20,59,36349,424,0,0,5,0
2021-07-11,36835,19,57,36354,424,0,0,5,0
2021-07-12,36839,19,56,36359,424,0,0,5,0
2021-07-13,36843,18,55,36364,424,0,0,5,0
