Date,Infected,Exposed,Active,Recovered,Deaths,Diff Exposed,Diff Active,Diff Recovered,Diff Deaths
2020-06-20,1038,260,303,733,2,0,23,27,0
2020-06-21,1087,240,324,761,2,0,18,29,0
2020-06-22,1133,225,340,791,2,0,13,31,0
2020-06-23,1176,214,352,822,2,0,10,32,0
2020-06-24,1218,205,361,855,2,0,7,33,0
2020-06-25,1257,199,367,888,2,0,6,33,0
2020-06-26,1297,194,373,921,3,0,4,34,0
2020-06-27,1334,191,376,955,3,0,3,34,0
2020-06-28,1371,188,379,989,3,0,2,34,0
2020-06-29,1408,186,381,1024,3,0,2,35,0
2020-06-30,1444,184,383,1058,3,0,1,35,0
2020-07-01,1480,182,384,1093,3,0,1,35,0
2020-07-02,1516,181,385,1128,3,0,1,35,0
2020-07-03,1551,180,385,1163,3,0,0,35,0
2020-07-04,1586,179,385,1198,3,0,0,35,0
2020-07-05,1621,178,385,1233,3,0,0,35,0
2020-07-06,1656,177,385,1268,3,0,0,35,0
2020-07-07,1692,176,385,1303,4,0,0,35,0
2020-07-08,1725,175,384,1337,4,0,0,35,0
2020-07-09,1759,174,383,1372,4,0,0,35,0
2020-07-10,1794,173,383,1407,4,0,0,35,0
2020-07-11,1828,172,382,1442,4,0,0,35,0
2020-07-12,1861,171,381,1476,4,0,0,35,0
2020-07-13,1894,170,379,1511,4,0,0,34,0
2020-07-14,1927,169,378,1545,4,0,0,34,0
2020-07-15,1960,167,377,1579,4,0,0,34,0
2020-07-16,1992,166,375,1613,4,0,0,34,0
2020-07-17,2026,165,374,1647,5,0,0,34,0
2020-07-18,2058,164,372,1681,5,0,0,34,0
2020-07-19,2090,162,370,1715,5,0,0,34,0
2020-07-20,2121,161,368,1748,5,0,0,33,0
2020-07-21,2153,160,366,1782,5,0,0,33,0
2020-07-22,2184,158,364,1815,5,0,0,33,0
2020-07-23,2215,157,362,1848,5,0,0,33,0
2020-07-24,2246,155,360,1881,5,0,0,33,0
2020-07-25,2276,154,358,1913,5,0,0,32,0
2020-07-26,2305,153,355,1945,5,0,0,32,0
2020-07-27,2336,151,353,1978,5,0,0,32,0
2020-07-28,2367,150,351,2010,6,0,0,32,0
2020-07-29,2395,148,348,2041,6,0,0,32,0
2020-07-30,2424,146,345,2073,6,0,0,31,0
2020-07-31,2453,145,343,2104,6,0,0,31,0
2020-08-01,2481,143,340,2135,6,0,0,31,0
2020-08-02,2509,142,337,2166,6,0,0,31,0
2020-08-03,2536,140,334,2196,6,0,0,30,0
2020-08-04,2563,138,331,2226,6,0,0,30,0
2020-08-05,2590,137,328,2256,6,0,0,30,0
2020-08-06,2617,135,325,2286,6,0,0,29,0
2020-08-07,2643,133,322,2315,6,0,0,29,0
2020-08-08,2669,132,319,2344,6,0,0,29,0
2020-08-09,2696,130,316,2373,7,0,0,29,0
2020-08-10,2722,128,313,2402,7,0,0,28,0
2020-08-11,2746,127,309,2430,7,0,0,28,0
2020-08-12,2771,125,306,2458,7,0,0,28,0
2020-08-13,2795,123,303,2485,7,0,0,27,0
2020-08-14,2819,122,299,2513,7,0,0,27,0
2020-08-15,2843,120,296,2540,7,0,0,27,0
2020-08-16,2866,118,293,2566,7,0,0,27,0
2020-08-17,2889,117,289,2593,7,0,0,26,0
2020-08-18,2912,115,286,2619,7,0,0,26,0
2020-08-19,2934,113,282,2645,7,0,0,26,0
2020-08-20,2956,112,279,2670,7,0,0,25,0
2020-08-21,2978,110,276,2695,7,0,0,25,0
2020-08-22,2999,108,272,2720,7,0,0,25,0
2020-08-23,3022,107,269,2745,8,0,0,24,0
2020-08-24,3042,105,265,2769,8,0,0,24,0
2020-08-25,3063,104,262,2793,8,0,0,24,0
2020-08-26,3083,102,258,2817,8,0,0,23,0
2020-08-27,3103,100,255,2840,8,0,0,23,0
2020-08-28,3122,99,251,2863,8,0,0,23,0
2020-08-29,3141,97,248,2885,8,0,0,22,0
2020-08-30,3160,96,244,2908,8,0,0,22,0
2020-08-31,3179,94,241,2930,8,0,0,22,0
2020-09-01,3197,92,237,2952,8,0,0,22,0
2020-09-02,3215,91,234,2973,8,0,0,21,0
2020-09-03,3232,89,230,2994,8,0,0,21,0
2020-09-04,3250,88,227,3015,8,0,0,21,0
2020-09-05,3267,86,224,3035,8,0,0,20,0
2020-09-06,3283,85,220,3055,8,0,0,20,0
2020-09-07,3300,83,217,3075,8,0,0,20,0
2020-09-08,3318,82,214,3095,9,0,0,19,0
2020-09-09,3333,81,210,3114,9,0,0,19,0
2020-09-10,3349,79,207,3133,9,0,0,19,0
2020-09-11,3365,78,204,3152,9,0,0,18,0
2020-09-12,3379,76,200,3170,9,0,0,18,0
2020-09-13,3394,75,197,3188,9,0,0,18,0
2020-09-14,3409,74,194,3206,9,0,0,18,0
2020-09-15,3423,72,191,3223,9,0,0,17,0
2020-09-16,3437,71,188,3240,9,0,0,17,0
2020-09-17,3450,70,184,3257,9,0,0,17,0
2020-09-18,3464,68,181,3274,9,0,0,16,0
2020-09-19,3477,67,178,3290,9,0,0,16,0
2020-09-20,3490,66,175,3306,9,0,0,16,0
2020-09-21,3503,65,172,3322,9,0,0,16,0
2020-09-22,3516,63,169,3338,9,0,0,15,0
2020-09-23,3528,62,166,3353,9,0,0,15,0
2020-09-24,3541,61,164,3368,9,0,0,15,0
2020-09-25,3553,60,161,3383,9,0,0,15,0
2020-09-26,3564,59,158,3397,9,0,0,14,0
2020-09-27,3575,58,155,3411,9,0,0,14,0
2020-09-28,3586,57,152,3425,9,0,0,14,0
2020-09-29,3598,55,150,3439,9,0,0,14,0
2020-09-30,3609,54,147,3453,9,0,0,13,0
2020-10-01,3620,53,144,3466,10,0,0,13,0
2020-10-02,3631,52,142,3479,10,0,0,13,0
2020-10-03,3640,51,139,3491,10,0,0,13,0
2020-10-04,3650,50,136,3504,10,0,0,12,0
2020-10-05,3660,49,134,3516,10,0,0,12,0
2020-10-06,3669,48,131,3528,10,0,0,12,0
2020-10-07,3679,47,129,3540,10,0,0,12,0
2020-10-08,3688,46,126,3552,10,0,0,11,0
2020-10-09,3697,45,124,3563,10,0,0,11,0
2020-10-10,3706,45,122,3574,10,0,0,11,0
2020-10-11,3714,44,119,3585,10,0,0,11,0
2020-10-12,3723,43,117,3596,10,0,0,11,0
2020-10-13,3731,42,115,3606,10,0,0,10,0
2020-10-14,3740,41,113,3617,10,0,0,10,0
2020-10-15,3747,40,110,3627,10,0,0,10,0
2020-10-16,3755,39,108,3637,10,0,0,10,0
2020-10-17,3763,39,106,3647,10,0,0,10,0
2020-10-18,3770,38,104,3656,10,0,0,9,0
2020-10-19,3778,37,102,3666,10,0,0,9,0
2020-10-20,3785,36,100,3675,10,0,0,9,0
2020-10-21,3792,36,98,3684,10,0,0,9,0
2020-10-22,3799,35,96,3693,10,0,0,9,0
2020-10-23,3805,34,94,3701,10,0,0,9,0
2020-10-24,3812,33,92,3710,10,0,0,8,0
2020-10-25,3819,33,91,3718,10,0,0,8,0
2020-10-26,3825,32,89,3726,10,0,0,8,0
2020-10-27,3831,31,87,3734,10,0,0,8,0
2020-10-28,3837,31,85,3742,10,0,0,8,0
2020-10-29,3843,30,83,3750,10,0,0,8,0
2020-10-30,3849,29,82,3757,10,0,0,7,0
2020-10-31,3855,29,80,3765,10,0,0,7,0
2020-11-01,3860,28,78,3772,10,0,0,7,0
2020-11-02,3866,28,77,3779,10,0,0,7,0
2020-11-03,3871,27,75,3786,10,0,0,7,0
2020-11-04,3876,26,74,3792,10,0,0,7,0
2020-11-05,3881,26,72,3799,10,0,0,7,0
2020-11-06,3887,25,71,3806,10,0,0,6,0
2020-11-07,3891,25,69,3812,10,0,0,6,0
2020-11-08,3896,24,68,3818,10,0,0,6,0
2020-11-09,3901,24,66,3824,11,0,0,6,0
2020-11-10,3906,23,65,3830,11,0,0,6,0
2020-11-11,3911,23,64,3836,11,0,0,6,0
2020-11-12,3915,22,62,3842,11,0,0,6,0
2020-11-13,3919,22,61,3847,11,0,0,6,0
2020-11-14,3924,21,60,3853,11,0,0,5,0
2020-11-15,3928,21,59,3858,11,0,0,5,0
2020-11-16,3932,20,57,3864,11,0,0,5,0
2020-11-17,3936,20,56,3869,11,0,0,5,0
2020-11-18,3940,19,55,3874,11,0,0,5,0
2020-11-19,3944,19,54,3879,11,0,0,5,0
2020-11-20,3948,19,53,3884,11,0,0,5,0
2020-11-21,3950,18,51,3888,11,0,0,5,0
2020-11-22,3954,18,50,3893,11,0,0,5,0
2020-11-23,3957,17,49,3897,11,0,0,4,0
2020-11-24,3961,17,48,3902,11,0,0,4,0
2020-11-25,3964,17,47,3906,11,0,0,4,0
2020-11-26,3967,16,46,3910,11,0,0,4,0
2020-11-27,3971,16,45,3915,11,0,0,4,0
2020-11-28,3974,16,44,3919,11,0,0,4,0
2020-11-29,3977,15,43,3923,11,0,0,4,0
2020-11-30,3980,15,42,3927,11,0,0,4,0
2020-12-01,3982,15,41,3930,11,0,0,4,0
2020-12-02,3986,14,41,3934,11,0,0,4,0
2020-12-03,3989,14,40,3938,11,0,0,4,0
2020-12-04,3991,14,39,3941,11,0,0,4,0
2020-12-05,3994,13,38,3945,11,0,0,3,0
2020-12-06,3996,13,37,3948,11,0,0,3,0
2020-12-07,3999,13,36,3952,11,0,0,3,0
2020-12-08,4002,13,36,3955,11,0,0,3,0
2020-12-09,4004,12,35,3958,11,0,0,3,0
2020-12-10,4006,12,34,3961,11,0,0,3,0
2020-12-11,4008,12,33,3964,11,0,0,3,0
2020-12-12,4011,11,33,3967,11,0,0,3,0
2020-12-13,4013,11,32,3970,11,0,0,3,0
2020-12-14,4015,11,31,3973,11,0,0,3,0
2020-12-15,4017,11,30,3976,11,0,0,3,0
2020-12-16,4020,10,30,3979,11,0,0,3,0
2020-12-17,4021,10,29,3981,11,0,0,3,0
2020-12-18,4024,10,29,3984,11,0,0,3,0
2020-12-19,4025,10,28,3986,11,0,0,3,0
2020-12-20,4027,10,27,3989,11,0,0,2,0
2020-12-21,4029,9,27,3991,11,0,0,2,0
2020-12-22,4031,9,26,3994,11,0,0,2,0
2020-12-23,4033,9,26,3996,11,0,0,2,0
2020-12-24,4034,9,25,3998,11,0,0,2,0
2020-12-25,4036,9,24,4001,11,0,0,2,0
2020-12-26,4038,8,24,4003,11,0,0,2,0
2020-12-27,4039,8,23,4005,11,0,0,2,0
2020-12-28,4041,8,23,4007,11,0,0,2,0
2020-12-29,4042,8,22,4009,11,0,0,2,0
2020-12-30,4044,8,22,4011,11,0,0,2,0
2020-12-31,4045,7,21,4013,11,0,0,2,0
2021-01-01,4047,7,21,4015,11,0,0,2,0
2021-01-02,4048,7,20,4017,11,0,0,2,0
2021-01-03,4050,7,20,4019,11,0,0,2,0
2021-01-04,4051,7,20,4020,11,0,0,2,0
2021-01-05,4052,7,19,4022,11,0,0,2,0
2021-01-06,4054,7,19,4024,11,0,0,2,0
2021-01-07,4055,6,18,4026,11,0,0,2,0
2021-01-08,4056,6,18,4027,11,0,0,2,0
2021-01-09,4057,6,17,4029,11,0,0,2,0
2021-01-10,4058,6,17,4030,11,0,0,2,0
2021-01-11,4060,6,17,4032,11,0,0,2,0
2021-01-12,4060,6,16,4033,11,0,0,1,0
2021-01-13,4062,6,16,4035,11,0,0,1,0
2021-01-14,4063,5,16,4036,11,0,0,1,0
2021-01-15,4064,5,15,4038,11,0,0,1,0
2021-01-16,4065,5,15,4039,11,0,0,1,0
2021-01-17,4066,5,15,4040,11,0,0,1,0
2021-01-18,4067,5,14,4042,11,0,0,1,0
2021-01-19,4068,5,14,4043,11,0,0,1,0
2021-01-20,4069,5,14,4044,11,0,0,1,0
2021-01-21,4070,5,13,4046,11,0,0,1,0
2021-01-22,4071,5,13,4047,11,0,0,1,0
2021-01-23,4072,4,13,4048,11,0,0,1,0
2021-01-24,4072,4,12,4049,11,0,0,1,0
2021-01-25,4073,4,12,4050,11,0,0,1,0
2021-01-26,4074,4,12,4051,11,0,0,1,0
2021-01-27,4075,4,12,4052,11,0,0,1,0
2021-01-28,4075,4,11,4053,11,0,0,1,0
2021-01-29,4076,4,11,4054,11,0,0,1,0
2021-01-30,4077,4,11,4055,11,0,0,1,0
2021-01-31,4078,4,11,4056,11,0,0,1,0
2021-02-01,4078,4,10,4057,11,0,0,1,0
2021-02-02,4079,4,10,4058,11,0,0,1,0
2021-02-03,4080,3,10,4059,11,0,0,1,0
2021-02-04,4081,3,10,4060,11,0,0,1,0
2021-02-05,4081,3,9,4061,11,0,0,1,0
2021-02-06,4082,3,9,4062,11,0,0,1,0
2021-02-07,4083,3,9,4063,11,0,0,1,0
2021-02-08,4083,3,9,4063,11,0,0,1,0
2021-02-09,4084,3,9,4064,11,0,0,1,0
2021-02-10,4084,3,8,4065,11,0,0,1,0
2021-02-11,4085,3,8,4066,11,0,0,1,0
2021-02-12,4085,3,8,4066,11,0,0,1,0
2021-02-13,4086,3,8,4067,11,0,0,1,0
2021-02-14,4087,3,8,4068,11,0,0,1,0
2021-02-15,4088,3,8,4069,11,0,0,1,0
2021-02-16,4087,3,7,4069,11,0,0,1,0
2021-02-17,4088,3,7,4070,11,0,0,1,0
2021-02-18,4089,2,7,4071,11,0,0,1,0
2021-02-19,4089,2,7,4071,11,0,0,1,0
2021-02-20,4090,2,7,4072,11,0,0,1,0
2021-02-21,4090,2,7,4072,11,0,0,1,0
2021-02-22,4090,2,6,4073,11,0,0,1,0
2021-02-23,4091,2,6,4074,11,0,0,1,0
2021-02-24,4091,2,6,4074,11,0,0,1,0
2021-02-25,4092,2,6,4075,11,0,0,1,0
2021-02-26,4092,2,6,4075,11,0,0,1,0
2021-02-27,4093,2,6,4076,11,0,0,1,0
2021-02-28,4093,2,6,4076,11,0,0,1,0
2021-03-01,4093,2,5,4077,11,0,0,0,0
2021-03-02,4093,2,5,4077,11,0,0,0,0
2021-03-03,4094,2,5,4078,11,0,0,0,0
2021-03-04,4094,2,5,4078,11,0,0,0,0
2021-03-05,4095,2,5,4079,11,0,0,0,0
2021-03-06,4095,2,5,4079,11,0,0,0,0
2021-03-07,4096,2,5,4080,11,0,0,0,0
2021-03-08,4096,2,5,4080,11,0,0,0,0
2021-03-09,4096,2,5,4080,11,0,0,0,0
2021-03-10,4096,2,4,4081,11,0,0,0,0
2021-03-11,4096,2,4,4081,11,0,0,0,0
2021-03-12,4097,1,4,4082,11,0,0,0,0
2021-03-13,4097,1,4,4082,11,0,0,0,0
2021-03-14,4097,1,4,4082,11,0,0,0,0
2021-03-15,4098,1,4,4083,11,0,0,0,0
2021-03-16,4098,1,4,4083,11,0,0,0,0
2021-03-17,4099,1,4,4084,11,0,0,0,0
2021-03-18,4099,1,4,4084,11,0,0,0,0
2021-03-19,4099,1,4,4084,11,0,0,0,0
2021-03-20,4100,1,4,4085,11,0,0,0,0
2021-03-21,4099,1,3,4085,11,0,0,0,0
2021-03-22,4099,1,3,4085,11,0,0,0,0
2021-03-23,4099,1,3,4085,11,0,0,0,0
2021-03-24,4100,1,3,4086,11,0,0,0,0
2021-03-25,4100,1,3,4086,11,0,0,0,0
2021-03-26,4100,1,3,4086,11,0,0,0,0
2021-03-27,4101,1,3,4087,11,0,0,0,0
2021-03-28,4101,1,3,4087,11,0,0,0,0
2021-03-29,4101,1,3,4087,11,0,0,0,0
2021-03-30,4101,1,3,4087,11,0,0,0,0
2021-03-31,4102,1,3,4088,11,0,0,0,0
2021-04-01,4102,1,3,4088,11,0,0,0,0
2021-04-02,4102,1,3,4088,11,0,0,0,0
2021-04-03,4102,1,3,4088,11,0,0,0,0
2021-04-04,4103,1,3,4089,11,0,0,0,0
2021-04-05,4102,1,2,4089,11,0,0,0,0
2021-04-06,4102,1,2,4089,11,0,0,0,0
2021-04-07,4102,1,2,4089,11,0,0,0,0
2021-04-08,4102,1,2,4089,11,0,0,0,0
2021-04-09,4103,1,2,4090,11,0,0,0,0
2021-04-10,4103,1,2,4090,11,0,0,0,0
2021-04-11,4103,1,2,4090,11,0,0,0,0
2021-04-12,4103,1,2,4090,11,0,0,0,0
2021-04-13,4103,1,2,4090,11,0,0,0,0
2021-04-14,4104,1,2,4091,11,0,0,0,0
2021-04-15,4104,1,2,4091,11,0,0,0,0
2021-04-16,4104,1,2,4091,11,0,0,0,0
2021-04-17,4104,1,2,4091,11,0,0,0,0
2021-04-18,4104,1,2,4091,11,0,0,0,0
2021-04-19,4104,1,2,4091,11,0,0,0,0
2021-04-20,4105,1,2,4092,11,0,0,0,0
2021-04-21,4105,1,2,4092,11,0,0,0,0
2021-04-22,4105,1,2,4092,11,0,0,0,0
2021-04-23,4105,1,2,4092,11,0,0,0,0
2021-04-24,4105,1,2,4092,11,0,0,0,0
2021-04-25,4105,1,2,4092,11,0,0,0,0
2021-04-26,4106,1,2,4093,11,0,0,0,0
2021-04-27,4105,1,1,4093,11,0,0,0,0
2021-04-28,4105,1,1,4093,11,0,0,0,0
2021-04-29,4105,0,1,4093,11,0,0,0,0
2021-04-30,4105,0,1,4093,11,0,0,0,0
2021-05-01,4105,0,1,4093,11,0,0,0,0
2021-05-02,4105,0,1,4093,11,0,0,0,0
2021-05-03,4105,0,1,4093,11,0,0,0,0
2021-05-04,4106,0,1,4094,11,0,0,0,0
2021-05-05,4106,0,1,4094,11,0,0,0,0
2021-05-06,4106,0,1,4094,11,0,0,0,0
2021-05-07,4106,0,1,4094,11,0,0,0,0
2021-05-08,4106,0,1,4094,11,0,0,0,0
2021-05-09,4106,0,1,4094,11,0,0,0,0
2021-05-10,4106,0,1,4094,11,0,0,0,0
2021-05-11,4106,0,1,4094,11,0,0,0,0
2021-05-12,4106,0,1,4094,11,0,0,0,0
2021-05-13,4106,0,1,4094,11,0,0,0,0
2021-05-14,4107,0,1,4095,11,0,0,0,0
2021-05-15,4107,0,1,4095,11,0,0,0,0
2021-05-16,4107,0,1,4095,11,0,0,0,0
2021-05-17,4107,0,1,4095,11,0,0,0,0
2021-05-18,4107,0,1,4095,11,0,0,0,0
2021-05-19,4107,0,1,4095,11,0,0,0,0
2021-05-20,4107,0,1,4095,11,0,0,0,0
2021-05-21,4107,0,1,4095,11,0,0,0,0
2021-05-22,4107,0,1,4095,11,0,0,0,0
2021-05-23,4107,0,1,4095,11,0,0,0,0
2021-05-24,4107,0,1,4095,11,0,0,0,0
2021-05-25,4107,0,1,4095,11,0,0,0,0
2021-05-26,4108,0,1,4096,11,0,0,0,0
2021-05-27,4108,0,1,4096,11,0,0,0,0
2021-05-28,4108,0,1,4096,11,0,0,0,0
2021-05-29,4108,0,1,4096,11,0,0,0,0
2021-05-30,4108,0,1,4096,11,0,0,0,0
2021-05-31,4108,0,1,4096,11,0,0,0,0
2021-06-01,4108,0,1,4096,11,0,0,0,0
2021-06-02,4108,0,1,4096,11,0,0,0,0
2021-06-03,4108,0,1,4096,11,0,0,0,0
2021-06-04,4108,0,1,4096,11,0,0,0,0
2021-06-05,4108,0,1,4096,11,0,0,0,0
2021-06-06,4108,0,1,4096,11,0,0,0,0
2021-06-07,4108,0,1,4096,11,0,0,0,0
2021-06-08,4108,0,1,4096,11,0,0,0,0
2021-06-09,4108,0,1,4096,11,0,0,0,0
2021-06-10,4108,0,1,4096,11,0,0,0,0
2021-06-11,4108,0,1,4096,11,0,0,0,0
2021-06-12,4109,0,1,4097,11,0,0,0,0
2021-06-13,4109,0,1,4097,11,0,0,0,0
2021-06-14,4108,0,0,4097,11,0,0,0,0
2021-06-15,4108,0,0,4097,11,0,0,0,0
