Date,Infected,Exposed,Active,Recovered,Deaths,Diff Exposed,Diff Active,Diff Recovered,Diff Deaths
2020-07-08,132,0,29,102,1,5,0,3,0
2020-07-09,132,4,27,104,1,4,0,2,0
2020-07-10,133,8,26,106,1,3,0,2,0
2020-07-11,136,10,25,109,2,2,0,2,0
2020-07-12,138,12,25,111,2,2,0,2,0
2020-07-13,140,14,25,113,2,2,0,2,0
2020-07-14,143,16,26,115,2,1,1,2,0
2020-07-15,147,17,27,118,2,1,1,2,0
2020-07-16,150,18,28,120,2,1,1,2,0
2020-07-17,154,19,29,123,2,1,1,3,0
2020-07-18,157,20,30,125,2,1,1,3,0
2020-07-19,161,21,31,128,2,1,1,3,0
2020-07-20,165,22,32,131,2,1,1,3,0
2020-07-21,170,23,34,134,2,1,2,3,0
2020-07-22,174,25,35,137,2,1,2,3,0
2020-07-23,179,26,37,140,2,1,2,3,0
2020-07-24,185,27,39,144,2,1,2,3,0
2020-07-25,190,28,41,147,2,1,2,4,0
2020-07-26,195,29,42,151,2,1,2,4,0
2020-07-27,201,31,44,155,2,1,2,4,0
2020-07-28,207,32,46,159,2,1,2,4,0
2020-07-29,214,34,49,163,2,1,2,4,0
2020-07-30,220,35,51,167,2,2,2,5,0
2020-07-31,227,37,53,172,2,2,2,5,0
2020-08-01,234,38,55,177,2,2,2,5,0
2020-08-02,243,40,58,182,3,2,3,5,0
2020-08-03,250,41,60,187,3,2,3,5,0
2020-08-04,259,43,63,193,3,2,3,6,0
2020-08-05,267,45,66,198,3,2,3,6,0
2020-08-06,276,47,69,204,3,2,3,6,0
2020-08-07,286,49,72,211,3,2,3,6,0
2020-08-08,295,51,75,217,3,2,3,7,0
2020-08-09,305,53,78,224,3,2,3,7,0
2020-08-10,315,55,81,231,3,2,3,7,0
2020-08-11,327,57,85,239,3,2,4,8,0
2020-08-12,337,59,88,246,3,2,4,8,0
2020-08-13,350,62,92,254,4,2,4,8,0
2020-08-14,363,64,96,263,4,2,4,9,0
2020-08-15,375,67,100,271,4,2,4,9,0
2020-08-16,389,69,104,281,4,3,4,9,0
2020-08-17,402,72,108,290,4,3,4,10,0
2020-08-18,416,74,112,300,4,3,4,10,0
2020-08-19,431,77,117,310,4,3,4,10,0
2020-08-20,446,80,121,321,4,3,5,11,0
2020-08-21,463,82,126,332,5,3,5,11,0
2020-08-22,478,85,130,343,5,3,5,12,0
2020-08-23,495,88,135,355,5,3,5,12,0
2020-08-24,512,91,140,367,5,3,5,13,0
2020-08-25,530,94,145,380,5,3,5,13,0
2020-08-26,549,96,151,393,5,3,5,13,0
2020-08-27,569,99,156,407,6,3,5,14,0
2020-08-28,588,102,161,421,6,3,5,14,0
2020-08-29,609,105,167,436,6,3,5,15,0
2020-08-30,629,108,172,451,6,3,6,15,0
2020-08-31,651,111,178,466,7,3,6,16,0
2020-09-01,673,114,183,483,7,3,6,16,0
2020-09-02,695,117,189,499,7,3,6,17,0
2020-09-03,718,120,195,516,7,3,6,17,0
2020-09-04,742,123,201,534,7,3,6,18,0
2020-09-05,766,125,206,552,8,3,6,19,0
2020-09-06,791,128,212,571,8,3,6,19,0
2020-09-07,816,131,218,590,8,3,6,20,0
2020-09-08,843,133,224,610,9,3,6,20,0
2020-09-09,869,136,230,630,9,2,6,21,0
2020-09-10,895,138,235,651,9,2,6,21,0
2020-09-11,922,140,241,672,9,2,6,22,0
2020-09-12,951,143,247,694,10,2,6,22,0
2020-09-13,978,145,252,716,10,2,5,23,0
2020-09-14,1007,147,258,739,10,2,5,23,0
2020-09-15,1036,148,263,762,11,2,5,24,0
2020-09-16,1065,150,268,786,11,2,5,24,0
2020-09-17,1094,152,273,810,11,1,5,24,0
2020-09-18,1125,153,278,835,12,1,5,25,0
2020-09-19,1155,154,283,860,12,1,5,25,0
2020-09-20,1184,155,287,885,12,1,4,26,0
2020-09-21,1215,156,291,911,13,1,4,26,0
2020-09-22,1246,157,295,938,13,1,4,26,0
2020-09-23,1276,157,299,964,13,0,4,27,0
2020-09-24,1308,158,303,991,14,0,3,27,0
2020-09-25,1338,158,306,1018,14,0,3,27,0
2020-09-26,1370,158,309,1046,15,0,3,28,0
2020-09-27,1401,158,312,1074,15,0,3,28,0
2020-09-28,1431,157,314,1102,15,0,2,28,0
2020-09-29,1462,157,316,1130,16,0,2,28,0
2020-09-30,1492,156,318,1158,16,0,2,29,0
2020-10-01,1524,155,320,1187,17,0,1,29,0
2020-10-02,1554,154,321,1216,17,0,1,29,0
2020-10-03,1583,153,322,1244,17,0,1,29,0
2020-10-04,1613,151,322,1273,18,0,0,29,0
2020-10-05,1642,150,322,1302,18,0,0,29,0
2020-10-06,1672,148,322,1331,19,0,0,29,0
2020-10-07,1701,146,322,1360,19,0,0,29,0
2020-10-08,1729,144,321,1389,19,0,0,29,0
2020-10-09,1758,142,320,1418,20,0,0,29,0
2020-10-10,1785,140,319,1446,20,0,0,29,0
2020-10-11,1813,138,317,1475,21,0,0,28,0
2020-10-12,1839,135,315,1503,21,0,0,28,0
2020-10-13,1865,133,313,1531,21,0,0,28,0
2020-10-14,1892,130,311,1559,22,0,0,28,0
2020-10-15,1917,128,308,1587,22,0,0,28,0
2020-10-16,1943,125,305,1615,23,0,0,27,0
2020-10-17,1967,123,302,1642,23,0,0,27,0
2020-10-18,1990,120,298,1669,23,0,0,27,0
2020-10-19,2013,117,294,1695,24,0,0,26,0
2020-10-20,2037,114,291,1722,24,0,0,26,0
2020-10-21,2059,112,287,1748,24,0,0,26,0
2020-10-22,2080,109,282,1773,25,0,0,25,0
2020-10-23,2101,106,278,1798,25,0,0,25,0
2020-10-24,2121,103,273,1823,25,0,0,25,0
2020-10-25,2142,100,269,1847,26,0,0,24,0
2020-10-26,2161,98,264,1871,26,0,0,24,0
2020-10-27,2180,95,259,1895,26,0,0,23,0
2020-10-28,2199,92,254,1918,27,0,0,23,0
2020-10-29,2217,89,249,1941,27,0,0,22,0
2020-10-30,2234,87,244,1963,27,0,0,22,0
2020-10-31,2251,84,239,1984,28,0,0,21,0
2020-11-01,2267,81,233,2006,28,0,0,21,0
2020-11-02,2282,79,228,2026,28,0,0,20,0
2020-11-03,2299,76,223,2047,29,0,0,20,0
2020-11-04,2313,74,218,2066,29,0,0,20,0
2020-11-05,2327,71,212,2086,29,0,0,19,0
2020-11-06,2341,69,207,2105,29,0,0,19,0
2020-11-07,2355,67,202,2123,30,0,0,18,0
2020-11-08,2367,65,196,2141,30,0,0,18,0
2020-11-09,2379,62,191,2158,30,0,0,17,0
2020-11-10,2391,60,186,2175,30,0,0,17,0
2020-11-11,2404,58,181,2192,31,0,0,16,0
2020-11-12,2415,56,176,2208,31,0,0,16,0
2020-11-13,2425,54,171,2223,31,0,0,15,0
2020-11-14,2436,52,166,2239,31,0,0,15,0
2020-11-15,2445,50,161,2253,31,0,0,14,0
2020-11-16,2456,48,156,2268,32,0,0,14,0
2020-11-17,2465,47,152,2281,32,0,0,14,0
2020-11-18,2474,45,147,2295,32,0,0,13,0
2020-11-19,2483,43,143,2308,32,0,0,13,0
2020-11-20,2491,42,138,2321,32,0,0,12,0
2020-11-21,2500,40,134,2333,33,0,0,12,0
2020-11-22,2508,39,130,2345,33,0,0,12,0
2020-11-23,2514,37,125,2356,33,0,0,11,0
2020-11-24,2521,36,121,2367,33,0,0,11,0
2020-11-25,2528,34,117,2378,33,0,0,11,0
2020-11-26,2535,33,114,2388,33,0,0,10,0
2020-11-27,2541,32,110,2398,33,0,0,10,0
2020-11-28,2548,31,106,2408,34,0,0,10,0
2020-11-29,2554,30,102,2418,34,0,0,9,0
2020-11-30,2560,28,99,2427,34,0,0,9,0
2020-12-01,2565,27,96,2435,34,0,0,9,0
2020-12-02,2570,26,92,2444,34,0,0,8,0
2020-12-03,2575,25,89,2452,34,0,0,8,0
2020-12-04,2580,24,86,2460,34,0,0,8,0
2020-12-05,2585,23,83,2468,34,0,0,7,0
2020-12-06,2590,22,80,2475,35,0,0,7,0
2020-12-07,2594,22,77,2482,35,0,0,7,0
2020-12-08,2598,21,74,2489,35,0,0,7,0
2020-12-09,2602,20,72,2495,35,0,0,6,0
2020-12-10,2606,19,69,2502,35,0,0,6,0
2020-12-11,2610,18,67,2508,35,0,0,6,0
2020-12-12,2613,18,64,2514,35,0,0,6,0
2020-12-13,2616,17,62,2519,35,0,0,6,0
2020-12-14,2620,16,60,2525,35,0,0,5,0
2020-12-15,2622,16,57,2530,35,0,0,5,0
2020-12-16,2625,15,55,2535,35,0,0,5,0
2020-12-17,2628,14,53,2540,35,0,0,5,0
2020-12-18,2631,14,51,2545,35,0,0,5,0
2020-12-19,2634,13,49,2549,36,0,0,4,0
2020-12-20,2637,13,47,2554,36,0,0,4,0
2020-12-21,2640,12,46,2558,36,0,0,4,0
2020-12-22,2642,12,44,2562,36,0,0,4,0
2020-12-23,2644,11,42,2566,36,0,0,4,0
2020-12-24,2646,11,41,2569,36,0,0,4,0
2020-12-25,2648,10,39,2573,36,0,0,4,0
2020-12-26,2651,10,38,2577,36,0,0,3,0
2020-12-27,2652,10,36,2580,36,0,0,3,0
2020-12-28,2654,9,35,2583,36,0,0,3,0
2020-12-29,2655,9,33,2586,36,0,0,3,0
2020-12-30,2657,8,32,2589,36,0,0,3,0
2020-12-31,2659,8,31,2592,36,0,0,3,0
2021-01-01,2661,8,30,2595,36,0,0,3,0
2021-01-02,2662,8,29,2597,36,0,0,3,0
2021-01-03,2663,7,27,2600,36,0,0,2,0
2021-01-04,2664,7,26,2602,36,0,0,2,0
2021-01-05,2666,7,25,2605,36,0,0,2,0
2021-01-06,2667,6,24,2607,36,0,0,2,0
2021-01-07,2668,6,23,2609,36,0,0,2,0
2021-01-08,2669,6,22,2611,36,0,0,2,0
2021-01-09,2671,6,22,2613,36,0,0,2,0
2021-01-10,2672,5,21,2615,36,0,0,2,0
2021-01-11,2673,5,20,2617,36,0,0,2,0
2021-01-12,2674,5,19,2618,37,0,0,2,0
2021-01-13,2675,5,18,2620,37,0,0,2,0
2021-01-14,2677,5,18,2622,37,0,0,2,0
2021-01-15,2677,4,17,2623,37,0,0,2,0
2021-01-16,2678,4,16,2625,37,0,0,1,0
2021-01-17,2679,4,16,2626,37,0,0,1,0
2021-01-18,2680,4,15,2628,37,0,0,1,0
2021-01-19,2680,4,14,2629,37,0,0,1,0
2021-01-20,2681,4,14,2630,37,0,0,1,0
2021-01-21,2682,3,13,2632,37,0,0,1,0
2021-01-22,2683,3,13,2633,37,0,0,1,0
2021-01-23,2683,3,12,2634,37,0,0,1,0
2021-01-24,2684,3,12,2635,37,0,0,1,0
2021-01-25,2684,3,11,2636,37,0,0,1,0
2021-01-26,2685,3,11,2637,37,0,0,1,0
2021-01-27,2685,3,10,2638,37,0,0,1,0
2021-01-28,2686,3,10,2639,37,0,0,1,0
2021-01-29,2687,2,10,2640,37,0,0,1,0
2021-01-30,2687,2,9,2641,37,0,0,1,0
2021-01-31,2687,2,9,2641,37,0,0,1,0
2021-02-01,2688,2,9,2642,37,0,0,1,0
2021-02-02,2688,2,8,2643,37,0,0,1,0
2021-02-03,2689,2,8,2644,37,0,0,1,0
2021-02-04,2689,2,8,2644,37,0,0,1,0
2021-02-05,2689,2,7,2645,37,0,0,1,0
2021-02-06,2690,2,7,2646,37,0,0,1,0
2021-02-07,2690,2,7,2646,37,0,0,1,0
2021-02-08,2690,2,6,2647,37,0,0,1,0
2021-02-09,2690,2,6,2647,37,0,0,1,0
2021-02-10,2691,2,6,2648,37,0,0,1,0
2021-02-11,2691,1,6,2648,37,0,0,1,0
2021-02-12,2691,1,5,2649,37,0,0,0,0
2021-02-13,2691,1,5,2649,37,0,0,0,0
2021-02-14,2692,1,5,2650,37,0,0,0,0
2021-02-15,2692,1,5,2650,37,0,0,0,0
2021-02-16,2693,1,5,2651,37,0,0,0,0
2021-02-17,2692,1,4,2651,37,0,0,0,0
2021-02-18,2693,1,4,2652,37,0,0,0,0
2021-02-19,2693,1,4,2652,37,0,0,0,0
2021-02-20,2693,1,4,2652,37,0,0,0,0
2021-02-21,2694,1,4,2653,37,0,0,0,0
2021-02-22,2694,1,4,2653,37,0,0,0,0
2021-02-23,2693,1,3,2653,37,0,0,0,0
2021-02-24,2694,1,3,2654,37,0,0,0,0
2021-02-25,2694,1,3,2654,37,0,0,0,0
2021-02-26,2694,1,3,2654,37,0,0,0,0
2021-02-27,2694,1,3,2654,37,0,0,0,0
2021-02-28,2695,1,3,2655,37,0,0,0,0
2021-03-01,2695,1,3,2655,37,0,0,0,0
2021-03-02,2695,1,3,2655,37,0,0,0,0
2021-03-03,2694,1,2,2655,37,0,0,0,0
2021-03-04,2695,1,2,2656,37,0,0,0,0
2021-03-05,2695,1,2,2656,37,0,0,0,0
2021-03-06,2695,1,2,2656,37,0,0,0,0
2021-03-07,2695,1,2,2656,37,0,0,0,0
2021-03-08,2695,1,2,2656,37,0,0,0,0
2021-03-09,2696,0,2,2657,37,0,0,0,0
2021-03-10,2696,0,2,2657,37,0,0,0,0
2021-03-11,2696,0,2,2657,37,0,0,0,0
2021-03-12,2696,0,2,2657,37,0,0,0,0
2021-03-13,2696,0,2,2657,37,0,0,0,0
2021-03-14,2696,0,2,2657,37,0,0,0,0
2021-03-15,2697,0,2,2658,37,0,0,0,0
2021-03-16,2696,0,1,2658,37,0,0,0,0
2021-03-17,2696,0,1,2658,37,0,0,0,0
2021-03-18,2696,0,1,2658,37,0,0,0,0
2021-03-19,2696,0,1,2658,37,0,0,0,0
2021-03-20,2696,0,1,2658,37,0,0,0,0
2021-03-21,2696,0,1,2658,37,0,0,0,0
2021-03-22,2696,0,1,2658,37,0,0,0,0
2021-03-23,2697,0,1,2659,37,0,0,0,0
2021-03-24,2697,0,1,2659,37,0,0,0,0
2021-03-25,2697,0,1,2659,37,0,0,0,0
2021-03-26,2697,0,1,2659,37,0,0,0,0
2021-03-27,2697,0,1,2659,37,0,0,0,0
2021-03-28,2697,0,1,2659,37,0,0,0,0
2021-03-29,2697,0,1,2659,37,0,0,0,0
2021-03-30,2697,0,1,2659,37,0,0,0,0
2021-03-31,2697,0,1,2659,37,0,0,0,0
2021-04-01,2697,0,1,2659,37,0,0,0,0
2021-04-02,2697,0,1,2659,37,0,0,0,0
2021-04-03,2697,0,1,2659,37,0,0,0,0
2021-04-04,2697,0,1,2659,37,0,0,0,0
2021-04-05,2697,0,1,2659,37,0,0,0,0
2021-04-06,2698,0,1,2660,37,0,0,0,0
2021-04-07,2698,0,1,2660,37,0,0,0,0
2021-04-08,2698,0,1,2660,37,0,0,0,0
2021-04-09,2698,0,1,2660,37,0,0,0,0
2021-04-10,2698,0,1,2660,37,0,0,0,0
2021-04-11,2697,0,0,2660,37,0,0,0,0
2021-04-12,2697,0,0,2660,37,0,0,0,0
2021-04-13,2697,0,0,2660,37,0,0,0,0
2021-04-14,2697,0,0,2660,37,0,0,0,0
2021-04-15,2697,0,0,2660,37,0,0,0,0
2021-04-16,2697,0,0,2660,37,0,0,0,0
2021-04-17,2697,0,0,2660,37,0,0,0,0
2021-04-18,2697,0,0,2660,37,0,0,0,0
2021-04-19,2697,0,0,2660,37,0,0,0,0
2021-04-20,2697,0,0,2660,37,0,0,0,0
2021-04-21,2697,0,0,2660,37,0,0,0,0
2021-04-22,2697,0,0,2660,37,0,0,0,0
2021-04-23,2697,0,0,2660,37,0,0,0,0
2021-04-24,2697,0,0,2660,37,0,0,0,0
2021-04-25,2697,0,0,2660,37,0,0,0,0
2021-04-26,2697,0,0,2660,37,0,0,0,0
2021-04-27,2697,0,0,2660,37,0,0,0,0
2021-04-28,2697,0,0,2660,37,0,0,0,0
2021-04-29,2697,0,0,2660,37,0,0,0,0
2021-04-30,2697,0,0,2660,37,0,0,0,0
2021-05-01,2697,0,0,2660,37,0,0,0,0
2021-05-02,2697,0,0,2660,37,0,0,0,0
2021-05-03,2697,0,0,2660,37,0,0,0,0
2021-05-04,2697,0,0,2660,37,0,0,0,0
2021-05-05,2697,0,0,2660,37,0,0,0,0
2021-05-06,2698,0,0,2661,37,0,0,0,0
2021-05-07,2698,0,0,2661,37,0,0,0,0
2021-05-08,2698,0,0,2661,37,0,0,0,0
2021-05-09,2698,0,0,2661,37,0,0,0,0
2021-05-10,2698,0,0,2661,37,0,0,0,0
2021-05-11,2698,0,0,2661,37,0,0,0,0
2021-05-12,2698,0,0,2661,37,0,0,0,0
2021-05-13,2698,0,0,2661,37,0,0,0,0
2021-05-14,2698,0,0,2661,37,0,0,0,0
2021-05-15,2698,0,0,2661,37,0,0,0,0
2021-05-16,2698,0,0,2661,37,0,0,0,0
2021-05-17,2698,0,0,2661,37,0,0,0,0
2021-05-18,2698,0,0,2661,37,0,0,0,0
2021-05-19,2698,0,0,2661,37,0,0,0,0
2021-05-20,2698,0,0,2661,37,0,0,0,0
2021-05-21,2698,0,0,2661,37,0,0,0,0
2021-05-22,2698,0,0,2661,37,0,0,0,0
2021-05-23,2698,0,0,2661,37,0,0,0,0
2021-05-24,2698,0,0,2661,37,0,0,0,0
2021-05-25,2698,0,0,2661,37,0,0,0,0
2021-05-26,2698,0,0,2661,37,0,0,0,0
2021-05-27,2698,0,0,2661,37,0,0,0,0
2021-05-28,2698,0,0,2661,37,0,0,0,0
2021-05-29,2698,0,0,2661,37,0,0,0,0
2021-05-30,2698,0,0,2661,37,0,0,0,0
2021-05-31,2698,0,0,2661,37,0,0,0,0
2021-06-01,2698,0,0,2661,37,0,0,0,0
2021-06-02,2698,0,0,2661,37,0,0,0,0
2021-06-03,2698,0,0,2661,37,0,0,0,0
2021-06-04,2698,0,0,2661,37,0,0,0,0
2021-06-05,2698,0,0,2661,37,0,0,0,0
2021-06-06,2698,0,0,2661,37,0,0,0,0
2021-06-07,2698,0,0,2661,37,0,0,0,0
2021-06-08,2698,0,0,2661,37,0,0,0,0
2021-06-09,2698,0,0,2661,37,0,0,0,0
2021-06-10,2698,0,0,2661,37,0,0,0,0
2021-06-11,2698,0,0,2661,37,0,0,0,0
2021-06-12,2698,0,0,2661,37,0,0,0,0
2021-06-13,2698,0,0,2661,37,0,0,0,0
2021-06-14,2698,0,0,2661,37,0,0,0,0
2021-06-15,2698,0,0,2661,37,0,0,0,0
2021-06-16,2698,0,0,2661,37,0,0,0,0
2021-06-17,2698,0,0,2661,37,0,0,0,0
2021-06-18,2698,0,0,2661,37,0,0,0,0
2021-06-19,2698,0,0,2661,37,0,0,0,0
2021-06-20,2698,0,0,2661,37,0,0,0,0
2021-06-21,2698,0,0,2661,37,0,0,0,0
2021-06-22,2698,0,0,2661,37,0,0,0,0
2021-06-23,2698,0,0,2661,37,0,0,0,0
2021-06-24,2698,0,0,2661,37,0,0,0,0
2021-06-25,2698,0,0,2661,37,0,0,0,0
2021-06-26,2698,0,0,2661,37,0,0,0,0
2021-06-27,2698,0,0,2661,37,0,0,0,0
2021-06-28,2698,0,0,2661,37,0,0,0,0
2021-06-29,2698,0,0,2661,37,0,0,0,0
2021-06-30,2698,0,0,2661,37,0,0,0,0
2021-07-01,2698,0,0,2661,37,0,0,0,0
2021-07-02,2698,0,0,2661,37,0,0,0,0
2021-07-03,2698,0,0,2661,37,0,0,0,0
