Date,Infected,Exposed,Active,Recovered,Deaths,Diff Exposed,Diff Active,Diff Recovered,Diff Deaths
2020-07-19,2540,332,459,2071,10,0,23,42,0
2020-07-20,2603,315,480,2113,10,0,18,43,0
2020-07-21,2664,303,497,2157,10,0,14,45,0
2020-07-22,2724,295,510,2203,11,0,11,46,0
2020-07-23,2781,289,521,2249,11,0,9,47,0
2020-07-24,2837,285,529,2297,11,0,8,48,0
2020-07-25,2893,283,537,2345,11,0,7,49,0
2020-07-26,2948,281,543,2394,11,0,6,49,0
2020-07-27,3003,280,548,2443,12,0,5,50,0
2020-07-28,3058,280,553,2493,12,0,5,50,0
2020-07-29,3113,281,558,2543,12,0,4,50,0
2020-07-30,3168,281,562,2594,12,1,4,51,0
2020-07-31,3224,282,566,2645,13,1,4,51,0
2020-08-01,3279,283,570,2696,13,1,4,52,0
2020-08-02,3334,284,573,2748,13,1,4,52,0
2020-08-03,3390,285,577,2800,13,1,3,52,0
2020-08-04,3446,286,580,2852,14,1,3,53,0
2020-08-05,3503,287,584,2905,14,1,3,53,0
2020-08-06,3559,289,587,2958,14,1,3,53,0
2020-08-07,3615,290,590,3011,14,1,3,53,0
2020-08-08,3672,291,593,3064,15,1,3,54,0
2020-08-09,3729,292,596,3118,15,1,3,54,0
2020-08-10,3786,293,599,3172,15,1,3,54,0
2020-08-11,3843,295,602,3226,15,1,3,55,0
2020-08-12,3902,296,605,3281,16,1,3,55,0
2020-08-13,3960,297,608,3336,16,1,3,55,0
2020-08-14,4018,298,611,3391,16,1,3,55,0
2020-08-15,4077,299,614,3447,16,1,3,56,0
2020-08-16,4136,300,617,3502,17,1,3,56,0
2020-08-17,4195,301,620,3558,17,1,3,56,0
2020-08-18,4253,302,622,3614,17,1,3,56,0
2020-08-19,4314,303,625,3671,18,1,3,57,0
2020-08-20,4373,304,628,3727,18,1,3,57,0
2020-08-21,4432,305,630,3784,18,1,3,57,0
2020-08-22,4492,306,633,3841,18,1,3,57,0
2020-08-23,4553,307,635,3899,19,1,2,57,0
2020-08-24,4613,308,638,3956,19,1,2,58,0
2020-08-25,4673,309,640,4014,19,1,2,58,0
2020-08-26,4734,310,643,4072,19,1,2,58,0
2020-08-27,4795,311,645,4130,20,1,2,58,0
2020-08-28,4856,312,647,4189,20,1,2,59,0
2020-08-29,4916,312,649,4247,20,1,2,59,0
2020-08-30,4979,313,652,4306,21,1,2,59,0
2020-08-31,5040,314,654,4365,21,1,2,59,0
2020-09-01,5101,314,656,4424,21,1,2,59,0
2020-09-02,5163,315,658,4484,21,1,2,60,0
2020-09-03,5225,316,660,4543,22,1,2,60,0
2020-09-04,5287,316,662,4603,22,1,2,60,0
2020-09-05,5349,317,664,4663,22,1,2,60,0
2020-09-06,5411,318,665,4723,23,1,2,60,0
2020-09-07,5474,318,667,4784,23,1,2,60,0
2020-09-08,5536,319,669,4844,23,0,2,61,0
2020-09-09,5598,319,670,4905,23,0,2,61,0
2020-09-10,5661,319,672,4965,24,0,2,61,0
2020-09-11,5724,320,674,5026,24,0,1,61,0
2020-09-12,5786,320,675,5087,24,0,1,61,0
2020-09-13,5849,321,676,5148,25,0,1,61,0
2020-09-14,5912,321,678,5209,25,0,1,61,0
2020-09-15,5975,321,679,5271,25,0,1,61,0
2020-09-16,6037,321,680,5332,25,0,1,62,0
2020-09-17,6101,322,681,5394,26,0,1,62,0
2020-09-18,6164,322,682,5456,26,0,1,62,0
2020-09-19,6227,322,684,5517,26,0,1,62,0
2020-09-20,6290,322,684,5579,27,0,1,62,0
2020-09-21,6353,322,685,5641,27,0,1,62,0
2020-09-22,6416,322,686,5703,27,0,1,62,0
2020-09-23,6480,322,687,5765,28,0,1,62,0
2020-09-24,6543,322,688,5827,28,0,1,62,0
2020-09-25,6606,322,688,5890,28,0,1,62,0
2020-09-26,6669,322,689,5952,28,0,1,62,0
2020-09-27,6733,322,690,6014,29,0,0,62,0
2020-09-28,6796,322,690,6077,29,0,0,62,0
2020-09-29,6858,322,690,6139,29,0,0,62,0
2020-09-30,6923,322,691,6202,30,0,0,62,0
2020-10-01,6985,322,691,6264,30,0,0,63,0
2020-10-02,7048,321,691,6327,30,0,0,63,0
2020-10-03,7111,321,691,6389,31,0,0,63,0
2020-10-04,7174,321,691,6452,31,0,0,63,0
2020-10-05,7236,320,691,6514,31,0,0,63,0
2020-10-06,7299,320,691,6577,31,0,0,63,0
2020-10-07,7363,320,691,6640,32,0,0,63,0
2020-10-08,7425,319,691,6702,32,0,0,63,0
2020-10-09,7488,319,691,6765,32,0,0,63,0
2020-10-10,7551,318,691,6827,33,0,0,62,0
2020-10-11,7613,318,690,6890,33,0,0,62,0
2020-10-12,7675,317,690,6952,33,0,0,62,0
2020-10-13,7737,317,689,7014,34,0,0,62,0
2020-10-14,7800,316,689,7077,34,0,0,62,0
2020-10-15,7861,316,688,7139,34,0,0,62,0
2020-10-16,7922,315,687,7201,34,0,0,62,0
2020-10-17,7985,314,687,7263,35,0,0,62,0
2020-10-18,8046,314,686,7325,35,0,0,62,0
2020-10-19,8107,313,685,7387,35,0,0,62,0
2020-10-20,8169,312,684,7449,36,0,0,62,0
2020-10-21,8230,311,683,7511,36,0,0,62,0
2020-10-22,8291,311,682,7573,36,0,0,62,0
2020-10-23,8353,310,681,7635,37,0,0,62,0
2020-10-24,8413,309,680,7696,37,0,0,61,0
2020-10-25,8473,308,678,7758,37,0,0,61,0
2020-10-26,8533,307,677,7819,37,0,0,61,0
2020-10-27,8594,306,676,7880,38,0,0,61,0
2020-10-28,8653,305,674,7941,38,0,0,61,0
2020-10-29,8713,304,673,8002,38,0,0,61,0
2020-10-30,8773,303,671,8063,39,0,0,61,0
2020-10-31,8833,302,670,8124,39,0,0,61,0
2020-11-01,8891,301,668,8184,39,0,0,60,0
2020-11-02,8950,300,666,8245,39,0,0,60,0
2020-11-03,9010,299,665,8305,40,0,0,60,0
2020-11-04,9068,298,663,8365,40,0,0,60,0
2020-11-05,9126,297,661,8425,40,0,0,60,0
2020-11-06,9185,296,659,8485,41,0,0,60,0
2020-11-07,9242,294,657,8544,41,0,0,59,0
2020-11-08,9300,293,655,8604,41,0,0,59,0
2020-11-09,9357,292,653,8663,41,0,0,59,0
2020-11-10,9415,291,651,8722,42,0,0,59,0
2020-11-11,9472,290,649,8781,42,0,0,59,0
2020-11-12,9527,288,646,8839,42,0,0,58,0
2020-11-13,9585,287,644,8898,43,0,0,58,0
2020-11-14,9641,286,642,8956,43,0,0,58,0
2020-11-15,9697,284,640,9014,43,0,0,58,0
2020-11-16,9752,283,637,9072,43,0,0,58,0
2020-11-17,9808,282,635,9129,44,0,0,57,0
2020-11-18,9863,280,632,9187,44,0,0,57,0
2020-11-19,9918,279,630,9244,44,0,0,57,0
2020-11-20,9972,278,627,9301,44,0,0,57,0
2020-11-21,10027,276,625,9357,45,0,0,57,0
2020-11-22,10081,275,622,9414,45,0,0,56,0
2020-11-23,10134,273,619,9470,45,0,0,56,0
2020-11-24,10188,272,616,9526,46,0,0,56,0
2020-11-25,10241,270,614,9581,46,0,0,56,0
2020-11-26,10294,269,611,9637,46,0,0,55,0
2020-11-27,10346,267,608,9692,46,0,0,55,0
2020-11-28,10399,266,605,9747,47,0,0,55,0
2020-11-29,10451,264,602,9802,47,0,0,54,0
2020-11-30,10502,263,599,9856,47,0,0,54,0
2020-12-01,10553,261,596,9910,47,0,0,54,0
2020-12-02,10605,260,593,9964,48,0,0,54,0
2020-12-03,10655,258,590,10017,48,0,0,53,0
2020-12-04,10706,256,587,10071,48,0,0,53,0
2020-12-05,10756,255,584,10124,48,0,0,53,0
2020-12-06,10807,253,581,10177,49,0,0,53,0
2020-12-07,10856,252,578,10229,49,0,0,52,0
2020-12-08,10905,250,575,10281,49,0,0,52,0
2020-12-09,10953,248,571,10333,49,0,0,52,0
2020-12-10,11003,247,568,10385,50,0,0,51,0
2020-12-11,11051,245,565,10436,50,0,0,51,0
2020-12-12,11099,244,562,10487,50,0,0,51,0
2020-12-13,11146,242,558,10538,50,0,0,51,0
2020-12-14,11194,240,555,10588,51,0,0,50,0
2020-12-15,11241,239,552,10638,51,0,0,50,0
2020-12-16,11287,237,548,10688,51,0,0,50,0
2020-12-17,11333,235,545,10737,51,0,0,49,0
2020-12-18,11381,234,542,10787,52,0,0,49,0
2020-12-19,11425,232,538,10835,52,0,0,49,0
2020-12-20,11471,230,535,10884,52,0,0,48,0
2020-12-21,11515,229,531,10932,52,0,0,48,0
2020-12-22,11561,227,528,10980,53,0,0,48,0
2020-12-23,11605,225,524,11028,53,0,0,47,0
2020-12-24,11649,224,521,11075,53,0,0,47,0
2020-12-25,11692,222,517,11122,53,0,0,47,0
2020-12-26,11736,220,514,11169,53,0,0,46,0
2020-12-27,11779,219,510,11215,54,0,0,46,0
2020-12-28,11822,217,507,11261,54,0,0,46,0
2020-12-29,11864,215,503,11307,54,0,0,46,0
2020-12-30,11906,214,500,11352,54,0,0,45,0
2020-12-31,11949,212,496,11398,55,0,0,45,0
2021-01-01,11990,210,493,11442,55,0,0,45,0
2021-01-02,12031,209,489,11487,55,0,0,44,0
2021-01-03,12071,207,485,11531,55,0,0,44,0
2021-01-04,12112,205,482,11575,55,0,0,44,0
2021-01-05,12152,203,478,11618,56,0,0,43,0
2021-01-06,12192,202,475,11661,56,0,0,43,0
2021-01-07,12231,200,471,11704,56,0,0,43,0
2021-01-08,12271,198,468,11747,56,0,0,42,0
2021-01-09,12309,197,464,11789,56,0,0,42,0
2021-01-10,12348,195,460,11831,57,0,0,42,0
2021-01-11,12386,193,457,11872,57,0,0,41,0
2021-01-12,12423,192,453,11913,57,0,0,41,0
2021-01-13,12461,190,450,11954,57,0,0,41,0
2021-01-14,12498,189,446,11995,57,0,0,40,0
2021-01-15,12535,187,442,12035,58,0,0,40,0
2021-01-16,12572,185,439,12075,58,0,0,40,0
2021-01-17,12608,184,435,12115,58,0,0,39,0
2021-01-18,12644,182,432,12154,58,0,0,39,0
2021-01-19,12679,180,428,12193,58,0,0,39,0
2021-01-20,12714,179,425,12231,58,0,0,38,0
2021-01-21,12750,177,421,12270,59,0,0,38,0
2021-01-22,12785,176,418,12308,59,0,0,38,0
2021-01-23,12818,174,414,12345,59,0,0,37,0
2021-01-24,12852,172,410,12383,59,0,0,37,0
2021-01-25,12886,171,407,12420,59,0,0,37,0
2021-01-26,12919,169,403,12456,60,0,0,37,0
2021-01-27,12953,168,400,12493,60,0,0,36,0
2021-01-28,12985,166,396,12529,60,0,0,36,0
2021-01-29,13018,165,393,12565,60,0,0,36,0
2021-01-30,13050,163,390,12600,60,0,0,35,0
2021-01-31,13081,161,386,12635,60,0,0,35,0
2021-02-01,13114,160,383,12670,61,0,0,35,0
2021-02-02,13144,158,379,12704,61,0,0,34,0
2021-02-03,13176,157,376,12739,61,0,0,34,0
2021-02-04,13206,155,372,12773,61,0,0,34,0
2021-02-05,13236,154,369,12806,61,0,0,33,0
2021-02-06,13266,152,366,12839,61,0,0,33,0
2021-02-07,13296,151,362,12872,62,0,0,33,0
2021-02-08,13326,149,359,12905,62,0,0,32,0
2021-02-09,13355,148,356,12937,62,0,0,32,0
2021-02-10,13383,146,352,12969,62,0,0,32,0
2021-02-11,13412,145,349,13001,62,0,0,32,0
2021-02-12,13441,144,346,13033,62,0,0,31,0
2021-02-13,13468,142,342,13064,62,0,0,31,0
2021-02-14,13497,141,339,13095,63,0,0,31,0
2021-02-15,13524,139,336,13125,63,0,0,30,0
2021-02-16,13552,138,333,13156,63,0,0,30,0
2021-02-17,13578,136,329,13186,63,0,0,30,0
2021-02-18,13604,135,326,13215,63,0,0,30,0
2021-02-19,13631,134,323,13245,63,0,0,29,0
2021-02-20,13657,132,320,13274,63,0,0,29,0
2021-02-21,13684,131,317,13303,64,0,0,29,0
2021-02-22,13709,130,314,13331,64,0,0,28,0
2021-02-23,13734,128,311,13359,64,0,0,28,0
2021-02-24,13758,127,307,13387,64,0,0,28,0
2021-02-25,13783,126,304,13415,64,0,0,28,0
2021-02-26,13808,124,301,13443,64,0,0,27,0
2021-02-27,13832,123,298,13470,64,0,0,27,0
2021-02-28,13857,122,295,13497,65,0,0,27,0
2021-03-01,13880,120,292,13523,65,0,0,26,0
2021-03-02,13904,119,289,13550,65,0,0,26,0
2021-03-03,13927,118,286,13576,65,0,0,26,0
2021-03-04,13949,117,283,13601,65,0,0,26,0
2021-03-05,13973,115,281,13627,65,0,0,25,0
2021-03-06,13995,114,278,13652,65,0,0,25,0
2021-03-07,14017,113,275,13677,65,0,0,25,0
2021-03-08,14040,112,272,13702,66,0,0,25,0
2021-03-09,14062,110,269,13727,66,0,0,24,0
2021-03-10,14083,109,266,13751,66,0,0,24,0
2021-03-11,14104,108,263,13775,66,0,0,24,0
2021-03-12,14126,107,261,13799,66,0,0,24,0
2021-03-13,14146,106,258,13822,66,0,0,23,0
2021-03-14,14166,104,255,13845,66,0,0,23,0
2021-03-15,14187,103,253,13868,66,0,0,23,0
2021-03-16,14207,102,250,13891,66,0,0,23,0
2021-03-17,14228,101,247,13914,67,0,0,22,0
2021-03-18,14248,100,245,13936,67,0,0,22,0
2021-03-19,14267,99,242,13958,67,0,0,22,0
2021-03-20,14286,98,239,13980,67,0,0,22,0
2021-03-21,14305,97,237,14001,67,0,0,21,0
2021-03-22,14324,96,234,14023,67,0,0,21,0
2021-03-23,14343,94,232,14044,67,0,0,21,0
2021-03-24,14361,93,229,14065,67,0,0,21,0
2021-03-25,14379,92,227,14085,67,0,0,21,0
2021-03-26,14397,91,224,14106,67,0,0,20,0
2021-03-27,14416,90,222,14126,68,0,0,20,0
2021-03-28,14433,89,219,14146,68,0,0,20,0
2021-03-29,14450,88,217,14165,68,0,0,20,0
2021-03-30,14467,87,214,14185,68,0,0,19,0
2021-03-31,14484,86,212,14204,68,0,0,19,0
2021-04-01,14501,85,210,14223,68,0,0,19,0
2021-04-02,14517,84,207,14242,68,0,0,19,0
2021-04-03,14534,83,205,14261,68,0,0,19,0
2021-04-04,14550,82,203,14279,68,0,0,18,0
2021-04-05,14566,81,200,14298,68,0,0,18,0
2021-04-06,14582,80,198,14316,68,0,0,18,0
2021-04-07,14599,80,196,14334,69,0,0,18,0
2021-04-08,14614,79,194,14351,69,0,0,18,0
2021-04-09,14630,78,192,14369,69,0,0,17,0
2021-04-10,14644,77,189,14386,69,0,0,17,0
2021-04-11,14659,76,187,14403,69,0,0,17,0
2021-04-12,14674,75,185,14420,69,0,0,17,0
2021-04-13,14689,74,183,14437,69,0,0,17,0
2021-04-14,14703,73,181,14453,69,0,0,16,0
2021-04-15,14717,72,179,14469,69,0,0,16,0
2021-04-16,14732,72,177,14486,69,0,0,16,0
2021-04-17,14745,71,175,14501,69,0,0,16,0
2021-04-18,14759,70,173,14517,69,0,0,16,0
2021-04-19,14773,69,171,14533,69,0,0,15,0
2021-04-20,14787,68,169,14548,70,0,0,15,0
2021-04-21,14800,67,167,14563,70,0,0,15,0
2021-04-22,14813,67,165,14578,70,0,0,15,0
2021-04-23,14826,66,163,14593,70,0,0,15,0
2021-04-24,14839,65,161,14608,70,0,0,15,0
2021-04-25,14851,64,159,14622,70,0,0,14,0
2021-04-26,14864,64,157,14637,70,0,0,14,0
2021-04-27,14877,63,156,14651,70,0,0,14,0
2021-04-28,14889,62,154,14665,70,0,0,14,0
2021-04-29,14901,61,152,14679,70,0,0,14,0
2021-04-30,14912,61,150,14692,70,0,0,14,0
2021-05-01,14924,60,148,14706,70,0,0,13,0
2021-05-02,14936,59,147,14719,70,0,0,13,0
2021-05-03,14948,58,145,14733,70,0,0,13,0
2021-05-04,14960,58,143,14746,71,0,0,13,0
2021-05-05,14970,57,141,14758,71,0,0,13,0
2021-05-06,14982,56,140,14771,71,0,0,13,0
2021-05-07,14993,56,138,14784,71,0,0,12,0
2021-05-08,15003,55,136,14796,71,0,0,12,0
2021-05-09,15015,54,135,14809,71,0,0,12,0
2021-05-10,15025,54,133,14821,71,0,0,12,0
2021-05-11,15036,53,132,14833,71,0,0,12,0
2021-05-12,15046,52,130,14845,71,0,0,12,0
2021-05-13,15055,52,128,14856,71,0,0,12,0
2021-05-14,15066,51,127,14868,71,0,0,11,0
2021-05-15,15075,50,125,14879,71,0,0,11,0
2021-05-16,15086,50,124,14891,71,0,0,11,0
2021-05-17,15095,49,122,14902,71,0,0,11,0
2021-05-18,15105,49,121,14913,71,0,0,11,0
2021-05-19,15114,48,119,14924,71,0,0,11,0
2021-05-20,15123,47,118,14934,71,0,0,11,0
2021-05-21,15133,47,117,14945,71,0,0,11,0
2021-05-22,15143,46,115,14956,72,0,0,10,0
2021-05-23,15152,46,114,14966,72,0,0,10,0
2021-05-24,15160,45,112,14976,72,0,0,10,0
2021-05-25,15169,45,111,14986,72,0,0,10,0
2021-05-26,15178,44,110,14996,72,0,0,10,0
2021-05-27,15186,43,108,15006,72,0,0,10,0
2021-05-28,15195,43,107,15016,72,0,0,10,0
2021-05-29,15204,42,106,15026,72,0,0,10,0
2021-05-30,15211,42,104,15035,72,0,0,9,0
2021-05-31,15219,41,103,15044,72,0,0,9,0
2021-06-01,15228,41,102,15054,72,0,0,9,0
2021-06-02,15236,40,101,15063,72,0,0,9,0
2021-06-03,15243,40,99,15072,72,0,0,9,0
2021-06-04,15251,39,98,15081,72,0,0,9,0
2021-06-05,15259,39,97,15090,72,0,0,9,0
2021-06-06,15267,38,96,15099,72,0,0,9,0
2021-06-07,15274,38,95,15107,72,0,0,9,0
2021-06-08,15281,37,93,15116,72,0,0,8,0
2021-06-09,15288,37,92,15124,72,0,0,8,0
2021-06-10,15295,36,91,15132,72,0,0,8,0
2021-06-11,15303,36,90,15141,72,0,0,8,0
2021-06-12,15310,36,89,15149,72,0,0,8,0
2021-06-13,15317,35,88,15157,72,0,0,8,0
2021-06-14,15325,35,87,15165,73,0,0,8,0
2021-06-15,15331,34,86,15172,73,0,0,8,0
2021-06-16,15338,34,85,15180,73,0,0,8,0
2021-06-17,15344,33,83,15188,73,0,0,8,0
2021-06-18,15350,33,82,15195,73,0,0,7,0
2021-06-19,15357,33,81,15203,73,0,0,7,0
2021-06-20,15363,32,80,15210,73,0,0,7,0
2021-06-21,15369,32,79,15217,73,0,0,7,0
2021-06-22,15375,31,78,15224,73,0,0,7,0
2021-06-23,15381,31,77,15231,73,0,0,7,0
2021-06-24,15387,31,76,15238,73,0,0,7,0
2021-06-25,15394,30,76,15245,73,0,0,7,0
2021-06-26,15400,30,75,15252,73,0,0,7,0
2021-06-27,15406,29,74,15259,73,0,0,7,0
2021-06-28,15411,29,73,15265,73,0,0,7,0
2021-06-29,15417,29,72,15272,73,0,0,6,0
2021-06-30,15422,28,71,15278,73,0,0,6,0
2021-07-01,15428,28,70,15285,73,0,0,6,0
2021-07-02,15433,28,69,15291,73,0,0,6,0
2021-07-03,15438,27,68,15297,73,0,0,6,0
2021-07-04,15444,27,67,15304,73,0,0,6,0
2021-07-05,15450,27,67,15310,73,0,0,6,0
2021-07-06,15455,26,66,15316,73,0,0,6,0
2021-07-07,15459,26,65,15321,73,0,0,6,0
2021-07-08,15464,26,64,15327,73,0,0,6,0
2021-07-09,15469,25,63,15333,73,0,0,6,0
2021-07-10,15474,25,62,15339,73,0,0,6,0
2021-07-11,15479,25,62,15344,73,0,0,6,0
2021-07-12,15484,24,61,15350,73,0,0,6,0
2021-07-13,15488,24,60,15355,73,0,0,5,0
2021-07-14,15493,24,59,15361,73,0,0,5,0
