Date,Infected,Exposed,Active,Recovered,Deaths,Diff Exposed,Diff Active,Diff Recovered,Diff Deaths
2020-06-23,755,85,194,550,11,8,0,17,0
2020-06-24,773,92,194,568,11,6,0,17,0
2020-06-25,790,98,194,585,11,5,1,17,0
2020-06-26,810,102,196,602,12,4,2,18,0
2020-06-27,831,107,199,620,12,4,3,18,0
2020-06-28,852,110,202,638,12,3,3,18,0
2020-06-29,874,114,205,656,13,3,4,18,0
2020-06-30,896,117,209,674,13,3,4,19,0
2020-07-01,919,120,213,693,13,3,4,19,0
2020-07-02,943,123,217,712,14,3,4,19,0
2020-07-03,967,125,221,732,14,3,4,20,0
2020-07-04,992,128,226,752,14,3,5,20,0
2020-07-05,1018,131,231,772,15,3,5,21,0
2020-07-06,1043,134,235,793,15,3,5,21,0
2020-07-07,1070,137,240,814,16,3,5,21,0
2020-07-08,1096,140,245,835,16,3,5,22,0
2020-07-09,1123,142,250,857,16,3,5,22,0
2020-07-10,1153,145,256,880,17,3,5,23,0
2020-07-11,1181,148,261,903,17,3,5,23,0
2020-07-12,1210,151,266,926,18,3,5,24,0
2020-07-13,1240,155,272,950,18,3,6,24,0
2020-07-14,1271,158,277,975,19,3,6,25,0
2020-07-15,1302,161,283,1000,19,3,6,25,0
2020-07-16,1334,164,289,1025,20,3,6,26,0
2020-07-17,1366,167,295,1051,20,3,6,26,1
2020-07-18,1400,171,301,1078,21,3,6,27,1
2020-07-19,1433,174,307,1105,21,3,6,27,1
2020-07-20,1467,177,313,1132,22,3,6,28,1
2020-07-21,1502,181,320,1160,22,4,6,29,1
2020-07-22,1538,184,326,1189,23,4,7,29,1
2020-07-23,1574,188,333,1218,23,4,7,30,1
2020-07-24,1611,192,339,1248,24,4,7,30,1
2020-07-25,1650,195,346,1279,25,4,7,31,1
2020-07-26,1688,199,353,1310,25,4,7,31,1
2020-07-27,1728,203,360,1342,26,4,7,32,1
2020-07-28,1767,207,367,1374,26,4,7,33,1
2020-07-29,1808,210,374,1407,27,4,7,33,1
2020-07-30,1850,214,381,1441,28,4,7,34,1
2020-07-31,1892,218,389,1475,28,4,7,35,1
2020-08-01,1935,222,396,1510,29,4,8,35,1
2020-08-02,1979,227,404,1545,30,4,8,36,1
2020-08-03,2024,231,412,1582,30,4,8,37,1
2020-08-04,2070,235,420,1619,31,4,8,37,1
2020-08-05,2116,239,428,1656,32,4,8,38,1
2020-08-06,2164,243,436,1695,33,4,8,39,1
2020-08-07,2211,248,444,1734,33,4,8,40,1
2020-08-08,2260,252,452,1774,34,4,8,40,1
2020-08-09,2309,257,460,1814,35,4,8,41,1
2020-08-10,2361,261,469,1856,36,5,9,42,1
2020-08-11,2412,266,478,1898,36,5,9,43,1
2020-08-12,2464,270,486,1941,37,5,9,43,1
2020-08-13,2517,275,495,1984,38,5,9,44,1
2020-08-14,2572,279,504,2029,39,5,9,45,1
2020-08-15,2627,284,513,2074,40,5,9,46,1
2020-08-16,2683,289,522,2120,41,5,9,47,1
2020-08-17,2740,294,531,2167,42,5,9,47,1
2020-08-18,2799,299,541,2215,43,5,9,48,1
2020-08-19,2856,303,550,2263,43,5,9,49,1
2020-08-20,2917,308,560,2313,44,5,10,50,1
2020-08-21,2977,313,569,2363,45,5,10,51,1
2020-08-22,3039,318,579,2414,46,5,10,52,1
2020-08-23,3102,323,589,2466,47,5,10,53,1
2020-08-24,3166,328,599,2519,48,5,10,53,1
2020-08-25,3229,333,608,2572,49,5,10,54,1
2020-08-26,3296,338,619,2627,50,5,10,55,1
2020-08-27,3364,343,629,2683,52,5,10,56,1
2020-08-28,3431,348,639,2739,53,5,10,57,1
2020-08-29,3499,354,649,2796,54,5,10,58,1
2020-08-30,3569,359,659,2855,55,5,10,59,1
2020-08-31,3640,364,670,2914,56,5,10,60,1
2020-09-01,3711,369,680,2974,57,5,11,61,1
2020-09-02,3784,374,691,3035,58,5,11,62,1
2020-09-03,3857,379,701,3097,59,5,11,63,1
2020-09-04,3933,385,712,3160,61,5,11,64,1
2020-09-05,4009,390,723,3224,62,5,11,64,1
2020-09-06,4085,395,734,3288,63,5,11,65,1
2020-09-07,4162,400,744,3354,64,5,11,66,1
2020-09-08,4242,405,755,3421,66,5,11,67,1
2020-09-09,4322,410,766,3489,67,5,11,68,1
2020-09-10,4402,416,777,3557,68,5,11,69,1
2020-09-11,4485,421,788,3627,70,5,11,70,1
2020-09-12,4568,426,799,3698,71,5,11,71,1
2020-09-13,4650,431,809,3769,72,5,11,72,1
2020-09-14,4736,436,820,3842,74,5,11,73,1
2020-09-15,4821,441,831,3915,75,5,11,74,1
2020-09-16,4909,446,842,3990,77,5,11,75,1
2020-09-17,4996,451,853,4065,78,5,11,76,1
2020-09-18,5086,456,864,4142,80,5,11,77,1
2020-09-19,5175,461,875,4219,81,5,11,78,1
2020-09-20,5267,466,886,4298,83,5,11,79,2
2020-09-21,5357,470,896,4377,84,5,11,80,2
2020-09-22,5450,475,907,4457,86,5,11,81,2
2020-09-23,5544,480,918,4539,87,5,11,82,2
2020-09-24,5638,484,928,4621,89,5,11,83,2
2020-09-25,5733,489,939,4704,90,4,11,84,2
2020-09-26,5829,493,949,4788,92,4,10,85,2
2020-09-27,5927,498,960,4873,94,4,10,86,2
2020-09-28,6024,502,970,4959,95,4,10,87,2
2020-09-29,6123,506,980,5046,97,4,10,87,2
2020-09-30,6223,510,990,5134,99,4,10,88,2
2020-10-01,6322,514,1000,5222,100,4,10,89,2
2020-10-02,6424,518,1010,5312,102,4,10,90,2
2020-10-03,6526,522,1020,5402,104,4,10,91,2
2020-10-04,6630,526,1030,5494,106,4,10,92,2
2020-10-05,6732,530,1039,5586,107,4,9,93,2
2020-10-06,6837,533,1049,5679,109,4,9,94,2
2020-10-07,6942,537,1058,5773,111,3,9,94,2
2020-10-08,7047,540,1067,5867,113,3,9,95,2
2020-10-09,7154,543,1076,5963,115,3,9,96,2
2020-10-10,7259,546,1084,6059,116,3,9,97,2
2020-10-11,7367,549,1093,6156,118,3,8,97,2
2020-10-12,7475,552,1101,6254,120,3,8,98,2
2020-10-13,7583,555,1109,6352,122,3,8,99,2
2020-10-14,7692,558,1117,6451,124,3,8,100,2
2020-10-15,7802,560,1125,6551,126,2,8,100,2
2020-10-16,7912,563,1132,6652,128,2,7,101,2
2020-10-17,8023,565,1140,6753,130,2,7,102,2
2020-10-18,8134,567,1147,6855,132,2,7,102,2
2020-10-19,8246,569,1154,6958,134,2,7,103,2
2020-10-20,8357,571,1160,7061,136,2,6,103,2
2020-10-21,8468,572,1166,7164,138,2,6,104,2
2020-10-22,8582,574,1173,7269,140,1,6,105,2
2020-10-23,8693,575,1178,7373,142,1,6,105,2
2020-10-24,8807,576,1184,7479,144,1,5,106,2
2020-10-25,8919,577,1189,7584,146,1,5,106,2
2020-10-26,9033,578,1194,7691,148,1,5,107,2
2020-10-27,9146,579,1199,7797,150,1,5,107,2
2020-10-28,9259,580,1203,7904,152,1,4,107,2
2020-10-29,9374,580,1208,8012,154,0,4,108,2
2020-10-30,9487,581,1211,8120,156,0,4,108,2
2020-10-31,9601,581,1215,8228,158,0,3,108,2
2020-11-01,9714,581,1218,8336,160,0,3,109,2
2020-11-02,9828,581,1221,8445,162,0,3,109,2
2020-11-03,9942,580,1224,8554,164,0,3,109,2
2020-11-04,10056,580,1226,8664,166,0,2,109,2
2020-11-05,10170,579,1229,8773,168,0,2,110,2
2020-11-06,10284,579,1230,8883,171,0,2,110,2
2020-11-07,10397,578,1232,8992,173,0,1,110,2
2020-11-08,10510,577,1233,9102,175,0,1,110,2
2020-11-09,10623,575,1234,9212,177,0,1,110,2
2020-11-10,10735,574,1234,9322,179,0,0,110,2
2020-11-11,10849,573,1235,9433,181,0,0,110,2
2020-11-12,10960,571,1234,9543,183,0,0,110,2
2020-11-13,11072,569,1234,9653,185,0,0,110,2
2020-11-14,11183,567,1233,9763,187,0,0,110,2
2020-11-15,11295,565,1232,9873,190,0,0,110,2
2020-11-16,11406,563,1231,9983,192,0,0,110,2
2020-11-17,11515,561,1229,10092,194,0,0,110,2
2020-11-18,11626,558,1228,10202,196,0,0,109,2
2020-11-19,11734,556,1225,10311,198,0,0,109,2
2020-11-20,11844,553,1223,10421,200,0,0,109,2
2020-11-21,11952,550,1220,10530,202,0,0,109,2
2020-11-22,12059,547,1217,10638,204,0,0,109,2
2020-11-23,12166,544,1213,10747,206,0,0,108,2
2020-11-24,12273,541,1210,10855,208,0,0,108,2
2020-11-25,12380,538,1206,10963,211,0,0,108,2
2020-11-26,12485,535,1202,11070,213,0,0,107,2
2020-11-27,12589,531,1197,11177,215,0,0,107,2
2020-11-28,12693,528,1192,11284,217,0,0,106,2
2020-11-29,12796,524,1187,11390,219,0,0,106,2
2020-11-30,12899,520,1182,11496,221,0,0,105,2
2020-12-01,13000,516,1176,11601,223,0,0,105,2
2020-12-02,13102,512,1171,11706,225,0,0,104,2
2020-12-03,13201,508,1164,11810,227,0,0,104,2
2020-12-04,13300,504,1158,11913,229,0,0,103,2
2020-12-05,13399,500,1152,12016,231,0,0,103,2
2020-12-06,13497,496,1145,12119,233,0,0,102,2
2020-12-07,13594,491,1138,12221,235,0,0,102,2
2020-12-08,13690,487,1131,12322,237,0,0,101,2
2020-12-09,13785,483,1123,12423,239,0,0,100,2
2020-12-10,13879,478,1116,12523,240,0,0,100,2
2020-12-11,13972,474,1108,12622,242,0,0,99,2
2020-12-12,14065,469,1100,12721,244,0,0,98,2
2020-12-13,14156,464,1092,12818,246,0,0,97,2
2020-12-14,14248,460,1084,12916,248,0,0,97,2
2020-12-15,14337,455,1075,13012,250,0,0,96,2
2020-12-16,14427,450,1067,13108,252,0,0,95,2
2020-12-17,14514,445,1058,13202,254,0,0,94,2
2020-12-18,14600,440,1049,13296,255,0,0,94,2
2020-12-19,14687,436,1040,13390,257,0,0,93,2
2020-12-20,14772,431,1031,13482,259,0,0,92,2
2020-12-21,14856,426,1021,13574,261,0,0,91,2
2020-12-22,14939,421,1012,13665,262,0,0,90,2
2020-12-23,15021,416,1002,13755,264,0,0,89,2
2020-12-24,15103,411,993,13844,266,0,0,89,2
2020-12-25,15183,406,983,13932,268,0,0,88,2
2020-12-26,15261,401,973,14019,269,0,0,87,2
2020-12-27,15340,396,963,14106,271,0,0,86,2
2020-12-28,15417,391,953,14191,273,0,0,85,2
2020-12-29,15493,386,943,14276,274,0,0,84,2
2020-12-30,15569,381,933,14360,276,0,0,83,2
2020-12-31,15643,376,923,14443,277,0,0,82,2
2021-01-01,15717,371,913,14525,279,0,0,81,2
2021-01-02,15789,366,903,14606,280,0,0,81,2
2021-01-03,15860,361,892,14686,282,0,0,80,2
2021-01-04,15931,356,882,14765,284,0,0,79,2
2021-01-05,16000,351,872,14843,285,0,0,78,1
2021-01-06,16069,346,861,14921,287,0,0,77,1
2021-01-07,16136,341,851,14997,288,0,0,76,1
2021-01-08,16202,336,840,15073,289,0,0,75,1
2021-01-09,16268,332,830,15147,291,0,0,74,1
2021-01-10,16332,327,819,15221,292,0,0,73,1
2021-01-11,16397,322,809,15294,294,0,0,72,1
2021-01-12,16460,317,799,15366,295,0,0,71,1
2021-01-13,16521,312,788,15437,296,0,0,70,1
2021-01-14,16583,308,778,15507,298,0,0,69,1
2021-01-15,16642,303,767,15576,299,0,0,68,1
2021-01-16,16701,298,757,15644,300,0,0,68,1
2021-01-17,16760,294,747,15711,302,0,0,67,1
2021-01-18,16817,289,737,15777,303,0,0,66,1
2021-01-19,16873,285,726,15843,304,0,0,65,1
2021-01-20,16928,280,716,15907,305,0,0,64,1
2021-01-21,16984,276,706,15971,307,0,0,63,1
2021-01-22,17037,271,696,16033,308,0,0,62,1
2021-01-23,17090,267,686,16095,309,0,0,61,1
2021-01-24,17142,263,676,16156,310,0,0,60,1
2021-01-25,17193,258,666,16216,311,0,0,59,1
2021-01-26,17244,254,656,16275,313,0,0,59,1
2021-01-27,17293,250,646,16333,314,0,0,58,1
2021-01-28,17342,246,637,16390,315,0,0,57,1
2021-01-29,17390,242,627,16447,316,0,0,56,1
2021-01-30,17437,238,618,16502,317,0,0,55,1
2021-01-31,17483,234,608,16557,318,0,0,54,1
2021-02-01,17529,230,599,16611,319,0,0,53,1
2021-02-02,17573,226,589,16664,320,0,0,53,1
2021-02-03,17617,222,580,16716,321,0,0,52,1
2021-02-04,17661,218,571,16768,322,0,0,51,1
2021-02-05,17704,214,562,16819,323,0,0,50,1
2021-02-06,17745,211,553,16868,324,0,0,49,1
2021-02-07,17786,207,544,16917,325,0,0,49,1
2021-02-08,17827,203,535,16966,326,0,0,48,1
2021-02-09,17866,200,526,17013,327,0,0,47,1
2021-02-10,17906,196,518,17060,328,0,0,46,1
2021-02-11,17944,193,509,17106,329,0,0,45,1
2021-02-12,17981,189,501,17151,329,0,0,45,1
2021-02-13,18017,186,492,17195,330,0,0,44,1
2021-02-14,18054,183,484,17239,331,0,0,43,1
2021-02-15,18090,179,476,17282,332,0,0,42,1
2021-02-16,18125,176,468,17324,333,0,0,42,1
2021-02-17,18158,173,460,17365,333,0,0,41,1
2021-02-18,18192,170,452,17406,334,0,0,40,1
2021-02-19,18225,167,444,17446,335,0,0,40,1
2021-02-20,18258,164,437,17485,336,0,0,39,1
2021-02-21,18290,160,429,17524,337,0,0,38,1
2021-02-22,18320,158,421,17562,337,0,0,38,1
2021-02-23,18351,155,414,17599,338,0,0,37,1
2021-02-24,18382,152,407,17636,339,0,0,36,1
2021-02-25,18411,149,400,17672,339,0,0,36,1
2021-02-26,18440,146,392,17708,340,0,0,35,1
2021-02-27,18468,143,385,17742,341,0,0,34,1
2021-02-28,18496,141,379,17776,341,0,0,34,1
2021-03-01,18524,138,372,17810,342,0,0,33,1
2021-03-02,18551,135,365,17843,343,0,0,33,1
2021-03-03,18576,133,358,17875,343,0,0,32,1
2021-03-04,18603,130,352,17907,344,0,0,31,1
2021-03-05,18628,128,346,17938,344,0,0,31,1
2021-03-06,18653,125,339,17969,345,0,0,30,1
2021-03-07,18678,123,333,17999,346,0,0,30,1
2021-03-08,18701,121,327,18028,346,0,0,29,1
2021-03-09,18725,118,321,18057,347,0,0,29,1
2021-03-10,18748,116,315,18086,347,0,0,28,1
2021-03-11,18771,114,309,18114,348,0,0,28,1
2021-03-12,18792,112,303,18141,348,0,0,27,1
2021-03-13,18815,109,298,18168,349,0,0,27,1
2021-03-14,18835,107,292,18194,349,0,0,26,1
2021-03-15,18857,105,287,18220,350,0,0,26,0
2021-03-16,18876,103,281,18245,350,0,0,25,0
2021-03-17,18897,101,276,18270,351,0,0,25,0
2021-03-18,18917,99,271,18295,351,0,0,24,0
2021-03-19,18936,97,265,18319,352,0,0,24,0
2021-03-20,18954,95,260,18342,352,0,0,23,0
2021-03-21,18973,93,255,18365,353,0,0,23,0
2021-03-22,18992,91,251,18388,353,0,0,22,0
2021-03-23,19010,90,246,18410,354,0,0,22,0
2021-03-24,19027,88,241,18432,354,0,0,21,0
2021-03-25,19043,86,236,18453,354,0,0,21,0
2021-03-26,19061,84,232,18474,355,0,0,21,0
2021-03-27,19077,83,227,18495,355,0,0,20,0
2021-03-28,19094,81,223,18515,356,0,0,20,0
2021-03-29,19109,79,219,18534,356,0,0,19,0
2021-03-30,19124,78,214,18554,356,0,0,19,0
2021-03-31,19140,76,210,18573,357,0,0,19,0
2021-04-01,19154,75,206,18591,357,0,0,18,0
2021-04-02,19169,73,202,18610,357,0,0,18,0
2021-04-03,19184,72,198,18628,358,0,0,18,0
2021-04-04,19197,70,194,18645,358,0,0,17,0
2021-04-05,19210,69,190,18662,358,0,0,17,0
2021-04-06,19225,68,187,18679,359,0,0,17,0
2021-04-07,19238,66,183,18696,359,0,0,16,0
2021-04-08,19250,65,179,18712,359,0,0,16,0
2021-04-09,19264,64,176,18728,360,0,0,16,0
2021-04-10,19275,62,172,18743,360,0,0,15,0
2021-04-11,19287,61,169,18758,360,0,0,15,0
2021-04-12,19299,60,165,18773,361,0,0,15,0
2021-04-13,19311,58,162,18788,361,0,0,14,0
2021-04-14,19322,57,159,18802,361,0,0,14,0
2021-04-15,19333,56,156,18816,361,0,0,14,0
2021-04-16,19345,55,153,18830,362,0,0,14,0
2021-04-17,19355,54,149,18844,362,0,0,13,0
2021-04-18,19365,53,146,18857,362,0,0,13,0
2021-04-19,19376,52,144,18870,362,0,0,13,0
2021-04-20,19387,51,141,18883,363,0,0,13,0
2021-04-21,19396,50,138,18895,363,0,0,12,0
2021-04-22,19405,49,135,18907,363,0,0,12,0
2021-04-23,19414,48,132,18919,363,0,0,12,0
2021-04-24,19425,47,130,18931,364,0,0,12,0
2021-04-25,19433,46,127,18942,364,0,0,11,0
2021-04-26,19442,45,124,18954,364,0,0,11,0
2021-04-27,19451,44,122,18965,364,0,0,11,0
2021-04-28,19458,43,119,18975,364,0,0,11,0
2021-04-29,19468,42,117,18986,365,0,0,10,0
2021-04-30,19476,41,115,18996,365,0,0,10,0
2021-05-01,19483,40,112,19006,365,0,0,10,0
2021-05-02,19491,39,110,19016,365,0,0,10,0
2021-05-03,19499,39,108,19026,365,0,0,10,0
2021-05-04,19507,38,105,19036,366,0,0,9,0
2021-05-05,19514,37,103,19045,366,0,0,9,0
2021-05-06,19521,36,101,19054,366,0,0,9,0
2021-05-07,19528,35,99,19063,366,0,0,9,0
2021-05-08,19535,35,97,19072,366,0,0,9,0
2021-05-09,19541,34,95,19080,366,0,0,8,0
2021-05-10,19549,33,93,19089,367,0,0,8,0
2021-05-11,19555,33,91,19097,367,0,0,8,0
2021-05-12,19561,32,89,19105,367,0,0,8,0
2021-05-13,19567,31,87,19113,367,0,0,8,0
2021-05-14,19574,31,86,19121,367,0,0,8,0
2021-05-15,19579,30,84,19128,367,0,0,7,0
2021-05-16,19585,29,82,19136,367,0,0,7,0
2021-05-17,19591,29,80,19143,368,0,0,7,0
2021-05-18,19597,28,79,19150,368,0,0,7,0
2021-05-19,19602,28,77,19157,368,0,0,7,0
2021-05-20,19608,27,76,19164,368,0,0,7,0
2021-05-21,19613,26,74,19171,368,0,0,7,0
2021-05-22,19617,26,72,19177,368,0,0,6,0
2021-05-23,19623,25,71,19184,368,0,0,6,0
2021-05-24,19629,25,70,19190,369,0,0,6,0
2021-05-25,19633,24,68,19196,369,0,0,6,0
2021-05-26,19638,24,67,19202,369,0,0,6,0
2021-05-27,19642,23,65,19208,369,0,0,6,0
2021-05-28,19647,23,64,19214,369,0,0,6,0
2021-05-29,19652,22,63,19220,369,0,0,6,0
2021-05-30,19655,22,61,19225,369,0,0,5,0
2021-05-31,19659,21,60,19230,369,0,0,5,0
2021-06-01,19664,21,59,19236,369,0,0,5,0
2021-06-02,19669,20,58,19241,370,0,0,5,0
2021-06-03,19672,20,56,19246,370,0,0,5,0
2021-06-04,19676,20,55,19251,370,0,0,5,0
2021-06-05,19680,19,54,19256,370,0,0,5,0
2021-06-06,19684,19,53,19261,370,0,0,5,0
2021-06-07,19687,18,52,19265,370,0,0,5,0
2021-06-08,19691,18,51,19270,370,0,0,5,0
2021-06-09,19694,18,50,19274,370,0,0,4,0
2021-06-10,19698,17,49,19279,370,0,0,4,0
2021-06-11,19701,17,48,19283,370,0,0,4,0
2021-06-12,19704,17,47,19287,370,0,0,4,0
2021-06-13,19707,16,46,19291,370,0,0,4,0
2021-06-14,19711,16,45,19295,371,0,0,4,0
2021-06-15,19714,16,44,19299,371,0,0,4,0
2021-06-16,19717,15,43,19303,371,0,0,4,0
2021-06-17,19720,15,42,19307,371,0,0,4,0
2021-06-18,19723,15,41,19311,371,0,0,4,0
