Date,Infected,Exposed,Active,Recovered,Deaths,Diff Exposed,Diff Active,Diff Recovered,Diff Deaths
2020-07-14,1320,139,261,1053,6,6,4,24,0
2020-07-15,1348,145,265,1076,7,5,4,24,0
2020-07-16,1376,150,269,1100,7,5,5,24,0
2020-07-17,1406,155,274,1125,7,5,5,25,0
2020-07-18,1437,159,280,1150,7,4,6,25,0
2020-07-19,1468,163,286,1175,7,4,6,26,0
2020-07-20,1500,167,292,1201,7,4,6,26,0
2020-07-21,1534,171,298,1228,8,4,6,27,0
2020-07-22,1568,175,305,1255,8,4,7,28,0
2020-07-23,1603,179,312,1283,8,4,7,28,0
2020-07-24,1638,183,319,1311,8,4,7,29,0
2020-07-25,1674,187,326,1340,8,4,7,29,0
2020-07-26,1711,191,333,1370,8,4,7,30,0
2020-07-27,1749,195,340,1400,9,4,7,31,0
2020-07-28,1787,199,347,1431,9,4,7,31,0
2020-07-29,1827,203,355,1463,9,4,8,32,0
2020-07-30,1866,207,362,1495,9,4,8,33,0
2020-07-31,1907,211,370,1528,9,4,8,33,0
2020-08-01,1950,215,378,1562,10,4,8,34,0
2020-08-02,1992,219,386,1596,10,4,8,35,0
2020-08-03,2035,223,394,1631,10,4,8,36,0
2020-08-04,2079,227,402,1667,10,4,8,36,0
2020-08-05,2124,232,410,1704,10,4,8,37,0
2020-08-06,2170,236,418,1741,11,4,8,38,0
2020-08-07,2216,240,426,1779,11,4,8,39,0
2020-08-08,2264,244,435,1818,11,4,8,39,0
2020-08-09,2311,248,443,1857,11,4,8,40,0
2020-08-10,2361,253,451,1898,12,4,9,41,0
2020-08-11,2411,257,460,1939,12,4,9,42,0
2020-08-12,2462,261,469,1981,12,4,9,42,0
2020-08-13,2512,265,477,2023,12,4,9,43,0
2020-08-14,2566,270,486,2067,13,4,9,44,0
2020-08-15,2618,274,494,2111,13,4,9,45,0
2020-08-16,2672,278,503,2156,13,4,9,45,0
2020-08-17,2728,282,512,2202,14,4,9,46,0
2020-08-18,2783,286,521,2248,14,4,9,47,0
2020-08-19,2840,290,530,2296,14,4,9,48,0
2020-08-20,2896,294,538,2344,14,4,9,49,0
2020-08-21,2955,298,547,2393,15,4,9,49,0
2020-08-22,3013,302,556,2442,15,4,9,50,0
2020-08-23,3073,306,565,2493,15,4,9,51,0
2020-08-24,3133,310,573,2544,16,4,9,52,0
2020-08-25,3194,314,582,2596,16,4,9,53,0
2020-08-26,3256,318,591,2649,16,4,9,53,0
2020-08-27,3319,322,599,2703,17,4,9,54,0
2020-08-28,3382,325,608,2757,17,4,9,55,0
2020-08-29,3447,329,617,2813,17,4,8,56,0
2020-08-30,3511,333,625,2868,18,3,8,56,0
2020-08-31,3576,336,633,2925,18,3,8,57,0
2020-09-01,3643,339,642,2983,18,3,8,58,0
2020-09-02,3710,343,650,3041,19,3,8,59,0
2020-09-03,3777,346,658,3100,19,3,8,59,0
2020-09-04,3845,349,666,3160,19,3,8,60,0
2020-09-05,3914,352,674,3220,20,3,8,61,0
2020-09-06,3982,355,681,3281,20,3,8,62,0
2020-09-07,4053,357,689,3343,21,3,7,62,0
2020-09-08,4123,360,696,3406,21,3,7,63,0
2020-09-09,4194,363,704,3469,21,2,7,64,0
2020-09-10,4266,365,711,3533,22,2,7,64,0
2020-09-11,4337,367,718,3597,22,2,7,65,0
2020-09-12,4409,370,724,3662,23,2,7,65,0
2020-09-13,4482,372,731,3728,23,2,6,66,0
2020-09-14,4554,373,737,3794,23,2,6,67,0
2020-09-15,4628,375,743,3861,24,2,6,67,0
2020-09-16,4701,377,749,3928,24,2,6,68,0
2020-09-17,4776,378,755,3996,25,1,6,68,0
2020-09-18,4849,380,760,4064,25,1,5,69,0
2020-09-19,4924,381,766,4133,25,1,5,69,0
2020-09-20,5000,382,771,4203,26,1,5,70,0
2020-09-21,5073,383,775,4272,26,1,5,70,0
2020-09-22,5150,383,780,4343,27,1,4,70,0
2020-09-23,5224,384,784,4413,27,0,4,71,0
2020-09-24,5300,385,788,4484,28,0,4,71,0
2020-09-25,5375,385,792,4555,28,0,3,72,0
2020-09-26,5450,385,795,4627,28,0,3,72,0
2020-09-27,5526,385,798,4699,29,0,3,72,0
2020-09-28,5601,385,801,4771,29,0,3,72,0
2020-09-29,5677,384,803,4844,30,0,2,73,0
2020-09-30,5752,384,806,4916,30,0,2,73,0
2020-10-01,5828,383,808,4989,31,0,2,73,0
2020-10-02,5902,383,809,5062,31,0,1,73,0
2020-10-03,5978,382,811,5135,32,0,1,73,0
2020-10-04,6053,381,812,5209,32,0,1,73,0
2020-10-05,6127,379,812,5282,33,0,1,73,0
2020-10-06,6201,378,813,5355,33,0,0,73,0
2020-10-07,6275,377,813,5429,33,0,0,73,0
2020-10-08,6349,375,813,5502,34,0,0,73,0
2020-10-09,6422,373,812,5576,34,0,0,73,0
2020-10-10,6495,371,811,5649,35,0,0,73,0
2020-10-11,6567,369,810,5722,35,0,0,73,0
2020-10-12,6641,367,809,5796,36,0,0,73,0
2020-10-13,6712,365,807,5869,36,0,0,73,0
2020-10-14,6783,362,805,5941,37,0,0,73,0
2020-10-15,6854,360,803,6014,37,0,0,73,0
2020-10-16,6925,357,801,6087,37,0,0,72,0
2020-10-17,6995,355,798,6159,38,0,0,72,0
2020-10-18,7064,352,795,6231,38,0,0,72,0
2020-10-19,7133,349,791,6303,39,0,0,71,0
2020-10-20,7201,346,788,6374,39,0,0,71,0
2020-10-21,7269,343,784,6445,40,0,0,71,0
2020-10-22,7336,340,780,6516,40,0,0,70,0
2020-10-23,7402,336,775,6586,41,0,0,70,0
2020-10-24,7468,333,771,6656,41,0,0,70,0
2020-10-25,7532,329,766,6725,41,0,0,69,0
2020-10-26,7597,326,761,6794,42,0,0,69,0
2020-10-27,7660,322,755,6863,42,0,0,68,0
2020-10-28,7724,319,750,6931,43,0,0,68,0
2020-10-29,7785,315,744,6998,43,0,0,67,0
2020-10-30,7847,311,738,7065,44,0,0,67,0
2020-10-31,7908,308,732,7132,44,0,0,66,0
2020-11-01,7968,304,726,7198,44,0,0,66,0
2020-11-02,8027,300,719,7263,45,0,0,65,0
2020-11-03,8086,296,713,7328,45,0,0,64,0
2020-11-04,8144,292,706,7392,46,0,0,64,0
2020-11-05,8201,288,699,7456,46,0,0,63,0
2020-11-06,8257,284,692,7519,46,0,0,63,0
2020-11-07,8313,280,685,7581,47,0,0,62,0
2020-11-08,8366,276,677,7642,47,0,0,61,0
2020-11-09,8420,272,670,7703,47,0,0,61,0
2020-11-10,8474,268,662,7764,48,0,0,60,0
2020-11-11,8525,264,654,7823,48,0,0,59,0
2020-11-12,8578,260,647,7882,49,0,0,58,0
2020-11-13,8628,256,639,7940,49,0,0,58,0
2020-11-14,8678,252,631,7998,49,0,0,57,0
2020-11-15,8727,248,623,8054,50,0,0,56,0
2020-11-16,8775,244,615,8110,50,0,0,56,0
2020-11-17,8823,240,607,8166,50,0,0,55,0
2020-11-18,8870,236,599,8220,51,0,0,54,0
2020-11-19,8915,232,590,8274,51,0,0,53,0
2020-11-20,8960,228,582,8327,51,0,0,53,0
2020-11-21,9005,224,574,8379,52,0,0,52,0
2020-11-22,9049,220,566,8431,52,0,0,51,0
2020-11-23,9091,216,557,8482,52,0,0,50,0
2020-11-24,9134,212,549,8532,53,0,0,50,0
2020-11-25,9175,208,541,8581,53,0,0,49,0
2020-11-26,9215,204,532,8630,53,0,0,48,0
2020-11-27,9255,201,524,8678,53,0,0,47,0
2020-11-28,9295,197,516,8725,54,0,0,47,0
2020-11-29,9332,193,507,8771,54,0,0,46,0
2020-11-30,9369,190,499,8816,54,0,0,45,0
2020-12-01,9407,186,491,8861,55,0,0,44,0
2020-12-02,9443,182,483,8905,55,0,0,44,0
2020-12-03,9479,179,475,8949,55,0,0,43,0
2020-12-04,9513,175,467,8991,55,0,0,42,0
2020-12-05,9548,172,459,9033,56,0,0,41,0
2020-12-06,9581,168,451,9074,56,0,0,41,0
2020-12-07,9614,165,443,9115,56,0,0,40,0
2020-12-08,9646,162,435,9155,56,0,0,39,0
2020-12-09,9678,158,427,9194,57,0,0,39,0
2020-12-10,9708,155,419,9232,57,0,0,38,0
2020-12-11,9739,152,412,9270,57,0,0,37,0
2020-12-12,9767,149,404,9306,57,0,0,36,0
2020-12-13,9797,146,396,9343,58,0,0,36,0
2020-12-14,9825,143,389,9378,58,0,0,35,0
2020-12-15,9853,140,382,9413,58,0,0,34,0
2020-12-16,9879,137,374,9447,58,0,0,34,0
2020-12-17,9906,134,367,9481,58,0,0,33,0
2020-12-18,9933,131,360,9514,59,0,0,33,0
2020-12-19,9958,128,353,9546,59,0,0,32,0
2020-12-20,9983,125,346,9578,59,0,0,31,0
2020-12-21,10007,122,339,9609,59,0,0,31,0
2020-12-22,10030,120,332,9639,59,0,0,30,0
2020-12-23,10055,117,326,9669,60,0,0,29,0
2020-12-24,10077,115,319,9698,60,0,0,29,0
2020-12-25,10099,112,312,9727,60,0,0,28,0
2020-12-26,10121,110,306,9755,60,0,0,28,0
2020-12-27,10142,107,300,9782,60,0,0,27,0
2020-12-28,10163,105,294,9809,60,0,0,27,0
2020-12-29,10183,102,287,9835,61,0,0,26,0
2020-12-30,10203,100,281,9861,61,0,0,25,0
2020-12-31,10222,98,275,9886,61,0,0,25,0
2021-01-01,10242,96,270,9911,61,0,0,24,0
2021-01-02,10260,93,264,9935,61,0,0,24,0
2021-01-03,10278,91,258,9959,61,0,0,23,0
2021-01-04,10296,89,253,9982,61,0,0,23,0
2021-01-05,10314,87,247,10005,62,0,0,22,0
2021-01-06,10331,85,242,10027,62,0,0,22,0
2021-01-07,10348,83,237,10049,62,0,0,21,0
2021-01-08,10363,81,231,10070,62,0,0,21,0
2021-01-09,10378,79,226,10090,62,0,0,20,0
2021-01-10,10394,77,221,10111,62,0,0,20,0
2021-01-11,10409,76,216,10131,62,0,0,20,0
2021-01-12,10424,74,212,10150,62,0,0,19,0
2021-01-13,10439,72,207,10169,63,0,0,19,0
2021-01-14,10452,70,202,10187,63,0,0,18,0
2021-01-15,10467,69,198,10206,63,0,0,18,0
2021-01-16,10479,67,193,10223,63,0,0,17,0
2021-01-17,10493,65,189,10241,63,0,0,17,0
2021-01-18,10504,64,184,10257,63,0,0,17,0
2021-01-19,10517,62,180,10274,63,0,0,16,0
2021-01-20,10529,61,176,10290,63,0,0,16,0
2021-01-21,10541,59,172,10306,63,0,0,16,0
2021-01-22,10553,58,168,10321,64,0,0,15,0
2021-01-23,10564,57,164,10336,64,0,0,15,0
2021-01-24,10575,55,160,10351,64,0,0,14,0
2021-01-25,10586,54,157,10365,64,0,0,14,0
2021-01-26,10597,53,153,10380,64,0,0,14,0
2021-01-27,10607,51,150,10393,64,0,0,14,0
2021-01-28,10617,50,146,10407,64,0,0,13,0
2021-01-29,10627,49,143,10420,64,0,0,13,0
2021-01-30,10635,48,139,10432,64,0,0,13,0
2021-01-31,10645,47,136,10445,64,0,0,12,0
2021-02-01,10654,45,133,10457,64,0,0,12,0
2021-02-02,10663,44,130,10469,64,0,0,12,0
2021-02-03,10673,43,127,10481,65,0,0,11,0
2021-02-04,10681,42,124,10492,65,0,0,11,0
2021-02-05,10689,41,121,10503,65,0,0,11,0
2021-02-06,10697,40,118,10514,65,0,0,11,0
2021-02-07,10704,39,115,10524,65,0,0,10,0
2021-02-08,10712,38,112,10535,65,0,0,10,0
2021-02-09,10719,37,109,10545,65,0,0,10,0
2021-02-10,10726,36,107,10554,65,0,0,10,0
2021-02-11,10733,35,104,10564,65,0,0,9,0
2021-02-12,10740,35,102,10573,65,0,0,9,0
2021-02-13,10746,34,99,10582,65,0,0,9,0
2021-02-14,10753,33,97,10591,65,0,0,9,0
2021-02-15,10759,32,94,10600,65,0,0,9,0
2021-02-16,10765,31,92,10608,65,0,0,8,0
2021-02-17,10772,30,90,10617,65,0,0,8,0
2021-02-18,10778,30,88,10625,65,0,0,8,0
2021-02-19,10784,29,86,10633,65,0,0,8,0
2021-02-20,10790,28,84,10640,66,0,0,8,0
2021-02-21,10795,28,81,10648,66,0,0,7,0
2021-02-22,10800,27,79,10655,66,0,0,7,0
2021-02-23,10806,26,78,10662,66,0,0,7,0
2021-02-24,10811,25,76,10669,66,0,0,7,0
2021-02-25,10816,25,74,10676,66,0,0,7,0
2021-02-26,10820,24,72,10682,66,0,0,7,0
2021-02-27,10825,24,70,10689,66,0,0,6,0
2021-02-28,10829,23,68,10695,66,0,0,6,0
2021-03-01,10834,22,67,10701,66,0,0,6,0
2021-03-02,10838,22,65,10707,66,0,0,6,0
2021-03-03,10842,21,63,10713,66,0,0,6,0
2021-03-04,10847,21,62,10719,66,0,0,6,0
2021-03-05,10850,20,60,10724,66,0,0,5,0
2021-03-06,10855,20,59,10730,66,0,0,5,0
2021-03-07,10858,19,57,10735,66,0,0,5,0
2021-03-08,10862,19,56,10740,66,0,0,5,0
2021-03-09,10866,18,55,10745,66,0,0,5,0
2021-03-10,10869,18,53,10750,66,0,0,5,0
2021-03-11,10873,17,52,10755,66,0,0,5,0
2021-03-12,10876,17,51,10759,66,0,0,5,0
2021-03-13,10879,17,49,10764,66,0,0,4,0
2021-03-14,10882,16,48,10768,66,0,0,4,0
2021-03-15,10886,16,47,10773,66,0,0,4,0
2021-03-16,10889,15,46,10777,66,0,0,4,0
2021-03-17,10892,15,45,10781,66,0,0,4,0
2021-03-18,10894,15,43,10785,66,0,0,4,0
2021-03-19,10897,14,42,10789,66,0,0,4,0
2021-03-20,10900,14,41,10793,66,0,0,4,0
2021-03-21,10902,13,40,10796,66,0,0,4,0
2021-03-22,10905,13,39,10800,66,0,0,4,0
2021-03-23,10909,13,38,10804,67,0,0,3,0
2021-03-24,10911,12,37,10807,67,0,0,3,0
2021-03-25,10913,12,36,10810,67,0,0,3,0
2021-03-26,10916,12,35,10814,67,0,0,3,0
2021-03-27,10919,12,35,10817,67,0,0,3,0
2021-03-28,10921,11,34,10820,67,0,0,3,0
2021-03-29,10923,11,33,10823,67,0,0,3,0
2021-03-30,10925,11,32,10826,67,0,0,3,0
2021-03-31,10927,10,31,10829,67,0,0,3,0
2021-04-01,10928,10,30,10831,67,0,0,3,0
2021-04-02,10931,10,30,10834,67,0,0,3,0
2021-04-03,10933,10,29,10837,67,0,0,3,0
2021-04-04,10934,9,28,10839,67,0,0,3,0
2021-04-05,10936,9,27,10842,67,0,0,2,0
2021-04-06,10938,9,27,10844,67,0,0,2,0
2021-04-07,10940,9,26,10847,67,0,0,2,0
2021-04-08,10941,8,25,10849,67,0,0,2,0
2021-04-09,10943,8,25,10851,67,0,0,2,0
2021-04-10,10945,8,24,10854,67,0,0,2,0
2021-04-11,10947,8,24,10856,67,0,0,2,0
2021-04-12,10948,8,23,10858,67,0,0,2,0
2021-04-13,10949,7,22,10860,67,0,0,2,0
2021-04-14,10951,7,22,10862,67,0,0,2,0
2021-04-15,10952,7,21,10864,67,0,0,2,0
2021-04-16,10954,7,21,10866,67,0,0,2,0
2021-04-17,10955,7,20,10868,67,0,0,2,0
2021-04-18,10956,7,20,10869,67,0,0,2,0
2021-04-19,10957,6,19,10871,67,0,0,2,0
2021-04-20,10959,6,19,10873,67,0,0,2,0
2021-04-21,10960,6,18,10875,67,0,0,2,0
2021-04-22,10961,6,18,10876,67,0,0,2,0
2021-04-23,10962,6,17,10878,67,0,0,2,0
2021-04-24,10963,6,17,10879,67,0,0,2,0
2021-04-25,10964,5,16,10881,67,0,0,1,0
2021-04-26,10965,5,16,10882,67,0,0,1,0
2021-04-27,10967,5,16,10884,67,0,0,1,0
2021-04-28,10967,5,15,10885,67,0,0,1,0
2021-04-29,10968,5,15,10886,67,0,0,1,0
2021-04-30,10969,5,14,10888,67,0,0,1,0
2021-05-01,10970,5,14,10889,67,0,0,1,0
2021-05-02,10971,5,14,10890,67,0,0,1,0
2021-05-03,10972,4,13,10892,67,0,0,1,0
2021-05-04,10973,4,13,10893,67,0,0,1,0
2021-05-05,10974,4,13,10894,67,0,0,1,0
2021-05-06,10974,4,12,10895,67,0,0,1,0
2021-05-07,10975,4,12,10896,67,0,0,1,0
2021-05-08,10976,4,12,10897,67,0,0,1,0
2021-05-09,10976,4,11,10898,67,0,0,1,0
2021-05-10,10977,4,11,10899,67,0,0,1,0
2021-05-11,10978,4,11,10900,67,0,0,1,0
2021-05-12,10979,4,11,10901,67,0,0,1,0
2021-05-13,10979,3,10,10902,67,0,0,1,0
2021-05-14,10980,3,10,10903,67,0,0,1,0
2021-05-15,10981,3,10,10904,67,0,0,1,0
2021-05-16,10982,3,10,10905,67,0,0,1,0
2021-05-17,10982,3,9,10906,67,0,0,1,0
2021-05-18,10983,3,9,10907,67,0,0,1,0
2021-05-19,10983,3,9,10907,67,0,0,1,0
2021-05-20,10984,3,9,10908,67,0,0,1,0
2021-05-21,10984,3,8,10909,67,0,0,1,0
2021-05-22,10985,3,8,10910,67,0,0,1,0
2021-05-23,10985,3,8,10910,67,0,0,1,0
2021-05-24,10986,3,8,10911,67,0,0,1,0
2021-05-25,10987,3,8,10912,67,0,0,1,0
2021-05-26,10987,2,7,10913,67,0,0,1,0
2021-05-27,10987,2,7,10913,67,0,0,1,0
2021-05-28,10988,2,7,10914,67,0,0,1,0
2021-05-29,10988,2,7,10914,67,0,0,1,0
2021-05-30,10989,2,7,10915,67,0,0,1,0
2021-05-31,10989,2,6,10916,67,0,0,1,0
2021-06-01,10989,2,6,10916,67,0,0,1,0
2021-06-02,10990,2,6,10917,67,0,0,1,0
2021-06-03,10990,2,6,10917,67,0,0,1,0
2021-06-04,10991,2,6,10918,67,0,0,1,0
2021-06-05,10991,2,6,10918,67,0,0,1,0
2021-06-06,10992,2,6,10919,67,0,0,0,0
2021-06-07,10991,2,5,10919,67,0,0,0,0
2021-06-08,10992,2,5,10920,67,0,0,0,0
2021-06-09,10992,2,5,10920,67,0,0,0,0
2021-06-10,10993,2,5,10921,67,0,0,0,0
2021-06-11,10993,2,5,10921,67,0,0,0,0
2021-06-12,10994,2,5,10922,67,0,0,0,0
2021-06-13,10994,2,5,10922,67,0,0,0,0
2021-06-14,10994,1,4,10923,67,0,0,0,0
2021-06-15,10994,1,4,10923,67,0,0,0,0
2021-06-16,10994,1,4,10923,67,0,0,0,0
2021-06-17,10995,1,4,10924,67,0,0,0,0
2021-06-18,10995,1,4,10924,67,0,0,0,0
2021-06-19,10995,1,4,10924,67,0,0,0,0
2021-06-20,10996,1,4,10925,67,0,0,0,0
2021-06-21,10996,1,4,10925,67,0,0,0,0
2021-06-22,10996,1,4,10925,67,0,0,0,0
2021-06-23,10997,1,4,10926,67,0,0,0,0
2021-06-24,10996,1,3,10926,67,0,0,0,0
2021-06-25,10996,1,3,10926,67,0,0,0,0
2021-06-26,10997,1,3,10927,67,0,0,0,0
2021-06-27,10997,1,3,10927,67,0,0,0,0
2021-06-28,10997,1,3,10927,67,0,0,0,0
2021-06-29,10998,1,3,10928,67,0,0,0,0
2021-06-30,10998,1,3,10928,67,0,0,0,0
2021-07-01,10998,1,3,10928,67,0,0,0,0
2021-07-02,10998,1,3,10928,67,0,0,0,0
2021-07-03,10999,1,3,10929,67,0,0,0,0
2021-07-04,10999,1,3,10929,67,0,0,0,0
2021-07-05,10999,1,3,10929,67,0,0,0,0
2021-07-06,10999,1,3,10929,67,0,0,0,0
2021-07-07,10999,1,2,10930,67,0,0,0,0
2021-07-08,10999,1,2,10930,67,0,0,0,0
2021-07-09,10999,1,2,10930,67,0,0,0,0
