Date,Infected,Exposed,Active,Recovered,Deaths,Diff Exposed,Diff Active,Diff Recovered,Diff Deaths
2020-06-26,257,18,70,186,1,6,0,6,0
2020-06-27,262,23,68,193,1,4,0,6,0
2020-06-28,266,27,66,199,1,4,0,6,0
2020-06-29,272,31,66,205,1,3,0,6,0
2020-06-30,278,33,66,211,1,2,0,6,0
2020-07-01,285,35,67,217,1,2,1,6,0
2020-07-02,292,37,68,223,1,2,1,6,0
2020-07-03,299,39,69,229,1,2,1,6,0
2020-07-04,306,40,70,235,1,1,2,6,0
2020-07-05,315,42,72,242,1,1,2,7,0
2020-07-06,323,43,74,248,1,1,2,7,0
2020-07-07,331,44,75,255,1,1,2,7,0
2020-07-08,340,46,77,262,1,1,2,7,0
2020-07-09,349,47,79,269,1,1,2,7,0
2020-07-10,358,48,81,276,1,1,2,7,0
2020-07-11,368,49,83,284,1,1,2,8,0
2020-07-12,377,51,85,291,1,1,2,8,0
2020-07-13,388,52,88,299,1,1,2,8,0
2020-07-14,398,53,90,307,1,1,2,8,0
2020-07-15,408,55,92,315,1,1,2,8,0
2020-07-16,419,56,94,324,1,1,2,9,0
2020-07-17,430,57,97,332,1,1,2,9,0
2020-07-18,441,59,99,341,1,1,2,9,0
2020-07-19,453,60,102,350,1,1,3,9,0
2020-07-20,465,61,104,360,1,1,3,9,0
2020-07-21,477,63,107,369,1,1,3,10,0
2020-07-22,490,64,109,379,2,1,3,10,0
2020-07-23,503,66,112,389,2,1,3,10,0
2020-07-24,516,67,115,399,2,2,3,10,0
2020-07-25,530,69,118,410,2,2,3,11,0
2020-07-26,542,70,120,420,2,2,3,11,0
2020-07-27,556,72,123,431,2,2,3,11,0
2020-07-28,571,73,126,443,2,2,3,11,0
2020-07-29,585,75,129,454,2,2,3,12,0
2020-07-30,600,77,132,466,2,2,3,12,0
2020-07-31,615,78,135,478,2,2,3,12,0
2020-08-01,630,80,138,490,2,2,3,13,0
2020-08-02,646,82,141,503,2,2,3,13,0
2020-08-03,663,83,145,516,2,2,3,13,0
2020-08-04,679,85,148,529,2,2,3,13,0
2020-08-05,695,87,151,542,2,2,3,14,0
2020-08-06,712,89,154,556,2,2,3,14,0
2020-08-07,730,90,158,570,2,2,3,14,0
2020-08-08,748,92,161,585,2,2,3,15,0
2020-08-09,765,94,164,599,2,2,3,15,0
2020-08-10,784,96,168,614,2,2,3,15,0
2020-08-11,804,97,171,630,3,2,4,16,0
2020-08-12,823,99,175,645,3,2,4,16,0
2020-08-13,843,101,179,661,3,2,4,16,0
2020-08-14,863,103,182,678,3,2,4,16,0
2020-08-15,883,105,186,694,3,2,4,17,0
2020-08-16,903,106,189,711,3,2,4,17,0
2020-08-17,925,108,193,729,3,2,4,17,0
2020-08-18,946,110,197,746,3,2,4,18,0
2020-08-19,967,112,200,764,3,2,4,18,0
2020-08-20,989,114,204,782,3,2,4,18,0
2020-08-21,1012,115,208,801,3,2,4,19,0
2020-08-22,1035,117,212,820,3,2,4,19,0
2020-08-23,1057,119,215,839,3,2,4,20,0
2020-08-24,1081,121,219,859,3,2,4,20,0
2020-08-25,1106,123,223,879,4,2,4,20,0
2020-08-26,1130,124,227,899,4,2,4,21,0
2020-08-27,1154,126,230,920,4,2,4,21,0
2020-08-28,1179,128,234,941,4,2,4,21,0
2020-08-29,1204,129,238,962,4,2,4,22,0
2020-08-30,1230,131,242,984,4,2,4,22,0
2020-08-31,1255,133,245,1006,4,2,4,22,0
2020-09-01,1281,134,249,1028,4,2,4,23,0
2020-09-02,1308,136,253,1051,4,2,4,23,0
2020-09-03,1334,137,256,1074,4,2,4,23,0
2020-09-04,1361,139,260,1097,4,1,4,24,0
2020-09-05,1389,140,264,1121,4,1,4,24,0
2020-09-06,1417,142,267,1145,5,1,4,24,0
2020-09-07,1445,143,271,1169,5,1,3,24,0
2020-09-08,1473,144,274,1194,5,1,3,25,0
2020-09-09,1501,146,277,1219,5,1,3,25,0
2020-09-10,1530,147,281,1244,5,1,3,25,0
2020-09-11,1558,148,284,1269,5,1,3,26,0
2020-09-12,1587,149,287,1295,5,1,3,26,0
2020-09-13,1616,150,290,1321,5,1,3,26,0
2020-09-14,1646,151,293,1348,5,1,3,27,0
2020-09-15,1676,152,296,1374,6,1,3,27,0
2020-09-16,1706,153,299,1401,6,1,3,27,0
2020-09-17,1736,154,302,1428,6,1,3,27,0
2020-09-18,1767,155,305,1456,6,1,3,28,0
2020-09-19,1797,156,307,1484,6,1,3,28,0
2020-09-20,1827,156,310,1511,6,1,2,28,0
2020-09-21,1859,157,313,1540,6,1,2,28,0
2020-09-22,1889,158,315,1568,6,1,2,29,0
2020-09-23,1920,158,317,1597,6,0,2,29,0
2020-09-24,1951,159,319,1625,7,0,2,29,0
2020-09-25,1982,159,321,1654,7,0,2,29,0
2020-09-26,2014,159,323,1684,7,0,2,29,0
2020-09-27,2045,160,325,1713,7,0,2,29,0
2020-09-28,2076,160,327,1742,7,0,2,30,0
2020-09-29,2107,160,328,1772,7,0,1,30,0
2020-09-30,2139,160,330,1802,7,0,1,30,0
2020-10-01,2170,160,331,1832,7,0,1,30,0
2020-10-02,2201,160,332,1862,7,0,1,30,0
2020-10-03,2233,160,333,1892,8,0,1,30,0
2020-10-04,2264,159,334,1922,8,0,1,30,0
2020-10-05,2295,159,335,1952,8,0,1,30,0
2020-10-06,2327,159,336,1983,8,0,1,30,0
2020-10-07,2357,158,336,2013,8,0,0,30,0
2020-10-08,2389,158,337,2044,8,0,0,30,0
2020-10-09,2419,157,337,2074,8,0,0,31,0
2020-10-10,2450,157,337,2105,8,0,0,31,0
2020-10-11,2481,156,337,2135,9,0,0,31,0
2020-10-12,2512,155,337,2166,9,0,0,31,0
2020-10-13,2542,154,337,2196,9,0,0,30,0
2020-10-14,2572,153,336,2227,9,0,0,30,0
2020-10-15,2602,153,336,2257,9,0,0,30,0
2020-10-16,2631,152,335,2287,9,0,0,30,0
2020-10-17,2661,151,334,2318,9,0,0,30,0
2020-10-18,2690,149,333,2348,9,0,0,30,0
2020-10-19,2720,148,332,2378,10,0,0,30,0
2020-10-20,2749,147,331,2408,10,0,0,30,0
2020-10-21,2778,146,330,2438,10,0,0,30,0
2020-10-22,2806,145,328,2468,10,0,0,30,0
2020-10-23,2835,143,327,2498,10,0,0,30,0
2020-10-24,2862,142,325,2527,10,0,0,29,0
2020-10-25,2890,141,324,2556,10,0,0,29,0
2020-10-26,2918,139,322,2586,10,0,0,29,0
2020-10-27,2945,138,320,2615,10,0,0,29,0
2020-10-28,2973,136,318,2644,11,0,0,29,0
2020-10-29,2998,135,315,2672,11,0,0,29,0
2020-10-30,3025,133,313,2701,11,0,0,28,0
2020-10-31,3051,132,311,2729,11,0,0,28,0
2020-11-01,3076,130,308,2757,11,0,0,28,0
2020-11-02,3102,129,306,2785,11,0,0,28,0
2020-11-03,3127,127,303,2813,11,0,0,27,0
2020-11-04,3151,125,300,2840,11,0,0,27,0
2020-11-05,3176,124,298,2867,11,0,0,27,0
2020-11-06,3201,122,295,2894,12,0,0,27,0
2020-11-07,3225,120,292,2921,12,0,0,26,0
2020-11-08,3248,119,289,2947,12,0,0,26,0
2020-11-09,3271,117,286,2973,12,0,0,26,0
2020-11-10,3294,115,283,2999,12,0,0,26,0
2020-11-11,3316,113,280,3024,12,0,0,25,0
2020-11-12,3337,112,276,3049,12,0,0,25,0
2020-11-13,3359,110,273,3074,12,0,0,25,0
2020-11-14,3381,108,270,3099,12,0,0,24,0
2020-11-15,3403,106,267,3123,13,0,0,24,0
2020-11-16,3423,105,263,3147,13,0,0,24,0
2020-11-17,3444,103,260,3171,13,0,0,24,0
2020-11-18,3463,101,256,3194,13,0,0,23,0
2020-11-19,3483,100,253,3217,13,0,0,23,0
2020-11-20,3502,98,249,3240,13,0,0,23,0
2020-11-21,3522,96,246,3263,13,0,0,22,0
2020-11-22,3540,94,242,3285,13,0,0,22,0
2020-11-23,3559,93,239,3307,13,0,0,22,0
2020-11-24,3576,91,235,3328,13,0,0,21,0
2020-11-25,3594,89,232,3349,13,0,0,21,0
2020-11-26,3612,88,228,3370,14,0,0,21,0
2020-11-27,3630,86,225,3391,14,0,0,20,0
2020-11-28,3646,84,221,3411,14,0,0,20,0
2020-11-29,3663,83,218,3431,14,0,0,20,0
2020-11-30,3678,81,214,3450,14,0,0,19,0
2020-12-01,3694,80,210,3470,14,0,0,19,0
2020-12-02,3710,78,207,3489,14,0,0,19,0
2020-12-03,3724,76,203,3507,14,0,0,18,0
2020-12-04,3740,75,200,3526,14,0,0,18,0
2020-12-05,3754,73,196,3544,14,0,0,18,0
2020-12-06,3768,72,193,3561,14,0,0,17,0
2020-12-07,3783,70,190,3579,14,0,0,17,0
2020-12-08,3796,69,186,3596,14,0,0,17,0
2020-12-09,3809,68,183,3612,14,0,0,17,0
2020-12-10,3823,66,179,3629,15,0,0,16,0
2020-12-11,3836,65,176,3645,15,0,0,16,0
2020-12-12,3849,63,173,3661,15,0,0,16,0
2020-12-13,3861,62,170,3676,15,0,0,15,0
2020-12-14,3873,61,166,3692,15,0,0,15,0
2020-12-15,3885,59,163,3707,15,0,0,15,0
2020-12-16,3896,58,160,3721,15,0,0,14,0
2020-12-17,3908,57,157,3736,15,0,0,14,0
2020-12-18,3919,56,154,3750,15,0,0,14,0
2020-12-19,3929,54,151,3763,15,0,0,14,0
2020-12-20,3940,53,148,3777,15,0,0,13,0
2020-12-21,3950,52,145,3790,15,0,0,13,0
2020-12-22,3960,51,142,3803,15,0,0,13,0
2020-12-23,3970,50,139,3816,15,0,0,13,0
2020-12-24,3979,49,136,3828,15,0,0,12,0
2020-12-25,3989,47,133,3841,15,0,0,12,0
2020-12-26,3998,46,130,3853,15,0,0,12,0
2020-12-27,4007,45,128,3864,15,0,0,12,0
2020-12-28,4017,44,125,3876,16,0,0,11,0
2020-12-29,4025,43,122,3887,16,0,0,11,0
2020-12-30,4034,42,120,3898,16,0,0,11,0
2020-12-31,4042,41,117,3909,16,0,0,11,0
2021-01-01,4049,40,114,3919,16,0,0,10,0
2021-01-02,4057,39,112,3929,16,0,0,10,0
2021-01-03,4064,38,109,3939,16,0,0,10,0
2021-01-04,4072,37,107,3949,16,0,0,10,0
2021-01-05,4080,37,105,3959,16,0,0,9,0
2021-01-06,4086,36,102,3968,16,0,0,9,0
2021-01-07,4094,35,100,3978,16,0,0,9,0
2021-01-08,4100,34,98,3986,16,0,0,9,0
2021-01-09,4107,33,96,3995,16,0,0,9,0
2021-01-10,4113,32,93,4004,16,0,0,8,0
2021-01-11,4119,32,91,4012,16,0,0,8,0
2021-01-12,4125,31,89,4020,16,0,0,8,0
2021-01-13,4131,30,87,4028,16,0,0,8,0
2021-01-14,4137,29,85,4036,16,0,0,8,0
2021-01-15,4143,29,83,4044,16,0,0,8,0
2021-01-16,4148,28,81,4051,16,0,0,7,0
2021-01-17,4154,27,79,4059,16,0,0,7,0
2021-01-18,4160,27,78,4066,16,0,0,7,0
2021-01-19,4165,26,76,4073,16,0,0,7,0
2021-01-20,4170,25,74,4080,16,0,0,7,0
2021-01-21,4174,25,72,4086,16,0,0,7,0
2021-01-22,4179,24,70,4093,16,0,0,6,0
2021-01-23,4184,23,69,4099,16,0,0,6,0
2021-01-24,4188,23,67,4105,16,0,0,6,0
2021-01-25,4193,22,66,4111,16,0,0,6,0
2021-01-26,4197,22,64,4117,16,0,0,6,0
2021-01-27,4202,21,62,4123,17,0,0,6,0
2021-01-28,4206,21,61,4128,17,0,0,6,0
2021-01-29,4210,20,59,4134,17,0,0,5,0
2021-01-30,4214,20,58,4139,17,0,0,5,0
2021-01-31,4218,19,57,4144,17,0,0,5,0
2021-02-01,4221,19,55,4149,17,0,0,5,0
2021-02-02,4225,18,54,4154,17,0,0,5,0
2021-02-03,4229,18,53,4159,17,0,0,5,0
2021-02-04,4232,17,51,4164,17,0,0,5,0
2021-02-05,4236,17,50,4169,17,0,0,5,0
2021-02-06,4239,16,49,4173,17,0,0,4,0
2021-02-07,4242,16,48,4177,17,0,0,4,0
2021-02-08,4245,16,46,4182,17,0,0,4,0
2021-02-09,4248,15,45,4186,17,0,0,4,0
2021-02-10,4251,15,44,4190,17,0,0,4,0
2021-02-11,4254,14,43,4194,17,0,0,4,0
2021-02-12,4257,14,42,4198,17,0,0,4,0
2021-02-13,4260,14,41,4202,17,0,0,4,0
2021-02-14,4262,13,40,4205,17,0,0,4,0
2021-02-15,4265,13,39,4209,17,0,0,4,0
2021-02-16,4267,13,38,4212,17,0,0,3,0
2021-02-17,4270,12,37,4216,17,0,0,3,0
2021-02-18,4272,12,36,4219,17,0,0,3,0
2021-02-19,4274,12,35,4222,17,0,0,3,0
2021-02-20,4276,11,34,4225,17,0,0,3,0
2021-02-21,4278,11,33,4228,17,0,0,3,0
2021-02-22,4281,11,33,4231,17,0,0,3,0
2021-02-23,4283,11,32,4234,17,0,0,3,0
2021-02-24,4285,10,31,4237,17,0,0,3,0
2021-02-25,4287,10,30,4240,17,0,0,3,0
2021-02-26,4289,10,29,4243,17,0,0,3,0
2021-02-27,4291,10,29,4245,17,0,0,3,0
2021-02-28,4293,9,28,4248,17,0,0,3,0
2021-03-01,4294,9,27,4250,17,0,0,2,0
2021-03-02,4297,9,27,4253,17,0,0,2,0
2021-03-03,4298,9,26,4255,17,0,0,2,0
2021-03-04,4300,8,25,4258,17,0,0,2,0
2021-03-05,4302,8,25,4260,17,0,0,2,0
2021-03-06,4303,8,24,4262,17,0,0,2,0
2021-03-07,4304,8,23,4264,17,0,0,2,0
2021-03-08,4306,8,23,4266,17,0,0,2,0
2021-03-09,4307,7,22,4268,17,0,0,2,0
2021-03-10,4309,7,22,4270,17,0,0,2,0
2021-03-11,4310,7,21,4272,17,0,0,2,0
2021-03-12,4311,7,20,4274,17,0,0,2,0
2021-03-13,4313,7,20,4276,17,0,0,2,0
2021-03-14,4314,6,19,4278,17,0,0,2,0
2021-03-15,4315,6,19,4279,17,0,0,2,0
2021-03-16,4316,6,18,4281,17,0,0,2,0
2021-03-17,4318,6,18,4283,17,0,0,2,0
2021-03-18,4318,6,17,4284,17,0,0,2,0
2021-03-19,4320,6,17,4286,17,0,0,2,0
2021-03-20,4321,5,17,4287,17,0,0,2,0
2021-03-21,4322,5,16,4289,17,0,0,1,0
2021-03-22,4323,5,16,4290,17,0,0,1,0
2021-03-23,4324,5,15,4292,17,0,0,1,0
2021-03-24,4325,5,15,4293,17,0,0,1,0
2021-03-25,4327,5,15,4295,17,0,0,1,0
2021-03-26,4327,5,14,4296,17,0,0,1,0
2021-03-27,4328,5,14,4297,17,0,0,1,0
2021-03-28,4328,4,13,4298,17,0,0,1,0
2021-03-29,4330,4,13,4300,17,0,0,1,0
2021-03-30,4331,4,13,4301,17,0,0,1,0
2021-03-31,4331,4,12,4302,17,0,0,1,0
2021-04-01,4332,4,12,4303,17,0,0,1,0
2021-04-02,4333,4,12,4304,17,0,0,1,0
2021-04-03,4333,4,11,4305,17,0,0,1,0
2021-04-04,4334,4,11,4306,17,0,0,1,0
2021-04-05,4335,4,11,4307,17,0,0,1,0
2021-04-06,4336,3,11,4308,17,0,0,1,0
2021-04-07,4336,3,10,4309,17,0,0,1,0
2021-04-08,4337,3,10,4310,17,0,0,1,0
2021-04-09,4338,3,10,4311,17,0,0,1,0
2021-04-10,4339,3,10,4312,17,0,0,1,0
2021-04-11,4339,3,9,4313,17,0,0,1,0
2021-04-12,4339,3,9,4313,17,0,0,1,0
2021-04-13,4340,3,9,4314,17,0,0,1,0
2021-04-14,4341,3,9,4315,17,0,0,1,0
2021-04-15,4341,3,8,4316,17,0,0,1,0
2021-04-16,4342,3,8,4317,17,0,0,1,0
2021-04-17,4342,3,8,4317,17,0,0,1,0
2021-04-18,4343,3,8,4318,17,0,0,1,0
2021-04-19,4344,2,8,4319,17,0,0,1,0
2021-04-20,4343,2,7,4319,17,0,0,1,0
2021-04-21,4344,2,7,4320,17,0,0,1,0
2021-04-22,4345,2,7,4321,17,0,0,1,0
2021-04-23,4345,2,7,4321,17,0,0,1,0
2021-04-24,4346,2,7,4322,17,0,0,1,0
2021-04-25,4346,2,6,4323,17,0,0,1,0
2021-04-26,4346,2,6,4323,17,0,0,1,0
2021-04-27,4347,2,6,4324,17,0,0,1,0
2021-04-28,4347,2,6,4324,17,0,0,1,0
2021-04-29,4348,2,6,4325,17,0,0,1,0
2021-04-30,4348,2,6,4325,17,0,0,1,0
2021-05-01,4348,2,5,4326,17,0,0,0,0
2021-05-02,4348,2,5,4326,17,0,0,0,0
2021-05-03,4349,2,5,4327,17,0,0,0,0
2021-05-04,4349,2,5,4327,17,0,0,0,0
2021-05-05,4350,2,5,4328,17,0,0,0,0
2021-05-06,4350,2,5,4328,17,0,0,0,0
2021-05-07,4351,2,5,4329,17,0,0,0,0
2021-05-08,4351,1,5,4329,17,0,0,0,0
2021-05-09,4350,1,4,4329,17,0,0,0,0
2021-05-10,4351,1,4,4330,17,0,0,0,0
2021-05-11,4351,1,4,4330,17,0,0,0,0
2021-05-12,4351,1,4,4330,17,0,0,0,0
2021-05-13,4352,1,4,4331,17,0,0,0,0
2021-05-14,4352,1,4,4331,17,0,0,0,0
2021-05-15,4353,1,4,4332,17,0,0,0,0
2021-05-16,4353,1,4,4332,17,0,0,0,0
2021-05-17,4353,1,4,4332,17,0,0,0,0
2021-05-18,4353,1,3,4333,17,0,0,0,0
2021-05-19,4353,1,3,4333,17,0,0,0,0
2021-05-20,4353,1,3,4333,17,0,0,0,0
2021-05-21,4353,1,3,4333,17,0,0,0,0
2021-05-22,4354,1,3,4334,17,0,0,0,0
2021-05-23,4354,1,3,4334,17,0,0,0,0
2021-05-24,4354,1,3,4334,17,0,0,0,0
2021-05-25,4355,1,3,4335,17,0,0,0,0
2021-05-26,4355,1,3,4335,17,0,0,0,0
2021-05-27,4355,1,3,4335,17,0,0,0,0
2021-05-28,4355,1,3,4335,17,0,0,0,0
2021-05-29,4356,1,3,4336,17,0,0,0,0
2021-05-30,4356,1,3,4336,17,0,0,0,0
2021-05-31,4355,1,2,4336,17,0,0,0,0
2021-06-01,4355,1,2,4336,17,0,0,0,0
2021-06-02,4355,1,2,4336,17,0,0,0,0
2021-06-03,4356,1,2,4337,17,0,0,0,0
2021-06-04,4356,1,2,4337,17,0,0,0,0
2021-06-05,4356,1,2,4337,17,0,0,0,0
2021-06-06,4356,1,2,4337,17,0,0,0,0
2021-06-07,4356,1,2,4337,17,0,0,0,0
2021-06-08,4357,1,2,4338,17,0,0,0,0
2021-06-09,4357,1,2,4338,17,0,0,0,0
2021-06-10,4357,1,2,4338,17,0,0,0,0
2021-06-11,4357,1,2,4338,17,0,0,0,0
2021-06-12,4357,1,2,4338,17,0,0,0,0
2021-06-13,4357,1,2,4338,17,0,0,0,0
2021-06-14,4358,1,2,4339,17,0,0,0,0
2021-06-15,4358,1,2,4339,17,0,0,0,0
2021-06-16,4358,1,2,4339,17,0,0,0,0
2021-06-17,4358,1,2,4339,17,0,0,0,0
2021-06-18,4358,0,2,4339,17,0,0,0,0
2021-06-19,4357,0,1,4339,17,0,0,0,0
2021-06-20,4357,0,1,4339,17,0,0,0,0
2021-06-21,4358,0,1,4340,17,0,0,0,0
