Date,Infected,Exposed,Active,Recovered,Deaths,Diff Exposed,Diff Active,Diff Recovered,Diff Deaths
2020-06-23,630,155,169,460,1,0,15,15,0
2020-06-24,660,144,183,476,1,0,12,17,0
2020-06-25,686,137,193,492,1,0,9,18,0
2020-06-26,713,131,202,510,1,0,7,18,0
2020-06-27,740,128,209,529,2,0,6,19,0
2020-06-28,764,125,214,548,2,0,5,19,0
2020-06-29,789,124,219,568,2,0,4,20,0
2020-06-30,813,123,223,588,2,0,4,20,0
2020-07-01,837,123,227,608,2,0,4,21,0
2020-07-02,862,123,231,629,2,0,3,21,0
2020-07-03,886,124,234,650,2,1,3,21,0
2020-07-04,910,124,237,671,2,1,3,21,0
2020-07-05,934,125,240,692,2,1,3,22,0
2020-07-06,958,126,242,714,2,1,3,22,0
2020-07-07,983,127,245,736,2,1,3,22,0
2020-07-08,1009,128,248,759,2,1,3,22,0
2020-07-09,1033,129,250,781,2,1,3,23,0
2020-07-10,1059,131,253,804,2,1,3,23,0
2020-07-11,1084,132,255,827,2,1,3,23,0
2020-07-12,1110,133,258,850,2,1,3,23,0
2020-07-13,1137,134,261,874,2,1,3,24,0
2020-07-14,1163,135,263,897,3,1,3,24,0
2020-07-15,1190,136,266,921,3,1,3,24,0
2020-07-16,1217,138,268,946,3,1,3,24,0
2020-07-17,1244,139,271,970,3,1,3,25,0
2020-07-18,1272,140,274,995,3,1,3,25,0
2020-07-19,1299,141,276,1020,3,1,3,25,0
2020-07-20,1327,143,279,1045,3,1,3,25,0
2020-07-21,1354,144,281,1070,3,1,3,26,0
2020-07-22,1383,145,284,1096,3,1,3,26,0
2020-07-23,1411,146,287,1121,3,1,3,26,0
2020-07-24,1440,148,289,1148,3,1,3,26,0
2020-07-25,1469,149,292,1174,3,1,3,26,0
2020-07-26,1498,150,295,1200,3,1,3,27,0
2020-07-27,1527,151,297,1227,3,1,3,27,0
2020-07-28,1558,152,300,1254,4,1,3,27,0
2020-07-29,1588,154,302,1282,4,1,3,27,0
2020-07-30,1618,155,305,1309,4,1,3,28,0
2020-07-31,1649,156,308,1337,4,1,3,28,0
2020-08-01,1679,157,310,1365,4,1,3,28,0
2020-08-02,1710,159,313,1393,4,1,3,28,0
2020-08-03,1741,160,316,1421,4,1,3,29,0
2020-08-04,1772,161,318,1450,4,1,3,29,0
2020-08-05,1804,162,321,1479,4,1,3,29,0
2020-08-06,1836,163,324,1508,4,1,3,29,0
2020-08-07,1868,165,326,1538,4,1,3,30,0
2020-08-08,1900,166,329,1567,4,1,3,30,0
2020-08-09,1933,167,331,1597,5,1,3,30,0
2020-08-10,1966,168,334,1627,5,1,3,30,0
2020-08-11,2000,169,337,1658,5,1,3,31,0
2020-08-12,2032,170,339,1688,5,1,3,31,0
2020-08-13,2066,172,342,1719,5,1,3,31,0
2020-08-14,2099,173,344,1750,5,1,3,31,0
2020-08-15,2134,174,347,1782,5,1,3,31,0
2020-08-16,2167,175,349,1813,5,1,3,32,0
2020-08-17,2202,176,352,1845,5,1,3,32,0
2020-08-18,2236,177,354,1877,5,1,3,32,0
2020-08-19,2271,178,357,1909,5,1,2,32,0
2020-08-20,2306,179,359,1941,6,1,2,33,0
2020-08-21,2342,180,362,1974,6,1,2,33,0
2020-08-22,2377,181,364,2007,6,1,2,33,0
2020-08-23,2413,182,367,2040,6,1,2,33,0
2020-08-24,2448,184,369,2073,6,1,2,33,0
2020-08-25,2485,185,372,2107,6,1,2,34,0
2020-08-26,2521,186,374,2141,6,1,2,34,0
2020-08-27,2557,187,376,2175,6,1,2,34,0
2020-08-28,2594,188,379,2209,6,1,2,34,0
2020-08-29,2630,189,381,2243,6,1,2,35,0
2020-08-30,2667,189,383,2278,6,1,2,35,0
2020-08-31,2706,190,386,2313,7,1,2,35,0
2020-09-01,2743,191,388,2348,7,1,2,35,0
2020-09-02,2780,192,390,2383,7,1,2,35,0
2020-09-03,2818,193,392,2419,7,1,2,36,0
2020-09-04,2856,194,395,2454,7,1,2,36,0
2020-09-05,2894,195,397,2490,7,1,2,36,0
2020-09-06,2932,196,399,2526,7,1,2,36,0
2020-09-07,2970,197,401,2562,7,1,2,36,0
2020-09-08,3009,197,403,2599,7,1,2,37,0
2020-09-09,3047,198,405,2635,7,1,2,37,0
2020-09-10,3087,199,407,2672,8,1,2,37,0
2020-09-11,3126,200,409,2709,8,1,2,37,0
2020-09-12,3165,201,411,2746,8,1,2,37,0
2020-09-13,3205,201,413,2784,8,1,2,37,0
2020-09-14,3244,202,415,2821,8,1,2,38,0
2020-09-15,3284,203,417,2859,8,1,2,38,0
2020-09-16,3324,203,419,2897,8,1,2,38,0
2020-09-17,3363,204,420,2935,8,1,2,38,0
2020-09-18,3403,205,422,2973,8,1,2,38,0
2020-09-19,3444,205,424,3011,9,1,2,38,0
2020-09-20,3485,206,426,3050,9,1,2,39,0
2020-09-21,3524,206,427,3088,9,1,2,39,0
2020-09-22,3565,207,429,3127,9,1,2,39,0
2020-09-23,3606,208,431,3166,9,1,2,39,0
2020-09-24,3646,208,432,3205,9,0,2,39,0
2020-09-25,3687,209,434,3244,9,0,1,39,0
2020-09-26,3728,209,435,3284,9,0,1,39,0
2020-09-27,3768,209,436,3323,9,0,1,40,0
2020-09-28,3811,210,438,3363,10,0,1,40,0
2020-09-29,3852,210,439,3403,10,0,1,40,0
2020-09-30,3892,211,440,3442,10,0,1,40,0
2020-10-01,3934,211,442,3482,10,0,1,40,0
2020-10-02,3975,211,443,3522,10,0,1,40,0
2020-10-03,4017,212,444,3563,10,0,1,40,0
2020-10-04,4058,212,445,3603,10,0,1,40,0
2020-10-05,4099,212,446,3643,10,0,1,40,0
2020-10-06,4141,212,447,3684,10,0,1,41,0
2020-10-07,4183,213,448,3724,11,0,1,41,0
2020-10-08,4225,213,449,3765,11,0,1,41,0
2020-10-09,4267,213,450,3806,11,0,1,41,0
2020-10-10,4309,213,451,3847,11,0,1,41,0
2020-10-11,4351,213,452,3888,11,0,1,41,0
2020-10-12,4392,213,452,3929,11,0,1,41,0
2020-10-13,4434,214,453,3970,11,0,1,41,0
2020-10-14,4476,214,454,4011,11,0,1,41,0
2020-10-15,4518,214,454,4052,12,0,1,41,0
2020-10-16,4560,214,455,4093,12,0,1,41,0
2020-10-17,4602,214,456,4134,12,0,0,41,0
2020-10-18,4644,214,456,4176,12,0,0,41,0
2020-10-19,4685,214,456,4217,12,0,0,41,0
2020-10-20,4727,213,457,4258,12,0,0,41,0
2020-10-21,4769,213,457,4300,12,0,0,41,0
2020-10-22,4810,213,457,4341,12,0,0,41,0
2020-10-23,4853,213,458,4383,12,0,0,41,0
2020-10-24,4895,213,458,4424,13,0,0,41,0
2020-10-25,4937,213,458,4466,13,0,0,42,0
2020-10-26,4978,212,458,4507,13,0,0,42,0
2020-10-27,5020,212,458,4549,13,0,0,42,0
2020-10-28,5061,212,458,4590,13,0,0,42,0
2020-10-29,5103,212,458,4632,13,0,0,41,0
2020-10-30,5144,211,458,4673,13,0,0,41,0
2020-10-31,5185,211,457,4715,13,0,0,41,0
2020-11-01,5227,211,457,4756,14,0,0,41,0
2020-11-02,5269,210,457,4798,14,0,0,41,0
2020-11-03,5310,210,457,4839,14,0,0,41,0
2020-11-04,5350,209,456,4880,14,0,0,41,0
2020-11-05,5392,209,456,4922,14,0,0,41,0
2020-11-06,5432,209,455,4963,14,0,0,41,0
2020-11-07,5473,208,455,5004,14,0,0,41,0
2020-11-08,5513,208,454,5045,14,0,0,41,0
2020-11-09,5555,207,454,5087,14,0,0,41,0
2020-11-10,5596,206,453,5128,15,0,0,41,0
2020-11-11,5636,206,452,5169,15,0,0,41,0
2020-11-12,5676,205,451,5210,15,0,0,41,0
2020-11-13,5717,205,451,5251,15,0,0,41,0
2020-11-14,5756,204,450,5291,15,0,0,41,0
2020-11-15,5796,203,449,5332,15,0,0,41,0
2020-11-16,5836,203,448,5373,15,0,0,41,0
2020-11-17,5875,202,447,5413,15,0,0,41,0
2020-11-18,5915,201,446,5454,15,0,0,40,0
2020-11-19,5955,201,445,5494,16,0,0,40,0
2020-11-20,5995,200,444,5535,16,0,0,40,0
2020-11-21,6034,199,443,5575,16,0,0,40,0
2020-11-22,6072,198,441,5615,16,0,0,40,0
2020-11-23,6111,198,440,5655,16,0,0,40,0
2020-11-24,6150,197,439,5695,16,0,0,40,0
2020-11-25,6187,196,437,5734,16,0,0,40,0
2020-11-26,6226,195,436,5774,16,0,0,40,0
2020-11-27,6265,194,435,5813,17,0,0,39,0
2020-11-28,6303,193,433,5853,17,0,0,39,0
2020-11-29,6341,192,432,5892,17,0,0,39,0
2020-11-30,6378,192,430,5931,17,0,0,39,0
2020-12-01,6416,191,429,5970,17,0,0,39,0
2020-12-02,6453,190,427,6009,17,0,0,39,0
2020-12-03,6490,189,425,6048,17,0,0,39,0
2020-12-04,6527,188,424,6086,17,0,0,38,0
2020-12-05,6563,187,422,6124,17,0,0,38,0
2020-12-06,6601,186,420,6163,18,0,0,38,0
2020-12-07,6637,185,418,6201,18,0,0,38,0
2020-12-08,6673,184,417,6238,18,0,0,38,0
2020-12-09,6709,183,415,6276,18,0,0,38,0
2020-12-10,6745,182,413,6314,18,0,0,37,0
2020-12-11,6780,181,411,6351,18,0,0,37,0
2020-12-12,6815,180,409,6388,18,0,0,37,0
2020-12-13,6850,179,407,6425,18,0,0,37,0
2020-12-14,6885,178,405,6462,18,0,0,37,0
2020-12-15,6920,177,403,6499,18,0,0,37,0
2020-12-16,6955,175,401,6535,19,0,0,36,0
2020-12-17,6990,174,399,6572,19,0,0,36,0
2020-12-18,7024,173,397,6608,19,0,0,36,0
2020-12-19,7058,172,395,6644,19,0,0,36,0
2020-12-20,7091,171,393,6679,19,0,0,36,0
2020-12-21,7124,170,390,6715,19,0,0,35,0
2020-12-22,7157,169,388,6750,19,0,0,35,0
2020-12-23,7190,168,386,6785,19,0,0,35,0
2020-12-24,7223,166,384,6820,19,0,0,35,0
2020-12-25,7256,165,382,6855,19,0,0,35,0
2020-12-26,7288,164,379,6889,20,0,0,34,0
2020-12-27,7321,163,377,6924,20,0,0,34,0
2020-12-28,7353,162,375,6958,20,0,0,34,0
2020-12-29,7384,161,372,6992,20,0,0,34,0
2020-12-30,7415,159,370,7025,20,0,0,34,0
2020-12-31,7447,158,368,7059,20,0,0,33,0
2021-01-01,7477,157,365,7092,20,0,0,33,0
2021-01-02,7508,156,363,7125,20,0,0,33,0
2021-01-03,7538,155,360,7158,20,0,0,33,0
2021-01-04,7568,154,358,7190,20,0,0,32,0
2021-01-05,7600,152,356,7223,21,0,0,32,0
2021-01-06,7629,151,353,7255,21,0,0,32,0
2021-01-07,7659,150,351,7287,21,0,0,32,0
2021-01-08,7688,149,348,7319,21,0,0,32,0
2021-01-09,7717,148,346,7350,21,0,0,31,0
2021-01-10,7745,146,343,7381,21,0,0,31,0
2021-01-11,7774,145,341,7412,21,0,0,31,0
2021-01-12,7802,144,338,7443,21,0,0,31,0
2021-01-13,7831,143,336,7474,21,0,0,30,0
2021-01-14,7858,142,333,7504,21,0,0,30,0
2021-01-15,7886,140,331,7534,21,0,0,30,0
2021-01-16,7913,139,328,7564,21,0,0,30,0
2021-01-17,7941,138,325,7594,22,0,0,30,0
2021-01-18,7968,137,323,7623,22,0,0,29,0
2021-01-19,7994,136,320,7652,22,0,0,29,0
2021-01-20,8021,134,318,7681,22,0,0,29,0
2021-01-21,8047,133,315,7710,22,0,0,29,0
2021-01-22,8073,132,313,7738,22,0,0,28,0
2021-01-23,8099,131,310,7767,22,0,0,28,0
2021-01-24,8125,130,308,7795,22,0,0,28,0
2021-01-25,8150,128,305,7823,22,0,0,28,0
2021-01-26,8175,127,303,7850,22,0,0,27,0
2021-01-27,8199,126,300,7877,22,0,0,27,0
2021-01-28,8224,125,297,7905,22,0,0,27,0
2021-01-29,8249,124,295,7931,23,0,0,27,0
2021-01-30,8273,123,292,7958,23,0,0,26,0
2021-01-31,8298,121,290,7985,23,0,0,26,0
2021-02-01,8321,120,287,8011,23,0,0,26,0
2021-02-02,8345,119,285,8037,23,0,0,26,0
2021-02-03,8367,118,282,8062,23,0,0,26,0
2021-02-04,8391,117,280,8088,23,0,0,25,0
2021-02-05,8413,116,277,8113,23,0,0,25,0
2021-02-06,8436,114,275,8138,23,0,0,25,0
2021-02-07,8458,113,272,8163,23,0,0,25,0
2021-02-08,8481,112,270,8188,23,0,0,24,0
2021-02-09,8502,111,267,8212,23,0,0,24,0
2021-02-10,8524,110,265,8236,23,0,0,24,0
2021-02-11,8545,109,262,8260,23,0,0,24,0
2021-02-12,8568,108,260,8284,24,0,0,24,0
2021-02-13,8588,107,257,8307,24,0,0,23,0
2021-02-14,8609,106,255,8330,24,0,0,23,0
2021-02-15,8629,104,252,8353,24,0,0,23,0
2021-02-16,8650,103,250,8376,24,0,0,23,0
2021-02-17,8670,102,247,8399,24,0,0,22,0
2021-02-18,8690,101,245,8421,24,0,0,22,0
2021-02-19,8709,100,242,8443,24,0,0,22,0
2021-02-20,8729,99,240,8465,24,0,0,22,0
2021-02-21,8749,98,238,8487,24,0,0,22,0
2021-02-22,8767,97,235,8508,24,0,0,21,0
2021-02-23,8786,96,233,8529,24,0,0,21,0
2021-02-24,8805,95,231,8550,24,0,0,21,0
2021-02-25,8823,94,228,8571,24,0,0,21,0
2021-02-26,8842,93,226,8592,24,0,0,20,0
2021-02-27,8860,92,224,8612,24,0,0,20,0
2021-02-28,8878,91,221,8632,25,0,0,20,0
2021-03-01,8896,90,219,8652,25,0,0,20,0
2021-03-02,8914,89,217,8672,25,0,0,20,0
2021-03-03,8931,88,214,8692,25,0,0,19,0
2021-03-04,8948,87,212,8711,25,0,0,19,0
2021-03-05,8965,86,210,8730,25,0,0,19,0
2021-03-06,8982,85,208,8749,25,0,0,19,0
2021-03-07,8998,84,205,8768,25,0,0,19,0
2021-03-08,9014,83,203,8786,25,0,0,18,0
2021-03-09,9031,82,201,8805,25,0,0,18,0
2021-03-10,9047,81,199,8823,25,0,0,18,0
2021-03-11,9063,80,197,8841,25,0,0,18,0
2021-03-12,9079,79,195,8859,25,0,0,18,0
2021-03-13,9094,78,193,8876,25,0,0,17,0
2021-03-14,9109,78,190,8894,25,0,0,17,0
2021-03-15,9124,77,188,8911,25,0,0,17,0
2021-03-16,9139,76,186,8928,25,0,0,17,0
2021-03-17,9154,75,184,8945,25,0,0,17,0
2021-03-18,9168,74,182,8961,25,0,0,17,0
2021-03-19,9183,73,180,8978,25,0,0,16,0
2021-03-20,9198,72,178,8994,26,0,0,16,0
2021-03-21,9212,71,176,9010,26,0,0,16,0
2021-03-22,9226,71,174,9026,26,0,0,16,0
2021-03-23,9240,70,172,9042,26,0,0,16,0
2021-03-24,9253,69,170,9057,26,0,0,15,0
2021-03-25,9267,68,168,9073,26,0,0,15,0
2021-03-26,9280,67,166,9088,26,0,0,15,0
2021-03-27,9293,67,164,9103,26,0,0,15,0
2021-03-28,9307,66,163,9118,26,0,0,15,0
2021-03-29,9319,65,161,9132,26,0,0,15,0
2021-03-30,9332,64,159,9147,26,0,0,14,0
2021-03-31,9344,63,157,9161,26,0,0,14,0
2021-04-01,9356,63,155,9175,26,0,0,14,0
2021-04-02,9368,62,153,9189,26,0,0,14,0
2021-04-03,9380,61,151,9203,26,0,0,14,0
2021-04-04,9393,60,150,9217,26,0,0,14,0
2021-04-05,9404,60,148,9230,26,0,0,13,0
2021-04-06,9416,59,146,9244,26,0,0,13,0
2021-04-07,9427,58,144,9257,26,0,0,13,0
2021-04-08,9439,57,143,9270,26,0,0,13,0
2021-04-09,9450,57,141,9283,26,0,0,13,0
2021-04-10,9460,56,139,9295,26,0,0,13,0
2021-04-11,9472,55,138,9308,26,0,0,12,0
2021-04-12,9482,55,136,9320,26,0,0,12,0
2021-04-13,9494,54,134,9333,27,0,0,12,0
2021-04-14,9505,53,133,9345,27,0,0,12,0
2021-04-15,9515,53,131,9357,27,0,0,12,0
2021-04-16,9526,52,130,9369,27,0,0,12,0
2021-04-17,9535,51,128,9380,27,0,0,12,0
2021-04-18,9545,51,126,9392,27,0,0,11,0
2021-04-19,9555,50,125,9403,27,0,0,11,0
2021-04-20,9565,49,123,9415,27,0,0,11,0
2021-04-21,9575,49,122,9426,27,0,0,11,0
2021-04-22,9584,48,120,9437,27,0,0,11,0
2021-04-23,9594,48,119,9448,27,0,0,11,0
2021-04-24,9602,47,117,9458,27,0,0,11,0
2021-04-25,9612,46,116,9469,27,0,0,11,0
2021-04-26,9621,46,115,9479,27,0,0,10,0
2021-04-27,9630,45,113,9490,27,0,0,10,0
2021-04-28,9639,45,112,9500,27,0,0,10,0
2021-04-29,9647,44,110,9510,27,0,0,10,0
2021-04-30,9656,44,109,9520,27,0,0,10,0
2021-05-01,9665,43,108,9530,27,0,0,10,0
2021-05-02,9672,42,106,9539,27,0,0,10,0
2021-05-03,9681,42,105,9549,27,0,0,10,0
2021-05-04,9690,41,104,9559,27,0,0,9,0
2021-05-05,9697,41,102,9568,27,0,0,9,0
2021-05-06,9705,40,101,9577,27,0,0,9,0
2021-05-07,9713,40,100,9586,27,0,0,9,0
2021-05-08,9720,39,98,9595,27,0,0,9,0
2021-05-09,9728,39,97,9604,27,0,0,9,0
2021-05-10,9736,38,96,9613,27,0,0,9,0
2021-05-11,9744,38,95,9622,27,0,0,9,0
2021-05-12,9751,37,94,9630,27,0,0,8,0
2021-05-13,9758,37,92,9639,27,0,0,8,0
2021-05-14,9765,36,91,9647,27,0,0,8,0
2021-05-15,9772,36,90,9655,27,0,0,8,0
2021-05-16,9779,35,89,9663,27,0,0,8,0
2021-05-17,9786,35,88,9671,27,0,0,8,0
2021-05-18,9793,34,87,9679,27,0,0,8,0
2021-05-19,9800,34,85,9687,28,0,0,8,0
2021-05-20,9807,34,84,9695,28,0,0,8,0
2021-05-21,9813,33,83,9702,28,0,0,8,0
2021-05-22,9820,33,82,9710,28,0,0,7,0
2021-05-23,9826,32,81,9717,28,0,0,7,0
2021-05-24,9832,32,80,9724,28,0,0,7,0
2021-05-25,9839,31,79,9732,28,0,0,7,0
2021-05-26,9845,31,78,9739,28,0,0,7,0
2021-05-27,9851,31,77,9746,28,0,0,7,0
2021-05-28,9857,30,76,9753,28,0,0,7,0
2021-05-29,9863,30,75,9760,28,0,0,7,0
2021-05-30,9868,29,74,9766,28,0,0,7,0
2021-05-31,9874,29,73,9773,28,0,0,7,0
2021-06-01,9880,29,72,9780,28,0,0,7,0
2021-06-02,9885,28,71,9786,28,0,0,6,0
2021-06-03,9891,28,70,9793,28,0,0,6,0
2021-06-04,9896,27,69,9799,28,0,0,6,0
2021-06-05,9901,27,68,9805,28,0,0,6,0
2021-06-06,9906,27,67,9811,28,0,0,6,0
2021-06-07,9912,26,67,9817,28,0,0,6,0
2021-06-08,9917,26,66,9823,28,0,0,6,0
2021-06-09,9922,26,65,9829,28,0,0,6,0
2021-06-10,9927,25,64,9835,28,0,0,6,0
2021-06-11,9932,25,63,9841,28,0,0,6,0
2021-06-12,9937,25,62,9847,28,0,0,6,0
2021-06-13,9941,24,61,9852,28,0,0,6,0
2021-06-14,9947,24,61,9858,28,0,0,5,0
2021-06-15,9951,24,60,9863,28,0,0,5,0
2021-06-16,9956,23,59,9869,28,0,0,5,0
2021-06-17,9960,23,58,9874,28,0,0,5,0
2021-06-18,9964,23,57,9879,28,0,0,5,0
