Date,Infected,Exposed,Active,Recovered,Deaths,Diff Exposed,Diff Active,Diff Recovered,Diff Deaths
2020-06-25,1336,144,364,970,2,15,0,33,0
2020-06-26,1365,157,360,1003,2,12,0,33,0
2020-06-27,1397,168,359,1036,2,9,0,33,0
2020-06-28,1431,177,360,1069,2,8,2,33,0
2020-06-29,1466,184,363,1101,2,6,3,33,0
2020-06-30,1502,190,366,1134,2,6,4,33,0
2020-07-01,1540,195,370,1168,2,5,5,34,0
2020-07-02,1579,200,375,1202,2,4,5,34,0
2020-07-03,1618,204,380,1236,2,4,5,35,0
2020-07-04,1659,208,386,1271,2,4,6,35,0
2020-07-05,1700,212,392,1306,2,4,6,36,0
2020-07-06,1741,216,398,1341,2,4,6,36,0
2020-07-07,1784,219,404,1378,2,3,6,37,0
2020-07-08,1827,223,410,1415,2,3,6,37,0
2020-07-09,1871,226,417,1452,2,3,6,38,0
2020-07-10,1915,229,423,1490,2,3,7,38,0
2020-07-11,1961,233,430,1529,2,3,7,39,0
2020-07-12,2006,236,436,1568,2,3,7,40,0
2020-07-13,2054,239,443,1608,3,3,7,40,0
2020-07-14,2101,243,450,1648,3,3,7,41,0
2020-07-15,2148,246,456,1689,3,3,7,41,0
2020-07-16,2197,249,463,1731,3,3,7,42,0
2020-07-17,2246,252,470,1773,3,3,7,43,0
2020-07-18,2296,256,477,1816,3,3,7,43,0
2020-07-19,2346,259,483,1860,3,3,7,44,0
2020-07-20,2397,262,490,1904,3,3,7,44,0
2020-07-21,2448,265,497,1948,3,3,7,45,0
2020-07-22,2501,268,504,1994,3,3,7,46,0
2020-07-23,2553,271,510,2040,3,3,7,46,0
2020-07-24,2606,274,517,2086,3,3,7,47,0
2020-07-25,2660,277,524,2133,3,3,7,48,0
2020-07-26,2715,281,531,2181,3,3,7,48,0
2020-07-27,2772,284,538,2230,4,3,7,49,0
2020-07-28,2827,287,544,2279,4,3,7,49,0
2020-07-29,2883,289,551,2328,4,3,7,50,0
2020-07-30,2940,292,558,2378,4,3,7,51,0
2020-07-31,2997,295,564,2429,4,3,7,51,0
2020-08-01,3056,298,571,2481,4,3,7,52,0
2020-08-02,3114,301,577,2533,4,3,6,52,0
2020-08-03,3173,304,584,2585,4,3,6,53,0
2020-08-04,3233,306,590,2639,4,3,6,54,0
2020-08-05,3293,309,597,2692,4,3,6,54,0
2020-08-06,3354,311,603,2747,4,3,6,55,0
2020-08-07,3415,314,609,2802,4,2,6,55,0
2020-08-08,3477,316,615,2857,5,2,6,56,0
2020-08-09,3539,319,621,2913,5,2,6,56,0
2020-08-10,3602,321,627,2970,5,2,6,57,0
2020-08-11,3665,323,633,3027,5,2,6,57,0
2020-08-12,3729,325,639,3085,5,2,6,58,0
2020-08-13,3793,328,645,3143,5,2,6,59,0
2020-08-14,3856,330,650,3201,5,2,6,59,0
2020-08-15,3922,332,656,3261,5,2,5,60,0
2020-08-16,3986,333,661,3320,5,2,5,60,0
2020-08-17,4052,335,666,3381,5,2,5,60,0
2020-08-18,4117,337,671,3441,5,2,5,61,0
2020-08-19,4184,339,676,3502,6,2,5,61,0
2020-08-20,4251,340,681,3564,6,2,5,62,0
2020-08-21,4318,342,686,3626,6,1,5,62,0
2020-08-22,4385,343,691,3688,6,1,4,63,0
2020-08-23,4452,344,695,3751,6,1,4,63,0
2020-08-24,4519,346,699,3814,6,1,4,63,0
2020-08-25,4587,347,703,3878,6,1,4,64,0
2020-08-26,4655,348,707,3942,6,1,4,64,0
2020-08-27,4723,349,711,4006,6,1,4,65,0
2020-08-28,4792,349,715,4071,6,1,4,65,0
2020-08-29,4861,350,718,4136,7,1,3,65,0
2020-08-30,4930,351,722,4201,7,1,3,65,0
2020-08-31,4999,351,725,4267,7,0,3,66,0
2020-09-01,5068,352,728,4333,7,0,3,66,0
2020-09-02,5136,352,730,4399,7,0,3,66,0
2020-09-03,5205,353,733,4465,7,0,2,67,0
2020-09-04,5274,353,735,4532,7,0,2,67,0
2020-09-05,5344,353,738,4599,7,0,2,67,0
2020-09-06,5413,353,740,4666,7,0,2,67,0
2020-09-07,5482,353,742,4733,7,0,2,67,0
2020-09-08,5551,352,743,4800,8,0,2,67,0
2020-09-09,5621,352,745,4868,8,0,1,68,0
2020-09-10,5690,352,746,4936,8,0,1,68,0
2020-09-11,5758,351,747,5003,8,0,1,68,0
2020-09-12,5827,350,748,5071,8,0,1,68,0
2020-09-13,5896,350,749,5139,8,0,1,68,0
2020-09-14,5964,349,749,5207,8,0,0,68,0
2020-09-15,6032,348,749,5275,8,0,0,68,0
2020-09-16,6100,347,749,5343,8,0,0,68,0
2020-09-17,6169,346,749,5411,9,0,0,68,0
2020-09-18,6237,345,749,5479,9,0,0,68,0
2020-09-19,6304,344,748,5547,9,0,0,68,0
2020-09-20,6372,342,748,5615,9,0,0,68,0
2020-09-21,6439,341,747,5683,9,0,0,68,0
2020-09-22,6505,339,746,5750,9,0,0,68,0
2020-09-23,6571,338,744,5818,9,0,0,68,0
2020-09-24,6637,336,743,5885,9,0,0,67,0
2020-09-25,6703,334,741,5953,9,0,0,67,0
2020-09-26,6769,333,739,6020,10,0,0,67,0
2020-09-27,6834,331,737,6087,10,0,0,67,0
2020-09-28,6899,329,735,6154,10,0,0,67,0
2020-09-29,6962,327,732,6220,10,0,0,66,0
2020-09-30,7027,325,730,6287,10,0,0,66,0
2020-10-01,7090,322,727,6353,10,0,0,66,0
2020-10-02,7153,320,724,6419,10,0,0,66,0
2020-10-03,7216,318,721,6485,10,0,0,65,0
2020-10-04,7278,315,718,6550,10,0,0,65,0
2020-10-05,7339,313,714,6615,10,0,0,65,0
2020-10-06,7402,311,711,6680,11,0,0,64,0
2020-10-07,7462,308,707,6744,11,0,0,64,0
2020-10-08,7522,305,703,6808,11,0,0,64,0
2020-10-09,7582,303,699,6872,11,0,0,63,0
2020-10-10,7641,300,695,6935,11,0,0,63,0
2020-10-11,7699,297,690,6998,11,0,0,63,0
2020-10-12,7757,295,686,7060,11,0,0,62,0
2020-10-13,7814,292,681,7122,11,0,0,62,0
2020-10-14,7871,289,676,7184,11,0,0,61,0
2020-10-15,7928,286,672,7245,11,0,0,61,0
2020-10-16,7985,283,667,7306,12,0,0,61,0
2020-10-17,8041,280,662,7367,12,0,0,60,0
2020-10-18,8094,277,656,7426,12,0,0,60,0
2020-10-19,8149,274,651,7486,12,0,0,59,0
2020-10-20,8203,271,646,7545,12,0,0,59,0
2020-10-21,8255,268,640,7603,12,0,0,58,0
2020-10-22,8308,265,635,7661,12,0,0,58,0
2020-10-23,8359,262,629,7718,12,0,0,57,0
2020-10-24,8410,259,623,7775,12,0,0,57,0
2020-10-25,8461,256,617,7832,12,0,0,56,0
2020-10-26,8510,253,611,7887,12,0,0,55,0
2020-10-27,8561,250,605,7943,13,0,0,55,0
2020-10-28,8610,247,599,7998,13,0,0,54,0
2020-10-29,8658,244,593,8052,13,0,0,54,0
2020-10-30,8705,241,587,8105,13,0,0,53,0
2020-10-31,8752,238,581,8158,13,0,0,53,0
2020-11-01,8799,234,575,8211,13,0,0,52,0
2020-11-02,8844,231,568,8263,13,0,0,52,0
2020-11-03,8889,228,562,8314,13,0,0,51,0
2020-11-04,8934,225,556,8365,13,0,0,50,0
2020-11-05,8977,222,549,8415,13,0,0,50,0
2020-11-06,9021,219,543,8465,13,0,0,49,0
2020-11-07,9063,216,536,8514,13,0,0,49,0
2020-11-08,9106,213,530,8562,14,0,0,48,0
2020-11-09,9148,210,524,8610,14,0,0,48,0
2020-11-10,9189,207,517,8658,14,0,0,47,0
2020-11-11,9229,204,511,8704,14,0,0,46,0
2020-11-12,9269,201,504,8751,14,0,0,46,0
2020-11-13,9308,198,498,8796,14,0,0,45,0
2020-11-14,9346,195,491,8841,14,0,0,45,0
2020-11-15,9384,192,485,8885,14,0,0,44,0
2020-11-16,9421,189,478,8929,14,0,0,43,0
2020-11-17,9458,186,472,8972,14,0,0,43,0
2020-11-18,9494,183,465,9015,14,0,0,42,0
2020-11-19,9530,180,459,9057,14,0,0,42,0
2020-11-20,9564,177,452,9098,14,0,0,41,0
2020-11-21,9599,174,446,9139,14,0,0,40,0
2020-11-22,9633,171,440,9179,14,0,0,40,0
2020-11-23,9667,169,433,9219,15,0,0,39,0
2020-11-24,9700,166,427,9258,15,0,0,39,0
2020-11-25,9733,163,421,9297,15,0,0,38,0
2020-11-26,9764,160,414,9335,15,0,0,38,0
2020-11-27,9795,158,408,9372,15,0,0,37,0
2020-11-28,9826,155,402,9409,15,0,0,36,0
2020-11-29,9856,153,396,9445,15,0,0,36,0
2020-11-30,9886,150,390,9481,15,0,0,35,0
2020-12-01,9915,147,384,9516,15,0,0,35,0
2020-12-02,9944,145,378,9551,15,0,0,34,0
2020-12-03,9972,142,372,9585,15,0,0,34,0
2020-12-04,9999,140,366,9618,15,0,0,33,0
2020-12-05,10026,137,360,9651,15,0,0,33,0
2020-12-06,10053,135,354,9684,15,0,0,32,0
2020-12-07,10080,133,349,9716,15,0,0,32,0
2020-12-08,10105,130,343,9747,15,0,0,31,0
2020-12-09,10130,128,337,9778,15,0,0,31,0
2020-12-10,10156,126,332,9809,15,0,0,30,0
2020-12-11,10181,123,326,9839,16,0,0,30,0
2020-12-12,10205,121,321,9868,16,0,0,29,0
2020-12-13,10228,119,315,9897,16,0,0,29,0
2020-12-14,10252,117,310,9926,16,0,0,28,0
2020-12-15,10275,115,305,9954,16,0,0,28,0
2020-12-16,10297,113,300,9981,16,0,0,27,0
2020-12-17,10318,110,294,10008,16,0,0,27,0
2020-12-18,10340,108,289,10035,16,0,0,26,0
2020-12-19,10361,106,284,10061,16,0,0,26,0
2020-12-20,10381,104,279,10086,16,0,0,25,0
2020-12-21,10402,102,274,10112,16,0,0,25,0
2020-12-22,10422,100,270,10136,16,0,0,24,0
2020-12-23,10442,99,265,10161,16,0,0,24,0
2020-12-24,10460,97,260,10184,16,0,0,24,0
2020-12-25,10479,95,255,10208,16,0,0,23,0
2020-12-26,10498,93,251,10231,16,0,0,23,0
2020-12-27,10516,91,246,10254,16,0,0,22,0
2020-12-28,10534,90,242,10276,16,0,0,22,0
2020-12-29,10551,88,237,10298,16,0,0,22,0
2020-12-30,10568,86,233,10319,16,0,0,21,0
2020-12-31,10585,84,229,10340,16,0,0,21,0
2021-01-01,10602,83,225,10361,16,0,0,20,0
2021-01-02,10617,81,220,10381,16,0,0,20,0
2021-01-03,10633,80,216,10401,16,0,0,20,0
2021-01-04,10648,78,212,10420,16,0,0,19,0
2021-01-05,10663,77,208,10439,16,0,0,19,0
2021-01-06,10679,75,204,10458,17,0,0,19,0
2021-01-07,10695,74,201,10477,17,0,0,18,0
2021-01-08,10709,72,197,10495,17,0,0,18,0
2021-01-09,10722,71,193,10512,17,0,0,18,0
2021-01-10,10736,69,189,10530,17,0,0,17,0
2021-01-11,10750,68,186,10547,17,0,0,17,0
2021-01-12,10763,67,182,10564,17,0,0,17,0
2021-01-13,10776,65,179,10580,17,0,0,16,0
2021-01-14,10788,64,175,10596,17,0,0,16,0
2021-01-15,10801,63,172,10612,17,0,0,16,0
2021-01-16,10813,61,169,10627,17,0,0,15,0
2021-01-17,10825,60,165,10643,17,0,0,15,0
2021-01-18,10836,59,162,10657,17,0,0,15,0
2021-01-19,10848,58,159,10672,17,0,0,14,0
2021-01-20,10859,57,156,10686,17,0,0,14,0
2021-01-21,10870,55,153,10700,17,0,0,14,0
2021-01-22,10881,54,150,10714,17,0,0,14,0
2021-01-23,10892,53,147,10728,17,0,0,13,0
2021-01-24,10902,52,144,10741,17,0,0,13,0
2021-01-25,10912,51,141,10754,17,0,0,13,0
2021-01-26,10921,50,138,10766,17,0,0,13,0
2021-01-27,10931,49,135,10779,17,0,0,12,0
2021-01-28,10941,48,133,10791,17,0,0,12,0
2021-01-29,10950,47,130,10803,17,0,0,12,0
2021-01-30,10959,46,127,10815,17,0,0,12,0
2021-01-31,10968,45,125,10826,17,0,0,11,0
2021-02-01,10977,44,122,10838,17,0,0,11,0
2021-02-02,10986,43,120,10849,17,0,0,11,0
2021-02-03,10994,42,118,10859,17,0,0,11,0
2021-02-04,11002,41,115,10870,17,0,0,10,0
2021-02-05,11010,41,113,10880,17,0,0,10,0
2021-02-06,11018,40,111,10890,17,0,0,10,0
2021-02-07,11025,39,108,10900,17,0,0,10,0
2021-02-08,11033,38,106,10910,17,0,0,10,0
2021-02-09,11041,37,104,10920,17,0,0,9,0
2021-02-10,11048,36,102,10929,17,0,0,9,0
2021-02-11,11055,36,100,10938,17,0,0,9,0
2021-02-12,11062,35,98,10947,17,0,0,9,0
2021-02-13,11069,34,96,10956,17,0,0,9,0
2021-02-14,11076,34,94,10965,17,0,0,9,0
2021-02-15,11082,33,92,10973,17,0,0,8,0
2021-02-16,11088,32,90,10981,17,0,0,8,0
2021-02-17,11094,31,88,10989,17,0,0,8,0
2021-02-18,11100,31,86,10997,17,0,0,8,0
2021-02-19,11106,30,84,11005,17,0,0,8,0
2021-02-20,11113,30,83,11013,17,0,0,8,0
2021-02-21,11118,29,81,11020,17,0,0,7,0
2021-02-22,11123,28,79,11027,17,0,0,7,0
2021-02-23,11130,28,78,11035,17,0,0,7,0
2021-02-24,11135,27,76,11042,17,0,0,7,0
2021-02-25,11139,27,74,11048,17,0,0,7,0
2021-02-26,11145,26,73,11055,17,0,0,7,0
2021-02-27,11150,25,71,11062,17,0,0,6,0
2021-02-28,11155,25,70,11068,17,0,0,6,0
2021-03-01,11159,24,68,11074,17,0,0,6,0
2021-03-02,11165,24,67,11081,17,0,0,6,0
2021-03-03,11171,23,66,11087,18,0,0,6,0
2021-03-04,11175,23,64,11093,18,0,0,6,0
2021-03-05,11179,22,63,11098,18,0,0,6,0
2021-03-06,11184,22,62,11104,18,0,0,6,0
2021-03-07,11187,21,60,11109,18,0,0,5,0
2021-03-08,11192,21,59,11115,18,0,0,5,0
2021-03-09,11196,20,58,11120,18,0,0,5,0
2021-03-10,11199,20,56,11125,18,0,0,5,0
2021-03-11,11203,20,55,11130,18,0,0,5,0
2021-03-12,11207,19,54,11135,18,0,0,5,0
2021-03-13,11211,19,53,11140,18,0,0,5,0
2021-03-14,11215,18,52,11145,18,0,0,5,0
2021-03-15,11219,18,51,11150,18,0,0,5,0
2021-03-16,11222,18,50,11154,18,0,0,5,0
2021-03-17,11226,17,49,11159,18,0,0,4,0
2021-03-18,11229,17,48,11163,18,0,0,4,0
2021-03-19,11232,17,47,11167,18,0,0,4,0
2021-03-20,11236,16,46,11172,18,0,0,4,0
2021-03-21,11239,16,45,11176,18,0,0,4,0
2021-03-22,11242,15,44,11180,18,0,0,4,0
2021-03-23,11245,15,43,11184,18,0,0,4,0
2021-03-24,11248,15,42,11188,18,0,0,4,0
2021-03-25,11250,14,41,11191,18,0,0,4,0
2021-03-26,11253,14,40,11195,18,0,0,4,0
2021-03-27,11256,14,39,11199,18,0,0,4,0
2021-03-28,11258,14,38,11202,18,0,0,3,0
2021-03-29,11262,13,38,11206,18,0,0,3,0
2021-03-30,11264,13,37,11209,18,0,0,3,0
2021-03-31,11266,13,36,11212,18,0,0,3,0
2021-04-01,11269,12,35,11216,18,0,0,3,0
2021-04-02,11271,12,34,11219,18,0,0,3,0
2021-04-03,11274,12,34,11222,18,0,0,3,0
2021-04-04,11276,12,33,11225,18,0,0,3,0
2021-04-05,11278,11,32,11228,18,0,0,3,0
2021-04-06,11281,11,32,11231,18,0,0,3,0
2021-04-07,11283,11,31,11234,18,0,0,3,0
2021-04-08,11284,11,30,11236,18,0,0,3,0
2021-04-09,11287,10,30,11239,18,0,0,3,0
2021-04-10,11289,10,29,11242,18,0,0,3,0
2021-04-11,11290,10,28,11244,18,0,0,3,0
2021-04-12,11293,10,28,11247,18,0,0,3,0
2021-04-13,11294,10,27,11249,18,0,0,2,0
2021-04-14,11297,9,27,11252,18,0,0,2,0
2021-04-15,11298,9,26,11254,18,0,0,2,0
2021-04-16,11300,9,25,11257,18,0,0,2,0
2021-04-17,11302,9,25,11259,18,0,0,2,0
2021-04-18,11303,9,24,11261,18,0,0,2,0
2021-04-19,11305,8,24,11263,18,0,0,2,0
2021-04-20,11306,8,23,11265,18,0,0,2,0
2021-04-21,11309,8,23,11268,18,0,0,2,0
2021-04-22,11310,8,22,11270,18,0,0,2,0
2021-04-23,11312,8,22,11272,18,0,0,2,0
2021-04-24,11313,8,21,11274,18,0,0,2,0
2021-04-25,11314,7,21,11275,18,0,0,2,0
2021-04-26,11315,7,20,11277,18,0,0,2,0
2021-04-27,11317,7,20,11279,18,0,0,2,0
2021-04-28,11319,7,20,11281,18,0,0,2,0
2021-04-29,11320,7,19,11283,18,0,0,2,0
2021-04-30,11321,7,19,11284,18,0,0,2,0
2021-05-01,11322,6,18,11286,18,0,0,2,0
2021-05-02,11324,6,18,11288,18,0,0,2,0
2021-05-03,11325,6,18,11289,18,0,0,2,0
2021-05-04,11326,6,17,11291,18,0,0,2,0
2021-05-05,11328,6,17,11293,18,0,0,2,0
2021-05-06,11328,6,16,11294,18,0,0,1,0
2021-05-07,11330,6,16,11296,18,0,0,1,0
2021-05-08,11331,6,16,11297,18,0,0,1,0
2021-05-09,11331,5,15,11298,18,0,0,1,0
2021-05-10,11333,5,15,11300,18,0,0,1,0
2021-05-11,11334,5,15,11301,18,0,0,1,0
2021-05-12,11334,5,14,11302,18,0,0,1,0
2021-05-13,11336,5,14,11304,18,0,0,1,0
2021-05-14,11337,5,14,11305,18,0,0,1,0
2021-05-15,11337,5,13,11306,18,0,0,1,0
2021-05-16,11338,5,13,11307,18,0,0,1,0
2021-05-17,11340,5,13,11309,18,0,0,1,0
2021-05-18,11341,4,13,11310,18,0,0,1,0
2021-05-19,11341,4,12,11311,18,0,0,1,0
2021-05-20,11342,4,12,11312,18,0,0,1,0
2021-05-21,11343,4,12,11313,18,0,0,1,0
2021-05-22,11344,4,12,11314,18,0,0,1,0
2021-05-23,11344,4,11,11315,18,0,0,1,0
2021-05-24,11345,4,11,11316,18,0,0,1,0
2021-05-25,11346,4,11,11317,18,0,0,1,0
2021-05-26,11347,4,11,11318,18,0,0,1,0
2021-05-27,11347,4,10,11319,18,0,0,1,0
2021-05-28,11348,4,10,11320,18,0,0,1,0
2021-05-29,11349,3,10,11321,18,0,0,1,0
2021-05-30,11350,3,10,11322,18,0,0,1,0
2021-05-31,11350,3,9,11323,18,0,0,1,0
2021-06-01,11351,3,9,11324,18,0,0,1,0
2021-06-02,11351,3,9,11324,18,0,0,1,0
2021-06-03,11352,3,9,11325,18,0,0,1,0
2021-06-04,11353,3,9,11326,18,0,0,1,0
2021-06-05,11353,3,8,11327,18,0,0,1,0
2021-06-06,11354,3,8,11328,18,0,0,1,0
2021-06-07,11354,3,8,11328,18,0,0,1,0
2021-06-08,11355,3,8,11329,18,0,0,1,0
2021-06-09,11356,3,8,11330,18,0,0,1,0
2021-06-10,11357,3,8,11331,18,0,0,1,0
2021-06-11,11356,3,7,11331,18,0,0,1,0
2021-06-12,11357,3,7,11332,18,0,0,1,0
2021-06-13,11358,2,7,11333,18,0,0,1,0
2021-06-14,11358,2,7,11333,18,0,0,1,0
2021-06-15,11359,2,7,11334,18,0,0,1,0
2021-06-16,11359,2,7,11334,18,0,0,1,0
2021-06-17,11360,2,7,11335,18,0,0,1,0
2021-06-18,11360,2,6,11336,18,0,0,1,0
2021-06-19,11360,2,6,11336,18,0,0,1,0
2021-06-20,11361,2,6,11337,18,0,0,1,0
