Date,Infected,Exposed,Active,Recovered,Deaths,Diff Exposed,Diff Active,Diff Recovered,Diff Deaths
2020-06-19,1030,466,304,725,1,0,64,28,0
2020-06-20,1117,412,361,755,1,0,48,33,0
2020-06-21,1195,372,405,789,1,0,36,37,0
2020-06-22,1265,343,437,827,1,0,27,40,0
2020-06-23,1331,322,462,868,1,0,21,42,0
2020-06-24,1392,307,481,910,1,0,16,44,0
2020-06-25,1452,296,496,955,1,0,13,45,0
2020-06-26,1509,288,508,1000,1,0,10,46,0
2020-06-27,1566,283,518,1047,1,0,8,47,0
2020-06-28,1620,279,525,1094,1,0,7,48,0
2020-06-29,1675,277,532,1142,1,0,6,48,0
2020-06-30,1729,275,538,1190,1,0,5,49,0
2020-07-01,1782,274,542,1239,1,0,4,49,0
2020-07-02,1837,274,547,1289,1,0,4,50,0
2020-07-03,1891,274,551,1339,1,0,4,50,0
2020-07-04,1944,274,554,1389,1,0,3,50,0
2020-07-05,1999,275,558,1439,2,1,3,51,0
2020-07-06,2053,276,561,1490,2,1,3,51,0
2020-07-07,2107,276,564,1541,2,1,3,51,0
2020-07-08,2161,277,567,1592,2,1,3,51,0
2020-07-09,2215,278,569,1644,2,1,3,52,0
2020-07-10,2270,279,572,1696,2,1,3,52,0
2020-07-11,2325,279,575,1748,2,1,3,52,0
2020-07-12,2379,280,577,1800,2,1,2,52,0
2020-07-13,2434,281,580,1852,2,1,2,53,0
2020-07-14,2489,282,582,1905,2,1,2,53,0
2020-07-15,2544,283,584,1958,2,1,2,53,0
2020-07-16,2600,283,587,2011,2,1,2,53,0
2020-07-17,2656,284,589,2065,2,1,2,53,0
2020-07-18,2711,285,591,2118,2,1,2,54,0
2020-07-19,2767,285,593,2172,2,1,2,54,0
2020-07-20,2823,286,595,2226,2,1,2,54,0
2020-07-21,2879,287,597,2280,2,1,2,54,0
2020-07-22,2935,287,599,2334,2,1,2,54,0
2020-07-23,2993,288,601,2389,3,1,2,55,0
2020-07-24,3049,288,603,2443,3,0,2,55,0
2020-07-25,3105,289,604,2498,3,0,2,55,0
2020-07-26,3162,289,606,2553,3,0,2,55,0
2020-07-27,3218,290,607,2608,3,0,2,55,0
2020-07-28,3275,290,609,2663,3,0,1,55,0
2020-07-29,3332,290,610,2719,3,0,1,55,0
2020-07-30,3389,291,612,2774,3,0,1,56,0
2020-07-31,3446,291,613,2830,3,0,1,56,0
2020-08-01,3502,291,614,2885,3,0,1,56,0
2020-08-02,3560,291,616,2941,3,0,1,56,0
2020-08-03,3617,292,617,2997,3,0,1,56,0
2020-08-04,3674,292,618,3053,3,0,1,56,0
2020-08-05,3731,292,619,3109,3,0,1,56,0
2020-08-06,3789,292,620,3166,3,0,1,56,0
2020-08-07,3846,292,621,3222,3,0,1,56,0
2020-08-08,3902,292,621,3278,3,0,1,56,0
2020-08-09,3960,292,622,3335,3,0,1,57,0
2020-08-10,4018,292,623,3391,4,0,1,57,0
2020-08-11,4075,292,623,3448,4,0,1,57,0
2020-08-12,4133,292,624,3505,4,0,0,57,0
2020-08-13,4189,291,624,3561,4,0,0,57,0
2020-08-14,4247,291,625,3618,4,0,0,57,0
2020-08-15,4304,291,625,3675,4,0,0,57,0
2020-08-16,4360,291,625,3731,4,0,0,57,0
2020-08-17,4417,291,625,3788,4,0,0,57,0
2020-08-18,4474,290,625,3845,4,0,0,57,0
2020-08-19,4532,290,626,3902,4,0,0,57,0
2020-08-20,4588,289,625,3959,4,0,0,57,0
2020-08-21,4644,289,625,4015,4,0,0,57,0
2020-08-22,4701,289,625,4072,4,0,0,57,0
2020-08-23,4758,288,625,4129,4,0,0,57,0
2020-08-24,4815,288,625,4186,4,0,0,57,0
2020-08-25,4870,287,624,4242,4,0,0,57,0
2020-08-26,4928,287,624,4299,5,0,0,57,0
2020-08-27,4984,286,623,4356,5,0,0,57,0
2020-08-28,5039,285,622,4412,5,0,0,57,0
2020-08-29,5096,285,622,4469,5,0,0,56,0
2020-08-30,5151,284,621,4525,5,0,0,56,0
2020-08-31,5207,283,620,4582,5,0,0,56,0
2020-09-01,5262,282,619,4638,5,0,0,56,0
2020-09-02,5317,282,618,4694,5,0,0,56,0
2020-09-03,5372,281,617,4750,5,0,0,56,0
2020-09-04,5427,280,616,4806,5,0,0,56,0
2020-09-05,5482,279,615,4862,5,0,0,56,0
2020-09-06,5537,278,614,4918,5,0,0,56,0
2020-09-07,5592,277,613,4974,5,0,0,56,0
2020-09-08,5645,276,611,5029,5,0,0,56,0
2020-09-09,5700,275,610,5085,5,0,0,55,0
2020-09-10,5753,274,608,5140,5,0,0,55,0
2020-09-11,5807,273,607,5195,5,0,0,55,0
2020-09-12,5861,272,605,5250,6,0,0,55,0
2020-09-13,5915,271,604,5305,6,0,0,55,0
2020-09-14,5968,270,602,5360,6,0,0,55,0
2020-09-15,6021,269,600,5415,6,0,0,54,0
2020-09-16,6073,268,598,5469,6,0,0,54,0
2020-09-17,6125,267,596,5523,6,0,0,54,0
2020-09-18,6177,265,594,5577,6,0,0,54,0
2020-09-19,6229,264,592,5631,6,0,0,54,0
2020-09-20,6281,263,590,5685,6,0,0,54,0
2020-09-21,6333,262,588,5739,6,0,0,53,0
2020-09-22,6384,260,586,5792,6,0,0,53,0
2020-09-23,6435,259,584,5845,6,0,0,53,0
2020-09-24,6486,258,582,5898,6,0,0,53,0
2020-09-25,6536,257,579,5951,6,0,0,53,0
2020-09-26,6586,255,577,6003,6,0,0,52,0
2020-09-27,6636,254,574,6056,6,0,0,52,0
2020-09-28,6686,252,572,6108,6,0,0,52,0
2020-09-29,6735,251,569,6160,6,0,0,52,0
2020-09-30,6785,250,567,6211,7,0,0,51,0
2020-10-01,6834,248,564,6263,7,0,0,51,0
2020-10-02,6883,247,562,6314,7,0,0,51,0
2020-10-03,6931,245,559,6365,7,0,0,51,0
2020-10-04,6978,244,556,6415,7,0,0,51,0
2020-10-05,7026,242,553,6466,7,0,0,50,0
2020-10-06,7074,241,551,6516,7,0,0,50,0
2020-10-07,7121,239,548,6566,7,0,0,50,0
2020-10-08,7167,238,545,6615,7,0,0,49,0
2020-10-09,7214,236,542,6665,7,0,0,49,0
2020-10-10,7260,235,539,6714,7,0,0,49,0
2020-10-11,7306,233,536,6763,7,0,0,49,0
2020-10-12,7351,231,533,6811,7,0,0,48,0
2020-10-13,7397,230,530,6860,7,0,0,48,0
2020-10-14,7442,228,527,6908,7,0,0,48,0
2020-10-15,7486,227,524,6955,7,0,0,48,0
2020-10-16,7530,225,520,7003,7,0,0,47,0
2020-10-17,7574,223,517,7050,7,0,0,47,0
2020-10-18,7618,222,514,7097,7,0,0,47,0
2020-10-19,7661,220,511,7143,7,0,0,46,0
2020-10-20,7704,219,507,7189,8,0,0,46,0
2020-10-21,7747,217,504,7235,8,0,0,46,0
2020-10-22,7790,215,501,7281,8,0,0,45,0
2020-10-23,7831,214,497,7326,8,0,0,45,0
2020-10-24,7874,212,494,7372,8,0,0,45,0
2020-10-25,7915,210,491,7416,8,0,0,45,0
2020-10-26,7956,209,487,7461,8,0,0,44,0
2020-10-27,7997,207,484,7505,8,0,0,44,0
2020-10-28,8038,205,481,7549,8,0,0,44,0
2020-10-29,8077,204,477,7592,8,0,0,43,0
2020-10-30,8117,202,474,7635,8,0,0,43,0
2020-10-31,8156,200,470,7678,8,0,0,43,0
2020-11-01,8196,199,467,7721,8,0,0,42,0
2020-11-02,8234,197,463,7763,8,0,0,42,0
2020-11-03,8273,195,460,7805,8,0,0,42,0
2020-11-04,8311,194,456,7847,8,0,0,41,0
2020-11-05,8349,192,453,7888,8,0,0,41,0
2020-11-06,8386,190,449,7929,8,0,0,41,0
2020-11-07,8424,188,446,7970,8,0,0,40,0
2020-11-08,8460,187,442,8010,8,0,0,40,0
2020-11-09,8496,185,438,8050,8,0,0,40,0
2020-11-10,8533,183,435,8090,8,0,0,39,0
2020-11-11,8569,182,431,8129,9,0,0,39,0
2020-11-12,8605,180,428,8168,9,0,0,39,0
2020-11-13,8640,178,424,8207,9,0,0,39,0
2020-11-14,8675,177,421,8245,9,0,0,38,0
2020-11-15,8709,175,417,8283,9,0,0,38,0
2020-11-16,8743,174,413,8321,9,0,0,38,0
2020-11-17,8778,172,410,8359,9,0,0,37,0
2020-11-18,8811,170,406,8396,9,0,0,37,0
2020-11-19,8844,169,403,8432,9,0,0,37,0
2020-11-20,8877,167,399,8469,9,0,0,36,0
2020-11-21,8910,165,396,8505,9,0,0,36,0
2020-11-22,8942,164,392,8541,9,0,0,36,0
2020-11-23,8974,162,389,8576,9,0,0,35,0
2020-11-24,9006,161,385,8612,9,0,0,35,0
2020-11-25,9037,159,382,8646,9,0,0,35,0
2020-11-26,9068,157,378,8681,9,0,0,34,0
2020-11-27,9098,156,374,8715,9,0,0,34,0
2020-11-28,9129,154,371,8749,9,0,0,34,0
2020-11-29,9159,153,367,8783,9,0,0,33,0
2020-11-30,9189,151,364,8816,9,0,0,33,0
2020-12-01,9219,149,361,8849,9,0,0,33,0
2020-12-02,9247,148,357,8881,9,0,0,32,0
2020-12-03,9277,146,354,8914,9,0,0,32,0
2020-12-04,9305,145,350,8946,9,0,0,32,0
2020-12-05,9333,143,347,8977,9,0,0,31,0
2020-12-06,9361,142,343,9009,9,0,0,31,0
2020-12-07,9389,140,340,9040,9,0,0,31,0
2020-12-08,9418,139,337,9071,10,0,0,31,0
2020-12-09,9444,137,333,9101,10,0,0,30,0
2020-12-10,9471,136,330,9131,10,0,0,30,0
2020-12-11,9497,134,326,9161,10,0,0,30,0
2020-12-12,9524,133,323,9191,10,0,0,29,0
2020-12-13,9550,131,320,9220,10,0,0,29,0
2020-12-14,9576,130,317,9249,10,0,0,29,0
2020-12-15,9600,129,313,9277,10,0,0,28,0
2020-12-16,9626,127,310,9306,10,0,0,28,0
2020-12-17,9651,126,307,9334,10,0,0,28,0
2020-12-18,9675,124,304,9361,10,0,0,28,0
2020-12-19,9699,123,300,9389,10,0,0,27,0
2020-12-20,9723,122,297,9416,10,0,0,27,0
2020-12-21,9747,120,294,9443,10,0,0,27,0
2020-12-22,9771,119,291,9470,10,0,0,26,0
2020-12-23,9794,117,288,9496,10,0,0,26,0
2020-12-24,9817,116,285,9522,10,0,0,26,0
2020-12-25,9839,115,281,9548,10,0,0,26,0
2020-12-26,9861,113,278,9573,10,0,0,25,0
2020-12-27,9883,112,275,9598,10,0,0,25,0
2020-12-28,9905,111,272,9623,10,0,0,25,0
2020-12-29,9927,110,269,9648,10,0,0,24,0
2020-12-30,9948,108,266,9672,10,0,0,24,0
2020-12-31,9969,107,263,9696,10,0,0,24,0
2021-01-01,9990,106,260,9720,10,0,0,24,0
2021-01-02,10012,105,258,9744,10,0,0,23,0
2021-01-03,10032,103,255,9767,10,0,0,23,0
2021-01-04,10052,102,252,9790,10,0,0,23,0
2021-01-05,10072,101,249,9813,10,0,0,23,0
2021-01-06,10091,100,246,9835,10,0,0,22,0
2021-01-07,10110,98,243,9857,10,0,0,22,0
2021-01-08,10129,97,240,9879,10,0,0,22,0
2021-01-09,10149,96,238,9901,10,0,0,22,0
2021-01-10,10168,95,235,9923,10,0,0,21,0
2021-01-11,10186,94,232,9944,10,0,0,21,0
2021-01-12,10204,93,229,9965,10,0,0,21,0
2021-01-13,10223,92,227,9986,10,0,0,21,0
2021-01-14,10240,90,224,10006,10,0,0,20,0
2021-01-15,10259,89,222,10026,11,0,0,20,0
2021-01-16,10276,88,219,10046,11,0,0,20,0
2021-01-17,10293,87,216,10066,11,0,0,20,0
2021-01-18,10311,86,214,10086,11,0,0,19,0
2021-01-19,10327,85,211,10105,11,0,0,19,0
2021-01-20,10344,84,209,10124,11,0,0,19,0
2021-01-21,10360,83,206,10143,11,0,0,19,0
2021-01-22,10377,82,204,10162,11,0,0,18,0
2021-01-23,10392,81,201,10180,11,0,0,18,0
2021-01-24,10408,80,199,10198,11,0,0,18,0
2021-01-25,10423,79,196,10216,11,0,0,18,0
2021-01-26,10439,78,194,10234,11,0,0,18,0
2021-01-27,10455,77,192,10252,11,0,0,17,0
2021-01-28,10469,76,189,10269,11,0,0,17,0
2021-01-29,10484,75,187,10286,11,0,0,17,0
2021-01-30,10499,74,185,10303,11,0,0,17,0
2021-01-31,10513,73,182,10320,11,0,0,17,0
2021-02-01,10527,72,180,10336,11,0,0,16,0
2021-02-02,10541,71,178,10352,11,0,0,16,0
2021-02-03,10555,70,176,10368,11,0,0,16,0
2021-02-04,10569,69,174,10384,11,0,0,16,0
2021-02-05,10582,69,171,10400,11,0,0,16,0
2021-02-06,10596,68,169,10416,11,0,0,15,0
2021-02-07,10609,67,167,10431,11,0,0,15,0
2021-02-08,10622,66,165,10446,11,0,0,15,0
2021-02-09,10635,65,163,10461,11,0,0,15,0
2021-02-10,10648,64,161,10476,11,0,0,15,0
2021-02-11,10660,63,159,10490,11,0,0,14,0
2021-02-12,10673,63,157,10505,11,0,0,14,0
2021-02-13,10685,62,155,10519,11,0,0,14,0
2021-02-14,10697,61,153,10533,11,0,0,14,0
2021-02-15,10709,60,151,10547,11,0,0,14,0
2021-02-16,10720,59,149,10560,11,0,0,14,0
2021-02-17,10732,59,147,10574,11,0,0,13,0
2021-02-18,10743,58,145,10587,11,0,0,13,0
2021-02-19,10754,57,143,10600,11,0,0,13,0
2021-02-20,10766,56,142,10613,11,0,0,13,0
2021-02-21,10777,56,140,10626,11,0,0,13,0
2021-02-22,10787,55,138,10638,11,0,0,13,0
2021-02-23,10798,54,136,10651,11,0,0,12,0
2021-02-24,10808,53,134,10663,11,0,0,12,0
2021-02-25,10819,53,133,10675,11,0,0,12,0
2021-02-26,10829,52,131,10687,11,0,0,12,0
2021-02-27,10839,51,129,10699,11,0,0,12,0
2021-02-28,10850,51,128,10711,11,0,0,12,0
2021-03-01,10859,50,126,10722,11,0,0,11,0
2021-03-02,10869,49,124,10734,11,0,0,11,0
2021-03-03,10879,49,123,10745,11,0,0,11,0
2021-03-04,10888,48,121,10756,11,0,0,11,0
2021-03-05,10897,47,119,10767,11,0,0,11,0
2021-03-06,10907,47,118,10778,11,0,0,11,0
2021-03-07,10916,46,116,10789,11,0,0,11,0
2021-03-08,10925,45,115,10799,11,0,0,10,0
2021-03-09,10933,45,113,10809,11,0,0,10,0
2021-03-10,10943,44,112,10820,11,0,0,10,0
2021-03-11,10951,44,110,10830,11,0,0,10,0
2021-03-12,10960,43,109,10840,11,0,0,10,0
2021-03-13,10968,42,107,10850,11,0,0,10,0
2021-03-14,10976,42,106,10859,11,0,0,10,0
2021-03-15,10985,41,105,10869,11,0,0,9,0
2021-03-16,10992,41,103,10878,11,0,0,9,0
2021-03-17,11001,40,102,10888,11,0,0,9,0
2021-03-18,11008,40,100,10897,11,0,0,9,0
2021-03-19,11016,39,99,10906,11,0,0,9,0
2021-03-20,11024,39,98,10915,11,0,0,9,0
2021-03-21,11031,38,96,10924,11,0,0,9,0
2021-03-22,11038,38,95,10932,11,0,0,9,0
2021-03-23,11046,37,94,10941,11,0,0,9,0
2021-03-24,11053,37,93,10949,11,0,0,8,0
2021-03-25,11060,36,91,10958,11,0,0,8,0
2021-03-26,11067,36,90,10966,11,0,0,8,0
2021-03-27,11075,35,89,10974,12,0,0,8,0
2021-03-28,11082,35,88,10982,12,0,0,8,0
2021-03-29,11089,34,87,10990,12,0,0,8,0
2021-03-30,11095,34,85,10998,12,0,0,8,0
2021-03-31,11102,33,84,11006,12,0,0,8,0
2021-04-01,11108,33,83,11013,12,0,0,8,0
2021-04-02,11115,32,82,11021,12,0,0,7,0
2021-04-03,11121,32,81,11028,12,0,0,7,0
2021-04-04,11128,31,80,11036,12,0,0,7,0
2021-04-05,11134,31,79,11043,12,0,0,7,0
2021-04-06,11140,31,78,11050,12,0,0,7,0
2021-04-07,11145,30,76,11057,12,0,0,7,0
2021-04-08,11151,30,75,11064,12,0,0,7,0
2021-04-09,11157,29,74,11071,12,0,0,7,0
2021-04-10,11162,29,73,11077,12,0,0,7,0
2021-04-11,11168,28,72,11084,12,0,0,7,0
2021-04-12,11173,28,71,11090,12,0,0,6,0
2021-04-13,11179,28,70,11097,12,0,0,6,0
2021-04-14,11184,27,69,11103,12,0,0,6,0
2021-04-15,11190,27,68,11110,12,0,0,6,0
2021-04-16,11196,27,68,11116,12,0,0,6,0
2021-04-17,11201,26,67,11122,12,0,0,6,0
2021-04-18,11206,26,66,11128,12,0,0,6,0
2021-04-19,11211,25,65,11134,12,0,0,6,0
2021-04-20,11216,25,64,11140,12,0,0,6,0
2021-04-21,11220,25,63,11145,12,0,0,6,0
2021-04-22,11225,24,62,11151,12,0,0,6,0
2021-04-23,11230,24,61,11157,12,0,0,6,0
2021-04-24,11234,24,60,11162,12,0,0,5,0
2021-04-25,11240,23,60,11168,12,0,0,5,0
2021-04-26,11244,23,59,11173,12,0,0,5,0
2021-04-27,11248,23,58,11178,12,0,0,5,0
2021-04-28,11253,22,57,11184,12,0,0,5,0
2021-04-29,11257,22,56,11189,12,0,0,5,0
2021-04-30,11262,22,56,11194,12,0,0,5,0
2021-05-01,11266,21,55,11199,12,0,0,5,0
2021-05-02,11270,21,54,11204,12,0,0,5,0
2021-05-03,11274,21,53,11209,12,0,0,5,0
2021-05-04,11279,21,53,11214,12,0,0,5,0
2021-05-05,11282,20,52,11218,12,0,0,5,0
2021-05-06,11286,20,51,11223,12,0,0,5,0
2021-05-07,11290,20,50,11228,12,0,0,5,0
2021-05-08,11294,19,50,11232,12,0,0,5,0
2021-05-09,11298,19,49,11237,12,0,0,4,0
2021-05-10,11301,19,48,11241,12,0,0,4,0
2021-05-11,11305,19,48,11245,12,0,0,4,0
2021-05-12,11309,18,47,11250,12,0,0,4,0
2021-05-13,11312,18,46,11254,12,0,0,4,0
2021-05-14,11316,18,46,11258,12,0,0,4,0
2021-05-15,11319,18,45,11262,12,0,0,4,0
2021-05-16,11322,17,44,11266,12,0,0,4,0
2021-05-17,11326,17,44,11270,12,0,0,4,0
2021-05-18,11329,17,43,11274,12,0,0,4,0
2021-05-19,11333,17,43,11278,12,0,0,4,0
2021-05-20,11336,16,42,11282,12,0,0,4,0
2021-05-21,11339,16,41,11286,12,0,0,4,0
2021-05-22,11343,16,41,11290,12,0,0,4,0
2021-05-23,11345,16,40,11293,12,0,0,4,0
2021-05-24,11349,16,40,11297,12,0,0,4,0
2021-05-25,11351,15,39,11300,12,0,0,4,0
2021-05-26,11355,15,39,11304,12,0,0,3,0
2021-05-27,11357,15,38,11307,12,0,0,3,0
2021-05-28,11360,15,37,11311,12,0,0,3,0
2021-05-29,11363,14,37,11314,12,0,0,3,0
2021-05-30,11366,14,36,11318,12,0,0,3,0
2021-05-31,11369,14,36,11321,12,0,0,3,0
2021-06-01,11371,14,35,11324,12,0,0,3,0
2021-06-02,11374,14,35,11327,12,0,0,3,0
2021-06-03,11376,13,34,11330,12,0,0,3,0
2021-06-04,11380,13,34,11334,12,0,0,3,0
2021-06-05,11382,13,33,11337,12,0,0,3,0
2021-06-06,11385,13,33,11340,12,0,0,3,0
2021-06-07,11387,13,32,11343,12,0,0,3,0
2021-06-08,11390,13,32,11346,12,0,0,3,0
2021-06-09,11392,12,32,11348,12,0,0,3,0
2021-06-10,11394,12,31,11351,12,0,0,3,0
2021-06-11,11397,12,31,11354,12,0,0,3,0
2021-06-12,11399,12,30,11357,12,0,0,3,0
2021-06-13,11402,12,30,11360,12,0,0,3,0
2021-06-14,11403,11,29,11362,12,0,0,3,0
