Date,Infected,Exposed,Active,Recovered,Deaths,Diff Exposed,Diff Active,Diff Recovered,Diff Deaths
2020-06-23,297,60,79,217,1,0,5,7,0
2020-06-24,309,58,83,225,1,0,4,8,0
2020-06-25,320,57,87,232,1,0,3,8,0
2020-06-26,331,56,90,240,1,0,3,8,0
2020-06-27,342,56,93,248,1,0,3,8,0
2020-06-28,353,56,95,257,1,0,2,9,0
2020-06-29,364,56,97,266,1,0,2,9,0
2020-06-30,375,57,99,275,1,1,2,9,0
2020-07-01,386,57,101,284,1,1,2,9,0
2020-07-02,397,58,103,293,1,1,2,9,0
2020-07-03,408,59,105,302,1,1,2,10,0
2020-07-04,420,60,107,312,1,1,2,10,0
2020-07-05,432,61,109,322,1,1,2,10,0
2020-07-06,444,62,111,332,1,1,2,10,0
2020-07-07,456,63,113,342,1,1,2,10,0
2020-07-08,468,64,115,352,1,1,2,10,0
2020-07-09,481,65,117,363,1,1,2,11,0
2020-07-10,493,66,119,373,1,1,2,11,0
2020-07-11,506,67,121,384,1,1,2,11,0
2020-07-12,519,68,123,395,1,1,2,11,0
2020-07-13,534,69,126,407,1,1,2,11,0
2020-07-14,547,70,128,418,1,1,2,12,0
2020-07-15,561,71,130,430,1,1,2,12,0
2020-07-16,575,72,132,442,1,1,2,12,0
2020-07-17,589,74,134,454,1,1,2,12,0
2020-07-18,604,75,136,466,2,1,2,12,0
2020-07-19,619,76,139,478,2,1,2,13,0
2020-07-20,634,77,141,491,2,1,2,13,0
2020-07-21,649,78,143,504,2,1,2,13,0
2020-07-22,665,80,146,517,2,1,2,13,0
2020-07-23,680,81,148,530,2,1,2,13,0
2020-07-24,697,82,151,544,2,1,2,14,0
2020-07-25,712,84,153,557,2,1,2,14,0
2020-07-26,729,85,156,571,2,1,3,14,0
2020-07-27,745,86,158,585,2,1,3,14,0
2020-07-28,763,88,161,600,2,1,3,15,0
2020-07-29,780,89,163,615,2,1,3,15,0
2020-07-30,797,90,166,629,2,1,3,15,0
2020-07-31,815,92,168,645,2,1,3,15,0
2020-08-01,833,93,171,660,2,1,3,15,0
2020-08-02,851,94,174,675,2,1,3,16,0
2020-08-03,869,96,176,691,2,1,3,16,0
2020-08-04,888,97,179,707,2,1,3,16,0
2020-08-05,908,99,182,724,2,1,3,16,0
2020-08-06,927,100,185,740,2,1,3,17,0
2020-08-07,947,102,188,757,2,1,3,17,0
2020-08-08,968,103,191,774,3,1,3,17,0
2020-08-09,988,105,193,792,3,2,3,18,0
2020-08-10,1008,106,196,809,3,2,3,18,0
2020-08-11,1029,108,199,827,3,2,3,18,0
2020-08-12,1050,109,202,845,3,2,3,18,0
2020-08-13,1072,111,205,864,3,2,3,19,0
2020-08-14,1093,112,208,882,3,2,3,19,0
2020-08-15,1115,114,211,901,3,2,3,19,0
2020-08-16,1139,115,215,921,3,2,3,19,0
2020-08-17,1161,117,218,940,3,2,3,20,0
2020-08-18,1184,119,221,960,3,2,3,20,0
2020-08-19,1207,120,224,980,3,2,3,20,0
2020-08-20,1231,122,227,1001,3,2,3,21,0
2020-08-21,1254,123,230,1021,3,2,3,21,0
2020-08-22,1279,125,234,1042,3,2,3,21,0
2020-08-23,1304,127,237,1064,3,2,3,21,0
2020-08-24,1329,128,240,1085,4,2,3,22,0
2020-08-25,1355,130,244,1107,4,2,3,22,0
2020-08-26,1380,132,247,1129,4,2,3,22,0
2020-08-27,1406,133,250,1152,4,2,3,23,0
2020-08-28,1433,135,254,1175,4,2,3,23,0
2020-08-29,1459,137,257,1198,4,2,3,23,0
2020-08-30,1486,138,261,1221,4,2,3,24,0
2020-08-31,1513,140,264,1245,4,2,3,24,0
2020-09-01,1541,142,268,1269,4,2,3,24,0
2020-09-02,1568,143,271,1293,4,2,3,25,0
2020-09-03,1596,145,274,1318,4,2,4,25,0
2020-09-04,1625,147,278,1343,4,2,4,25,0
2020-09-05,1654,149,282,1368,4,2,4,26,0
2020-09-06,1684,150,285,1394,5,2,4,26,0
2020-09-07,1714,152,289,1420,5,2,4,26,0
2020-09-08,1743,154,292,1446,5,2,4,26,0
2020-09-09,1774,155,296,1473,5,2,4,27,0
2020-09-10,1804,157,299,1500,5,2,4,27,0
2020-09-11,1835,159,303,1527,5,2,4,27,0
2020-09-12,1865,160,306,1554,5,2,4,28,0
2020-09-13,1897,162,310,1582,5,2,4,28,0
2020-09-14,1930,164,314,1611,5,2,4,28,0
2020-09-15,1961,165,317,1639,5,2,4,29,0
2020-09-16,1994,167,321,1668,5,2,4,29,0
2020-09-17,2027,169,324,1697,6,2,4,29,0
2020-09-18,2061,170,328,1727,6,2,4,30,0
2020-09-19,2095,172,332,1757,6,2,4,30,0
2020-09-20,2128,174,335,1787,6,2,4,30,0
2020-09-21,2162,175,339,1817,6,2,4,31,0
2020-09-22,2196,177,342,1848,6,2,4,31,0
2020-09-23,2231,179,346,1879,6,2,4,31,0
2020-09-24,2267,180,350,1911,6,2,4,32,0
2020-09-25,2301,182,353,1942,6,2,4,32,0
2020-09-26,2338,183,357,1975,6,2,4,32,0
2020-09-27,2374,185,360,2007,7,2,4,33,0
2020-09-28,2411,186,364,2040,7,2,3,33,0
2020-09-29,2447,188,367,2073,7,2,3,33,0
2020-09-30,2484,189,371,2106,7,1,3,34,0
2020-10-01,2521,191,374,2140,7,1,3,34,0
2020-10-02,2559,192,378,2174,7,1,3,34,0
2020-10-03,2596,194,381,2208,7,1,3,35,0
2020-10-04,2634,195,384,2243,7,1,3,35,0
2020-10-05,2673,197,388,2278,7,1,3,35,0
2020-10-06,2712,198,391,2313,8,1,3,35,0
2020-10-07,2751,199,394,2349,8,1,3,36,0
2020-10-08,2789,201,397,2384,8,1,3,36,0
2020-10-09,2830,202,401,2421,8,1,3,36,0
2020-10-10,2869,203,404,2457,8,1,3,37,0
2020-10-11,2909,205,407,2494,8,1,3,37,0
2020-10-12,2949,206,410,2531,8,1,3,37,0
2020-10-13,2989,207,413,2568,8,1,3,37,0
2020-10-14,3030,208,416,2606,8,1,3,38,0
2020-10-15,3071,209,419,2643,9,1,3,38,0
2020-10-16,3112,210,422,2681,9,1,3,38,0
2020-10-17,3154,211,425,2720,9,1,3,39,0
2020-10-18,3195,213,428,2758,9,1,3,39,0
2020-10-19,3236,214,430,2797,9,1,3,39,0
2020-10-20,3278,215,433,2836,9,1,3,39,0
2020-10-21,3321,215,436,2876,9,1,3,39,0
2020-10-22,3362,216,438,2915,9,1,3,40,0
2020-10-23,3406,217,441,2955,10,1,3,40,0
2020-10-24,3448,218,443,2995,10,1,2,40,0
2020-10-25,3491,219,446,3035,10,1,2,40,0
2020-10-26,3534,220,448,3076,10,1,2,41,0
2020-10-27,3578,220,451,3117,10,1,2,41,0
2020-10-28,3620,221,453,3157,10,1,2,41,0
2020-10-29,3664,222,455,3199,10,1,2,41,0
2020-10-30,3708,222,457,3240,11,1,2,41,0
2020-10-31,3751,223,459,3281,11,1,2,42,0
2020-11-01,3795,223,461,3323,11,1,2,42,0
2020-11-02,3839,224,463,3365,11,0,2,42,0
2020-11-03,3883,224,465,3407,11,0,2,42,0
2020-11-04,3926,225,466,3449,11,0,2,42,0
2020-11-05,3970,225,468,3491,11,0,2,42,0
2020-11-06,4015,225,470,3534,11,0,2,43,0
2020-11-07,4059,226,471,3576,12,0,1,43,0
2020-11-08,4103,226,472,3619,12,0,1,43,0
2020-11-09,4148,226,474,3662,12,0,1,43,0
2020-11-10,4192,226,475,3705,12,0,1,43,0
2020-11-11,4236,226,476,3748,12,0,1,43,0
2020-11-12,4280,227,477,3791,12,0,1,43,0
2020-11-13,4325,227,478,3835,12,0,1,43,0
2020-11-14,4370,227,479,3878,13,0,1,43,0
2020-11-15,4414,227,480,3921,13,0,1,43,0
2020-11-16,4459,226,481,3965,13,0,1,44,0
2020-11-17,4502,226,481,4008,13,0,1,44,0
2020-11-18,4547,226,482,4052,13,0,1,44,0
2020-11-19,4592,226,483,4096,13,0,0,44,0
2020-11-20,4636,226,483,4140,13,0,0,44,0
2020-11-21,4680,225,483,4183,14,0,0,44,0
2020-11-22,4724,225,483,4227,14,0,0,44,0
2020-11-23,4769,225,484,4271,14,0,0,44,0
2020-11-24,4813,224,484,4315,14,0,0,44,0
2020-11-25,4857,224,484,4359,14,0,0,44,0
2020-11-26,4899,223,483,4402,14,0,0,44,0
2020-11-27,4943,223,483,4446,14,0,0,44,0
2020-11-28,4988,222,483,4490,15,0,0,44,0
2020-11-29,5032,222,483,4534,15,0,0,44,0
2020-11-30,5074,221,482,4577,15,0,0,44,0
2020-12-01,5118,220,482,4621,15,0,0,44,0
2020-12-02,5161,219,481,4665,15,0,0,44,0
2020-12-03,5203,219,480,4708,15,0,0,44,0
2020-12-04,5246,218,479,4752,15,0,0,43,0
2020-12-05,5289,217,478,4795,16,0,0,43,0
2020-12-06,5332,216,478,4838,16,0,0,43,0
2020-12-07,5374,215,476,4882,16,0,0,43,0
2020-12-08,5416,214,475,4925,16,0,0,43,0
2020-12-09,5458,213,474,4968,16,0,0,43,0
2020-12-10,5500,212,473,5011,16,0,0,43,0
2020-12-11,5541,211,471,5054,16,0,0,43,0
2020-12-12,5583,210,470,5096,17,0,0,43,0
2020-12-13,5624,209,468,5139,17,0,0,42,0
2020-12-14,5665,208,467,5181,17,0,0,42,0
2020-12-15,5705,207,465,5223,17,0,0,42,0
2020-12-16,5746,206,463,5266,17,0,0,42,0
2020-12-17,5786,204,462,5307,17,0,0,42,0
2020-12-18,5826,203,460,5349,17,0,0,42,0
2020-12-19,5867,202,458,5391,18,0,0,41,0
2020-12-20,5906,201,456,5432,18,0,0,41,0
2020-12-21,5945,199,454,5473,18,0,0,41,0
2020-12-22,5983,198,451,5514,18,0,0,41,0
2020-12-23,6022,197,449,5555,18,0,0,41,0
2020-12-24,6061,195,447,5596,18,0,0,40,0
2020-12-25,6099,194,445,5636,18,0,0,40,0
2020-12-26,6137,193,442,5677,18,0,0,40,0
2020-12-27,6176,191,440,5717,19,0,0,40,0
2020-12-28,6212,190,437,5756,19,0,0,40,0
2020-12-29,6250,188,435,5796,19,0,0,39,0
2020-12-30,6286,187,432,5835,19,0,0,39,0
2020-12-31,6322,185,429,5874,19,0,0,39,0
2021-01-01,6359,184,427,5913,19,0,0,39,0
2021-01-02,6395,182,424,5952,19,0,0,38,0
2021-01-03,6430,181,421,5990,19,0,0,38,0
2021-01-04,6466,179,418,6028,20,0,0,38,0
2021-01-05,6501,178,415,6066,20,0,0,38,0
2021-01-06,6535,176,412,6103,20,0,0,37,0
2021-01-07,6569,174,409,6140,20,0,0,37,0
2021-01-08,6603,173,406,6177,20,0,0,37,0
2021-01-09,6637,171,403,6214,20,0,0,37,0
2021-01-10,6671,170,400,6251,20,0,0,36,0
2021-01-11,6704,168,397,6287,20,0,0,36,0
2021-01-12,6738,166,394,6323,21,0,0,36,0
2021-01-13,6770,165,391,6358,21,0,0,35,0
2021-01-14,6802,163,387,6394,21,0,0,35,0
2021-01-15,6834,161,384,6429,21,0,0,35,0
2021-01-16,6865,160,381,6463,21,0,0,35,0
2021-01-17,6897,158,378,6498,21,0,0,34,0
2021-01-18,6927,157,374,6532,21,0,0,34,0
2021-01-19,6958,155,371,6566,21,0,0,34,0
2021-01-20,6988,153,368,6599,21,0,0,33,0
2021-01-21,7018,152,364,6632,22,0,0,33,0
2021-01-22,7048,150,361,6665,22,0,0,33,0
2021-01-23,7077,148,357,6698,22,0,0,32,0
2021-01-24,7106,147,354,6730,22,0,0,32,0
2021-01-25,7135,145,351,6762,22,0,0,32,0
2021-01-26,7163,143,347,6794,22,0,0,31,0
2021-01-27,7191,142,344,6825,22,0,0,31,0
2021-01-28,7218,140,340,6856,22,0,0,31,0
2021-01-29,7246,139,337,6887,22,0,0,31,0
2021-01-30,7272,137,333,6917,22,0,0,30,0
2021-01-31,7300,135,330,6947,23,0,0,30,0
2021-02-01,7326,134,326,6977,23,0,0,30,0
2021-02-02,7352,132,323,7006,23,0,0,29,0
2021-02-03,7378,130,319,7036,23,0,0,29,0
2021-02-04,7403,129,316,7064,23,0,0,29,0
2021-02-05,7429,127,313,7093,23,0,0,28,0
2021-02-06,7453,126,309,7121,23,0,0,28,0
2021-02-07,7478,124,306,7149,23,0,0,28,0
2021-02-08,7502,123,302,7177,23,0,0,27,0
2021-02-09,7526,121,299,7204,23,0,0,27,0
2021-02-10,7550,119,295,7231,24,0,0,27,0
2021-02-11,7573,118,292,7257,24,0,0,26,0
2021-02-12,7596,116,288,7284,24,0,0,26,0
2021-02-13,7619,115,285,7310,24,0,0,26,0
2021-02-14,7642,113,282,7336,24,0,0,26,0
2021-02-15,7663,112,278,7361,24,0,0,25,0
2021-02-16,7685,110,275,7386,24,0,0,25,0
2021-02-17,7707,109,272,7411,24,0,0,25,0
2021-02-18,7727,107,268,7435,24,0,0,24,0
2021-02-19,7749,106,265,7460,24,0,0,24,0
2021-02-20,7769,105,262,7483,24,0,0,24,0
2021-02-21,7789,103,258,7507,24,0,0,23,0
2021-02-22,7809,102,255,7530,24,0,0,23,0
2021-02-23,7830,100,252,7553,25,0,0,23,0
2021-02-24,7850,99,249,7576,25,0,0,23,0
2021-02-25,7868,97,245,7598,25,0,0,22,0
2021-02-26,7888,96,242,7621,25,0,0,22,0
2021-02-27,7906,95,239,7642,25,0,0,22,0
2021-02-28,7925,93,236,7664,25,0,0,21,0
2021-03-01,7943,92,233,7685,25,0,0,21,0
2021-03-02,7961,91,230,7706,25,0,0,21,0
2021-03-03,7979,89,227,7727,25,0,0,21,0
2021-03-04,7996,88,224,7747,25,0,0,20,0
2021-03-05,8014,87,221,7768,25,0,0,20,0
2021-03-06,8030,86,218,7787,25,0,0,20,0
2021-03-07,8047,84,215,7807,25,0,0,19,0
2021-03-08,8063,83,212,7826,25,0,0,19,0
2021-03-09,8080,82,209,7845,26,0,0,19,0
2021-03-10,8096,81,206,7864,26,0,0,19,0
2021-03-11,8112,79,203,7883,26,0,0,18,0
2021-03-12,8127,78,200,7901,26,0,0,18,0
2021-03-13,8142,77,197,7919,26,0,0,18,0
2021-03-14,8157,76,194,7937,26,0,0,18,0
2021-03-15,8172,75,192,7954,26,0,0,17,0
2021-03-16,8187,74,189,7972,26,0,0,17,0
2021-03-17,8201,73,186,7989,26,0,0,17,0
2021-03-18,8216,71,184,8006,26,0,0,17,0
2021-03-19,8229,70,181,8022,26,0,0,16,0
2021-03-20,8242,69,178,8038,26,0,0,16,0
2021-03-21,8256,68,176,8054,26,0,0,16,0
2021-03-22,8269,67,173,8070,26,0,0,16,0
2021-03-23,8282,66,170,8086,26,0,0,15,0
2021-03-24,8295,65,168,8101,26,0,0,15,0
2021-03-25,8307,64,165,8116,26,0,0,15,0
2021-03-26,8320,63,163,8131,26,0,0,15,0
2021-03-27,8333,62,161,8146,26,0,0,15,0
2021-03-28,8345,61,158,8160,27,0,0,14,0
2021-03-29,8358,60,156,8175,27,0,0,14,0
2021-03-30,8369,59,153,8189,27,0,0,14,0
2021-03-31,8381,58,151,8203,27,0,0,14,0
2021-04-01,8392,57,149,8216,27,0,0,13,0
2021-04-02,8403,56,146,8230,27,0,0,13,0
2021-04-03,8414,56,144,8243,27,0,0,13,0
2021-04-04,8425,55,142,8256,27,0,0,13,0
2021-04-05,8436,54,140,8269,27,0,0,13,0
2021-04-06,8446,53,138,8281,27,0,0,12,0
2021-04-07,8457,52,136,8294,27,0,0,12,0
2021-04-08,8466,51,133,8306,27,0,0,12,0
2021-04-09,8476,50,131,8318,27,0,0,12,0
2021-04-10,8486,50,129,8330,27,0,0,12,0
2021-04-11,8495,49,127,8341,27,0,0,12,0
2021-04-12,8505,48,125,8353,27,0,0,11,0
2021-04-13,8514,47,123,8364,27,0,0,11,0
2021-04-14,8523,46,121,8375,27,0,0,11,0
2021-04-15,8532,46,119,8386,27,0,0,11,0
2021-04-16,8541,45,117,8397,27,0,0,11,0
2021-04-17,8550,44,116,8407,27,0,0,10,0
2021-04-18,8559,43,114,8418,27,0,0,10,0
2021-04-19,8567,43,112,8428,27,0,0,10,0
2021-04-20,8575,42,110,8438,27,0,0,10,0
2021-04-21,8583,41,108,8448,27,0,0,10,0
2021-04-22,8592,41,107,8458,27,0,0,10,0
2021-04-23,8600,40,105,8467,28,0,0,10,0
2021-04-24,8608,39,103,8477,28,0,0,9,0
2021-04-25,8616,39,102,8486,28,0,0,9,0
2021-04-26,8623,38,100,8495,28,0,0,9,0
2021-04-27,8630,37,98,8504,28,0,0,9,0
2021-04-28,8638,37,97,8513,28,0,0,9,0
2021-04-29,8645,36,95,8522,28,0,0,9,0
2021-04-30,8651,35,93,8530,28,0,0,8,0
2021-05-01,8659,35,92,8539,28,0,0,8,0
2021-05-02,8665,34,90,8547,28,0,0,8,0
2021-05-03,8672,34,89,8555,28,0,0,8,0
2021-05-04,8678,33,87,8563,28,0,0,8,0
2021-05-05,8685,33,86,8571,28,0,0,8,0
2021-05-06,8692,32,85,8579,28,0,0,8,0
2021-05-07,8697,31,83,8586,28,0,0,8,0
2021-05-08,8704,31,82,8594,28,0,0,7,0
2021-05-09,8709,30,80,8601,28,0,0,7,0
2021-05-10,8716,30,79,8609,28,0,0,7,0
2021-05-11,8722,29,78,8616,28,0,0,7,0
2021-05-12,8727,29,76,8623,28,0,0,7,0
2021-05-13,8733,28,75,8630,28,0,0,7,0
2021-05-14,8738,28,74,8636,28,0,0,7,0
2021-05-15,8744,27,73,8643,28,0,0,7,0
2021-05-16,8749,27,71,8650,28,0,0,6,0
2021-05-17,8754,26,70,8656,28,0,0,6,0
2021-05-18,8759,26,69,8662,28,0,0,6,0
2021-05-19,8765,26,68,8669,28,0,0,6,0
2021-05-20,8770,25,67,8675,28,0,0,6,0
2021-05-21,8775,25,66,8681,28,0,0,6,0
2021-05-22,8779,24,64,8687,28,0,0,6,0
2021-05-23,8783,24,63,8692,28,0,0,6,0
2021-05-24,8788,23,62,8698,28,0,0,6,0
2021-05-25,8793,23,61,8704,28,0,0,6,0
2021-05-26,8797,23,60,8709,28,0,0,5,0
2021-05-27,8802,22,59,8715,28,0,0,5,0
2021-05-28,8806,22,58,8720,28,0,0,5,0
2021-05-29,8810,21,57,8725,28,0,0,5,0
2021-05-30,8814,21,56,8730,28,0,0,5,0
2021-05-31,8818,21,55,8735,28,0,0,5,0
2021-06-01,8822,20,54,8740,28,0,0,5,0
2021-06-02,8826,20,53,8745,28,0,0,5,0
2021-06-03,8830,20,52,8750,28,0,0,5,0
2021-06-04,8835,19,52,8755,28,0,0,5,0
2021-06-05,8838,19,51,8759,28,0,0,5,0
2021-06-06,8842,19,50,8764,28,0,0,5,0
2021-06-07,8846,18,49,8768,29,0,0,4,0
2021-06-08,8850,18,48,8773,29,0,0,4,0
2021-06-09,8853,18,47,8777,29,0,0,4,0
2021-06-10,8856,17,46,8781,29,0,0,4,0
2021-06-11,8861,17,46,8786,29,0,0,4,0
2021-06-12,8864,17,45,8790,29,0,0,4,0
2021-06-13,8867,16,44,8794,29,0,0,4,0
2021-06-14,8870,16,43,8798,29,0,0,4,0
2021-06-15,8873,16,42,8802,29,0,0,4,0
2021-06-16,8876,16,42,8805,29,0,0,4,0
2021-06-17,8879,15,41,8809,29,0,0,4,0
2021-06-18,8882,15,40,8813,29,0,0,4,0
