Date,Infected,Exposed,Active,Recovered,Deaths,Diff Exposed,Diff Active,Diff Recovered,Diff Deaths
2020-07-12,292,25,62,229,1,2,0,6,0
2020-07-13,297,27,61,235,1,1,0,6,0
2020-07-14,303,28,61,241,1,1,0,6,0
2020-07-15,308,29,61,246,1,1,0,6,0
2020-07-16,314,30,61,252,1,1,0,6,0
2020-07-17,320,31,62,257,1,1,0,6,0
2020-07-18,326,32,62,263,1,1,1,6,0
2020-07-19,333,32,63,269,1,1,1,6,0
2020-07-20,338,33,63,274,1,0,1,6,0
2020-07-21,345,33,64,280,1,0,1,6,0
2020-07-22,352,34,65,286,1,0,1,6,0
2020-07-23,358,34,65,292,1,0,1,6,0
2020-07-24,365,34,66,298,1,0,1,6,0
2020-07-25,372,35,67,304,1,0,1,6,0
2020-07-26,379,35,68,310,1,0,1,6,0
2020-07-27,385,36,68,316,1,0,1,6,0
2020-07-28,392,36,69,322,1,0,1,6,0
2020-07-29,400,36,70,329,1,0,1,6,0
2020-07-30,407,37,71,335,1,0,1,6,0
2020-07-31,414,37,72,341,1,0,1,6,0
2020-08-01,421,38,72,348,1,0,1,7,0
2020-08-02,429,38,73,355,1,0,1,7,0
2020-08-03,436,38,74,361,1,0,1,7,0
2020-08-04,444,39,75,368,1,0,1,7,0
2020-08-05,452,39,76,375,1,0,1,7,0
2020-08-06,459,39,76,382,1,0,1,7,0
2020-08-07,467,40,77,389,1,0,1,7,0
2020-08-08,475,40,78,396,1,0,1,7,0
2020-08-09,483,41,79,403,1,0,1,7,0
2020-08-10,491,41,80,410,1,0,1,7,0
2020-08-11,498,41,80,417,1,0,1,7,0
2020-08-12,506,42,81,424,1,0,1,7,0
2020-08-13,515,42,82,432,1,0,1,7,0
2020-08-14,523,42,83,439,1,0,1,8,0
2020-08-15,532,43,84,447,1,0,1,8,0
2020-08-16,539,43,84,454,1,0,1,8,0
2020-08-17,548,44,85,462,1,0,1,8,0
2020-08-18,557,44,86,470,1,0,1,8,0
2020-08-19,566,44,87,478,1,0,1,8,0
2020-08-20,573,45,87,485,1,0,1,8,0
2020-08-21,582,45,88,493,1,0,1,8,0
2020-08-22,591,45,89,501,1,0,1,8,0
2020-08-23,601,46,90,510,1,0,1,8,0
2020-08-24,610,46,91,518,1,0,1,8,0
2020-08-25,618,46,91,526,1,0,1,8,0
2020-08-26,627,47,92,534,1,0,1,8,0
2020-08-27,637,47,93,543,1,0,1,8,0
2020-08-28,646,47,94,551,1,0,1,8,0
2020-08-29,655,48,94,560,1,0,1,9,0
2020-08-30,664,48,95,568,1,0,1,9,0
2020-08-31,674,48,96,577,1,0,1,9,0
2020-09-01,684,49,97,586,1,0,1,9,0
2020-09-02,692,49,97,594,1,0,1,9,0
2020-09-03,702,49,98,603,1,0,1,9,0
2020-09-04,712,50,99,612,1,0,1,9,0
2020-09-05,723,50,100,621,2,0,1,9,0
2020-09-06,732,50,100,630,2,0,1,9,0
2020-09-07,742,50,101,639,2,0,1,9,0
2020-09-08,753,51,102,649,2,0,1,9,0
2020-09-09,762,51,102,658,2,0,1,9,0
2020-09-10,772,51,103,667,2,0,1,9,0
2020-09-11,782,51,104,676,2,0,1,9,0
2020-09-12,792,52,104,686,2,0,1,9,0
2020-09-13,802,52,105,695,2,0,1,10,0
2020-09-14,813,52,106,705,2,0,1,10,0
2020-09-15,823,52,106,715,2,0,1,10,0
2020-09-16,833,53,107,724,2,0,1,10,0
2020-09-17,844,53,108,734,2,0,1,10,0
2020-09-18,854,53,108,744,2,0,1,10,0
2020-09-19,865,53,109,754,2,0,1,10,0
2020-09-20,874,54,109,763,2,0,1,10,0
2020-09-21,885,54,110,773,2,0,1,10,0
2020-09-22,895,54,110,783,2,0,1,10,0
2020-09-23,906,54,111,793,2,0,1,10,0
2020-09-24,916,54,111,803,2,0,1,10,0
2020-09-25,928,55,112,814,2,0,1,10,0
2020-09-26,939,55,113,824,2,0,0,10,0
2020-09-27,949,55,113,834,2,0,0,10,0
2020-09-28,959,55,113,844,2,0,0,10,0
2020-09-29,971,55,114,855,2,0,0,10,0
2020-09-30,981,55,114,865,2,0,0,10,0
2020-10-01,992,55,115,875,2,0,0,10,0
2020-10-02,1003,56,115,886,2,0,0,10,0
2020-10-03,1014,56,116,896,2,0,0,10,0
2020-10-04,1025,56,116,907,2,0,0,11,0
2020-10-05,1035,56,116,917,2,0,0,11,0
2020-10-06,1047,56,117,928,2,0,0,11,0
2020-10-07,1057,56,117,938,2,0,0,11,0
2020-10-08,1068,56,117,949,2,0,0,11,0
2020-10-09,1080,56,118,960,2,0,0,11,0
2020-10-10,1090,56,118,970,2,0,0,11,0
2020-10-11,1101,56,118,981,2,0,0,11,0
2020-10-12,1113,56,119,992,2,0,0,11,0
2020-10-13,1124,56,119,1003,2,0,0,11,0
2020-10-14,1134,56,119,1013,2,0,0,11,0
2020-10-15,1146,56,119,1024,3,0,0,11,0
2020-10-16,1157,56,119,1035,3,0,0,11,0
2020-10-17,1169,56,120,1046,3,0,0,11,0
2020-10-18,1180,56,120,1057,3,0,0,11,0
2020-10-19,1191,56,120,1068,3,0,0,11,0
2020-10-20,1201,56,120,1078,3,0,0,11,0
2020-10-21,1212,56,120,1089,3,0,0,11,0
2020-10-22,1223,56,120,1100,3,0,0,11,0
2020-10-23,1234,56,120,1111,3,0,0,11,0
2020-10-24,1245,56,120,1122,3,0,0,11,0
2020-10-25,1257,56,121,1133,3,0,0,11,0
2020-10-26,1268,56,121,1144,3,0,0,11,0
2020-10-27,1279,56,121,1155,3,0,0,11,0
2020-10-28,1290,56,121,1166,3,0,0,11,0
2020-10-29,1301,56,121,1177,3,0,0,11,0
2020-10-30,1311,56,120,1188,3,0,0,11,0
2020-10-31,1322,55,120,1199,3,0,0,11,0
2020-11-01,1332,55,120,1209,3,0,0,11,0
2020-11-02,1343,55,120,1220,3,0,0,11,0
2020-11-03,1354,55,120,1231,3,0,0,11,0
2020-11-04,1365,55,120,1242,3,0,0,11,0
2020-11-05,1376,55,120,1253,3,0,0,11,0
2020-11-06,1387,55,120,1264,3,0,0,11,0
2020-11-07,1397,54,119,1275,3,0,0,11,0
2020-11-08,1408,54,119,1286,3,0,0,11,0
2020-11-09,1418,54,119,1296,3,0,0,11,0
2020-11-10,1429,54,119,1307,3,0,0,11,0
2020-11-11,1440,54,119,1318,3,0,0,11,0
2020-11-12,1450,53,118,1329,3,0,0,11,0
2020-11-13,1460,53,118,1339,3,0,0,11,0
2020-11-14,1471,53,118,1350,3,0,0,11,0
2020-11-15,1481,53,117,1361,3,0,0,11,0
2020-11-16,1491,53,117,1371,3,0,0,11,0
2020-11-17,1502,52,117,1382,3,0,0,11,0
2020-11-18,1512,52,116,1393,3,0,0,11,0
2020-11-19,1522,52,116,1403,3,0,0,11,0
2020-11-20,1533,52,116,1414,3,0,0,10,0
2020-11-21,1542,51,115,1424,3,0,0,10,0
2020-11-22,1554,51,115,1435,4,0,0,10,0
2020-11-23,1563,51,114,1445,4,0,0,10,0
2020-11-24,1573,51,114,1455,4,0,0,10,0
2020-11-25,1584,50,114,1466,4,0,0,10,0
2020-11-26,1593,50,113,1476,4,0,0,10,0
2020-11-27,1603,50,113,1486,4,0,0,10,0
2020-11-28,1612,49,112,1496,4,0,0,10,0
2020-11-29,1623,49,112,1507,4,0,0,10,0
2020-11-30,1632,49,111,1517,4,0,0,10,0
2020-12-01,1642,49,111,1527,4,0,0,10,0
2020-12-02,1651,48,110,1537,4,0,0,10,0
2020-12-03,1660,48,109,1547,4,0,0,10,0
2020-12-04,1670,48,109,1557,4,0,0,10,0
2020-12-05,1679,47,108,1567,4,0,0,10,0
2020-12-06,1688,47,108,1576,4,0,0,10,0
2020-12-07,1697,47,107,1586,4,0,0,10,0
2020-12-08,1707,46,107,1596,4,0,0,10,0
2020-12-09,1715,46,106,1605,4,0,0,10,0
2020-12-10,1724,46,105,1615,4,0,0,10,0
2020-12-11,1734,45,105,1625,4,0,0,9,0
2020-12-12,1742,45,104,1634,4,0,0,9,0
2020-12-13,1750,45,103,1643,4,0,0,9,0
2020-12-14,1760,44,103,1653,4,0,0,9,0
2020-12-15,1768,44,102,1662,4,0,0,9,0
2020-12-16,1776,44,101,1671,4,0,0,9,0
2020-12-17,1785,43,101,1680,4,0,0,9,0
2020-12-18,1794,43,100,1690,4,0,0,9,0
2020-12-19,1802,43,99,1699,4,0,0,9,0
2020-12-20,1811,42,99,1708,4,0,0,9,0
2020-12-21,1819,42,98,1717,4,0,0,9,0
2020-12-22,1826,41,97,1725,4,0,0,9,0
2020-12-23,1835,41,97,1734,4,0,0,9,0
2020-12-24,1843,41,96,1743,4,0,0,9,0
2020-12-25,1851,40,95,1752,4,0,0,9,0
2020-12-26,1858,40,94,1760,4,0,0,9,0
2020-12-27,1867,40,94,1769,4,0,0,8,0
2020-12-28,1874,39,93,1777,4,0,0,8,0
2020-12-29,1882,39,92,1786,4,0,0,8,0
2020-12-30,1889,39,91,1794,4,0,0,8,0
2020-12-31,1897,38,91,1802,4,0,0,8,0
2021-01-01,1904,38,90,1810,4,0,0,8,0
2021-01-02,1911,37,89,1818,4,0,0,8,0
2021-01-03,1919,37,88,1827,4,0,0,8,0
2021-01-04,1927,37,88,1835,4,0,0,8,0
2021-01-05,1934,36,87,1842,5,0,0,8,0
2021-01-06,1941,36,86,1850,5,0,0,8,0
2021-01-07,1948,36,85,1858,5,0,0,8,0
2021-01-08,1955,35,84,1866,5,0,0,8,0
2021-01-09,1962,35,84,1873,5,0,0,8,0
2021-01-10,1969,35,83,1881,5,0,0,8,0
2021-01-11,1975,34,82,1888,5,0,0,7,0
2021-01-12,1982,34,81,1896,5,0,0,7,0
2021-01-13,1989,33,81,1903,5,0,0,7,0
2021-01-14,1996,33,80,1911,5,0,0,7,0
2021-01-15,2002,33,79,1918,5,0,0,7,0
2021-01-16,2008,32,78,1925,5,0,0,7,0
2021-01-17,2015,32,78,1932,5,0,0,7,0
2021-01-18,2021,32,77,1939,5,0,0,7,0
2021-01-19,2027,31,76,1946,5,0,0,7,0
2021-01-20,2033,31,75,1953,5,0,0,7,0
2021-01-21,2039,31,74,1960,5,0,0,7,0
2021-01-22,2045,30,74,1966,5,0,0,7,0
2021-01-23,2051,30,73,1973,5,0,0,7,0
2021-01-24,2057,30,72,1980,5,0,0,7,0
2021-01-25,2062,29,71,1986,5,0,0,6,0
2021-01-26,2068,29,71,1992,5,0,0,6,0
2021-01-27,2074,29,70,1999,5,0,0,6,0
2021-01-28,2079,28,69,2005,5,0,0,6,0
2021-01-29,2084,28,68,2011,5,0,0,6,0
2021-01-30,2091,28,68,2018,5,0,0,6,0
2021-01-31,2096,27,67,2024,5,0,0,6,0
2021-02-01,2101,27,66,2030,5,0,0,6,0
2021-02-02,2106,27,65,2036,5,0,0,6,0
2021-02-03,2112,26,65,2042,5,0,0,6,0
2021-02-04,2116,26,64,2047,5,0,0,6,0
2021-02-05,2121,26,63,2053,5,0,0,6,0
2021-02-06,2126,25,62,2059,5,0,0,6,0
2021-02-07,2132,25,62,2065,5,0,0,6,0
2021-02-08,2136,25,61,2070,5,0,0,6,0
2021-02-09,2141,24,60,2076,5,0,0,5,0
2021-02-10,2146,24,60,2081,5,0,0,5,0
2021-02-11,2151,24,59,2087,5,0,0,5,0
2021-02-12,2155,23,58,2092,5,0,0,5,0
2021-02-13,2160,23,58,2097,5,0,0,5,0
2021-02-14,2164,23,57,2102,5,0,0,5,0
2021-02-15,2168,23,56,2107,5,0,0,5,0
2021-02-16,2172,22,55,2112,5,0,0,5,0
2021-02-17,2177,22,55,2117,5,0,0,5,0
2021-02-18,2181,22,54,2122,5,0,0,5,0
2021-02-19,2185,21,53,2127,5,0,0,5,0
2021-02-20,2190,21,53,2132,5,0,0,5,0
2021-02-21,2194,21,52,2137,5,0,0,5,0
2021-02-22,2199,21,52,2142,5,0,0,5,0
2021-02-23,2202,20,51,2146,5,0,0,5,0
2021-02-24,2206,20,50,2151,5,0,0,5,0
2021-02-25,2210,20,50,2155,5,0,0,4,0
2021-02-26,2214,20,49,2160,5,0,0,4,0
2021-02-27,2217,19,48,2164,5,0,0,4,0
2021-02-28,2222,19,48,2169,5,0,0,4,0
2021-03-01,2225,19,47,2173,5,0,0,4,0
2021-03-02,2229,18,47,2177,5,0,0,4,0
2021-03-03,2232,18,46,2181,5,0,0,4,0
2021-03-04,2236,18,45,2186,5,0,0,4,0
2021-03-05,2240,18,45,2190,5,0,0,4,0
2021-03-06,2243,17,44,2194,5,0,0,4,0
2021-03-07,2247,17,44,2198,5,0,0,4,0
2021-03-08,2250,17,43,2202,5,0,0,4,0
2021-03-09,2252,17,42,2205,5,0,0,4,0
2021-03-10,2256,17,42,2209,5,0,0,4,0
2021-03-11,2259,16,41,2213,5,0,0,4,0
2021-03-12,2263,16,41,2217,5,0,0,4,0
2021-03-13,2266,16,40,2221,5,0,0,4,0
2021-03-14,2269,16,40,2224,5,0,0,4,0
2021-03-15,2272,15,39,2228,5,0,0,4,0
2021-03-16,2275,15,39,2231,5,0,0,3,0
2021-03-17,2278,15,38,2235,5,0,0,3,0
2021-03-18,2281,15,38,2238,5,0,0,3,0
2021-03-19,2284,15,37,2242,5,0,0,3,0
2021-03-20,2287,14,37,2245,5,0,0,3,0
2021-03-21,2289,14,36,2248,5,0,0,3,0
2021-03-22,2293,14,36,2251,6,0,0,3,0
2021-03-23,2296,14,35,2255,6,0,0,3,0
2021-03-24,2299,14,35,2258,6,0,0,3,0
2021-03-25,2301,13,34,2261,6,0,0,3,0
2021-03-26,2304,13,34,2264,6,0,0,3,0
2021-03-27,2306,13,33,2267,6,0,0,3,0
2021-03-28,2309,13,33,2270,6,0,0,3,0
2021-03-29,2311,13,32,2273,6,0,0,3,0
2021-03-30,2314,12,32,2276,6,0,0,3,0
2021-03-31,2316,12,31,2279,6,0,0,3,0
2021-04-01,2319,12,31,2282,6,0,0,3,0
2021-04-02,2320,12,30,2284,6,0,0,3,0
2021-04-03,2323,12,30,2287,6,0,0,3,0
2021-04-04,2326,12,30,2290,6,0,0,3,0
2021-04-05,2327,11,29,2292,6,0,0,3,0
2021-04-06,2330,11,29,2295,6,0,0,3,0
2021-04-07,2332,11,28,2298,6,0,0,3,0
2021-04-08,2334,11,28,2300,6,0,0,3,0
2021-04-09,2336,11,27,2303,6,0,0,2,0
2021-04-10,2338,11,27,2305,6,0,0,2,0
2021-04-11,2341,10,27,2308,6,0,0,2,0
2021-04-12,2342,10,26,2310,6,0,0,2,0
2021-04-13,2344,10,26,2312,6,0,0,2,0
2021-04-14,2347,10,26,2315,6,0,0,2,0
2021-04-15,2348,10,25,2317,6,0,0,2,0
2021-04-16,2350,10,25,2319,6,0,0,2,0
2021-04-17,2352,10,24,2322,6,0,0,2,0
2021-04-18,2354,9,24,2324,6,0,0,2,0
2021-04-19,2356,9,24,2326,6,0,0,2,0
2021-04-20,2357,9,23,2328,6,0,0,2,0
2021-04-21,2359,9,23,2330,6,0,0,2,0
2021-04-22,2361,9,23,2332,6,0,0,2,0
2021-04-23,2362,9,22,2334,6,0,0,2,0
2021-04-24,2364,9,22,2336,6,0,0,2,0
2021-04-25,2366,8,22,2338,6,0,0,2,0
2021-04-26,2367,8,21,2340,6,0,0,2,0
2021-04-27,2369,8,21,2342,6,0,0,2,0
2021-04-28,2371,8,21,2344,6,0,0,2,0
2021-04-29,2372,8,20,2346,6,0,0,2,0
2021-04-30,2374,8,20,2348,6,0,0,2,0
2021-05-01,2376,8,20,2350,6,0,0,2,0
2021-05-02,2377,8,20,2351,6,0,0,2,0
2021-05-03,2378,7,19,2353,6,0,0,2,0
2021-05-04,2380,7,19,2355,6,0,0,2,0
2021-05-05,2382,7,19,2357,6,0,0,2,0
2021-05-06,2382,7,18,2358,6,0,0,2,0
2021-05-07,2384,7,18,2360,6,0,0,2,0
2021-05-08,2386,7,18,2362,6,0,0,2,0
2021-05-09,2387,7,18,2363,6,0,0,2,0
2021-05-10,2388,7,17,2365,6,0,0,2,0
2021-05-11,2389,7,17,2366,6,0,0,2,0
2021-05-12,2391,6,17,2368,6,0,0,2,0
2021-05-13,2392,6,17,2369,6,0,0,1,0
2021-05-14,2393,6,16,2371,6,0,0,1,0
2021-05-15,2394,6,16,2372,6,0,0,1,0
2021-05-16,2396,6,16,2374,6,0,0,1,0
2021-05-17,2397,6,16,2375,6,0,0,1,0
2021-05-18,2398,6,15,2377,6,0,0,1,0
2021-05-19,2399,6,15,2378,6,0,0,1,0
2021-05-20,2400,6,15,2379,6,0,0,1,0
2021-05-21,2402,6,15,2381,6,0,0,1,0
2021-05-22,2402,6,14,2382,6,0,0,1,0
2021-05-23,2403,5,14,2383,6,0,0,1,0
2021-05-24,2405,5,14,2385,6,0,0,1,0
2021-05-25,2406,5,14,2386,6,0,0,1,0
2021-05-26,2407,5,14,2387,6,0,0,1,0
2021-05-27,2407,5,13,2388,6,0,0,1,0
2021-05-28,2409,5,13,2390,6,0,0,1,0
2021-05-29,2410,5,13,2391,6,0,0,1,0
2021-05-30,2411,5,13,2392,6,0,0,1,0
2021-05-31,2412,5,13,2393,6,0,0,1,0
2021-06-01,2412,5,12,2394,6,0,0,1,0
2021-06-02,2413,5,12,2395,6,0,0,1,0
2021-06-03,2414,5,12,2396,6,0,0,1,0
2021-06-04,2415,5,12,2397,6,0,0,1,0
2021-06-05,2417,4,12,2399,6,0,0,1,0
2021-06-06,2417,4,11,2400,6,0,0,1,0
2021-06-07,2418,4,11,2401,6,0,0,1,0
2021-06-08,2419,4,11,2402,6,0,0,1,0
2021-06-09,2420,4,11,2403,6,0,0,1,0
2021-06-10,2421,4,11,2404,6,0,0,1,0
2021-06-11,2422,4,11,2405,6,0,0,1,0
2021-06-12,2421,4,10,2405,6,0,0,1,0
2021-06-13,2422,4,10,2406,6,0,0,1,0
2021-06-14,2423,4,10,2407,6,0,0,1,0
2021-06-15,2424,4,10,2408,6,0,0,1,0
2021-06-16,2425,4,10,2409,6,0,0,1,0
2021-06-17,2426,4,10,2410,6,0,0,1,0
2021-06-18,2426,4,9,2411,6,0,0,1,0
2021-06-19,2427,4,9,2412,6,0,0,1,0
2021-06-20,2428,3,9,2413,6,0,0,1,0
2021-06-21,2428,3,9,2413,6,0,0,1,0
2021-06-22,2429,3,9,2414,6,0,0,1,0
2021-06-23,2430,3,9,2415,6,0,0,1,0
2021-06-24,2431,3,9,2416,6,0,0,1,0
2021-06-25,2431,3,8,2417,6,0,0,1,0
2021-06-26,2431,3,8,2417,6,0,0,1,0
2021-06-27,2432,3,8,2418,6,0,0,1,0
2021-06-28,2433,3,8,2419,6,0,0,1,0
2021-06-29,2434,3,8,2420,6,0,0,1,0
2021-06-30,2434,3,8,2420,6,0,0,1,0
2021-07-01,2435,3,8,2421,6,0,0,1,0
2021-07-02,2436,3,8,2422,6,0,0,1,0
2021-07-03,2435,3,7,2422,6,0,0,1,0
2021-07-04,2436,3,7,2423,6,0,0,1,0
2021-07-05,2437,3,7,2424,6,0,0,1,0
2021-07-06,2437,3,7,2424,6,0,0,1,0
2021-07-07,2438,3,7,2425,6,0,0,1,0
