Date,Infected,Exposed,Active,Recovered,Deaths,Diff Exposed,Diff Active,Diff Recovered,Diff Deaths
2020-07-11,190,7,42,147,1,4,0,4,0
2020-07-12,192,10,40,151,1,3,0,4,0
2020-07-13,194,13,38,155,1,2,0,3,0
2020-07-14,197,15,38,158,1,2,0,3,0
2020-07-15,200,16,37,162,1,1,0,3,0
2020-07-16,203,17,37,165,1,1,0,3,0
2020-07-17,206,18,37,168,1,1,0,3,0
2020-07-18,210,19,37,172,1,1,0,3,0
2020-07-19,214,20,38,175,1,1,0,3,0
2020-07-20,218,21,38,179,1,1,1,3,0
2020-07-21,222,21,39,182,1,1,1,4,0
2020-07-22,227,22,40,186,1,1,1,4,0
2020-07-23,230,22,40,189,1,0,1,4,0
2020-07-24,235,23,41,193,1,0,1,4,0
2020-07-25,240,23,42,197,1,0,1,4,0
2020-07-26,243,24,42,200,1,0,1,4,0
2020-07-27,248,24,43,204,1,0,1,4,0
2020-07-28,253,24,44,208,1,0,1,4,0
2020-07-29,258,25,45,212,1,0,1,4,0
2020-07-30,263,25,46,216,1,0,1,4,0
2020-07-31,267,26,46,220,1,0,1,4,0
2020-08-01,273,26,47,225,1,0,1,4,0
2020-08-02,278,27,48,229,1,0,1,4,0
2020-08-03,283,27,49,233,1,0,1,4,0
2020-08-04,289,28,50,238,1,0,1,5,0
2020-08-05,294,28,51,242,1,0,1,5,0
2020-08-06,300,29,52,247,1,0,1,5,0
2020-08-07,306,29,53,252,1,0,1,5,0
2020-08-08,312,30,54,257,1,0,1,5,0
2020-08-09,316,30,54,261,1,0,1,5,0
2020-08-10,322,31,55,266,1,0,1,5,0
2020-08-11,328,31,56,271,1,0,1,5,0
2020-08-12,335,32,57,277,1,0,1,5,0
2020-08-13,341,32,58,282,1,1,1,5,0
2020-08-14,347,33,59,287,1,1,1,5,0
2020-08-15,353,33,60,292,1,1,1,5,0
2020-08-16,360,34,61,298,1,1,1,6,0
2020-08-17,367,34,62,304,1,1,1,6,0
2020-08-18,373,35,63,309,1,1,1,6,0
2020-08-19,380,35,64,315,1,1,1,6,0
2020-08-20,387,36,65,321,1,1,1,6,0
2020-08-21,394,36,66,327,1,1,1,6,0
2020-08-22,401,37,67,333,1,1,1,6,0
2020-08-23,409,37,69,339,1,1,1,6,0
2020-08-24,416,38,70,345,1,1,1,6,0
2020-08-25,424,38,71,352,1,1,1,6,0
2020-08-26,431,39,72,358,1,1,1,6,0
2020-08-27,439,39,73,365,1,1,1,7,0
2020-08-28,446,40,74,371,1,1,1,7,0
2020-08-29,454,40,75,378,1,1,1,7,0
2020-08-30,462,41,76,385,1,1,1,7,0
2020-08-31,470,41,77,392,1,1,1,7,0
2020-09-01,479,42,78,399,2,1,1,7,0
2020-09-02,487,43,79,406,2,1,1,7,0
2020-09-03,496,43,81,413,2,1,1,7,0
2020-09-04,504,44,82,420,2,1,1,7,0
2020-09-05,513,44,83,428,2,1,1,7,0
2020-09-06,521,45,84,435,2,1,1,8,0
2020-09-07,530,45,85,443,2,1,1,8,0
2020-09-08,539,46,86,451,2,1,1,8,0
2020-09-09,548,46,87,459,2,1,1,8,0
2020-09-10,557,47,88,467,2,1,1,8,0
2020-09-11,566,47,89,475,2,1,1,8,0
2020-09-12,576,48,91,483,2,0,1,8,0
2020-09-13,585,48,92,491,2,0,1,8,0
2020-09-14,594,49,93,499,2,0,1,8,0
2020-09-15,604,49,94,508,2,0,1,9,0
2020-09-16,613,50,95,516,2,0,1,9,0
2020-09-17,623,50,96,525,2,0,1,9,0
2020-09-18,633,51,97,534,2,0,1,9,0
2020-09-19,643,51,98,543,2,0,1,9,0
2020-09-20,653,51,99,552,2,0,1,9,0
2020-09-21,663,52,100,561,2,0,1,9,0
2020-09-22,673,52,101,570,2,0,1,9,0
2020-09-23,684,53,103,579,2,0,1,9,0
2020-09-24,694,53,104,588,2,0,1,9,0
2020-09-25,705,54,105,598,2,0,1,9,0
2020-09-26,715,54,106,607,2,0,1,10,0
2020-09-27,726,54,107,617,2,0,1,10,0
2020-09-28,736,55,108,626,2,0,1,10,0
2020-09-29,747,55,109,636,2,0,1,10,0
2020-09-30,757,56,109,646,2,0,1,10,0
2020-10-01,768,56,110,656,2,0,1,10,0
2020-10-02,780,56,111,666,3,0,1,10,0
2020-10-03,791,57,112,676,3,0,1,10,0
2020-10-04,802,57,113,686,3,0,1,10,0
2020-10-05,814,57,114,697,3,0,1,10,0
2020-10-06,825,58,115,707,3,0,1,10,0
2020-10-07,836,58,116,717,3,0,1,10,0
2020-10-08,847,58,116,728,3,0,1,11,0
2020-10-09,858,58,117,738,3,0,1,11,0
2020-10-10,870,59,118,749,3,0,1,11,0
2020-10-11,882,59,119,760,3,0,1,11,0
2020-10-12,894,59,120,771,3,0,1,11,0
2020-10-13,904,59,120,781,3,0,1,11,0
2020-10-14,916,59,121,792,3,0,1,11,0
2020-10-15,928,60,122,803,3,0,1,11,0
2020-10-16,939,60,122,814,3,0,1,11,0
2020-10-17,951,60,123,825,3,0,1,11,0
2020-10-18,963,60,123,837,3,0,1,11,0
2020-10-19,975,60,124,848,3,0,1,11,0
2020-10-20,986,60,124,859,3,0,0,11,0
2020-10-21,998,60,125,870,3,0,0,11,0
2020-10-22,1010,60,125,882,3,0,0,11,0
2020-10-23,1022,60,126,893,3,0,0,11,0
2020-10-24,1033,60,126,904,3,0,0,11,0
2020-10-25,1046,60,127,916,3,0,0,11,0
2020-10-26,1058,60,127,927,4,0,0,11,0
2020-10-27,1070,60,127,939,4,0,0,12,0
2020-10-28,1081,60,127,950,4,0,0,12,0
2020-10-29,1094,60,128,962,4,0,0,12,0
2020-10-30,1105,60,128,973,4,0,0,12,0
2020-10-31,1117,60,128,985,4,0,0,12,0
2020-11-01,1129,60,128,997,4,0,0,12,0
2020-11-02,1140,60,128,1008,4,0,0,12,0
2020-11-03,1153,60,129,1020,4,0,0,12,0
2020-11-04,1165,60,129,1032,4,0,0,12,0
2020-11-05,1176,60,129,1043,4,0,0,12,0
2020-11-06,1188,60,129,1055,4,0,0,12,0
2020-11-07,1200,59,129,1067,4,0,0,12,0
2020-11-08,1211,59,129,1078,4,0,0,12,0
2020-11-09,1222,59,128,1090,4,0,0,12,0
2020-11-10,1233,59,128,1101,4,0,0,12,0
2020-11-11,1245,59,128,1113,4,0,0,12,0
2020-11-12,1257,58,128,1125,4,0,0,12,0
2020-11-13,1268,58,128,1136,4,0,0,12,0
2020-11-14,1280,58,128,1148,4,0,0,12,0
2020-11-15,1290,58,127,1159,4,0,0,12,0
2020-11-16,1302,57,127,1171,4,0,0,11,0
2020-11-17,1313,57,127,1182,4,0,0,11,0
2020-11-18,1325,57,126,1194,5,0,0,11,0
2020-11-19,1336,56,126,1205,5,0,0,11,0
2020-11-20,1347,56,125,1217,5,0,0,11,0
2020-11-21,1358,56,125,1228,5,0,0,11,0
2020-11-22,1369,55,125,1239,5,0,0,11,0
2020-11-23,1380,55,124,1251,5,0,0,11,0
2020-11-24,1390,54,123,1262,5,0,0,11,0
2020-11-25,1401,54,123,1273,5,0,0,11,0
2020-11-26,1411,54,122,1284,5,0,0,11,0
2020-11-27,1422,53,122,1295,5,0,0,11,0
2020-11-28,1432,53,121,1306,5,0,0,11,0
2020-11-29,1442,52,120,1317,5,0,0,11,0
2020-11-30,1453,52,120,1328,5,0,0,11,0
2020-12-01,1463,52,119,1339,5,0,0,11,0
2020-12-02,1472,51,118,1349,5,0,0,11,0
2020-12-03,1483,51,118,1360,5,0,0,11,0
2020-12-04,1493,50,117,1371,5,0,0,11,0
2020-12-05,1502,50,116,1381,5,0,0,11,0
2020-12-06,1512,49,115,1392,5,0,0,10,0
2020-12-07,1521,49,114,1402,5,0,0,10,0
2020-12-08,1532,48,114,1413,5,0,0,10,0
2020-12-09,1541,48,113,1423,5,0,0,10,0
2020-12-10,1550,47,112,1433,5,0,0,10,0
2020-12-11,1559,47,111,1443,5,0,0,10,0
2020-12-12,1569,46,110,1453,6,0,0,10,0
2020-12-13,1578,46,109,1463,6,0,0,10,0
2020-12-14,1587,45,108,1473,6,0,0,10,0
2020-12-15,1596,45,107,1483,6,0,0,10,0
2020-12-16,1604,44,106,1492,6,0,0,10,0
2020-12-17,1613,44,105,1502,6,0,0,10,0
2020-12-18,1622,43,104,1512,6,0,0,9,0
2020-12-19,1630,43,103,1521,6,0,0,9,0
2020-12-20,1638,42,102,1530,6,0,0,9,0
2020-12-21,1647,42,101,1540,6,0,0,9,0
2020-12-22,1655,41,100,1549,6,0,0,9,0
2020-12-23,1663,41,99,1558,6,0,0,9,0
2020-12-24,1671,40,98,1567,6,0,0,9,0
2020-12-25,1679,40,97,1576,6,0,0,9,0
2020-12-26,1686,39,96,1584,6,0,0,9,0
2020-12-27,1694,39,95,1593,6,0,0,9,0
2020-12-28,1702,38,94,1602,6,0,0,9,0
2020-12-29,1709,38,93,1610,6,0,0,8,0
2020-12-30,1717,37,92,1619,6,0,0,8,0
2020-12-31,1724,37,91,1627,6,0,0,8,0
2021-01-01,1731,36,90,1635,6,0,0,8,0
2021-01-02,1738,36,89,1643,6,0,0,8,0
2021-01-03,1745,35,88,1651,6,0,0,8,0
2021-01-04,1752,35,87,1659,6,0,0,8,0
2021-01-05,1759,34,86,1667,6,0,0,8,0
2021-01-06,1766,34,85,1675,6,0,0,8,0
2021-01-07,1772,33,84,1682,6,0,0,8,0
2021-01-08,1778,33,82,1690,6,0,0,7,0
2021-01-09,1784,32,81,1697,6,0,0,7,0
2021-01-10,1791,32,80,1705,6,0,0,7,0
2021-01-11,1797,31,79,1712,6,0,0,7,0
2021-01-12,1804,31,78,1719,7,0,0,7,0
2021-01-13,1810,30,77,1726,7,0,0,7,0
2021-01-14,1816,30,76,1733,7,0,0,7,0
2021-01-15,1822,29,75,1740,7,0,0,7,0
2021-01-16,1828,29,74,1747,7,0,0,7,0
2021-01-17,1833,29,73,1753,7,0,0,7,0
2021-01-18,1839,28,72,1760,7,0,0,7,0
2021-01-19,1844,28,71,1766,7,0,0,6,0
2021-01-20,1850,27,70,1773,7,0,0,6,0
2021-01-21,1855,27,69,1779,7,0,0,6,0
2021-01-22,1860,26,68,1785,7,0,0,6,0
2021-01-23,1865,26,67,1791,7,0,0,6,0
2021-01-24,1870,26,66,1797,7,0,0,6,0
2021-01-25,1875,25,65,1803,7,0,0,6,0
2021-01-26,1880,25,64,1809,7,0,0,6,0
2021-01-27,1885,24,63,1815,7,0,0,6,0
2021-01-28,1890,24,62,1821,7,0,0,6,0
2021-01-29,1894,23,61,1826,7,0,0,6,0
2021-01-30,1899,23,60,1832,7,0,0,5,0
2021-01-31,1903,23,59,1837,7,0,0,5,0
2021-02-01,1908,22,58,1843,7,0,0,5,0
2021-02-02,1912,22,57,1848,7,0,0,5,0
2021-02-03,1916,22,56,1853,7,0,0,5,0
2021-02-04,1921,21,56,1858,7,0,0,5,0
2021-02-05,1925,21,55,1863,7,0,0,5,0
2021-02-06,1929,20,54,1868,7,0,0,5,0
2021-02-07,1933,20,53,1873,7,0,0,5,0
2021-02-08,1937,20,52,1878,7,0,0,5,0
2021-02-09,1940,19,51,1882,7,0,0,5,0
2021-02-10,1944,19,50,1887,7,0,0,5,0
2021-02-11,1947,19,49,1891,7,0,0,4,0
2021-02-12,1952,18,49,1896,7,0,0,4,0
2021-02-13,1955,18,48,1900,7,0,0,4,0
2021-02-14,1958,18,47,1904,7,0,0,4,0
2021-02-15,1962,17,46,1909,7,0,0,4,0
2021-02-16,1965,17,45,1913,7,0,0,4,0
2021-02-17,1969,17,45,1917,7,0,0,4,0
2021-02-18,1972,16,44,1921,7,0,0,4,0
2021-02-19,1975,16,43,1925,7,0,0,4,0
2021-02-20,1978,16,42,1929,7,0,0,4,0
2021-02-21,1982,16,42,1933,7,0,0,4,0
2021-02-22,1984,15,41,1936,7,0,0,4,0
2021-02-23,1987,15,40,1940,7,0,0,4,0
2021-02-24,1990,15,39,1944,7,0,0,4,0
2021-02-25,1993,14,39,1947,7,0,0,4,0
2021-02-26,1996,14,38,1951,7,0,0,3,0
2021-02-27,1998,14,37,1954,7,0,0,3,0
2021-02-28,2001,14,37,1957,7,0,0,3,0
2021-03-01,2004,13,36,1961,7,0,0,3,0
2021-03-02,2006,13,35,1964,7,0,0,3,0
2021-03-03,2009,13,35,1967,7,0,0,3,0
2021-03-04,2011,13,34,1970,7,0,0,3,0
2021-03-05,2014,12,34,1973,7,0,0,3,0
2021-03-06,2016,12,33,1976,7,0,0,3,0
2021-03-07,2018,12,32,1979,7,0,0,3,0
2021-03-08,2022,12,32,1982,8,0,0,3,0
2021-03-09,2024,11,31,1985,8,0,0,3,0
2021-03-10,2027,11,31,1988,8,0,0,3,0
2021-03-11,2029,11,30,1991,8,0,0,3,0
2021-03-12,2030,11,29,1993,8,0,0,3,0
2021-03-13,2033,11,29,1996,8,0,0,3,0
2021-03-14,2035,10,28,1999,8,0,0,3,0
2021-03-15,2037,10,28,2001,8,0,0,3,0
2021-03-16,2039,10,27,2004,8,0,0,2,0
2021-03-17,2041,10,27,2006,8,0,0,2,0
2021-03-18,2043,10,26,2009,8,0,0,2,0
2021-03-19,2045,9,26,2011,8,0,0,2,0
2021-03-20,2046,9,25,2013,8,0,0,2,0
2021-03-21,2049,9,25,2016,8,0,0,2,0
2021-03-22,2050,9,24,2018,8,0,0,2,0
2021-03-23,2052,9,24,2020,8,0,0,2,0
2021-03-24,2053,9,23,2022,8,0,0,2,0
2021-03-25,2055,8,23,2024,8,0,0,2,0
2021-03-26,2057,8,23,2026,8,0,0,2,0
2021-03-27,2058,8,22,2028,8,0,0,2,0
2021-03-28,2060,8,22,2030,8,0,0,2,0
2021-03-29,2061,8,21,2032,8,0,0,2,0
2021-03-30,2063,8,21,2034,8,0,0,2,0
2021-03-31,2064,7,20,2036,8,0,0,2,0
2021-04-01,2066,7,20,2038,8,0,0,2,0
2021-04-02,2068,7,20,2040,8,0,0,2,0
2021-04-03,2068,7,19,2041,8,0,0,2,0
2021-04-04,2070,7,19,2043,8,0,0,2,0
2021-04-05,2072,7,19,2045,8,0,0,2,0
2021-04-06,2073,7,18,2047,8,0,0,2,0
2021-04-07,2074,6,18,2048,8,0,0,2,0
2021-04-08,2075,6,17,2050,8,0,0,2,0
2021-04-09,2076,6,17,2051,8,0,0,2,0
2021-04-10,2078,6,17,2053,8,0,0,2,0
2021-04-11,2078,6,16,2054,8,0,0,1,0
2021-04-12,2080,6,16,2056,8,0,0,1,0
2021-04-13,2081,6,16,2057,8,0,0,1,0
2021-04-14,2083,6,16,2059,8,0,0,1,0
2021-04-15,2083,6,15,2060,8,0,0,1,0
2021-04-16,2085,5,15,2062,8,0,0,1,0
2021-04-17,2086,5,15,2063,8,0,0,1,0
2021-04-18,2086,5,14,2064,8,0,0,1,0
2021-04-19,2087,5,14,2065,8,0,0,1,0
2021-04-20,2089,5,14,2067,8,0,0,1,0
2021-04-21,2089,5,13,2068,8,0,0,1,0
2021-04-22,2090,5,13,2069,8,0,0,1,0
2021-04-23,2091,5,13,2070,8,0,0,1,0
2021-04-24,2093,5,13,2072,8,0,0,1,0
2021-04-25,2093,4,12,2073,8,0,0,1,0
2021-04-26,2094,4,12,2074,8,0,0,1,0
2021-04-27,2095,4,12,2075,8,0,0,1,0
2021-04-28,2096,4,12,2076,8,0,0,1,0
2021-04-29,2096,4,11,2077,8,0,0,1,0
2021-04-30,2097,4,11,2078,8,0,0,1,0
2021-05-01,2098,4,11,2079,8,0,0,1,0
2021-05-02,2099,4,11,2080,8,0,0,1,0
2021-05-03,2100,4,11,2081,8,0,0,1,0
2021-05-04,2100,4,10,2082,8,0,0,1,0
2021-05-05,2101,4,10,2083,8,0,0,1,0
2021-05-06,2102,4,10,2084,8,0,0,1,0
2021-05-07,2103,3,10,2085,8,0,0,1,0
2021-05-08,2104,3,10,2086,8,0,0,1,0
2021-05-09,2103,3,9,2086,8,0,0,1,0
2021-05-10,2104,3,9,2087,8,0,0,1,0
2021-05-11,2105,3,9,2088,8,0,0,1,0
2021-05-12,2106,3,9,2089,8,0,0,1,0
2021-05-13,2107,3,9,2090,8,0,0,1,0
2021-05-14,2106,3,8,2090,8,0,0,1,0
2021-05-15,2107,3,8,2091,8,0,0,1,0
2021-05-16,2108,3,8,2092,8,0,0,1,0
2021-05-17,2109,3,8,2093,8,0,0,1,0
2021-05-18,2109,3,8,2093,8,0,0,1,0
2021-05-19,2110,3,8,2094,8,0,0,1,0
2021-05-20,2110,3,7,2095,8,0,0,1,0
2021-05-21,2110,3,7,2095,8,0,0,1,0
2021-05-22,2111,3,7,2096,8,0,0,1,0
2021-05-23,2112,3,7,2097,8,0,0,1,0
2021-05-24,2112,2,7,2097,8,0,0,1,0
2021-05-25,2113,2,7,2098,8,0,0,1,0
2021-05-26,2114,2,7,2099,8,0,0,1,0
2021-05-27,2113,2,6,2099,8,0,0,1,0
2021-05-28,2114,2,6,2100,8,0,0,1,0
2021-05-29,2114,2,6,2100,8,0,0,1,0
2021-05-30,2115,2,6,2101,8,0,0,1,0
2021-05-31,2115,2,6,2101,8,0,0,1,0
2021-06-01,2116,2,6,2102,8,0,0,1,0
2021-06-02,2117,2,6,2103,8,0,0,1,0
2021-06-03,2117,2,6,2103,8,0,0,1,0
2021-06-04,2117,2,5,2104,8,0,0,0,0
2021-06-05,2117,2,5,2104,8,0,0,0,0
2021-06-06,2117,2,5,2104,8,0,0,0,0
2021-06-07,2118,2,5,2105,8,0,0,0,0
2021-06-08,2118,2,5,2105,8,0,0,0,0
2021-06-09,2119,2,5,2106,8,0,0,0,0
2021-06-10,2119,2,5,2106,8,0,0,0,0
2021-06-11,2120,2,5,2107,8,0,0,0,0
2021-06-12,2120,2,5,2107,8,0,0,0,0
2021-06-13,2121,2,5,2108,8,0,0,0,0
2021-06-14,2120,2,4,2108,8,0,0,0,0
2021-06-15,2120,2,4,2108,8,0,0,0,0
2021-06-16,2121,2,4,2109,8,0,0,0,0
2021-06-17,2121,1,4,2109,8,0,0,0,0
2021-06-18,2122,1,4,2110,8,0,0,0,0
2021-06-19,2122,1,4,2110,8,0,0,0,0
2021-06-20,2122,1,4,2110,8,0,0,0,0
2021-06-21,2123,1,4,2111,8,0,0,0,0
2021-06-22,2123,1,4,2111,8,0,0,0,0
2021-06-23,2123,1,4,2111,8,0,0,0,0
2021-06-24,2124,1,4,2112,8,0,0,0,0
2021-06-25,2124,1,4,2112,8,0,0,0,0
2021-06-26,2123,1,3,2112,8,0,0,0,0
2021-06-27,2124,1,3,2113,8,0,0,0,0
2021-06-28,2124,1,3,2113,8,0,0,0,0
2021-06-29,2124,1,3,2113,8,0,0,0,0
2021-06-30,2124,1,3,2113,8,0,0,0,0
2021-07-01,2125,1,3,2114,8,0,0,0,0
2021-07-02,2125,1,3,2114,8,0,0,0,0
2021-07-03,2125,1,3,2114,8,0,0,0,0
2021-07-04,2126,1,3,2115,8,0,0,0,0
2021-07-05,2126,1,3,2115,8,0,0,0,0
2021-07-06,2126,1,3,2115,8,0,0,0,0
