Date,Infected,Exposed,Active,Recovered,Deaths,Diff Exposed,Diff Active,Diff Recovered,Diff Deaths
2020-07-12,2904,327,627,2274,3,0,7,57,0
2020-07-13,2967,315,633,2331,3,0,4,57,0
2020-07-14,3027,306,636,2388,3,0,2,58,0
2020-07-15,3088,299,638,2446,4,0,1,58,0
2020-07-16,3146,292,638,2504,4,0,0,58,0
2020-07-17,3203,287,637,2562,4,0,0,58,0
2020-07-18,3259,282,635,2620,4,0,0,58,0
2020-07-19,3313,278,632,2677,4,0,0,57,0
2020-07-20,3368,274,629,2735,4,0,0,57,0
2020-07-21,3422,271,626,2792,4,0,0,57,0
2020-07-22,3474,268,622,2848,4,0,0,56,0
2020-07-23,3527,264,618,2905,4,0,0,56,0
2020-07-24,3578,261,613,2961,4,0,0,56,0
2020-07-25,3629,258,609,3016,4,0,0,55,0
2020-07-26,3679,255,604,3071,4,0,0,55,0
2020-07-27,3729,252,599,3126,4,0,0,54,0
2020-07-28,3779,250,594,3180,5,0,0,54,0
2020-07-29,3828,247,589,3234,5,0,0,53,0
2020-07-30,3876,244,584,3287,5,0,0,53,0
2020-07-31,3924,241,579,3340,5,0,0,53,0
2020-08-01,3970,238,573,3392,5,0,0,52,0
2020-08-02,4017,235,568,3444,5,0,0,52,0
2020-08-03,4063,232,562,3496,5,0,0,51,0
2020-08-04,4108,229,557,3546,5,0,0,51,0
2020-08-05,4153,227,551,3597,5,0,0,50,0
2020-08-06,4197,224,545,3647,5,0,0,50,0
2020-08-07,4241,221,540,3696,5,0,0,49,0
2020-08-08,4284,218,534,3745,5,0,0,48,0
2020-08-09,4326,215,528,3793,5,0,0,48,0
2020-08-10,4369,212,522,3841,6,0,0,47,0
2020-08-11,4410,209,516,3888,6,0,0,47,0
2020-08-12,4451,207,510,3935,6,0,0,46,0
2020-08-13,4492,204,505,3981,6,0,0,46,0
2020-08-14,4531,201,499,4026,6,0,0,45,0
2020-08-15,4570,198,493,4071,6,0,0,45,0
2020-08-16,4609,195,487,4116,6,0,0,44,0
2020-08-17,4647,193,481,4160,6,0,0,44,0
2020-08-18,4684,190,475,4203,6,0,0,43,0
2020-08-19,4721,187,469,4246,6,0,0,43,0
2020-08-20,4758,184,463,4289,6,0,0,42,0
2020-08-21,4793,182,457,4330,6,0,0,41,0
2020-08-22,4829,179,451,4372,6,0,0,41,0
2020-08-23,4864,176,445,4413,6,0,0,40,0
2020-08-24,4898,173,439,4453,6,0,0,40,0
2020-08-25,4931,171,433,4492,6,0,0,39,0
2020-08-26,4966,168,427,4532,7,0,0,39,0
2020-08-27,4999,166,422,4570,7,0,0,38,0
2020-08-28,5031,163,416,4608,7,0,0,38,0
2020-08-29,5063,160,410,4646,7,0,0,37,0
2020-08-30,5094,158,404,4683,7,0,0,37,0
2020-08-31,5124,155,398,4719,7,0,0,36,0
2020-09-01,5155,153,393,4755,7,0,0,36,0
2020-09-02,5185,150,387,4791,7,0,0,35,0
2020-09-03,5214,148,381,4826,7,0,0,35,0
2020-09-04,5243,145,376,4860,7,0,0,34,0
2020-09-05,5271,143,370,4894,7,0,0,34,0
2020-09-06,5298,141,364,4927,7,0,0,33,0
2020-09-07,5326,138,359,4960,7,0,0,33,0
2020-09-08,5353,136,353,4993,7,0,0,32,0
2020-09-09,5379,134,348,5024,7,0,0,32,0
2020-09-10,5406,131,343,5056,7,0,0,31,0
2020-09-11,5431,129,337,5087,7,0,0,31,0
2020-09-12,5456,127,332,5117,7,0,0,30,0
2020-09-13,5481,125,327,5147,7,0,0,30,0
2020-09-14,5505,123,321,5177,7,0,0,29,0
2020-09-15,5529,120,316,5206,7,0,0,29,0
2020-09-16,5553,118,311,5234,8,0,0,28,0
2020-09-17,5576,116,306,5262,8,0,0,28,0
2020-09-18,5599,114,301,5290,8,0,0,27,0
2020-09-19,5621,112,296,5317,8,0,0,27,0
2020-09-20,5643,110,291,5344,8,0,0,26,0
2020-09-21,5664,108,286,5370,8,0,0,26,0
2020-09-22,5686,106,282,5396,8,0,0,26,0
2020-09-23,5706,104,277,5421,8,0,0,25,0
2020-09-24,5726,102,272,5446,8,0,0,25,0
2020-09-25,5747,101,268,5471,8,0,0,24,0
2020-09-26,5766,99,263,5495,8,0,0,24,0
2020-09-27,5785,97,258,5519,8,0,0,23,0
2020-09-28,5804,95,254,5542,8,0,0,23,0
2020-09-29,5823,93,250,5565,8,0,0,23,0
2020-09-30,5840,92,245,5587,8,0,0,22,0
2020-10-01,5858,90,241,5609,8,0,0,22,0
2020-10-02,5876,88,237,5631,8,0,0,21,0
2020-10-03,5892,87,232,5652,8,0,0,21,0
2020-10-04,5909,85,228,5673,8,0,0,21,0
2020-10-05,5926,83,224,5694,8,0,0,20,0
2020-10-06,5942,82,220,5714,8,0,0,20,0
2020-10-07,5958,80,216,5734,8,0,0,20,0
2020-10-08,5974,79,212,5754,8,0,0,19,0
2020-10-09,5990,77,209,5773,8,0,0,19,0
2020-10-10,6005,76,205,5792,8,0,0,19,0
2020-10-11,6019,74,201,5810,8,0,0,18,0
2020-10-12,6033,73,197,5828,8,0,0,18,0
2020-10-13,6048,72,194,5846,8,0,0,18,0
2020-10-14,6061,70,190,5863,8,0,0,17,0
2020-10-15,6076,69,187,5881,8,0,0,17,0
2020-10-16,6088,67,183,5897,8,0,0,17,0
2020-10-17,6102,66,180,5914,8,0,0,16,0
2020-10-18,6115,65,176,5930,9,0,0,16,0
2020-10-19,6128,64,173,5946,9,0,0,16,0
2020-10-20,6141,62,170,5962,9,0,0,15,0
2020-10-21,6153,61,167,5977,9,0,0,15,0
2020-10-22,6165,60,164,5992,9,0,0,15,0
2020-10-23,6176,59,160,6007,9,0,0,15,0
2020-10-24,6187,58,157,6021,9,0,0,14,0
2020-10-25,6198,56,154,6035,9,0,0,14,0
2020-10-26,6209,55,151,6049,9,0,0,14,0
2020-10-27,6221,54,149,6063,9,0,0,13,0
2020-10-28,6231,53,146,6076,9,0,0,13,0
2020-10-29,6241,52,143,6089,9,0,0,13,0
2020-10-30,6251,51,140,6102,9,0,0,13,0
2020-10-31,6261,50,137,6115,9,0,0,12,0
2020-11-01,6271,49,135,6127,9,0,0,12,0
2020-11-02,6280,48,132,6139,9,0,0,12,0
2020-11-03,6290,47,130,6151,9,0,0,12,0
2020-11-04,6299,46,127,6163,9,0,0,12,0
2020-11-05,6308,45,125,6174,9,0,0,11,0
2020-11-06,6317,44,122,6186,9,0,0,11,0
2020-11-07,6326,43,120,6197,9,0,0,11,0
2020-11-08,6334,43,117,6208,9,0,0,11,0
2020-11-09,6342,42,115,6218,9,0,0,10,0
2020-11-10,6350,41,113,6228,9,0,0,10,0
2020-11-11,6359,40,111,6239,9,0,0,10,0
2020-11-12,6366,39,108,6249,9,0,0,10,0
2020-11-13,6373,38,106,6258,9,0,0,10,0
2020-11-14,6381,38,104,6268,9,0,0,9,0
2020-11-15,6388,37,102,6277,9,0,0,9,0
2020-11-16,6396,36,100,6287,9,0,0,9,0
2020-11-17,6403,35,98,6296,9,0,0,9,0
2020-11-18,6409,35,96,6304,9,0,0,9,0
2020-11-19,6416,34,94,6313,9,0,0,9,0
2020-11-20,6422,33,92,6321,9,0,0,8,0
2020-11-21,6429,33,90,6330,9,0,0,8,0
2020-11-22,6436,32,89,6338,9,0,0,8,0
2020-11-23,6442,31,87,6346,9,0,0,8,0
2020-11-24,6448,31,85,6354,9,0,0,8,0
2020-11-25,6453,30,83,6361,9,0,0,8,0
2020-11-26,6460,29,82,6369,9,0,0,7,0
2020-11-27,6465,29,80,6376,9,0,0,7,0
2020-11-28,6471,28,78,6384,9,0,0,7,0
2020-11-29,6477,28,77,6391,9,0,0,7,0
2020-11-30,6481,27,75,6397,9,0,0,7,0
2020-12-01,6487,26,74,6404,9,0,0,7,0
2020-12-02,6492,26,72,6411,9,0,0,7,0
2020-12-03,6497,25,71,6417,9,0,0,6,0
2020-12-04,6502,25,69,6424,9,0,0,6,0
2020-12-05,6507,24,68,6430,9,0,0,6,0
2020-12-06,6511,24,66,6436,9,0,0,6,0
2020-12-07,6516,23,65,6442,9,0,0,6,0
2020-12-08,6521,23,64,6448,9,0,0,6,0
2020-12-09,6525,22,62,6454,9,0,0,6,0
2020-12-10,6529,22,61,6459,9,0,0,6,0
2020-12-11,6534,21,60,6465,9,0,0,5,0
2020-12-12,6538,21,59,6470,9,0,0,5,0
2020-12-13,6543,21,58,6476,9,0,0,5,0
2020-12-14,6546,20,56,6481,9,0,0,5,0
2020-12-15,6550,20,55,6486,9,0,0,5,0
2020-12-16,6554,19,54,6491,9,0,0,5,0
2020-12-17,6558,19,53,6496,9,0,0,5,0
2020-12-18,6561,19,52,6500,9,0,0,5,0
2020-12-19,6565,18,51,6505,9,0,0,5,0
2020-12-20,6569,18,50,6510,9,0,0,5,0
2020-12-21,6572,17,49,6514,9,0,0,4,0
2020-12-22,6576,17,48,6519,9,0,0,4,0
2020-12-23,6579,17,47,6523,9,0,0,4,0
2020-12-24,6582,16,46,6527,9,0,0,4,0
2020-12-25,6585,16,45,6531,9,0,0,4,0
2020-12-26,6588,16,44,6535,9,0,0,4,0
2020-12-27,6591,15,43,6539,9,0,0,4,0
2020-12-28,6594,15,42,6543,9,0,0,4,0
2020-12-29,6597,15,41,6547,9,0,0,4,0
2020-12-30,6599,14,40,6550,9,0,0,4,0
2020-12-31,6602,14,39,6554,9,0,0,4,0
2021-01-01,6606,14,39,6558,9,0,0,4,0
2021-01-02,6608,13,38,6561,9,0,0,3,0
2021-01-03,6611,13,37,6565,9,0,0,3,0
2021-01-04,6613,13,36,6568,9,0,0,3,0
2021-01-05,6615,13,35,6571,9,0,0,3,0
2021-01-06,6618,12,35,6574,9,0,0,3,0
2021-01-07,6620,12,34,6577,9,0,0,3,0
2021-01-08,6622,12,33,6580,9,0,0,3,0
2021-01-09,6625,12,33,6583,9,0,0,3,0
2021-01-10,6627,11,32,6586,9,0,0,3,0
2021-01-11,6629,11,31,6589,9,0,0,3,0
2021-01-12,6632,11,31,6592,9,0,0,3,0
2021-01-13,6634,11,30,6595,9,0,0,3,0
2021-01-14,6636,10,29,6598,9,0,0,3,0
2021-01-15,6638,10,29,6600,9,0,0,3,0
2021-01-16,6640,10,28,6603,9,0,0,3,0
2021-01-17,6641,10,27,6605,9,0,0,2,0
2021-01-18,6644,10,27,6608,9,0,0,2,0
2021-01-19,6645,9,26,6610,9,0,0,2,0
2021-01-20,6648,9,26,6613,9,0,0,2,0
2021-01-21,6649,9,25,6615,9,0,0,2,0
2021-01-22,6652,9,25,6617,10,0,0,2,0
2021-01-23,6653,9,24,6619,10,0,0,2,0
2021-01-24,6656,8,24,6622,10,0,0,2,0
2021-01-25,6657,8,23,6624,10,0,0,2,0
2021-01-26,6659,8,23,6626,10,0,0,2,0
2021-01-27,6660,8,22,6628,10,0,0,2,0
2021-01-28,6662,8,22,6630,10,0,0,2,0
2021-01-29,6663,8,21,6632,10,0,0,2,0
2021-01-30,6665,7,21,6634,10,0,0,2,0
2021-01-31,6666,7,20,6636,10,0,0,2,0
2021-02-01,6667,7,20,6637,10,0,0,2,0
2021-02-02,6669,7,20,6639,10,0,0,2,0
2021-02-03,6670,7,19,6641,10,0,0,2,0
2021-02-04,6672,7,19,6643,10,0,0,2,0
2021-02-05,6672,7,18,6644,10,0,0,2,0
2021-02-06,6674,6,18,6646,10,0,0,2,0
2021-02-07,6676,6,18,6648,10,0,0,2,0
2021-02-08,6676,6,17,6649,10,0,0,2,0
2021-02-09,6678,6,17,6651,10,0,0,2,0
2021-02-10,6678,6,16,6652,10,0,0,1,0
2021-02-11,6680,6,16,6654,10,0,0,1,0
2021-02-12,6681,6,16,6655,10,0,0,1,0
2021-02-13,6682,5,15,6657,10,0,0,1,0
2021-02-14,6683,5,15,6658,10,0,0,1,0
2021-02-15,6684,5,15,6659,10,0,0,1,0
2021-02-16,6685,5,14,6661,10,0,0,1,0
2021-02-17,6686,5,14,6662,10,0,0,1,0
2021-02-18,6687,5,14,6663,10,0,0,1,0
2021-02-19,6689,5,14,6665,10,0,0,1,0
2021-02-20,6689,5,13,6666,10,0,0,1,0
2021-02-21,6690,5,13,6667,10,0,0,1,0
2021-02-22,6691,5,13,6668,10,0,0,1,0
2021-02-23,6691,4,12,6669,10,0,0,1,0
2021-02-24,6692,4,12,6670,10,0,0,1,0
2021-02-25,6694,4,12,6672,10,0,0,1,0
2021-02-26,6695,4,12,6673,10,0,0,1,0
2021-02-27,6695,4,11,6674,10,0,0,1,0
2021-02-28,6696,4,11,6675,10,0,0,1,0
2021-03-01,6697,4,11,6676,10,0,0,1,0
2021-03-02,6698,4,11,6677,10,0,0,1,0
2021-03-03,6698,4,10,6678,10,0,0,1,0
2021-03-04,6699,4,10,6679,10,0,0,1,0
2021-03-05,6700,4,10,6680,10,0,0,1,0
2021-03-06,6700,3,10,6680,10,0,0,1,0
2021-03-07,6701,3,10,6681,10,0,0,1,0
2021-03-08,6701,3,9,6682,10,0,0,1,0
2021-03-09,6702,3,9,6683,10,0,0,1,0
2021-03-10,6703,3,9,6684,10,0,0,1,0
2021-03-11,6704,3,9,6685,10,0,0,1,0
2021-03-12,6704,3,9,6685,10,0,0,1,0
2021-03-13,6704,3,8,6686,10,0,0,1,0
2021-03-14,6705,3,8,6687,10,0,0,1,0
2021-03-15,6706,3,8,6688,10,0,0,1,0
2021-03-16,6706,3,8,6688,10,0,0,1,0
2021-03-17,6707,3,8,6689,10,0,0,1,0
2021-03-18,6708,3,8,6690,10,0,0,1,0
2021-03-19,6708,3,7,6691,10,0,0,1,0
2021-03-20,6708,3,7,6691,10,0,0,1,0
2021-03-21,6709,3,7,6692,10,0,0,1,0
2021-03-22,6710,2,7,6693,10,0,0,1,0
2021-03-23,6710,2,7,6693,10,0,0,1,0
2021-03-24,6711,2,7,6694,10,0,0,1,0
2021-03-25,6711,2,7,6694,10,0,0,1,0
2021-03-26,6711,2,6,6695,10,0,0,1,0
2021-03-27,6712,2,6,6696,10,0,0,1,0
2021-03-28,6712,2,6,6696,10,0,0,1,0
2021-03-29,6713,2,6,6697,10,0,0,1,0
2021-03-30,6713,2,6,6697,10,0,0,1,0
2021-03-31,6714,2,6,6698,10,0,0,1,0
2021-04-01,6714,2,6,6698,10,0,0,1,0
2021-04-02,6714,2,5,6699,10,0,0,0,0
2021-04-03,6714,2,5,6699,10,0,0,0,0
2021-04-04,6715,2,5,6700,10,0,0,0,0
2021-04-05,6715,2,5,6700,10,0,0,0,0
2021-04-06,6716,2,5,6701,10,0,0,0,0
2021-04-07,6716,2,5,6701,10,0,0,0,0
2021-04-08,6717,2,5,6702,10,0,0,0,0
2021-04-09,6717,2,5,6702,10,0,0,0,0
2021-04-10,6717,2,5,6702,10,0,0,0,0
2021-04-11,6718,2,5,6703,10,0,0,0,0
2021-04-12,6717,2,4,6703,10,0,0,0,0
2021-04-13,6718,2,4,6704,10,0,0,0,0
2021-04-14,6718,1,4,6704,10,0,0,0,0
2021-04-15,6718,1,4,6704,10,0,0,0,0
2021-04-16,6719,1,4,6705,10,0,0,0,0
2021-04-17,6719,1,4,6705,10,0,0,0,0
2021-04-18,6719,1,4,6705,10,0,0,0,0
2021-04-19,6720,1,4,6706,10,0,0,0,0
2021-04-20,6720,1,4,6706,10,0,0,0,0
2021-04-21,6721,1,4,6707,10,0,0,0,0
2021-04-22,6721,1,4,6707,10,0,0,0,0
2021-04-23,6720,1,3,6707,10,0,0,0,0
2021-04-24,6720,1,3,6707,10,0,0,0,0
2021-04-25,6721,1,3,6708,10,0,0,0,0
2021-04-26,6721,1,3,6708,10,0,0,0,0
2021-04-27,6721,1,3,6708,10,0,0,0,0
2021-04-28,6722,1,3,6709,10,0,0,0,0
2021-04-29,6722,1,3,6709,10,0,0,0,0
2021-04-30,6722,1,3,6709,10,0,0,0,0
2021-05-01,6722,1,3,6709,10,0,0,0,0
2021-05-02,6723,1,3,6710,10,0,0,0,0
2021-05-03,6723,1,3,6710,10,0,0,0,0
2021-05-04,6723,1,3,6710,10,0,0,0,0
2021-05-05,6724,1,3,6711,10,0,0,0,0
2021-05-06,6724,1,3,6711,10,0,0,0,0
2021-05-07,6724,1,3,6711,10,0,0,0,0
2021-05-08,6724,1,3,6711,10,0,0,0,0
2021-05-09,6723,1,2,6711,10,0,0,0,0
2021-05-10,6724,1,2,6712,10,0,0,0,0
2021-05-11,6724,1,2,6712,10,0,0,0,0
2021-05-12,6724,1,2,6712,10,0,0,0,0
2021-05-13,6724,1,2,6712,10,0,0,0,0
2021-05-14,6725,1,2,6713,10,0,0,0,0
2021-05-15,6725,1,2,6713,10,0,0,0,0
2021-05-16,6725,1,2,6713,10,0,0,0,0
2021-05-17,6725,1,2,6713,10,0,0,0,0
2021-05-18,6725,1,2,6713,10,0,0,0,0
2021-05-19,6725,1,2,6713,10,0,0,0,0
2021-05-20,6726,1,2,6714,10,0,0,0,0
2021-05-21,6726,1,2,6714,10,0,0,0,0
2021-05-22,6726,1,2,6714,10,0,0,0,0
2021-05-23,6726,1,2,6714,10,0,0,0,0
2021-05-24,6726,1,2,6714,10,0,0,0,0
2021-05-25,6726,1,2,6714,10,0,0,0,0
2021-05-26,6727,1,2,6715,10,0,0,0,0
2021-05-27,6727,1,2,6715,10,0,0,0,0
2021-05-28,6727,1,2,6715,10,0,0,0,0
2021-05-29,6727,1,2,6715,10,0,0,0,0
2021-05-30,6727,1,2,6715,10,0,0,0,0
2021-05-31,6727,1,2,6715,10,0,0,0,0
2021-06-01,6727,1,1,6716,10,0,0,0,0
2021-06-02,6727,1,1,6716,10,0,0,0,0
2021-06-03,6727,1,1,6716,10,0,0,0,0
2021-06-04,6727,0,1,6716,10,0,0,0,0
2021-06-05,6727,0,1,6716,10,0,0,0,0
2021-06-06,6727,0,1,6716,10,0,0,0,0
2021-06-07,6727,0,1,6716,10,0,0,0,0
2021-06-08,6727,0,1,6716,10,0,0,0,0
2021-06-09,6728,0,1,6717,10,0,0,0,0
2021-06-10,6728,0,1,6717,10,0,0,0,0
2021-06-11,6728,0,1,6717,10,0,0,0,0
2021-06-12,6728,0,1,6717,10,0,0,0,0
2021-06-13,6728,0,1,6717,10,0,0,0,0
2021-06-14,6728,0,1,6717,10,0,0,0,0
2021-06-15,6728,0,1,6717,10,0,0,0,0
2021-06-16,6728,0,1,6717,10,0,0,0,0
2021-06-17,6728,0,1,6717,10,0,0,0,0
2021-06-18,6728,0,1,6717,10,0,0,0,0
2021-06-19,6729,0,1,6718,10,0,0,0,0
2021-06-20,6729,0,1,6718,10,0,0,0,0
2021-06-21,6729,0,1,6718,10,0,0,0,0
2021-06-22,6729,0,1,6718,10,0,0,0,0
2021-06-23,6729,0,1,6718,10,0,0,0,0
2021-06-24,6729,0,1,6718,10,0,0,0,0
2021-06-25,6729,0,1,6718,10,0,0,0,0
2021-06-26,6729,0,1,6718,10,0,0,0,0
2021-06-27,6729,0,1,6718,10,0,0,0,0
2021-06-28,6729,0,1,6718,10,0,0,0,0
2021-06-29,6729,0,1,6718,10,0,0,0,0
2021-06-30,6729,0,1,6718,10,0,0,0,0
2021-07-01,6730,0,1,6719,10,0,0,0,0
2021-07-02,6730,0,1,6719,10,0,0,0,0
2021-07-03,6730,0,1,6719,10,0,0,0,0
2021-07-04,6730,0,1,6719,10,0,0,0,0
2021-07-05,6730,0,1,6719,10,0,0,0,0
2021-07-06,6730,0,1,6719,10,0,0,0,0
2021-07-07,6730,0,1,6719,10,0,0,0,0
