Date,Infected,Exposed,Active,Recovered,Deaths,Diff Exposed,Diff Active,Diff Recovered,Diff Deaths
2020-07-11,1884,103,412,1460,12,16,0,37,0
2020-07-12,1905,117,396,1497,12,12,0,36,0
2020-07-13,1930,128,385,1532,13,9,0,35,0
2020-07-14,1955,136,376,1566,13,6,0,34,0
2020-07-15,1982,141,369,1600,13,5,0,33,0
2020-07-16,2011,146,364,1633,14,3,0,33,0
2020-07-17,2039,148,359,1666,14,2,0,32,0
2020-07-18,2068,150,356,1698,14,2,0,32,0
2020-07-19,2097,152,353,1730,14,1,0,32,0
2020-07-20,2128,153,351,1762,15,1,0,32,0
2020-07-21,2157,153,349,1793,15,0,0,31,0
2020-07-22,2188,153,348,1825,15,0,0,31,0
2020-07-23,2217,153,346,1856,15,0,0,31,0
2020-07-24,2248,153,345,1887,16,0,0,31,0
2020-07-25,2278,153,344,1918,16,0,0,31,0
2020-07-26,2307,153,342,1949,16,0,0,31,0
2020-07-27,2337,152,341,1980,16,0,0,31,0
2020-07-28,2368,152,340,2011,17,0,0,31,0
2020-07-29,2397,151,339,2041,17,0,0,31,0
2020-07-30,2427,150,338,2072,17,0,0,30,0
2020-07-31,2455,150,336,2102,17,0,0,30,0
2020-08-01,2485,149,335,2132,18,0,0,30,0
2020-08-02,2515,149,334,2163,18,0,0,30,0
2020-08-03,2544,148,333,2193,18,0,0,30,0
2020-08-04,2572,147,331,2223,18,0,0,30,0
2020-08-05,2602,147,330,2253,19,0,0,30,0
2020-08-06,2630,146,329,2282,19,0,0,30,0
2020-08-07,2659,145,328,2312,19,0,0,30,0
2020-08-08,2686,144,326,2341,19,0,0,29,0
2020-08-09,2716,144,325,2371,20,0,0,29,0
2020-08-10,2744,143,324,2400,20,0,0,29,0
2020-08-11,2771,142,322,2429,20,0,0,29,0
2020-08-12,2799,142,321,2458,20,0,0,29,0
2020-08-13,2827,141,319,2487,21,0,0,29,0
2020-08-14,2855,140,318,2516,21,0,0,29,0
2020-08-15,2881,139,316,2544,21,0,0,29,0
2020-08-16,2909,138,315,2573,21,0,0,28,0
2020-08-17,2937,138,314,2601,22,0,0,28,0
2020-08-18,2963,137,312,2629,22,0,0,28,0
2020-08-19,2990,136,310,2658,22,0,0,28,0
2020-08-20,3016,135,309,2685,22,0,0,28,0
2020-08-21,3042,134,307,2713,22,0,0,28,0
2020-08-22,3070,134,306,2741,23,0,0,28,0
2020-08-23,3095,133,304,2768,23,0,0,27,0
2020-08-24,3122,132,303,2796,23,0,0,27,0
2020-08-25,3147,131,301,2823,23,0,0,27,0
2020-08-26,3173,130,299,2850,24,0,0,27,0
2020-08-27,3199,129,298,2877,24,0,0,27,0
2020-08-28,3224,129,296,2904,24,0,0,27,0
2020-08-29,3248,128,294,2930,24,0,0,27,0
2020-08-30,3274,127,293,2957,24,0,0,26,0
2020-08-31,3299,126,291,2983,25,0,0,26,0
2020-09-01,3323,125,289,3009,25,0,0,26,0
2020-09-02,3347,124,287,3035,25,0,0,26,0
2020-09-03,3372,124,286,3061,25,0,0,26,0
2020-09-04,3397,123,284,3087,26,0,0,26,0
2020-09-05,3420,122,282,3112,26,0,0,25,0
2020-09-06,3444,121,280,3138,26,0,0,25,0
2020-09-07,3468,120,279,3163,26,0,0,25,0
2020-09-08,3491,119,277,3188,26,0,0,25,0
2020-09-09,3515,118,275,3213,27,0,0,25,0
2020-09-10,3538,117,273,3238,27,0,0,25,0
2020-09-11,3560,117,271,3262,27,0,0,24,0
2020-09-12,3584,116,270,3287,27,0,0,24,0
2020-09-13,3606,115,268,3311,27,0,0,24,0
2020-09-14,3629,114,266,3335,28,0,0,24,0
2020-09-15,3651,113,264,3359,28,0,0,24,0
2020-09-16,3673,112,262,3383,28,0,0,24,0
2020-09-17,3694,111,260,3406,28,0,0,23,0
2020-09-18,3717,110,259,3430,28,0,0,23,0
2020-09-19,3739,110,257,3453,29,0,0,23,0
2020-09-20,3760,109,255,3476,29,0,0,23,0
2020-09-21,3781,108,253,3499,29,0,0,23,0
2020-09-22,3802,107,251,3522,29,0,0,23,0
2020-09-23,3822,106,249,3544,29,0,0,22,0
2020-09-24,3843,105,247,3567,29,0,0,22,0
2020-09-25,3865,104,246,3589,30,0,0,22,0
2020-09-26,3885,103,244,3611,30,0,0,22,0
2020-09-27,3905,103,242,3633,30,0,0,22,0
2020-09-28,3925,102,240,3655,30,0,0,22,0
2020-09-29,3944,101,238,3676,30,0,0,21,0
2020-09-30,3965,100,236,3698,31,0,0,21,0
2020-10-01,3984,99,234,3719,31,0,0,21,0
2020-10-02,4003,98,232,3740,31,0,0,21,0
2020-10-03,4023,97,231,3761,31,0,0,21,0
2020-10-04,4042,97,229,3782,31,0,0,21,0
2020-10-05,4060,96,227,3802,31,0,0,20,0
2020-10-06,4080,95,225,3823,32,0,0,20,0
2020-10-07,4098,94,223,3843,32,0,0,20,0
2020-10-08,4116,93,221,3863,32,0,0,20,0
2020-10-09,4134,92,219,3883,32,0,0,20,0
2020-10-10,4152,92,218,3902,32,0,0,20,0
2020-10-11,4170,91,216,3922,32,0,0,19,0
2020-10-12,4188,90,214,3941,33,0,0,19,0
2020-10-13,4206,89,212,3961,33,0,0,19,0
2020-10-14,4223,88,210,3980,33,0,0,19,0
2020-10-15,4240,87,208,3999,33,0,0,19,0
2020-10-16,4257,87,207,4017,33,0,0,19,0
2020-10-17,4274,86,205,4036,33,0,0,18,0
2020-10-18,4291,85,203,4054,34,0,0,18,0
2020-10-19,4308,84,201,4073,34,0,0,18,0
2020-10-20,4324,83,199,4091,34,0,0,18,0
2020-10-21,4341,83,198,4109,34,0,0,18,0
2020-10-22,4356,82,196,4126,34,0,0,18,0
2020-10-23,4372,81,194,4144,34,0,0,17,0
2020-10-24,4387,80,192,4161,34,0,0,17,0
2020-10-25,4405,79,191,4179,35,0,0,17,0
2020-10-26,4420,79,189,4196,35,0,0,17,0
2020-10-27,4435,78,187,4213,35,0,0,17,0
2020-10-28,4450,77,185,4230,35,0,0,17,0
2020-10-29,4465,76,184,4246,35,0,0,17,0
2020-10-30,4480,76,182,4263,35,0,0,16,0
2020-10-31,4494,75,180,4279,35,0,0,16,0
2020-11-01,4509,74,178,4295,36,0,0,16,0
2020-11-02,4524,73,177,4311,36,0,0,16,0
2020-11-03,4538,73,175,4327,36,0,0,16,0
2020-11-04,4552,72,173,4343,36,0,0,16,0
2020-11-05,4566,71,172,4358,36,0,0,15,0
2020-11-06,4580,70,170,4374,36,0,0,15,0
2020-11-07,4593,70,168,4389,36,0,0,15,0
2020-11-08,4607,69,167,4404,36,0,0,15,0
2020-11-09,4621,68,165,4419,37,0,0,15,0
2020-11-10,4634,67,163,4434,37,0,0,15,0
2020-11-11,4648,67,162,4449,37,0,0,15,0
2020-11-12,4660,66,160,4463,37,0,0,14,0
2020-11-13,4674,65,159,4478,37,0,0,14,0
2020-11-14,4686,65,157,4492,37,0,0,14,0
2020-11-15,4698,64,155,4506,37,0,0,14,0
2020-11-16,4711,63,154,4520,37,0,0,14,0
2020-11-17,4723,63,152,4534,37,0,0,14,0
2020-11-18,4736,62,151,4547,38,0,0,14,0
2020-11-19,4748,61,149,4561,38,0,0,13,0
2020-11-20,4760,61,148,4574,38,0,0,13,0
2020-11-21,4772,60,146,4588,38,0,0,13,0
2020-11-22,4784,59,145,4601,38,0,0,13,0
2020-11-23,4795,59,143,4614,38,0,0,13,0
2020-11-24,4807,58,142,4627,38,0,0,13,0
2020-11-25,4817,57,140,4639,38,0,0,13,0
2020-11-26,4829,57,139,4652,38,0,0,13,0
2020-11-27,4840,56,137,4664,39,0,0,12,0
2020-11-28,4852,56,136,4677,39,0,0,12,0
2020-11-29,4862,55,134,4689,39,0,0,12,0
2020-11-30,4873,54,133,4701,39,0,0,12,0
2020-12-01,4884,54,132,4713,39,0,0,12,0
2020-12-02,4894,53,130,4725,39,0,0,12,0
2020-12-03,4904,53,129,4736,39,0,0,12,0
2020-12-04,4914,52,127,4748,39,0,0,11,0
2020-12-05,4924,51,126,4759,39,0,0,11,0
2020-12-06,4935,51,125,4771,39,0,0,11,0
2020-12-07,4945,50,123,4782,40,0,0,11,0
2020-12-08,4955,50,122,4793,40,0,0,11,0
2020-12-09,4965,49,121,4804,40,0,0,11,0
2020-12-10,4974,49,119,4815,40,0,0,11,0
2020-12-11,4983,48,118,4825,40,0,0,11,0
2020-12-12,4993,48,117,4836,40,0,0,11,0
2020-12-13,5002,47,115,4847,40,0,0,10,0
2020-12-14,5011,46,114,4857,40,0,0,10,0
2020-12-15,5020,46,113,4867,40,0,0,10,0
2020-12-16,5029,45,112,4877,40,0,0,10,0
2020-12-17,5037,45,110,4887,40,0,0,10,0
2020-12-18,5046,44,109,4897,40,0,0,10,0
2020-12-19,5056,44,108,4907,41,0,0,10,0
2020-12-20,5065,43,107,4917,41,0,0,10,0
2020-12-21,5072,43,105,4926,41,0,0,10,0
2020-12-22,5081,42,104,4936,41,0,0,9,0
2020-12-23,5089,42,103,4945,41,0,0,9,0
2020-12-24,5097,41,102,4954,41,0,0,9,0
2020-12-25,5105,41,101,4963,41,0,0,9,0
2020-12-26,5114,40,100,4973,41,0,0,9,0
2020-12-27,5121,40,99,4981,41,0,0,9,0
2020-12-28,5128,39,97,4990,41,0,0,9,0
2020-12-29,5136,39,96,4999,41,0,0,9,0
2020-12-30,5144,39,95,5008,41,0,0,9,0
2020-12-31,5151,38,94,5016,41,0,0,8,0
2021-01-01,5160,38,93,5025,42,0,0,8,0
2021-01-02,5167,37,92,5033,42,0,0,8,0
2021-01-03,5174,37,91,5041,42,0,0,8,0
2021-01-04,5181,36,90,5049,42,0,0,8,0
2021-01-05,5189,36,89,5058,42,0,0,8,0
2021-01-06,5196,35,88,5066,42,0,0,8,0
2021-01-07,5202,35,87,5073,42,0,0,8,0
2021-01-08,5209,35,86,5081,42,0,0,8,0
2021-01-09,5216,34,85,5089,42,0,0,8,0
2021-01-10,5222,34,84,5096,42,0,0,8,0
2021-01-11,5229,33,83,5104,42,0,0,7,0
2021-01-12,5235,33,82,5111,42,0,0,7,0
2021-01-13,5242,33,81,5119,42,0,0,7,0
2021-01-14,5248,32,80,5126,42,0,0,7,0
2021-01-15,5254,32,79,5133,42,0,0,7,0
2021-01-16,5261,31,78,5140,43,0,0,7,0
2021-01-17,5267,31,77,5147,43,0,0,7,0
2021-01-18,5273,31,76,5154,43,0,0,7,0
2021-01-19,5279,30,75,5161,43,0,0,7,0
2021-01-20,5285,30,74,5168,43,0,0,7,0
2021-01-21,5290,30,73,5174,43,0,0,7,0
2021-01-22,5297,29,73,5181,43,0,0,7,0
2021-01-23,5303,29,72,5188,43,0,0,6,0
2021-01-24,5308,29,71,5194,43,0,0,6,0
2021-01-25,5313,28,70,5200,43,0,0,6,0
2021-01-26,5319,28,69,5207,43,0,0,6,0
2021-01-27,5324,27,68,5213,43,0,0,6,0
2021-01-28,5330,27,68,5219,43,0,0,6,0
2021-01-29,5335,27,67,5225,43,0,0,6,0
2021-01-30,5340,26,66,5231,43,0,0,6,0
2021-01-31,5345,26,65,5237,43,0,0,6,0
2021-02-01,5350,26,64,5243,43,0,0,6,0
2021-02-02,5356,26,64,5249,43,0,0,6,0
2021-02-03,5360,25,63,5254,43,0,0,6,0
2021-02-04,5365,25,62,5260,43,0,0,6,0
2021-02-05,5371,25,61,5266,44,0,0,6,0
2021-02-06,5376,24,61,5271,44,0,0,5,0
2021-02-07,5380,24,60,5276,44,0,0,5,0
2021-02-08,5385,24,59,5282,44,0,0,5,0
2021-02-09,5389,23,58,5287,44,0,0,5,0
2021-02-10,5394,23,58,5292,44,0,0,5,0
2021-02-11,5399,23,57,5298,44,0,0,5,0
2021-02-12,5403,23,56,5303,44,0,0,5,0
2021-02-13,5408,22,56,5308,44,0,0,5,0
2021-02-14,5412,22,55,5313,44,0,0,5,0
2021-02-15,5416,22,54,5318,44,0,0,5,0
2021-02-16,5420,21,54,5322,44,0,0,5,0
2021-02-17,5424,21,53,5327,44,0,0,5,0
2021-02-18,5428,21,52,5332,44,0,0,5,0
2021-02-19,5433,21,52,5337,44,0,0,5,0
2021-02-20,5436,20,51,5341,44,0,0,5,0
2021-02-21,5440,20,50,5346,44,0,0,5,0
2021-02-22,5444,20,50,5350,44,0,0,4,0
2021-02-23,5448,20,49,5355,44,0,0,4,0
2021-02-24,5451,19,48,5359,44,0,0,4,0
2021-02-25,5456,19,48,5364,44,0,0,4,0
2021-02-26,5459,19,47,5368,44,0,0,4,0
2021-02-27,5463,19,47,5372,44,0,0,4,0
2021-02-28,5466,18,46,5376,44,0,0,4,0
2021-03-01,5471,18,46,5381,44,0,0,4,0
2021-03-02,5475,18,45,5385,45,0,0,4,0
2021-03-03,5478,18,44,5389,45,0,0,4,0
2021-03-04,5482,18,44,5393,45,0,0,4,0
2021-03-05,5485,17,43,5397,45,0,0,4,0
2021-03-06,5488,17,43,5400,45,0,0,4,0
2021-03-07,5491,17,42,5404,45,0,0,4,0
2021-03-08,5495,17,42,5408,45,0,0,4,0
2021-03-09,5498,16,41,5412,45,0,0,4,0
2021-03-10,5501,16,41,5415,45,0,0,4,0
2021-03-11,5504,16,40,5419,45,0,0,4,0
2021-03-12,5508,16,40,5423,45,0,0,4,0
2021-03-13,5510,16,39,5426,45,0,0,4,0
2021-03-14,5514,15,39,5430,45,0,0,3,0
2021-03-15,5516,15,38,5433,45,0,0,3,0
2021-03-16,5520,15,38,5437,45,0,0,3,0
2021-03-17,5522,15,37,5440,45,0,0,3,0
2021-03-18,5525,15,37,5443,45,0,0,3,0
2021-03-19,5528,14,36,5447,45,0,0,3,0
2021-03-20,5531,14,36,5450,45,0,0,3,0
2021-03-21,5533,14,35,5453,45,0,0,3,0
2021-03-22,5536,14,35,5456,45,0,0,3,0
2021-03-23,5538,14,34,5459,45,0,0,3,0
2021-03-24,5542,14,34,5463,45,0,0,3,0
2021-03-25,5545,13,34,5466,45,0,0,3,0
2021-03-26,5547,13,33,5469,45,0,0,3,0
2021-03-27,5550,13,33,5472,45,0,0,3,0
2021-03-28,5552,13,32,5475,45,0,0,3,0
2021-03-29,5554,13,32,5477,45,0,0,3,0
2021-03-30,5557,13,32,5480,45,0,0,3,0
2021-03-31,5559,12,31,5483,45,0,0,3,0
2021-04-01,5562,12,31,5486,45,0,0,3,0
2021-04-02,5564,12,30,5489,45,0,0,3,0
2021-04-03,5566,12,30,5491,45,0,0,3,0
2021-04-04,5569,12,30,5494,45,0,0,3,0
2021-04-05,5571,12,29,5497,45,0,0,3,0
2021-04-06,5573,11,29,5499,45,0,0,3,0
2021-04-07,5575,11,28,5502,45,0,0,3,0
2021-04-08,5578,11,28,5504,46,0,0,3,0
2021-04-09,5581,11,28,5507,46,0,0,2,0
2021-04-10,5582,11,27,5509,46,0,0,2,0
2021-04-11,5585,11,27,5512,46,0,0,2,0
2021-04-12,5587,11,27,5514,46,0,0,2,0
2021-04-13,5589,10,26,5517,46,0,0,2,0
2021-04-14,5591,10,26,5519,46,0,0,2,0
2021-04-15,5593,10,26,5521,46,0,0,2,0
2021-04-16,5595,10,25,5524,46,0,0,2,0
2021-04-17,5597,10,25,5526,46,0,0,2,0
2021-04-18,5599,10,25,5528,46,0,0,2,0
2021-04-19,5600,10,24,5530,46,0,0,2,0
2021-04-20,5603,10,24,5533,46,0,0,2,0
2021-04-21,5605,9,24,5535,46,0,0,2,0
2021-04-22,5606,9,23,5537,46,0,0,2,0
2021-04-23,5608,9,23,5539,46,0,0,2,0
2021-04-24,5610,9,23,5541,46,0,0,2,0
2021-04-25,5612,9,23,5543,46,0,0,2,0
2021-04-26,5613,9,22,5545,46,0,0,2,0
2021-04-27,5615,9,22,5547,46,0,0,2,0
2021-04-28,5617,9,22,5549,46,0,0,2,0
2021-04-29,5618,8,21,5551,46,0,0,2,0
2021-04-30,5620,8,21,5553,46,0,0,2,0
2021-05-01,5622,8,21,5555,46,0,0,2,0
2021-05-02,5624,8,21,5557,46,0,0,2,0
2021-05-03,5625,8,20,5559,46,0,0,2,0
2021-05-04,5626,8,20,5560,46,0,0,2,0
2021-05-05,5628,8,20,5562,46,0,0,2,0
2021-05-06,5630,8,20,5564,46,0,0,2,0
2021-05-07,5631,8,19,5566,46,0,0,2,0
2021-05-08,5633,8,19,5568,46,0,0,2,0
2021-05-09,5634,7,19,5569,46,0,0,2,0
2021-05-10,5636,7,19,5571,46,0,0,2,0
2021-05-11,5637,7,18,5573,46,0,0,2,0
2021-05-12,5638,7,18,5574,46,0,0,2,0
2021-05-13,5640,7,18,5576,46,0,0,2,0
2021-05-14,5641,7,18,5577,46,0,0,2,0
2021-05-15,5642,7,17,5579,46,0,0,2,0
2021-05-16,5644,7,17,5581,46,0,0,2,0
2021-05-17,5645,7,17,5582,46,0,0,2,0
2021-05-18,5647,7,17,5584,46,0,0,2,0
2021-05-19,5647,7,16,5585,46,0,0,1,0
2021-05-20,5649,6,16,5587,46,0,0,1,0
2021-05-21,5650,6,16,5588,46,0,0,1,0
2021-05-22,5651,6,16,5589,46,0,0,1,0
2021-05-23,5653,6,16,5591,46,0,0,1,0
2021-05-24,5653,6,15,5592,46,0,0,1,0
2021-05-25,5655,6,15,5594,46,0,0,1,0
2021-05-26,5656,6,15,5595,46,0,0,1,0
2021-05-27,5657,6,15,5596,46,0,0,1,0
2021-05-28,5659,6,15,5598,46,0,0,1,0
2021-05-29,5659,6,14,5599,46,0,0,1,0
2021-05-30,5660,6,14,5600,46,0,0,1,0
2021-05-31,5662,6,14,5602,46,0,0,1,0
2021-06-01,5663,6,14,5603,46,0,0,1,0
2021-06-02,5664,5,14,5604,46,0,0,1,0
2021-06-03,5665,5,14,5605,46,0,0,1,0
2021-06-04,5666,5,13,5607,46,0,0,1,0
2021-06-05,5667,5,13,5608,46,0,0,1,0
2021-06-06,5668,5,13,5609,46,0,0,1,0
2021-06-07,5669,5,13,5610,46,0,0,1,0
2021-06-08,5670,5,13,5611,46,0,0,1,0
2021-06-09,5670,5,12,5612,46,0,0,1,0
2021-06-10,5672,5,12,5614,46,0,0,1,0
2021-06-11,5673,5,12,5615,46,0,0,1,0
2021-06-12,5674,5,12,5616,46,0,0,1,0
2021-06-13,5675,5,12,5617,46,0,0,1,0
2021-06-14,5676,5,12,5618,46,0,0,1,0
2021-06-15,5677,5,12,5619,46,0,0,1,0
2021-06-16,5677,5,11,5620,46,0,0,1,0
2021-06-17,5678,4,11,5621,46,0,0,1,0
2021-06-18,5679,4,11,5622,46,0,0,1,0
2021-06-19,5680,4,11,5623,46,0,0,1,0
2021-06-20,5682,4,11,5624,47,0,0,1,0
2021-06-21,5683,4,11,5625,47,0,0,1,0
2021-06-22,5684,4,11,5626,47,0,0,1,0
2021-06-23,5684,4,10,5627,47,0,0,1,0
2021-06-24,5685,4,10,5628,47,0,0,1,0
2021-06-25,5686,4,10,5629,47,0,0,1,0
2021-06-26,5687,4,10,5630,47,0,0,1,0
2021-06-27,5687,4,10,5630,47,0,0,1,0
2021-06-28,5688,4,10,5631,47,0,0,1,0
2021-06-29,5689,4,10,5632,47,0,0,1,0
2021-06-30,5689,4,9,5633,47,0,0,1,0
2021-07-01,5690,4,9,5634,47,0,0,1,0
2021-07-02,5691,4,9,5635,47,0,0,1,0
2021-07-03,5692,4,9,5636,47,0,0,1,0
2021-07-04,5692,4,9,5636,47,0,0,1,0
2021-07-05,5693,4,9,5637,47,0,0,1,0
2021-07-06,5694,3,9,5638,47,0,0,1,0
