Date,Infected,Exposed,Active,Recovered,Deaths,Diff Exposed,Diff Active,Diff Recovered,Diff Deaths
2020-06-27,714,138,193,517,4,0,10,17,0
2020-06-28,741,134,202,535,4,0,8,18,0
2020-06-29,767,131,209,554,4,0,7,19,0
2020-06-30,792,129,215,573,4,0,6,19,0
2020-07-01,817,128,221,592,4,0,5,20,0
2020-07-02,843,128,226,613,4,0,5,20,0
2020-07-03,867,129,230,633,4,1,4,21,0
2020-07-04,892,129,234,654,4,1,4,21,0
2020-07-05,918,130,238,675,5,1,4,22,0
2020-07-06,944,131,242,697,5,1,4,22,0
2020-07-07,970,133,246,719,5,1,4,22,0
2020-07-08,996,134,250,741,5,1,4,23,0
2020-07-09,1022,136,253,764,5,2,4,23,0
2020-07-10,1049,137,257,787,5,2,4,23,0
2020-07-11,1076,139,260,810,6,2,4,23,0
2020-07-12,1104,140,264,834,6,2,4,24,0
2020-07-13,1131,142,267,858,6,2,4,24,0
2020-07-14,1159,143,271,882,6,2,4,24,0
2020-07-15,1187,145,274,907,6,2,4,25,0
2020-07-16,1215,147,278,931,6,2,4,25,0
2020-07-17,1245,148,281,957,7,2,4,25,0
2020-07-18,1274,150,285,982,7,2,4,26,0
2020-07-19,1303,152,288,1008,7,2,4,26,0
2020-07-20,1333,153,292,1034,7,2,4,26,0
2020-07-21,1363,155,295,1061,7,2,4,27,0
2020-07-22,1393,157,299,1087,7,2,4,27,0
2020-07-23,1425,158,302,1115,8,2,4,27,0
2020-07-24,1456,160,306,1142,8,2,4,28,0
2020-07-25,1487,161,309,1170,8,2,4,28,0
2020-07-26,1519,163,313,1198,8,2,4,28,0
2020-07-27,1551,165,317,1226,8,2,4,29,0
2020-07-28,1584,166,320,1255,9,2,3,29,0
2020-07-29,1616,168,323,1284,9,2,3,29,0
2020-07-30,1649,169,327,1313,9,2,3,30,0
2020-07-31,1682,171,330,1343,9,2,3,30,0
2020-08-01,1716,172,334,1373,9,2,3,30,0
2020-08-02,1750,174,337,1403,10,1,3,30,0
2020-08-03,1785,175,341,1434,10,1,3,31,0
2020-08-04,1819,177,344,1465,10,1,3,31,0
2020-08-05,1854,178,348,1496,10,1,3,31,0
2020-08-06,1888,180,351,1527,10,1,3,32,0
2020-08-07,1924,181,354,1559,11,1,3,32,0
2020-08-08,1960,183,358,1591,11,1,3,32,0
2020-08-09,1996,184,361,1624,11,1,3,33,0
2020-08-10,2031,185,364,1656,11,1,3,33,0
2020-08-11,2067,187,367,1689,11,1,3,33,0
2020-08-12,2104,188,370,1722,12,1,3,33,0
2020-08-13,2142,189,374,1756,12,1,3,34,0
2020-08-14,2179,190,377,1790,12,1,3,34,0
2020-08-15,2216,192,380,1824,12,1,3,34,0
2020-08-16,2254,193,383,1858,13,1,3,35,0
2020-08-17,2292,194,386,1893,13,1,3,35,0
2020-08-18,2330,195,389,1928,13,1,3,35,0
2020-08-19,2368,196,392,1963,13,1,3,35,0
2020-08-20,2407,197,394,1999,14,1,3,36,0
2020-08-21,2445,198,397,2034,14,1,3,36,0
2020-08-22,2484,199,400,2070,14,1,3,36,0
2020-08-23,2523,200,403,2106,14,1,3,36,0
2020-08-24,2563,201,405,2143,15,1,3,37,0
2020-08-25,2603,202,408,2180,15,1,3,37,0
2020-08-26,2641,203,410,2216,15,1,2,37,0
2020-08-27,2682,204,413,2254,15,1,2,37,0
2020-08-28,2722,204,415,2291,16,1,2,37,0
2020-08-29,2762,205,417,2329,16,1,2,38,0
2020-08-30,2802,206,420,2366,16,1,2,38,0
2020-08-31,2842,207,422,2404,16,1,2,38,0
2020-09-01,2883,207,424,2442,17,1,2,38,0
2020-09-02,2924,208,426,2481,17,1,2,38,0
2020-09-03,2964,208,428,2519,17,1,2,39,0
2020-09-04,3005,209,430,2558,17,0,2,39,0
2020-09-05,3047,209,432,2597,18,0,2,39,0
2020-09-06,3088,210,434,2636,18,0,2,39,0
2020-09-07,3128,210,435,2675,18,0,2,39,0
2020-09-08,3170,210,437,2715,18,0,2,39,0
2020-09-09,3211,211,438,2754,19,0,1,40,0
2020-09-10,3253,211,440,2794,19,0,1,40,0
2020-09-11,3293,211,441,2833,19,0,1,40,0
2020-09-12,3335,211,442,2873,20,0,1,40,0
2020-09-13,3377,211,444,2913,20,0,1,40,0
2020-09-14,3418,212,445,2953,20,0,1,40,0
2020-09-15,3460,212,446,2994,20,0,1,40,0
2020-09-16,3502,212,447,3034,21,0,1,40,0
2020-09-17,3543,212,448,3074,21,0,1,40,0
2020-09-18,3584,211,448,3115,21,0,1,40,0
2020-09-19,3625,211,449,3155,21,0,1,41,0
2020-09-20,3668,211,450,3196,22,0,1,41,0
2020-09-21,3708,211,450,3236,22,0,0,41,0
2020-09-22,3749,211,450,3277,22,0,0,41,0
2020-09-23,3792,210,451,3318,23,0,0,41,0
2020-09-24,3832,210,451,3358,23,0,0,41,0
2020-09-25,3873,210,451,3399,23,0,0,41,0
2020-09-26,3914,209,451,3440,23,0,0,41,0
2020-09-27,3956,209,451,3481,24,0,0,41,0
2020-09-28,3996,208,451,3521,24,0,0,41,0
2020-09-29,4037,208,451,3562,24,0,0,41,0
2020-09-30,4079,207,451,3603,25,0,0,41,0
2020-10-01,4118,206,450,3643,25,0,0,41,0
2020-10-02,4159,206,450,3684,25,0,0,41,0
2020-10-03,4199,205,449,3725,25,0,0,41,0
2020-10-04,4239,204,448,3765,26,0,0,40,0
2020-10-05,4280,204,448,3806,26,0,0,40,0
2020-10-06,4319,203,447,3846,26,0,0,40,0
2020-10-07,4358,202,446,3886,26,0,0,40,0
2020-10-08,4399,201,445,3927,27,0,0,40,0
2020-10-09,4438,200,444,3967,27,0,0,40,0
2020-10-10,4477,199,443,4007,27,0,0,40,0
2020-10-11,4517,198,442,4047,28,0,0,40,0
2020-10-12,4555,197,440,4087,28,0,0,40,0
2020-10-13,4593,196,439,4126,28,0,0,40,0
2020-10-14,4631,195,437,4166,28,0,0,39,0
2020-10-15,4670,194,436,4205,29,0,0,39,0
2020-10-16,4708,193,434,4245,29,0,0,39,0
2020-10-17,4745,192,432,4284,29,0,0,39,0
2020-10-18,4783,190,431,4323,29,0,0,39,0
2020-10-19,4821,189,429,4362,30,0,0,39,0
2020-10-20,4857,188,427,4400,30,0,0,39,0
2020-10-21,4894,187,425,4439,30,0,0,38,0
2020-10-22,4930,185,423,4477,30,0,0,38,0
2020-10-23,4967,184,421,4515,31,0,0,38,0
2020-10-24,5003,183,419,4553,31,0,0,38,0
2020-10-25,5038,181,416,4591,31,0,0,38,0
2020-10-26,5073,180,414,4628,31,0,0,37,0
2020-10-27,5110,179,412,4666,32,0,0,37,0
2020-10-28,5144,177,409,4703,32,0,0,37,0
2020-10-29,5179,176,407,4740,32,0,0,37,0
2020-10-30,5212,174,404,4776,32,0,0,36,0
2020-10-31,5248,173,402,4813,33,0,0,36,0
2020-11-01,5281,171,399,4849,33,0,0,36,0
2020-11-02,5314,170,396,4885,33,0,0,36,0
2020-11-03,5347,168,394,4920,33,0,0,36,0
2020-11-04,5381,167,391,4956,34,0,0,35,0
2020-11-05,5413,165,388,4991,34,0,0,35,0
2020-11-06,5445,164,385,5026,34,0,0,35,0
2020-11-07,5477,162,382,5061,34,0,0,35,0
2020-11-08,5509,161,379,5095,35,0,0,34,0
2020-11-09,5540,159,376,5129,35,0,0,34,0
2020-11-10,5571,157,373,5163,35,0,0,34,0
2020-11-11,5602,156,370,5197,35,0,0,33,0
2020-11-12,5633,154,367,5230,36,0,0,33,0
2020-11-13,5663,153,364,5263,36,0,0,33,0
2020-11-14,5693,151,361,5296,36,0,0,33,0
2020-11-15,5722,150,358,5328,36,0,0,32,0
2020-11-16,5750,148,354,5360,36,0,0,32,0
2020-11-17,5780,146,351,5392,37,0,0,32,0
2020-11-18,5809,145,348,5424,37,0,0,31,0
2020-11-19,5837,143,345,5455,37,0,0,31,0
2020-11-20,5864,141,341,5486,37,0,0,31,0
2020-11-21,5893,140,338,5517,38,0,0,31,0
2020-11-22,5920,138,335,5547,38,0,0,30,0
2020-11-23,5946,137,331,5577,38,0,0,30,0
2020-11-24,5973,135,328,5607,38,0,0,30,0
2020-11-25,6000,133,325,5637,38,0,0,29,0
2020-11-26,6026,132,321,5666,39,0,0,29,0
2020-11-27,6052,130,318,5695,39,0,0,29,0
2020-11-28,6077,129,315,5723,39,0,0,28,0
2020-11-29,6102,127,311,5752,39,0,0,28,0
2020-11-30,6127,125,308,5780,39,0,0,28,0
2020-12-01,6151,124,304,5807,40,0,0,27,0
2020-12-02,6176,122,301,5835,40,0,0,27,0
2020-12-03,6200,121,298,5862,40,0,0,27,0
2020-12-04,6223,119,294,5889,40,0,0,27,0
2020-12-05,6246,118,291,5915,40,0,0,26,0
2020-12-06,6269,116,288,5941,40,0,0,26,0
2020-12-07,6292,115,284,5967,41,0,0,26,0
2020-12-08,6315,113,281,5993,41,0,0,25,0
2020-12-09,6337,112,278,6018,41,0,0,25,0
2020-12-10,6358,110,274,6043,41,0,0,25,0
2020-12-11,6379,109,271,6067,41,0,0,24,0
2020-12-12,6401,107,268,6092,41,0,0,24,0
2020-12-13,6422,106,264,6116,42,0,0,24,0
2020-12-14,6443,104,261,6140,42,0,0,24,0
2020-12-15,6463,103,258,6163,42,0,0,23,0
2020-12-16,6482,101,254,6186,42,0,0,23,0
2020-12-17,6502,100,251,6209,42,0,0,23,0
2020-12-18,6522,98,248,6232,42,0,0,22,0
2020-12-19,6542,97,245,6254,43,0,0,22,0
2020-12-20,6560,96,241,6276,43,0,0,22,0
2020-12-21,6579,94,238,6298,43,0,0,22,0
2020-12-22,6597,93,235,6319,43,0,0,21,0
2020-12-23,6615,92,232,6340,43,0,0,21,0
2020-12-24,6633,90,229,6361,43,0,0,21,0
2020-12-25,6650,89,226,6381,43,0,0,20,0
2020-12-26,6669,88,223,6402,44,0,0,20,0
2020-12-27,6686,86,220,6422,44,0,0,20,0
2020-12-28,6701,85,216,6441,44,0,0,20,0
2020-12-29,6718,84,213,6461,44,0,0,19,0
2020-12-30,6734,82,210,6480,44,0,0,19,0
2020-12-31,6751,81,208,6499,44,0,0,19,0
2021-01-01,6767,80,205,6518,44,0,0,18,0
2021-01-02,6782,79,202,6536,44,0,0,18,0
2021-01-03,6798,77,199,6554,45,0,0,18,0
2021-01-04,6813,76,196,6572,45,0,0,18,0
2021-01-05,6828,75,193,6590,45,0,0,17,0
2021-01-06,6842,74,190,6607,45,0,0,17,0
2021-01-07,6856,73,187,6624,45,0,0,17,0
2021-01-08,6871,72,185,6641,45,0,0,17,0
2021-01-09,6884,71,182,6657,45,0,0,16,0
2021-01-10,6898,69,179,6674,45,0,0,16,0
2021-01-11,6913,68,177,6690,46,0,0,16,0
2021-01-12,6926,67,174,6706,46,0,0,16,0
2021-01-13,6938,66,171,6721,46,0,0,15,0
2021-01-14,6952,65,169,6737,46,0,0,15,0
2021-01-15,6964,64,166,6752,46,0,0,15,0
2021-01-16,6977,63,164,6767,46,0,0,15,0
2021-01-17,6988,62,161,6781,46,0,0,15,0
2021-01-18,7001,61,159,6796,46,0,0,14,0
2021-01-19,7012,60,156,6810,46,0,0,14,0
2021-01-20,7024,59,154,6824,46,0,0,14,0
2021-01-21,7036,58,151,6838,47,0,0,14,0
2021-01-22,7047,57,149,6851,47,0,0,13,0
2021-01-23,7059,56,147,6865,47,0,0,13,0
2021-01-24,7069,55,144,6878,47,0,0,13,0
2021-01-25,7080,54,142,6891,47,0,0,13,0
2021-01-26,7091,53,140,6904,47,0,0,13,0
2021-01-27,7101,52,138,6916,47,0,0,12,0
2021-01-28,7111,52,135,6929,47,0,0,12,0
2021-01-29,7121,51,133,6941,47,0,0,12,0
2021-01-30,7131,50,131,6953,47,0,0,12,0
2021-01-31,7140,49,129,6964,47,0,0,12,0
2021-02-01,7150,48,127,6976,47,0,0,11,0
2021-02-02,7160,47,125,6987,48,0,0,11,0
2021-02-03,7170,47,123,6999,48,0,0,11,0
2021-02-04,7179,46,121,7010,48,0,0,11,0
2021-02-05,7187,45,119,7020,48,0,0,11,0
2021-02-06,7196,44,117,7031,48,0,0,11,0
2021-02-07,7205,43,115,7042,48,0,0,10,0
2021-02-08,7213,43,113,7052,48,0,0,10,0
2021-02-09,7221,42,111,7062,48,0,0,10,0
2021-02-10,7229,41,109,7072,48,0,0,10,0
2021-02-11,7237,41,107,7082,48,0,0,10,0
2021-02-12,7245,40,106,7091,48,0,0,10,0
2021-02-13,7253,39,104,7101,48,0,0,9,0
2021-02-14,7260,39,102,7110,48,0,0,9,0
2021-02-15,7267,38,100,7119,48,0,0,9,0
2021-02-16,7276,37,99,7128,49,0,0,9,0
2021-02-17,7283,37,97,7137,49,0,0,9,0
2021-02-18,7290,36,95,7146,49,0,0,9,0
2021-02-19,7297,35,94,7154,49,0,0,8,0
2021-02-20,7304,35,92,7163,49,0,0,8,0
2021-02-21,7311,34,91,7171,49,0,0,8,0
2021-02-22,7317,33,89,7179,49,0,0,8,0
2021-02-23,7323,33,87,7187,49,0,0,8,0
2021-02-24,7330,32,86,7195,49,0,0,8,0
2021-02-25,7336,32,84,7203,49,0,0,8,0
2021-02-26,7342,31,83,7210,49,0,0,7,0
2021-02-27,7349,31,82,7218,49,0,0,7,0
2021-02-28,7354,30,80,7225,49,0,0,7,0
2021-03-01,7360,30,79,7232,49,0,0,7,0
2021-03-02,7365,29,77,7239,49,0,0,7,0
2021-03-03,7371,28,76,7246,49,0,0,7,0
2021-03-04,7377,28,75,7253,49,0,0,7,0
2021-03-05,7382,27,73,7260,49,0,0,7,0
2021-03-06,7387,27,72,7266,49,0,0,7,0
2021-03-07,7393,26,71,7273,49,0,0,6,0
2021-03-08,7399,26,70,7279,50,0,0,6,0
2021-03-09,7404,26,68,7286,50,0,0,6,0
2021-03-10,7409,25,67,7292,50,0,0,6,0
2021-03-11,7414,25,66,7298,50,0,0,6,0
2021-03-12,7419,24,65,7304,50,0,0,6,0
2021-03-13,7423,24,64,7309,50,0,0,6,0
2021-03-14,7428,23,63,7315,50,0,0,6,0
2021-03-15,7432,23,61,7321,50,0,0,6,0
2021-03-16,7436,22,60,7326,50,0,0,5,0
2021-03-17,7441,22,59,7332,50,0,0,5,0
2021-03-18,7445,22,58,7337,50,0,0,5,0
2021-03-19,7449,21,57,7342,50,0,0,5,0
2021-03-20,7453,21,56,7347,50,0,0,5,0
2021-03-21,7457,21,55,7352,50,0,0,5,0
2021-03-22,7461,20,54,7357,50,0,0,5,0
2021-03-23,7465,20,53,7362,50,0,0,5,0
2021-03-24,7469,19,52,7367,50,0,0,5,0
2021-03-25,7473,19,51,7372,50,0,0,5,0
2021-03-26,7476,19,50,7376,50,0,0,5,0
2021-03-27,7481,18,50,7381,50,0,0,4,0
2021-03-28,7484,18,49,7385,50,0,0,4,0
2021-03-29,7488,18,48,7390,50,0,0,4,0
2021-03-30,7491,17,47,7394,50,0,0,4,0
2021-03-31,7494,17,46,7398,50,0,0,4,0
2021-04-01,7497,17,45,7402,50,0,0,4,0
2021-04-02,7500,16,44,7406,50,0,0,4,0
2021-04-03,7504,16,44,7410,50,0,0,4,0
2021-04-04,7507,16,43,7414,50,0,0,4,0
2021-04-05,7510,16,42,7418,50,0,0,4,0
2021-04-06,7513,15,41,7422,50,0,0,4,0
2021-04-07,7518,15,41,7426,51,0,0,4,0
2021-04-08,7520,15,40,7429,51,0,0,4,0
2021-04-09,7523,14,39,7433,51,0,0,4,0
2021-04-10,7525,14,38,7436,51,0,0,3,0
2021-04-11,7529,14,38,7440,51,0,0,3,0
2021-04-12,7531,14,37,7443,51,0,0,3,0
2021-04-13,7533,13,36,7446,51,0,0,3,0
2021-04-14,7537,13,36,7450,51,0,0,3,0
2021-04-15,7539,13,35,7453,51,0,0,3,0
2021-04-16,7541,13,34,7456,51,0,0,3,0
2021-04-17,7544,12,34,7459,51,0,0,3,0
2021-04-18,7546,12,33,7462,51,0,0,3,0
2021-04-19,7548,12,32,7465,51,0,0,3,0
2021-04-20,7551,12,32,7468,51,0,0,3,0
2021-04-21,7553,12,31,7471,51,0,0,3,0
2021-04-22,7556,11,31,7474,51,0,0,3,0
2021-04-23,7557,11,30,7476,51,0,0,3,0
2021-04-24,7560,11,30,7479,51,0,0,3,0
2021-04-25,7562,11,29,7482,51,0,0,3,0
2021-04-26,7564,11,29,7484,51,0,0,3,0
2021-04-27,7566,10,28,7487,51,0,0,3,0
2021-04-28,7567,10,27,7489,51,0,0,2,0
2021-04-29,7570,10,27,7492,51,0,0,2,0
2021-04-30,7571,10,26,7494,51,0,0,2,0
2021-05-01,7574,10,26,7497,51,0,0,2,0
2021-05-02,7575,9,25,7499,51,0,0,2,0
2021-05-03,7577,9,25,7501,51,0,0,2,0
2021-05-04,7579,9,25,7503,51,0,0,2,0
2021-05-05,7581,9,24,7506,51,0,0,2,0
2021-05-06,7583,9,24,7508,51,0,0,2,0
2021-05-07,7584,9,23,7510,51,0,0,2,0
2021-05-08,7586,8,23,7512,51,0,0,2,0
2021-05-09,7587,8,22,7514,51,0,0,2,0
2021-05-10,7589,8,22,7516,51,0,0,2,0
2021-05-11,7591,8,22,7518,51,0,0,2,0
2021-05-12,7592,8,21,7520,51,0,0,2,0
2021-05-13,7594,8,21,7522,51,0,0,2,0
2021-05-14,7595,7,20,7524,51,0,0,2,0
2021-05-15,7597,7,20,7526,51,0,0,2,0
2021-05-16,7598,7,20,7527,51,0,0,2,0
2021-05-17,7599,7,19,7529,51,0,0,2,0
2021-05-18,7601,7,19,7531,51,0,0,2,0
2021-05-19,7603,7,19,7533,51,0,0,2,0
2021-05-20,7603,7,18,7534,51,0,0,2,0
2021-05-21,7605,7,18,7536,51,0,0,2,0
2021-05-22,7606,6,18,7537,51,0,0,2,0
2021-05-23,7607,6,17,7539,51,0,0,2,0
2021-05-24,7609,6,17,7541,51,0,0,2,0
2021-05-25,7610,6,17,7542,51,0,0,1,0
2021-05-26,7611,6,16,7544,51,0,0,1,0
2021-05-27,7612,6,16,7545,51,0,0,1,0
2021-05-28,7613,6,16,7546,51,0,0,1,0
2021-05-29,7614,6,15,7548,51,0,0,1,0
2021-05-30,7615,6,15,7549,51,0,0,1,0
2021-05-31,7617,5,15,7551,51,0,0,1,0
2021-06-01,7618,5,15,7552,51,0,0,1,0
2021-06-02,7618,5,14,7553,51,0,0,1,0
2021-06-03,7619,5,14,7554,51,0,0,1,0
2021-06-04,7621,5,14,7556,51,0,0,1,0
2021-06-05,7621,5,13,7557,51,0,0,1,0
2021-06-06,7622,5,13,7558,51,0,0,1,0
2021-06-07,7623,5,13,7559,51,0,0,1,0
2021-06-08,7624,5,13,7560,51,0,0,1,0
2021-06-09,7625,5,12,7562,51,0,0,1,0
2021-06-10,7626,4,12,7563,51,0,0,1,0
2021-06-11,7627,4,12,7564,51,0,0,1,0
2021-06-12,7628,4,12,7565,51,0,0,1,0
2021-06-13,7629,4,12,7566,51,0,0,1,0
2021-06-14,7629,4,11,7567,51,0,0,1,0
2021-06-15,7630,4,11,7568,51,0,0,1,0
2021-06-16,7632,4,11,7569,52,0,0,1,0
2021-06-17,7633,4,11,7570,52,0,0,1,0
2021-06-18,7634,4,11,7571,52,0,0,1,0
2021-06-19,7634,4,10,7572,52,0,0,1,0
2021-06-20,7635,4,10,7573,52,0,0,1,0
2021-06-21,7636,4,10,7574,52,0,0,1,0
2021-06-22,7637,4,10,7575,52,0,0,1,0
