Date,Infected,Exposed,Active,Recovered,Deaths,Diff Exposed,Diff Active,Diff Recovered,Diff Deaths
2020-06-25,720,52,197,521,2,13,0,18,0
2020-06-26,731,64,190,538,3,10,0,17,0
2020-06-27,745,73,187,555,3,8,0,17,0
2020-06-28,760,80,185,572,3,6,0,17,0
2020-06-29,776,86,184,589,3,5,0,17,0
2020-06-30,793,91,185,605,3,4,1,17,0
2020-07-01,811,94,186,622,3,3,2,17,0
2020-07-02,830,98,188,639,3,3,2,17,0
2020-07-03,849,101,190,656,3,3,2,17,0
2020-07-04,868,103,192,673,3,2,3,17,0
2020-07-05,889,106,195,691,3,2,3,18,0
2020-07-06,909,108,198,708,3,2,3,18,0
2020-07-07,931,110,201,727,3,2,3,18,0
2020-07-08,954,112,205,745,4,2,3,19,0
2020-07-09,975,114,208,763,4,2,3,19,0
2020-07-10,998,116,212,782,4,2,4,19,0
2020-07-11,1021,118,215,802,4,2,4,19,0
2020-07-12,1044,120,219,821,4,2,4,20,0
2020-07-13,1067,122,222,841,4,2,4,20,0
2020-07-14,1091,124,226,861,4,2,4,20,0
2020-07-15,1116,126,230,882,4,2,4,21,0
2020-07-16,1141,128,234,903,4,2,4,21,0
2020-07-17,1166,130,238,924,4,2,4,21,0
2020-07-18,1193,132,242,946,5,2,4,22,0
2020-07-19,1218,134,245,968,5,2,4,22,0
2020-07-20,1244,136,249,990,5,2,4,23,0
2020-07-21,1272,138,254,1013,5,2,4,23,0
2020-07-22,1299,140,258,1036,5,2,4,23,0
2020-07-23,1326,142,262,1059,5,2,4,24,0
2020-07-24,1354,145,266,1083,5,2,4,24,0
2020-07-25,1382,147,270,1107,5,2,4,24,0
2020-07-26,1411,149,274,1132,5,2,4,25,0
2020-07-27,1442,151,279,1157,6,2,4,25,0
2020-07-28,1471,153,283,1182,6,2,4,26,0
2020-07-29,1501,155,287,1208,6,2,4,26,0
2020-07-30,1532,157,292,1234,6,2,4,26,0
2020-07-31,1563,160,296,1261,6,2,4,27,0
2020-08-01,1594,162,300,1288,6,2,4,27,0
2020-08-02,1626,164,305,1315,6,2,4,28,0
2020-08-03,1658,166,309,1343,6,2,4,28,0
2020-08-04,1692,168,314,1371,7,2,5,28,0
2020-08-05,1724,171,318,1399,7,2,5,29,0
2020-08-06,1758,173,323,1428,7,2,5,29,0
2020-08-07,1792,175,327,1458,7,2,5,30,0
2020-08-08,1827,177,332,1488,7,2,5,30,0
2020-08-09,1862,180,337,1518,7,2,5,30,0
2020-08-10,1896,182,341,1548,7,2,5,31,0
2020-08-11,1933,184,346,1579,8,2,5,31,0
2020-08-12,1970,186,351,1611,8,2,5,32,0
2020-08-13,2006,188,355,1643,8,2,5,32,0
2020-08-14,2043,191,360,1675,8,2,5,33,0
2020-08-15,2081,193,365,1708,8,2,5,33,0
2020-08-16,2118,195,369,1741,8,2,5,33,0
2020-08-17,2156,197,374,1774,8,2,5,34,0
2020-08-18,2196,199,379,1808,9,2,5,34,0
2020-08-19,2235,202,383,1843,9,2,5,35,0
2020-08-20,2275,204,388,1878,9,2,5,35,0
2020-08-21,2315,206,393,1913,9,2,5,36,0
2020-08-22,2355,208,397,1949,9,2,5,36,0
2020-08-23,2396,210,402,1985,9,2,5,36,0
2020-08-24,2438,212,407,2021,10,2,5,37,0
2020-08-25,2479,214,411,2058,10,2,5,37,0
2020-08-26,2521,216,416,2095,10,2,5,38,0
2020-08-27,2563,218,420,2133,10,2,5,38,0
2020-08-28,2606,220,425,2171,10,2,5,38,0
2020-08-29,2651,222,430,2210,11,2,5,39,0
2020-08-30,2694,224,434,2249,11,2,5,39,0
2020-08-31,2739,226,439,2289,11,2,4,40,0
2020-09-01,2782,228,443,2328,11,2,4,40,0
2020-09-02,2828,230,448,2369,11,2,4,40,0
2020-09-03,2873,232,452,2409,12,2,4,41,0
2020-09-04,2918,234,456,2450,12,2,4,41,0
2020-09-05,2965,235,461,2492,12,2,4,42,0
2020-09-06,3011,237,465,2534,12,2,4,42,0
2020-09-07,3057,239,469,2576,12,2,4,42,0
2020-09-08,3104,241,473,2618,13,2,4,43,0
2020-09-09,3151,242,477,2661,13,2,4,43,0
2020-09-10,3199,244,481,2705,13,2,4,44,0
2020-09-11,3246,245,485,2748,13,2,4,44,0
2020-09-12,3294,247,489,2792,13,1,4,44,0
2020-09-13,3344,248,493,2837,14,1,4,45,0
2020-09-14,3393,250,497,2882,14,1,4,45,0
2020-09-15,3442,251,501,2927,14,1,4,45,0
2020-09-16,3490,252,504,2972,14,1,4,46,0
2020-09-17,3540,254,508,3018,14,1,4,46,0
2020-09-18,3591,255,512,3064,15,1,3,46,0
2020-09-19,3640,256,515,3110,15,1,3,47,0
2020-09-20,3690,257,518,3157,15,1,3,47,0
2020-09-21,3741,258,522,3204,15,1,3,47,0
2020-09-22,3792,259,525,3251,16,1,3,47,0
2020-09-23,3843,260,528,3299,16,1,3,48,0
2020-09-24,3894,261,531,3347,16,1,3,48,0
2020-09-25,3945,262,534,3395,16,1,3,48,0
2020-09-26,3996,263,537,3443,16,1,3,49,0
2020-09-27,4048,263,539,3492,17,1,3,49,0
2020-09-28,4100,264,542,3541,17,1,3,49,0
2020-09-29,4151,265,544,3590,17,1,2,49,0
2020-09-30,4203,265,547,3639,17,1,2,49,0
2020-10-01,4256,266,549,3689,18,0,2,50,0
2020-10-02,4308,266,551,3739,18,0,2,50,0
2020-10-03,4360,267,553,3789,18,0,2,50,0
2020-10-04,4412,267,555,3839,18,0,2,50,0
2020-10-05,4465,267,557,3889,19,0,2,50,0
2020-10-06,4517,267,559,3939,19,0,2,51,0
2020-10-07,4569,268,560,3990,19,0,2,51,0
2020-10-08,4622,268,562,4041,19,0,1,51,0
2020-10-09,4675,268,563,4092,20,0,1,51,0
2020-10-10,4727,268,564,4143,20,0,1,51,0
2020-10-11,4780,268,566,4194,20,0,1,51,0
2020-10-12,4832,267,567,4245,20,0,1,51,0
2020-10-13,4884,267,567,4296,21,0,1,51,0
2020-10-14,4937,267,568,4348,21,0,1,51,0
2020-10-15,4989,267,569,4399,21,0,1,51,0
2020-10-16,5040,266,569,4450,21,0,0,52,0
2020-10-17,5094,266,570,4502,22,0,0,52,0
2020-10-18,5146,265,570,4554,22,0,0,52,0
2020-10-19,5197,265,570,4605,22,0,0,52,0
2020-10-20,5249,264,570,4657,22,0,0,52,0
2020-10-21,5301,263,570,4708,23,0,0,52,0
2020-10-22,5353,263,570,4760,23,0,0,52,0
2020-10-23,5403,262,569,4811,23,0,0,52,0
2020-10-24,5455,261,569,4863,23,0,0,51,0
2020-10-25,5506,260,568,4914,24,0,0,51,0
2020-10-26,5558,259,568,4966,24,0,0,51,0
2020-10-27,5608,258,567,5017,24,0,0,51,0
2020-10-28,5658,257,566,5068,24,0,0,51,0
2020-10-29,5708,256,565,5119,24,0,0,51,0
2020-10-30,5759,255,563,5171,25,0,0,51,0
2020-10-31,5808,253,562,5221,25,0,0,51,0
2020-11-01,5858,252,561,5272,25,0,0,51,0
2020-11-02,5907,251,559,5323,25,0,0,51,0
2020-11-03,5956,250,557,5373,26,0,0,50,0
2020-11-04,6006,248,556,5424,26,0,0,50,0
2020-11-05,6054,247,554,5474,26,0,0,50,0
2020-11-06,6102,245,552,5524,26,0,0,50,0
2020-11-07,6151,244,550,5574,27,0,0,50,0
2020-11-08,6198,242,547,5624,27,0,0,50,0
2020-11-09,6245,241,545,5673,27,0,0,49,0
2020-11-10,6292,239,543,5722,27,0,0,49,0
2020-11-11,6339,237,540,5771,28,0,0,49,0
2020-11-12,6386,236,538,5820,28,0,0,49,0
2020-11-13,6432,234,535,5869,28,0,0,48,0
2020-11-14,6477,232,532,5917,28,0,0,48,0
2020-11-15,6523,230,529,5965,29,0,0,48,0
2020-11-16,6568,228,526,6013,29,0,0,48,0
2020-11-17,6612,227,523,6060,29,0,0,47,0
2020-11-18,6656,225,520,6107,29,0,0,47,0
2020-11-19,6700,223,517,6154,29,0,0,47,0
2020-11-20,6744,221,513,6201,30,0,0,46,0
2020-11-21,6787,219,510,6247,30,0,0,46,0
2020-11-22,6829,217,506,6293,30,0,0,46,0
2020-11-23,6872,215,503,6339,30,0,0,46,0
2020-11-24,6914,213,499,6384,31,0,0,45,0
2020-11-25,6956,211,496,6429,31,0,0,45,0
2020-11-26,6997,209,492,6474,31,0,0,45,0
2020-11-27,7038,207,488,6519,31,0,0,44,0
2020-11-28,7078,205,484,6563,31,0,0,44,0
2020-11-29,7118,203,480,6606,32,0,0,43,0
2020-11-30,7158,201,476,6650,32,0,0,43,0
2020-12-01,7197,198,472,6693,32,0,0,43,0
2020-12-02,7235,196,468,6735,32,0,0,42,0
2020-12-03,7273,194,464,6777,32,0,0,42,0
2020-12-04,7312,192,460,6819,33,0,0,42,0
2020-12-05,7350,190,456,6861,33,0,0,41,0
2020-12-06,7387,188,452,6902,33,0,0,41,0
2020-12-07,7424,186,448,6943,33,0,0,40,0
2020-12-08,7459,184,443,6983,33,0,0,40,0
2020-12-09,7496,181,439,7023,34,0,0,40,0
2020-12-10,7532,179,435,7063,34,0,0,39,0
2020-12-11,7566,177,430,7102,34,0,0,39,0
2020-12-12,7600,175,426,7140,34,0,0,39,0
2020-12-13,7634,173,421,7179,34,0,0,38,0
2020-12-14,7669,171,417,7217,35,0,0,38,0
2020-12-15,7702,169,413,7254,35,0,0,37,0
2020-12-16,7735,166,408,7292,35,0,0,37,0
2020-12-17,7767,164,404,7328,35,0,0,37,0
2020-12-18,7799,162,399,7365,35,0,0,36,0
2020-12-19,7831,160,395,7401,35,0,0,36,0
2020-12-20,7862,158,390,7436,36,0,0,35,0
2020-12-21,7893,156,386,7471,36,0,0,35,0
2020-12-22,7923,154,381,7506,36,0,0,34,0
2020-12-23,7953,152,377,7540,36,0,0,34,0
2020-12-24,7982,150,372,7574,36,0,0,34,0
2020-12-25,8012,148,368,7608,36,0,0,33,0
2020-12-26,8041,146,363,7641,37,0,0,33,0
2020-12-27,8070,144,359,7674,37,0,0,32,0
2020-12-28,8097,142,354,7706,37,0,0,32,0
2020-12-29,8125,140,350,7738,37,0,0,32,0
2020-12-30,8151,138,345,7769,37,0,0,31,0
2020-12-31,8179,136,341,7801,37,0,0,31,0
2021-01-01,8205,134,337,7831,37,0,0,30,0
2021-01-02,8232,132,332,7862,38,0,0,30,0
2021-01-03,8257,130,328,7891,38,0,0,30,0
2021-01-04,8282,128,323,7921,38,0,0,29,0
2021-01-05,8307,126,319,7950,38,0,0,29,0
2021-01-06,8332,124,315,7979,38,0,0,28,0
2021-01-07,8355,122,310,8007,38,0,0,28,0
2021-01-08,8379,120,306,8035,38,0,0,28,0
2021-01-09,8404,118,302,8063,39,0,0,27,0
2021-01-10,8427,117,298,8090,39,0,0,27,0
2021-01-11,8450,115,294,8117,39,0,0,27,0
2021-01-12,8471,113,289,8143,39,0,0,26,0
2021-01-13,8493,111,285,8169,39,0,0,26,0
2021-01-14,8515,110,281,8195,39,0,0,25,0
2021-01-15,8536,108,277,8220,39,0,0,25,0
2021-01-16,8557,106,273,8245,39,0,0,25,0
2021-01-17,8579,104,269,8270,40,0,0,24,0
2021-01-18,8599,103,265,8294,40,0,0,24,0
2021-01-19,8619,101,261,8318,40,0,0,24,0
2021-01-20,8638,100,257,8341,40,0,0,23,0
2021-01-21,8657,98,253,8364,40,0,0,23,0
2021-01-22,8677,96,250,8387,40,0,0,23,0
2021-01-23,8695,95,246,8409,40,0,0,22,0
2021-01-24,8714,93,242,8432,40,0,0,22,0
2021-01-25,8731,92,238,8453,40,0,0,22,0
2021-01-26,8751,90,235,8475,41,0,0,21,0
2021-01-27,8768,89,231,8496,41,0,0,21,0
2021-01-28,8785,87,227,8517,41,0,0,21,0
2021-01-29,8802,86,224,8537,41,0,0,20,0
2021-01-30,8818,84,220,8557,41,0,0,20,0
2021-01-31,8835,83,217,8577,41,0,0,20,0
2021-02-01,8851,81,213,8597,41,0,0,19,0
2021-02-02,8867,80,210,8616,41,0,0,19,0
2021-02-03,8883,79,207,8635,41,0,0,19,0
2021-02-04,8897,77,203,8653,41,0,0,18,0
2021-02-05,8913,76,200,8672,41,0,0,18,0
2021-02-06,8929,75,197,8690,42,0,0,18,0
2021-02-07,8942,73,193,8707,42,0,0,18,0
2021-02-08,8957,72,190,8725,42,0,0,17,0
2021-02-09,8971,71,187,8742,42,0,0,17,0
2021-02-10,8985,70,184,8759,42,0,0,17,0
2021-02-11,8998,68,181,8775,42,0,0,16,0
2021-02-12,9011,67,178,8791,42,0,0,16,0
2021-02-13,9024,66,175,8807,42,0,0,16,0
2021-02-14,9037,65,172,8823,42,0,0,16,0
2021-02-15,9050,64,169,8839,42,0,0,15,0
2021-02-16,9062,63,166,8854,42,0,0,15,0
2021-02-17,9074,62,163,8869,42,0,0,15,0
2021-02-18,9087,60,161,8883,43,0,0,15,0
2021-02-19,9099,59,158,8898,43,0,0,14,0
2021-02-20,9110,58,155,8912,43,0,0,14,0
2021-02-21,9122,57,153,8926,43,0,0,14,0
2021-02-22,9133,56,150,8940,43,0,0,14,0
2021-02-23,9143,55,147,8953,43,0,0,13,0
2021-02-24,9154,54,145,8966,43,0,0,13,0
2021-02-25,9164,53,142,8979,43,0,0,13,0
2021-02-26,9175,52,140,8992,43,0,0,13,0
2021-02-27,9185,51,137,9005,43,0,0,12,0
2021-02-28,9195,50,135,9017,43,0,0,12,0
2021-03-01,9205,49,133,9029,43,0,0,12,0
2021-03-02,9214,49,130,9041,43,0,0,12,0
2021-03-03,9224,48,128,9053,43,0,0,12,0
2021-03-04,9233,47,126,9064,43,0,0,11,0
2021-03-05,9242,46,123,9076,43,0,0,11,0
2021-03-06,9251,45,121,9087,43,0,0,11,0
2021-03-07,9261,44,119,9098,44,0,0,11,0
2021-03-08,9269,43,117,9108,44,0,0,11,0
2021-03-09,9278,43,115,9119,44,0,0,10,0
2021-03-10,9286,42,113,9129,44,0,0,10,0
2021-03-11,9294,41,111,9139,44,0,0,10,0
2021-03-12,9302,40,109,9149,44,0,0,10,0
2021-03-13,9310,40,107,9159,44,0,0,10,0
2021-03-14,9318,39,105,9169,44,0,0,9,0
2021-03-15,9325,38,103,9178,44,0,0,9,0
2021-03-16,9332,37,101,9187,44,0,0,9,0
2021-03-17,9339,37,99,9196,44,0,0,9,0
2021-03-18,9346,36,97,9205,44,0,0,9,0
2021-03-19,9354,35,96,9214,44,0,0,9,0
2021-03-20,9361,35,94,9223,44,0,0,8,0
2021-03-21,9367,34,92,9231,44,0,0,8,0
2021-03-22,9373,33,90,9239,44,0,0,8,0
2021-03-23,9381,33,89,9248,44,0,0,8,0
2021-03-24,9387,32,87,9256,44,0,0,8,0
2021-03-25,9393,32,86,9263,44,0,0,8,0
2021-03-26,9399,31,84,9271,44,0,0,8,0
2021-03-27,9405,30,82,9279,44,0,0,7,0
2021-03-28,9411,30,81,9286,44,0,0,7,0
2021-03-29,9416,29,79,9293,44,0,0,7,0
2021-03-30,9422,29,78,9300,44,0,0,7,0
2021-03-31,9428,28,76,9307,45,0,0,7,0
2021-04-01,9434,28,75,9314,45,0,0,7,0
2021-04-02,9440,27,74,9321,45,0,0,7,0
2021-04-03,9445,27,72,9328,45,0,0,7,0
2021-04-04,9450,26,71,9334,45,0,0,6,0
2021-04-05,9456,26,70,9341,45,0,0,6,0
2021-04-06,9460,25,68,9347,45,0,0,6,0
2021-04-07,9465,25,67,9353,45,0,0,6,0
2021-04-08,9470,24,66,9359,45,0,0,6,0
2021-04-09,9474,24,64,9365,45,0,0,6,0
2021-04-10,9479,23,63,9371,45,0,0,6,0
2021-04-11,9483,23,62,9376,45,0,0,6,0
2021-04-12,9488,22,61,9382,45,0,0,6,0
2021-04-13,9492,22,60,9387,45,0,0,5,0
2021-04-14,9497,21,59,9393,45,0,0,5,0
2021-04-15,9500,21,57,9398,45,0,0,5,0
2021-04-16,9504,21,56,9403,45,0,0,5,0
2021-04-17,9508,20,55,9408,45,0,0,5,0
2021-04-18,9512,20,54,9413,45,0,0,5,0
2021-04-19,9516,19,53,9418,45,0,0,5,0
2021-04-20,9520,19,52,9423,45,0,0,5,0
2021-04-21,9524,19,51,9428,45,0,0,5,0
2021-04-22,9527,18,50,9432,45,0,0,5,0
2021-04-23,9531,18,49,9437,45,0,0,4,0
2021-04-24,9534,18,48,9441,45,0,0,4,0
2021-04-25,9537,17,47,9445,45,0,0,4,0
2021-04-26,9542,17,47,9450,45,0,0,4,0
2021-04-27,9545,17,46,9454,45,0,0,4,0
2021-04-28,9548,16,45,9458,45,0,0,4,0
2021-04-29,9551,16,44,9462,45,0,0,4,0
2021-04-30,9554,16,43,9466,45,0,0,4,0
2021-05-01,9557,15,42,9470,45,0,0,4,0
2021-05-02,9560,15,41,9474,45,0,0,4,0
2021-05-03,9563,15,41,9477,45,0,0,4,0
2021-05-04,9566,15,40,9481,45,0,0,4,0
2021-05-05,9569,14,39,9485,45,0,0,4,0
2021-05-06,9571,14,38,9488,45,0,0,3,0
2021-05-07,9574,14,38,9491,45,0,0,3,0
2021-05-08,9577,13,37,9495,45,0,0,3,0
2021-05-09,9579,13,36,9498,45,0,0,3,0
2021-05-10,9581,13,35,9501,45,0,0,3,0
2021-05-11,9585,13,35,9505,45,0,0,3,0
2021-05-12,9587,12,34,9508,45,0,0,3,0
2021-05-13,9590,12,33,9511,46,0,0,3,0
2021-05-14,9593,12,33,9514,46,0,0,3,0
2021-05-15,9595,12,32,9517,46,0,0,3,0
2021-05-16,9597,11,31,9520,46,0,0,3,0
2021-05-17,9599,11,31,9522,46,0,0,3,0
2021-05-18,9601,11,30,9525,46,0,0,3,0
2021-05-19,9604,11,30,9528,46,0,0,3,0
2021-05-20,9606,11,29,9531,46,0,0,3,0
2021-05-21,9608,10,29,9533,46,0,0,3,0
2021-05-22,9610,10,28,9536,46,0,0,3,0
2021-05-23,9611,10,27,9538,46,0,0,2,0
2021-05-24,9614,10,27,9541,46,0,0,2,0
2021-05-25,9615,10,26,9543,46,0,0,2,0
2021-05-26,9618,9,26,9546,46,0,0,2,0
2021-05-27,9619,9,25,9548,46,0,0,2,0
2021-05-28,9621,9,25,9550,46,0,0,2,0
2021-05-29,9622,9,24,9552,46,0,0,2,0
2021-05-30,9625,9,24,9555,46,0,0,2,0
2021-05-31,9626,9,23,9557,46,0,0,2,0
2021-06-01,9628,8,23,9559,46,0,0,2,0
2021-06-02,9630,8,23,9561,46,0,0,2,0
2021-06-03,9631,8,22,9563,46,0,0,2,0
2021-06-04,9633,8,22,9565,46,0,0,2,0
2021-06-05,9634,8,21,9567,46,0,0,2,0
2021-06-06,9636,8,21,9569,46,0,0,2,0
2021-06-07,9637,7,20,9571,46,0,0,2,0
2021-06-08,9638,7,20,9572,46,0,0,2,0
2021-06-09,9640,7,20,9574,46,0,0,2,0
2021-06-10,9641,7,19,9576,46,0,0,2,0
2021-06-11,9643,7,19,9578,46,0,0,2,0
2021-06-12,9643,7,18,9579,46,0,0,2,0
2021-06-13,9645,7,18,9581,46,0,0,2,0
2021-06-14,9647,6,18,9583,46,0,0,2,0
2021-06-15,9647,6,17,9584,46,0,0,2,0
2021-06-16,9649,6,17,9586,46,0,0,2,0
2021-06-17,9650,6,17,9587,46,0,0,2,0
2021-06-18,9651,6,16,9589,46,0,0,1,0
2021-06-19,9652,6,16,9590,46,0,0,1,0
2021-06-20,9654,6,16,9592,46,0,0,1,0
