Date,Infected,Exposed,Active,Recovered,Deaths,Diff Exposed,Diff Active,Diff Recovered,Diff Deaths
2020-06-25,126,21,34,91,1,1,1,3,0
2020-06-26,131,22,35,95,1,1,1,3,0
2020-06-27,135,23,36,98,1,1,1,3,0
2020-06-28,139,24,37,101,1,1,1,3,0
2020-06-29,144,25,39,104,1,1,1,3,0
2020-06-30,149,26,40,108,1,1,1,4,0
2020-07-01,155,27,42,112,1,1,1,4,0
2020-07-02,159,28,43,115,1,1,2,4,0
2020-07-03,165,29,45,119,1,1,2,4,0
2020-07-04,170,30,46,123,1,1,2,4,0
2020-07-05,177,31,48,128,1,1,2,4,0
2020-07-06,183,32,50,132,1,1,2,4,0
2020-07-07,189,33,51,137,1,1,2,5,0
2020-07-08,195,34,53,141,1,1,2,5,0
2020-07-09,202,36,55,146,1,1,2,5,0
2020-07-10,209,37,57,151,1,1,2,5,0
2020-07-11,216,38,59,156,1,1,2,5,0
2020-07-12,224,39,61,162,1,1,2,6,0
2020-07-13,231,41,63,167,1,1,2,6,0
2020-07-14,240,42,66,173,1,1,2,6,0
2020-07-15,248,44,68,179,1,2,2,6,0
2020-07-16,258,45,71,186,1,2,2,6,0
2020-07-17,266,47,73,192,1,2,3,7,0
2020-07-18,276,49,76,199,1,2,3,7,0
2020-07-19,285,50,78,206,1,2,3,7,0
2020-07-20,295,52,81,213,1,2,3,7,0
2020-07-21,305,54,84,220,1,2,3,8,0
2020-07-22,316,56,87,228,1,2,3,8,0
2020-07-23,327,58,90,236,1,2,3,8,0
2020-07-24,339,60,93,244,2,2,3,8,0
2020-07-25,352,62,97,253,2,2,3,9,0
2020-07-26,364,64,100,262,2,2,3,9,0
2020-07-27,377,66,104,271,2,2,4,9,0
2020-07-28,389,69,107,280,2,2,4,10,0
2020-07-29,403,71,111,290,2,2,4,10,0
2020-07-30,417,74,115,300,2,3,4,10,0
2020-07-31,432,76,119,311,2,3,4,11,0
2020-08-01,447,79,123,322,2,3,4,11,0
2020-08-02,462,82,127,333,2,3,4,12,0
2020-08-03,478,84,132,344,2,3,5,12,0
2020-08-04,496,87,137,357,2,3,5,12,0
2020-08-05,512,90,141,369,2,3,5,13,0
2020-08-06,530,93,146,382,2,3,5,13,0
2020-08-07,549,96,151,395,3,3,5,14,0
2020-08-08,568,100,156,409,3,3,5,14,0
2020-08-09,588,103,162,423,3,3,5,15,0
2020-08-10,608,107,167,438,3,4,6,15,0
2020-08-11,630,110,173,454,3,4,6,16,0
2020-08-12,651,114,179,469,3,4,6,16,0
2020-08-13,674,118,185,486,3,4,6,17,0
2020-08-14,697,121,191,503,3,4,6,17,0
2020-08-15,721,125,198,520,3,4,7,18,0
2020-08-16,746,130,205,538,3,4,7,18,0
2020-08-17,773,134,212,557,4,4,7,19,0
2020-08-18,799,138,219,576,4,4,7,20,0
2020-08-19,826,143,226,596,4,5,7,20,0
2020-08-20,854,147,233,617,4,5,8,21,0
2020-08-21,883,152,241,638,4,5,8,22,0
2020-08-22,914,157,249,661,4,5,8,23,0
2020-08-23,944,162,257,683,4,5,8,23,0
2020-08-24,977,167,266,707,4,5,9,24,0
2020-08-25,1011,172,275,731,5,5,9,25,0
2020-08-26,1044,178,283,756,5,5,9,26,0
2020-08-27,1080,183,293,782,5,6,9,26,0
2020-08-28,1116,189,302,809,5,6,10,27,0
2020-08-29,1154,195,312,837,5,6,10,28,0
2020-08-30,1192,201,322,865,5,6,10,29,0
2020-08-31,1232,207,332,894,6,6,10,30,0
2020-09-01,1273,213,342,925,6,6,11,31,0
2020-09-02,1315,219,353,956,6,6,11,32,0
2020-09-03,1358,226,364,988,6,7,11,33,0
2020-09-04,1403,233,375,1022,6,7,11,34,0
2020-09-05,1450,239,387,1056,7,7,12,35,0
2020-09-06,1497,246,399,1091,7,7,12,36,0
2020-09-07,1546,253,411,1128,7,7,12,37,0
2020-09-08,1595,260,423,1165,7,7,13,38,0
2020-09-09,1648,268,436,1204,8,7,13,39,0
2020-09-10,1701,275,449,1244,8,8,13,41,0
2020-09-11,1755,283,462,1285,8,8,13,42,0
2020-09-12,1811,290,476,1327,8,8,14,43,0
2020-09-13,1869,298,490,1370,9,8,14,44,0
2020-09-14,1928,306,504,1415,9,8,14,45,0
2020-09-15,1988,314,518,1461,9,8,15,47,0
2020-09-16,2051,322,533,1508,10,8,15,48,0
2020-09-17,2115,331,548,1557,10,8,15,49,0
2020-09-18,2180,339,563,1607,10,8,15,51,0
2020-09-19,2247,347,578,1658,11,8,16,52,0
2020-09-20,2316,356,594,1711,11,9,16,54,0
2020-09-21,2386,365,610,1765,11,9,16,55,0
2020-09-22,2459,373,626,1821,12,9,16,57,0
2020-09-23,2532,382,642,1878,12,9,17,58,0
2020-09-24,2608,391,659,1937,12,9,17,60,0
2020-09-25,2686,399,676,1997,13,9,17,61,0
2020-09-26,2764,408,693,2058,13,9,17,63,0
2020-09-27,2844,417,710,2121,13,9,17,64,0
2020-09-28,2927,426,727,2186,14,9,17,66,0
2020-09-29,3011,435,745,2252,14,9,18,67,0
2020-09-30,3097,444,762,2320,15,9,18,69,0
2020-10-01,3185,453,780,2390,15,9,18,70,0
2020-10-02,3275,461,798,2461,16,9,18,72,0
2020-10-03,3365,470,816,2533,16,9,18,74,0
2020-10-04,3459,479,834,2608,17,9,18,75,0
2020-10-05,3553,488,852,2684,17,9,18,77,0
2020-10-06,3649,496,870,2761,18,8,18,79,0
2020-10-07,3746,504,888,2840,18,8,18,80,1
2020-10-08,3846,513,906,2921,19,8,18,82,1
2020-10-09,3948,521,925,3004,19,8,18,84,1
2020-10-10,4051,529,943,3088,20,8,18,85,1
2020-10-11,4155,537,961,3174,20,8,18,87,1
2020-10-12,4260,544,978,3261,21,8,18,88,1
2020-10-13,4367,552,996,3350,21,7,18,90,1
2020-10-14,4477,559,1014,3441,22,7,17,92,1
2020-10-15,4586,566,1031,3533,22,7,17,93,1
2020-10-16,4698,573,1048,3627,23,7,17,95,1
2020-10-17,4811,579,1065,3722,24,6,17,96,1
2020-10-18,4925,586,1082,3819,24,6,16,98,1
2020-10-19,5040,592,1098,3917,25,6,16,99,1
2020-10-20,5157,597,1114,4017,26,5,16,101,1
2020-10-21,5274,603,1130,4118,26,5,15,102,1
2020-10-22,5392,608,1145,4220,27,5,15,103,1
2020-10-23,5511,613,1160,4324,27,5,15,105,1
2020-10-24,5633,617,1175,4430,28,4,14,106,1
2020-10-25,5754,621,1189,4536,29,4,14,107,1
2020-10-26,5876,625,1202,4644,30,3,13,109,1
2020-10-27,5998,628,1215,4753,30,3,13,110,1
2020-10-28,6122,631,1228,4863,31,3,12,111,1
2020-10-29,6246,633,1239,4975,32,2,12,112,1
2020-10-30,6370,635,1251,5087,32,2,11,113,1
2020-10-31,6494,637,1261,5200,33,1,10,114,1
2020-11-01,6620,639,1271,5315,34,1,10,115,1
2020-11-02,6746,639,1281,5430,35,1,9,116,1
2020-11-03,6871,640,1290,5546,35,0,8,116,1
2020-11-04,6997,640,1298,5663,36,0,8,117,1
2020-11-05,7122,640,1305,5780,37,0,7,118,1
2020-11-06,7246,639,1311,5898,37,0,6,118,1
2020-11-07,7372,638,1317,6017,38,0,5,119,1
2020-11-08,7497,637,1322,6136,39,0,5,119,1
2020-11-09,7623,635,1327,6256,40,0,4,120,1
2020-11-10,7747,633,1330,6376,41,0,3,120,1
2020-11-11,7870,630,1333,6496,41,0,2,120,1
2020-11-12,7993,627,1335,6616,42,0,2,121,1
2020-11-13,8116,623,1336,6737,43,0,1,121,1
2020-11-14,8239,620,1337,6858,44,0,0,121,1
2020-11-15,8359,616,1336,6979,44,0,0,121,1
2020-11-16,8479,611,1335,7099,45,0,0,121,1
2020-11-17,8600,607,1334,7220,46,0,0,120,1
2020-11-18,8718,601,1331,7340,47,0,0,120,1
2020-11-19,8835,596,1328,7460,47,0,0,120,1
2020-11-20,8952,590,1324,7580,48,0,0,120,1
2020-11-21,9068,585,1319,7700,49,0,0,119,1
2020-11-22,9182,578,1313,7819,50,0,0,119,1
2020-11-23,9294,572,1307,7937,50,0,0,118,1
2020-11-24,9406,565,1300,8055,51,0,0,117,1
2020-11-25,9516,558,1292,8172,52,0,0,117,1
2020-11-26,9625,551,1284,8288,53,0,0,116,1
2020-11-27,9732,544,1275,8404,53,0,0,115,1
2020-11-28,9839,537,1266,8519,54,0,0,114,1
2020-11-29,9944,529,1256,8633,55,0,0,113,1
2020-11-30,10047,521,1245,8746,56,0,0,112,1
2020-12-01,10148,513,1234,8858,56,0,0,111,1
2020-12-02,10248,505,1222,8969,57,0,0,110,1
2020-12-03,10347,497,1210,9079,58,0,0,109,1
2020-12-04,10443,489,1197,9188,58,0,0,108,1
2020-12-05,10539,481,1184,9296,59,0,0,107,1
2020-12-06,10633,472,1171,9402,60,0,0,106,1
2020-12-07,10725,464,1157,9508,60,0,0,104,1
2020-12-08,10815,455,1142,9612,61,0,0,103,1
2020-12-09,10904,447,1128,9714,62,0,0,102,1
2020-12-10,10991,439,1113,9816,62,0,0,101,1
2020-12-11,11076,430,1097,9916,63,0,0,99,1
2020-12-12,11160,422,1082,10014,64,0,0,98,1
2020-12-13,11242,413,1066,10112,64,0,0,96,1
2020-12-14,11322,405,1050,10207,65,0,0,95,1
2020-12-15,11401,396,1034,10302,65,0,0,93,1
2020-12-16,11478,388,1018,10394,66,0,0,92,1
2020-12-17,11554,380,1001,10486,67,0,0,90,1
2020-12-18,11627,371,984,10576,67,0,0,89,1
2020-12-19,11700,363,968,10664,68,0,0,87,1
2020-12-20,11770,355,951,10751,68,0,0,86,1
2020-12-21,11839,347,934,10836,69,0,0,84,1
2020-12-22,11906,339,917,10920,69,0,0,83,1
2020-12-23,11972,331,900,11002,70,0,0,81,1
2020-12-24,12036,323,883,11083,70,0,0,80,1
2020-12-25,12099,316,866,11162,71,0,0,78,0
2020-12-26,12161,308,850,11240,71,0,0,77,0
2020-12-27,12221,301,833,11316,72,0,0,75,0
2020-12-28,12279,293,816,11391,72,0,0,74,0
2020-12-29,12336,286,799,11464,73,0,0,72,0
2020-12-30,12392,279,783,11536,73,0,0,71,0
2020-12-31,12446,272,766,11606,74,0,0,69,0
2021-01-01,12498,265,750,11674,74,0,0,68,0
2021-01-02,12551,258,734,11742,75,0,0,66,0
2021-01-03,12600,251,718,11807,75,0,0,65,0
2021-01-04,12649,245,702,11872,75,0,0,63,0
2021-01-05,12697,239,686,11935,76,0,0,62,0
2021-01-06,12743,232,671,11996,76,0,0,61,0
2021-01-07,12788,226,655,12056,77,0,0,59,0
2021-01-08,12832,220,640,12115,77,0,0,58,0
2021-01-09,12874,214,625,12172,77,0,0,56,0
2021-01-10,12916,208,610,12228,78,0,0,55,0
2021-01-11,12957,203,596,12283,78,0,0,54,0
2021-01-12,12995,197,581,12336,78,0,0,53,0
2021-01-13,13034,192,567,12388,79,0,0,51,0
2021-01-14,13071,186,553,12439,79,0,0,50,0
2021-01-15,13107,181,540,12488,79,0,0,49,0
2021-01-16,13143,176,526,12537,80,0,0,48,0
2021-01-17,13177,171,513,12584,80,0,0,46,0
2021-01-18,13210,166,500,12630,80,0,0,45,0
2021-01-19,13242,162,487,12674,81,0,0,44,0
2021-01-20,13274,157,475,12718,81,0,0,43,0
2021-01-21,13304,153,463,12760,81,0,0,42,0
2021-01-22,13334,148,451,12802,81,0,0,41,0
2021-01-23,13363,144,439,12842,82,0,0,40,0
2021-01-24,13390,140,427,12881,82,0,0,39,0
2021-01-25,13418,136,416,12920,82,0,0,38,0
2021-01-26,13444,132,405,12957,82,0,0,37,0
2021-01-27,13470,128,394,12993,83,0,0,36,0
2021-01-28,13494,124,383,13028,83,0,0,35,0
2021-01-29,13519,121,373,13063,83,0,0,34,0
2021-01-30,13542,117,363,13096,83,0,0,33,0
2021-01-31,13564,114,353,13128,83,0,0,32,0
2021-02-01,13587,110,343,13160,84,0,0,31,0
2021-02-02,13609,107,334,13191,84,0,0,30,0
2021-02-03,13629,104,325,13220,84,0,0,29,0
2021-02-04,13649,101,316,13249,84,0,0,29,0
2021-02-05,13669,98,307,13278,84,0,0,28,0
2021-02-06,13688,95,298,13305,85,0,0,27,0
2021-02-07,13707,92,290,13332,85,0,0,26,0
2021-02-08,13725,89,282,13358,85,0,0,25,0
2021-02-09,13742,87,274,13383,85,0,0,25,0
2021-02-10,13758,84,266,13407,85,0,0,24,0
2021-02-11,13774,82,258,13431,85,0,0,23,0
2021-02-12,13791,79,251,13454,86,0,0,23,0
2021-02-13,13807,77,244,13477,86,0,0,22,0
2021-02-14,13821,74,237,13498,86,0,0,21,0
2021-02-15,13835,72,230,13519,86,0,0,21,0
2021-02-16,13849,70,223,13540,86,0,0,20,0
2021-02-17,13863,68,217,13560,86,0,0,20,0
2021-02-18,13875,66,210,13579,86,0,0,19,0
2021-02-19,13888,64,204,13598,86,0,0,18,0
2021-02-20,13901,62,198,13616,87,0,0,18,0
2021-02-21,13913,60,192,13634,87,0,0,17,0
2021-02-22,13925,58,187,13651,87,0,0,17,0
2021-02-23,13936,56,181,13668,87,0,0,16,0
2021-02-24,13947,55,176,13684,87,0,0,16,0
2021-02-25,13958,53,171,13700,87,0,0,15,0
2021-02-26,13968,51,166,13715,87,0,0,15,0
2021-02-27,13978,50,161,13730,87,0,0,15,0
2021-02-28,13987,48,156,13744,87,0,0,14,0
2021-03-01,13996,47,151,13758,87,0,0,14,0
2021-03-02,14007,45,147,13772,88,0,0,13,0
2021-03-03,14015,44,142,13785,88,0,0,13,0
2021-03-04,14023,43,138,13797,88,0,0,12,0
2021-03-05,14032,41,134,13810,88,0,0,12,0
2021-03-06,14040,40,130,13822,88,0,0,12,0
2021-03-07,14047,39,126,13833,88,0,0,11,0
2021-03-08,14055,38,122,13845,88,0,0,11,0
2021-03-09,14061,36,118,13855,88,0,0,11,0
2021-03-10,14069,35,115,13866,88,0,0,10,0
2021-03-11,14075,34,111,13876,88,0,0,10,0
2021-03-12,14082,33,108,13886,88,0,0,10,0
2021-03-13,14089,32,105,13896,88,0,0,9,0
2021-03-14,14095,31,102,13905,88,0,0,9,0
2021-03-15,14100,30,98,13914,88,0,0,9,0
2021-03-16,14107,29,95,13923,89,0,0,9,0
2021-03-17,14114,28,93,13932,89,0,0,8,0
2021-03-18,14119,27,90,13940,89,0,0,8,0
2021-03-19,14124,27,87,13948,89,0,0,8,0
2021-03-20,14129,26,84,13956,89,0,0,8,0
2021-03-21,14134,25,82,13963,89,0,0,7,0
2021-03-22,14138,24,79,13970,89,0,0,7,0
2021-03-23,14144,23,77,13978,89,0,0,7,0
2021-03-24,14147,23,74,13984,89,0,0,7,0
2021-03-25,14152,22,72,13991,89,0,0,7,0
2021-03-26,14156,21,70,13997,89,0,0,6,0
2021-03-27,14161,21,68,14004,89,0,0,6,0
2021-03-28,14165,20,66,14010,89,0,0,6,0
2021-03-29,14169,19,64,14016,89,0,0,6,0
2021-03-30,14172,19,62,14021,89,0,0,6,0
2021-03-31,14176,18,60,14027,89,0,0,5,0
2021-04-01,14179,18,58,14032,89,0,0,5,0
2021-04-02,14182,17,56,14037,89,0,0,5,0
2021-04-03,14185,17,54,14042,89,0,0,5,0
2021-04-04,14189,16,53,14047,89,0,0,5,0
2021-04-05,14192,15,51,14052,89,0,0,5,0
2021-04-06,14194,15,49,14056,89,0,0,4,0
2021-04-07,14198,15,48,14061,89,0,0,4,0
2021-04-08,14200,14,46,14065,89,0,0,4,0
2021-04-09,14203,14,45,14069,89,0,0,4,0
2021-04-10,14206,13,44,14073,89,0,0,4,0
2021-04-11,14208,13,42,14077,89,0,0,4,0
2021-04-12,14212,12,41,14081,90,0,0,4,0
2021-04-13,14215,12,40,14085,90,0,0,4,0
2021-04-14,14216,12,38,14088,90,0,0,3,0
2021-04-15,14219,11,37,14092,90,0,0,3,0
2021-04-16,14221,11,36,14095,90,0,0,3,0
2021-04-17,14223,11,35,14098,90,0,0,3,0
2021-04-18,14225,10,34,14101,90,0,0,3,0
2021-04-19,14227,10,33,14104,90,0,0,3,0
2021-04-20,14229,10,32,14107,90,0,0,3,0
2021-04-21,14231,9,31,14110,90,0,0,3,0
2021-04-22,14233,9,30,14113,90,0,0,3,0
2021-04-23,14234,9,29,14115,90,0,0,3,0
2021-04-24,14236,8,28,14118,90,0,0,3,0
2021-04-25,14237,8,27,14120,90,0,0,2,0
2021-04-26,14239,8,26,14123,90,0,0,2,0
2021-04-27,14240,8,25,14125,90,0,0,2,0
2021-04-28,14242,7,25,14127,90,0,0,2,0
2021-04-29,14244,7,24,14130,90,0,0,2,0
2021-04-30,14245,7,23,14132,90,0,0,2,0
2021-05-01,14246,7,22,14134,90,0,0,2,0
2021-05-02,14248,7,22,14136,90,0,0,2,0
2021-05-03,14249,6,21,14138,90,0,0,2,0
2021-05-04,14250,6,20,14140,90,0,0,2,0
2021-05-05,14251,6,20,14141,90,0,0,2,0
2021-05-06,14252,6,19,14143,90,0,0,2,0
2021-05-07,14253,6,18,14145,90,0,0,2,0
2021-05-08,14255,5,18,14147,90,0,0,2,0
2021-05-09,14255,5,17,14148,90,0,0,2,0
2021-05-10,14257,5,17,14150,90,0,0,2,0
2021-05-11,14257,5,16,14151,90,0,0,1,0
2021-05-12,14259,5,16,14153,90,0,0,1,0
2021-05-13,14259,5,15,14154,90,0,0,1,0
2021-05-14,14260,4,15,14155,90,0,0,1,0
2021-05-15,14261,4,14,14157,90,0,0,1,0
2021-05-16,14262,4,14,14158,90,0,0,1,0
2021-05-17,14262,4,13,14159,90,0,0,1,0
2021-05-18,14263,4,13,14160,90,0,0,1,0
2021-05-19,14265,4,13,14162,90,0,0,1,0
2021-05-20,14265,4,12,14163,90,0,0,1,0
2021-05-21,14266,4,12,14164,90,0,0,1,0
2021-05-22,14266,3,11,14165,90,0,0,1,0
2021-05-23,14267,3,11,14166,90,0,0,1,0
2021-05-24,14268,3,11,14167,90,0,0,1,0
2021-05-25,14268,3,10,14168,90,0,0,1,0
2021-05-26,14269,3,10,14169,90,0,0,1,0
2021-05-27,14270,3,10,14170,90,0,0,1,0
2021-05-28,14270,3,9,14171,90,0,0,1,0
2021-05-29,14270,3,9,14171,90,0,0,1,0
2021-05-30,14271,3,9,14172,90,0,0,1,0
2021-05-31,14272,3,9,14173,90,0,0,1,0
2021-06-01,14272,3,8,14174,90,0,0,1,0
2021-06-02,14273,2,8,14175,90,0,0,1,0
2021-06-03,14273,2,8,14175,90,0,0,1,0
2021-06-04,14274,2,8,14176,90,0,0,1,0
2021-06-05,14274,2,7,14177,90,0,0,1,0
2021-06-06,14274,2,7,14177,90,0,0,1,0
2021-06-07,14275,2,7,14178,90,0,0,1,0
2021-06-08,14276,2,7,14179,90,0,0,1,0
2021-06-09,14275,2,6,14179,90,0,0,1,0
2021-06-10,14276,2,6,14180,90,0,0,1,0
2021-06-11,14276,2,6,14180,90,0,0,1,0
2021-06-12,14277,2,6,14181,90,0,0,1,0
2021-06-13,14277,2,6,14181,90,0,0,1,0
2021-06-14,14277,2,5,14182,90,0,0,0,0
2021-06-15,14277,2,5,14182,90,0,0,0,0
2021-06-16,14278,2,5,14183,90,0,0,0,0
2021-06-17,14278,1,5,14183,90,0,0,0,0
2021-06-18,14279,1,5,14184,90,0,0,0,0
2021-06-19,14279,1,5,14184,90,0,0,0,0
2021-06-20,14280,1,5,14185,90,0,0,0,0
