Date,Infected,Exposed,Active,Recovered,Deaths,Diff Exposed,Diff Active,Diff Recovered,Diff Deaths
2020-07-18,450,109,87,362,1,0,13,8,0
2020-07-19,471,94,99,371,1,0,9,9,0
2020-07-20,488,83,107,380,1,0,6,10,0
2020-07-21,504,74,113,390,1,0,4,10,0
2020-07-22,517,67,116,400,1,0,3,11,0
2020-07-23,530,61,118,411,1,0,1,11,0
2020-07-24,542,57,119,422,1,0,0,11,0
2020-07-25,552,53,119,432,1,0,0,11,0
2020-07-26,562,50,118,443,1,0,0,11,0
2020-07-27,572,47,117,454,1,0,0,11,0
2020-07-28,582,45,116,465,1,0,0,10,0
2020-07-29,590,43,114,475,1,0,0,10,0
2020-07-30,598,41,112,485,1,0,0,10,0
2020-07-31,606,40,110,495,1,0,0,10,0
2020-08-01,614,38,108,505,1,0,0,10,0
2020-08-02,621,37,105,515,1,0,0,10,0
2020-08-03,628,36,103,524,1,0,0,9,0
2020-08-04,636,35,101,534,1,0,0,9,0
2020-08-05,642,34,98,543,1,0,0,9,0
2020-08-06,648,33,96,551,1,0,0,9,0
2020-08-07,655,32,94,560,1,0,0,9,0
2020-08-08,661,31,91,569,1,0,0,8,0
2020-08-09,667,30,89,577,1,0,0,8,0
2020-08-10,673,29,87,585,1,0,0,8,0
2020-08-11,679,28,85,593,1,0,0,8,0
2020-08-12,684,28,83,600,1,0,0,8,0
2020-08-13,690,27,81,608,1,0,0,7,0
2020-08-14,695,26,79,615,1,0,0,7,0
2020-08-15,700,25,77,622,1,0,0,7,0
2020-08-16,705,25,75,629,1,0,0,7,0
2020-08-17,710,24,73,636,1,0,0,7,0
2020-08-18,714,23,71,642,1,0,0,6,0
2020-08-19,718,23,69,648,1,0,0,6,0
2020-08-20,723,22,67,655,1,0,0,6,0
2020-08-21,727,21,65,661,1,0,0,6,0
2020-08-22,732,21,64,667,1,0,0,6,0
2020-08-23,735,20,62,672,1,0,0,6,0
2020-08-24,739,20,60,678,1,0,0,5,0
2020-08-25,743,19,59,683,1,0,0,5,0
2020-08-26,747,19,57,689,1,0,0,5,0
2020-08-27,751,18,56,694,1,0,0,5,0
2020-08-28,754,18,54,699,1,0,0,5,0
2020-08-29,758,17,53,704,1,0,0,5,0
2020-08-30,760,17,51,708,1,0,0,5,0
2020-08-31,764,16,50,713,1,0,0,5,0
2020-09-01,767,16,49,717,1,0,0,4,0
2020-09-02,770,15,47,722,1,0,0,4,0
2020-09-03,773,15,46,726,1,0,0,4,0
2020-09-04,776,14,45,730,1,0,0,4,0
2020-09-05,778,14,43,734,1,0,0,4,0
2020-09-06,781,14,42,738,1,0,0,4,0
2020-09-07,784,13,41,742,1,0,0,4,0
2020-09-08,786,13,40,745,1,0,0,4,0
2020-09-09,789,12,39,749,1,0,0,4,0
2020-09-10,792,12,38,753,1,0,0,3,0
2020-09-11,794,12,37,756,1,0,0,3,0
2020-09-12,796,11,36,759,1,0,0,3,0
2020-09-13,798,11,35,762,1,0,0,3,0
2020-09-14,802,11,34,766,2,0,0,3,0
2020-09-15,804,10,33,769,2,0,0,3,0
2020-09-16,806,10,32,772,2,0,0,3,0
2020-09-17,807,10,31,774,2,0,0,3,0
2020-09-18,809,10,30,777,2,0,0,3,0
2020-09-19,811,9,29,780,2,0,0,3,0
2020-09-20,812,9,28,782,2,0,0,3,0
2020-09-21,815,9,28,785,2,0,0,3,0
2020-09-22,817,9,27,788,2,0,0,2,0
2020-09-23,818,8,26,790,2,0,0,2,0
2020-09-24,819,8,25,792,2,0,0,2,0
2020-09-25,822,8,25,795,2,0,0,2,0
2020-09-26,823,8,24,797,2,0,0,2,0
2020-09-27,824,7,23,799,2,0,0,2,0
2020-09-28,826,7,23,801,2,0,0,2,0
2020-09-29,827,7,22,803,2,0,0,2,0
2020-09-30,828,7,21,805,2,0,0,2,0
2020-10-01,830,7,21,807,2,0,0,2,0
2020-10-02,831,6,20,809,2,0,0,2,0
2020-10-03,833,6,20,811,2,0,0,2,0
2020-10-04,833,6,19,812,2,0,0,2,0
2020-10-05,834,6,18,814,2,0,0,2,0
2020-10-06,836,6,18,816,2,0,0,2,0
2020-10-07,836,5,17,817,2,0,0,2,0
2020-10-08,838,5,17,819,2,0,0,2,0
2020-10-09,838,5,16,820,2,0,0,1,0
2020-10-10,840,5,16,822,2,0,0,1,0
2020-10-11,840,5,15,823,2,0,0,1,0
2020-10-12,842,5,15,825,2,0,0,1,0
2020-10-13,843,5,15,826,2,0,0,1,0
2020-10-14,843,4,14,827,2,0,0,1,0
2020-10-15,845,4,14,829,2,0,0,1,0
2020-10-16,845,4,13,830,2,0,0,1,0
2020-10-17,846,4,13,831,2,0,0,1,0
2020-10-18,847,4,13,832,2,0,0,1,0
2020-10-19,847,4,12,833,2,0,0,1,0
2020-10-20,848,4,12,834,2,0,0,1,0
2020-10-21,850,4,12,836,2,0,0,1,0
2020-10-22,850,4,11,837,2,0,0,1,0
2020-10-23,851,3,11,838,2,0,0,1,0
2020-10-24,852,3,11,839,2,0,0,1,0
2020-10-25,851,3,10,839,2,0,0,1,0
2020-10-26,852,3,10,840,2,0,0,1,0
2020-10-27,853,3,10,841,2,0,0,1,0
2020-10-28,853,3,9,842,2,0,0,1,0
2020-10-29,854,3,9,843,2,0,0,1,0
2020-10-30,855,3,9,844,2,0,0,1,0
2020-10-31,856,3,9,845,2,0,0,1,0
2020-11-01,855,3,8,845,2,0,0,1,0
2020-11-02,856,3,8,846,2,0,0,1,0
2020-11-03,857,2,8,847,2,0,0,1,0
2020-11-04,858,2,8,848,2,0,0,1,0
2020-11-05,857,2,7,848,2,0,0,1,0
2020-11-06,858,2,7,849,2,0,0,1,0
2020-11-07,859,2,7,850,2,0,0,1,0
2020-11-08,859,2,7,850,2,0,0,1,0
2020-11-09,860,2,7,851,2,0,0,1,0
2020-11-10,859,2,6,851,2,0,0,1,0
2020-11-11,860,2,6,852,2,0,0,1,0
2020-11-12,861,2,6,853,2,0,0,1,0
2020-11-13,861,2,6,853,2,0,0,1,0
2020-11-14,862,2,6,854,2,0,0,1,0
2020-11-15,862,2,6,854,2,0,0,0,0
2020-11-16,862,2,5,855,2,0,0,0,0
2020-11-17,862,2,5,855,2,0,0,0,0
2020-11-18,863,2,5,856,2,0,0,0,0
2020-11-19,863,2,5,856,2,0,0,0,0
2020-11-20,863,1,5,856,2,0,0,0,0
2020-11-21,864,1,5,857,2,0,0,0,0
2020-11-22,863,1,4,857,2,0,0,0,0
2020-11-23,864,1,4,858,2,0,0,0,0
2020-11-24,864,1,4,858,2,0,0,0,0
2020-11-25,864,1,4,858,2,0,0,0,0
2020-11-26,865,1,4,859,2,0,0,0,0
2020-11-27,865,1,4,859,2,0,0,0,0
2020-11-28,866,1,4,860,2,0,0,0,0
2020-11-29,866,1,4,860,2,0,0,0,0
2020-11-30,866,1,4,860,2,0,0,0,0
2020-12-01,865,1,3,860,2,0,0,0,0
2020-12-02,866,1,3,861,2,0,0,0,0
2020-12-03,866,1,3,861,2,0,0,0,0
2020-12-04,866,1,3,861,2,0,0,0,0
2020-12-05,867,1,3,862,2,0,0,0,0
2020-12-06,867,1,3,862,2,0,0,0,0
2020-12-07,867,1,3,862,2,0,0,0,0
2020-12-08,867,1,3,862,2,0,0,0,0
2020-12-09,868,1,3,863,2,0,0,0,0
2020-12-10,868,1,3,863,2,0,0,0,0
2020-12-11,868,1,3,863,2,0,0,0,0
2020-12-12,867,1,2,863,2,0,0,0,0
2020-12-13,868,1,2,864,2,0,0,0,0
2020-12-14,868,1,2,864,2,0,0,0,0
2020-12-15,868,1,2,864,2,0,0,0,0
2020-12-16,868,1,2,864,2,0,0,0,0
2020-12-17,868,1,2,864,2,0,0,0,0
2020-12-18,869,1,2,865,2,0,0,0,0
2020-12-19,869,1,2,865,2,0,0,0,0
2020-12-20,869,1,2,865,2,0,0,0,0
2020-12-21,869,1,2,865,2,0,0,0,0
2020-12-22,869,1,2,865,2,0,0,0,0
2020-12-23,870,1,2,866,2,0,0,0,0
2020-12-24,870,1,2,866,2,0,0,0,0
2020-12-25,870,1,2,866,2,0,0,0,0
2020-12-26,870,1,2,866,2,0,0,0,0
2020-12-27,870,0,2,866,2,0,0,0,0
2020-12-28,870,0,2,866,2,0,0,0,0
2020-12-29,869,0,1,866,2,0,0,0,0
2020-12-30,870,0,1,867,2,0,0,0,0
2020-12-31,870,0,1,867,2,0,0,0,0
2021-01-01,870,0,1,867,2,0,0,0,0
2021-01-02,870,0,1,867,2,0,0,0,0
2021-01-03,870,0,1,867,2,0,0,0,0
2021-01-04,870,0,1,867,2,0,0,0,0
2021-01-05,870,0,1,867,2,0,0,0,0
2021-01-06,870,0,1,867,2,0,0,0,0
2021-01-07,870,0,1,867,2,0,0,0,0
2021-01-08,871,0,1,868,2,0,0,0,0
2021-01-09,871,0,1,868,2,0,0,0,0
2021-01-10,871,0,1,868,2,0,0,0,0
2021-01-11,871,0,1,868,2,0,0,0,0
2021-01-12,871,0,1,868,2,0,0,0,0
2021-01-13,871,0,1,868,2,0,0,0,0
2021-01-14,871,0,1,868,2,0,0,0,0
2021-01-15,871,0,1,868,2,0,0,0,0
2021-01-16,871,0,1,868,2,0,0,0,0
2021-01-17,871,0,1,868,2,0,0,0,0
2021-01-18,871,0,1,868,2,0,0,0,0
2021-01-19,872,0,1,869,2,0,0,0,0
2021-01-20,872,0,1,869,2,0,0,0,0
2021-01-21,872,0,1,869,2,0,0,0,0
2021-01-22,872,0,1,869,2,0,0,0,0
2021-01-23,872,0,1,869,2,0,0,0,0
2021-01-24,872,0,1,869,2,0,0,0,0
2021-01-25,872,0,1,869,2,0,0,0,0
2021-01-26,872,0,1,869,2,0,0,0,0
2021-01-27,872,0,1,869,2,0,0,0,0
2021-01-28,872,0,1,869,2,0,0,0,0
2021-01-29,872,0,1,869,2,0,0,0,0
2021-01-30,872,0,1,869,2,0,0,0,0
2021-01-31,872,0,1,869,2,0,0,0,0
2021-02-01,872,0,1,869,2,0,0,0,0
2021-02-02,872,0,1,869,2,0,0,0,0
2021-02-03,872,0,1,869,2,0,0,0,0
2021-02-04,871,0,0,869,2,0,0,0,0
2021-02-05,871,0,0,869,2,0,0,0,0
2021-02-06,872,0,0,870,2,0,0,0,0
2021-02-07,872,0,0,870,2,0,0,0,0
2021-02-08,872,0,0,870,2,0,0,0,0
2021-02-09,872,0,0,870,2,0,0,0,0
2021-02-10,872,0,0,870,2,0,0,0,0
2021-02-11,872,0,0,870,2,0,0,0,0
2021-02-12,872,0,0,870,2,0,0,0,0
2021-02-13,872,0,0,870,2,0,0,0,0
2021-02-14,872,0,0,870,2,0,0,0,0
2021-02-15,872,0,0,870,2,0,0,0,0
2021-02-16,872,0,0,870,2,0,0,0,0
2021-02-17,872,0,0,870,2,0,0,0,0
2021-02-18,872,0,0,870,2,0,0,0,0
2021-02-19,872,0,0,870,2,0,0,0,0
2021-02-20,872,0,0,870,2,0,0,0,0
2021-02-21,872,0,0,870,2,0,0,0,0
2021-02-22,872,0,0,870,2,0,0,0,0
2021-02-23,872,0,0,870,2,0,0,0,0
2021-02-24,872,0,0,870,2,0,0,0,0
2021-02-25,872,0,0,870,2,0,0,0,0
2021-02-26,872,0,0,870,2,0,0,0,0
2021-02-27,872,0,0,870,2,0,0,0,0
2021-02-28,872,0,0,870,2,0,0,0,0
2021-03-01,872,0,0,870,2,0,0,0,0
2021-03-02,872,0,0,870,2,0,0,0,0
2021-03-03,872,0,0,870,2,0,0,0,0
2021-03-04,872,0,0,870,2,0,0,0,0
2021-03-05,872,0,0,870,2,0,0,0,0
2021-03-06,872,0,0,870,2,0,0,0,0
2021-03-07,872,0,0,870,2,0,0,0,0
2021-03-08,872,0,0,870,2,0,0,0,0
2021-03-09,872,0,0,870,2,0,0,0,0
2021-03-10,872,0,0,870,2,0,0,0,0
2021-03-11,872,0,0,870,2,0,0,0,0
2021-03-12,872,0,0,870,2,0,0,0,0
2021-03-13,872,0,0,870,2,0,0,0,0
2021-03-14,872,0,0,870,2,0,0,0,0
2021-03-15,872,0,0,870,2,0,0,0,0
2021-03-16,872,0,0,870,2,0,0,0,0
2021-03-17,872,0,0,870,2,0,0,0,0
2021-03-18,872,0,0,870,2,0,0,0,0
2021-03-19,872,0,0,870,2,0,0,0,0
2021-03-20,873,0,0,871,2,0,0,0,0
2021-03-21,873,0,0,871,2,0,0,0,0
2021-03-22,873,0,0,871,2,0,0,0,0
2021-03-23,873,0,0,871,2,0,0,0,0
2021-03-24,873,0,0,871,2,0,0,0,0
2021-03-25,873,0,0,871,2,0,0,0,0
2021-03-26,873,0,0,871,2,0,0,0,0
2021-03-27,873,0,0,871,2,0,0,0,0
2021-03-28,873,0,0,871,2,0,0,0,0
2021-03-29,873,0,0,871,2,0,0,0,0
2021-03-30,873,0,0,871,2,0,0,0,0
2021-03-31,873,0,0,871,2,0,0,0,0
2021-04-01,873,0,0,871,2,0,0,0,0
2021-04-02,873,0,0,871,2,0,0,0,0
2021-04-03,873,0,0,871,2,0,0,0,0
2021-04-04,873,0,0,871,2,0,0,0,0
2021-04-05,873,0,0,871,2,0,0,0,0
2021-04-06,873,0,0,871,2,0,0,0,0
2021-04-07,873,0,0,871,2,0,0,0,0
2021-04-08,873,0,0,871,2,0,0,0,0
2021-04-09,873,0,0,871,2,0,0,0,0
2021-04-10,873,0,0,871,2,0,0,0,0
2021-04-11,873,0,0,871,2,0,0,0,0
2021-04-12,873,0,0,871,2,0,0,0,0
2021-04-13,873,0,0,871,2,0,0,0,0
2021-04-14,873,0,0,871,2,0,0,0,0
2021-04-15,873,0,0,871,2,0,0,0,0
2021-04-16,873,0,0,871,2,0,0,0,0
2021-04-17,873,0,0,871,2,0,0,0,0
2021-04-18,873,0,0,871,2,0,0,0,0
2021-04-19,873,0,0,871,2,0,0,0,0
2021-04-20,873,0,0,871,2,0,0,0,0
2021-04-21,873,0,0,871,2,0,0,0,0
2021-04-22,873,0,0,871,2,0,0,0,0
2021-04-23,873,0,0,871,2,0,0,0,0
2021-04-24,873,0,0,871,2,0,0,0,0
2021-04-25,873,0,0,871,2,0,0,0,0
2021-04-26,873,0,0,871,2,0,0,0,0
2021-04-27,873,0,0,871,2,0,0,0,0
2021-04-28,873,0,0,871,2,0,0,0,0
2021-04-29,873,0,0,871,2,0,0,0,0
2021-04-30,873,0,0,871,2,0,0,0,0
2021-05-01,873,0,0,871,2,0,0,0,0
2021-05-02,873,0,0,871,2,0,0,0,0
2021-05-03,873,0,0,871,2,0,0,0,0
2021-05-04,873,0,0,871,2,0,0,0,0
2021-05-05,873,0,0,871,2,0,0,0,0
2021-05-06,873,0,0,871,2,0,0,0,0
2021-05-07,873,0,0,871,2,0,0,0,0
2021-05-08,873,0,0,871,2,0,0,0,0
2021-05-09,873,0,0,871,2,0,0,0,0
2021-05-10,873,0,0,871,2,0,0,0,0
2021-05-11,873,0,0,871,2,0,0,0,0
2021-05-12,873,0,0,871,2,0,0,0,0
2021-05-13,873,0,0,871,2,0,0,0,0
2021-05-14,873,0,0,871,2,0,0,0,0
2021-05-15,873,0,0,871,2,0,0,0,0
2021-05-16,873,0,0,871,2,0,0,0,0
2021-05-17,873,0,0,871,2,0,0,0,0
2021-05-18,873,0,0,871,2,0,0,0,0
2021-05-19,873,0,0,871,2,0,0,0,0
2021-05-20,873,0,0,871,2,0,0,0,0
2021-05-21,873,0,0,871,2,0,0,0,0
2021-05-22,873,0,0,871,2,0,0,0,0
2021-05-23,873,0,0,871,2,0,0,0,0
2021-05-24,873,0,0,871,2,0,0,0,0
2021-05-25,873,0,0,871,2,0,0,0,0
2021-05-26,873,0,0,871,2,0,0,0,0
2021-05-27,873,0,0,871,2,0,0,0,0
2021-05-28,873,0,0,871,2,0,0,0,0
2021-05-29,873,0,0,871,2,0,0,0,0
2021-05-30,873,0,0,871,2,0,0,0,0
2021-05-31,873,0,0,871,2,0,0,0,0
2021-06-01,873,0,0,871,2,0,0,0,0
2021-06-02,873,0,0,871,2,0,0,0,0
2021-06-03,873,0,0,871,2,0,0,0,0
2021-06-04,873,0,0,871,2,0,0,0,0
2021-06-05,873,0,0,871,2,0,0,0,0
2021-06-06,873,0,0,871,2,0,0,0,0
2021-06-07,873,0,0,871,2,0,0,0,0
2021-06-08,873,0,0,871,2,0,0,0,0
2021-06-09,873,0,0,871,2,0,0,0,0
2021-06-10,873,0,0,871,2,0,0,0,0
2021-06-11,873,0,0,871,2,0,0,0,0
2021-06-12,873,0,0,871,2,0,0,0,0
2021-06-13,873,0,0,871,2,0,0,0,0
2021-06-14,873,0,0,871,2,0,0,0,0
2021-06-15,873,0,0,871,2,0,0,0,0
2021-06-16,873,0,0,871,2,0,0,0,0
2021-06-17,873,0,0,871,2,0,0,0,0
2021-06-18,873,0,0,871,2,0,0,0,0
2021-06-19,873,0,0,871,2,0,0,0,0
2021-06-20,873,0,0,871,2,0,0,0,0
2021-06-21,873,0,0,871,2,0,0,0,0
2021-06-22,873,0,0,871,2,0,0,0,0
2021-06-23,873,0,0,871,2,0,0,0,0
2021-06-24,873,0,0,871,2,0,0,0,0
2021-06-25,873,0,0,871,2,0,0,0,0
2021-06-26,873,0,0,871,2,0,0,0,0
2021-06-27,873,0,0,871,2,0,0,0,0
2021-06-28,873,0,0,871,2,0,0,0,0
2021-06-29,873,0,0,871,2,0,0,0,0
2021-06-30,873,0,0,871,2,0,0,0,0
2021-07-01,873,0,0,871,2,0,0,0,0
2021-07-02,873,0,0,871,2,0,0,0,0
2021-07-03,873,0,0,871,2,0,0,0,0
2021-07-04,873,0,0,871,2,0,0,0,0
2021-07-05,873,0,0,871,2,0,0,0,0
2021-07-06,873,0,0,871,2,0,0,0,0
2021-07-07,873,0,0,871,2,0,0,0,0
2021-07-08,873,0,0,871,2,0,0,0,0
2021-07-09,873,0,0,871,2,0,0,0,0
2021-07-10,873,0,0,871,2,0,0,0,0
2021-07-11,873,0,0,871,2,0,0,0,0
2021-07-12,873,0,0,871,2,0,0,0,0
2021-07-13,873,0,0,871,2,0,0,0,0
