Date,Infected,Exposed,Active,Recovered,Deaths,Diff Exposed,Diff Active,Diff Recovered,Diff Deaths
2020-07-08,133,0,30,102,1,4,0,3,0
2020-07-09,134,4,28,105,1,3,0,2,0
2020-07-10,134,6,26,107,1,2,0,2,0
2020-07-11,135,8,25,109,1,2,0,2,0
2020-07-12,138,10,25,112,1,1,0,2,0
2020-07-13,139,11,24,114,1,1,0,2,0
2020-07-14,141,12,24,116,1,1,0,2,0
2020-07-15,144,13,25,118,1,1,0,2,0
2020-07-16,147,13,25,121,1,1,0,2,0
2020-07-17,149,14,25,123,1,1,0,2,0
2020-07-18,152,15,26,125,1,1,1,2,0
2020-07-19,154,15,26,127,1,0,1,2,0
2020-07-20,158,16,27,130,1,0,1,2,0
2020-07-21,160,16,27,132,1,0,1,2,0
2020-07-22,164,16,28,135,1,0,1,3,0
2020-07-23,167,17,29,137,1,0,1,3,0
2020-07-24,171,17,30,140,1,0,1,3,0
2020-07-25,174,18,30,143,1,0,1,3,0
2020-07-26,177,18,31,145,1,0,1,3,0
2020-07-27,181,19,32,148,1,0,1,3,0
2020-07-28,185,19,33,151,1,0,1,3,0
2020-07-29,188,20,33,154,1,0,1,3,0
2020-07-30,192,20,34,157,1,1,1,3,0
2020-07-31,196,21,35,160,1,1,1,3,0
2020-08-01,200,21,36,163,1,1,1,3,0
2020-08-02,205,22,37,167,1,1,1,3,0
2020-08-03,209,22,38,170,1,1,1,3,0
2020-08-04,215,23,39,174,2,1,1,3,0
2020-08-05,219,23,40,177,2,1,1,4,0
2020-08-06,224,24,41,181,2,1,1,4,0
2020-08-07,228,25,42,184,2,1,1,4,0
2020-08-08,233,25,43,188,2,1,1,4,0
2020-08-09,238,26,44,192,2,1,1,4,0
2020-08-10,243,26,45,196,2,1,1,4,0
2020-08-11,248,27,46,200,2,1,1,4,0
2020-08-12,253,28,47,204,2,1,1,4,0
2020-08-13,259,28,48,209,2,1,1,4,0
2020-08-14,265,29,50,213,2,1,1,4,0
2020-08-15,271,30,51,218,2,1,1,5,0
2020-08-16,276,31,52,222,2,1,1,5,0
2020-08-17,282,31,53,227,2,1,1,5,0
2020-08-18,289,32,55,232,2,1,1,5,0
2020-08-19,295,33,56,237,2,1,1,5,0
2020-08-20,301,34,57,242,2,1,1,5,0
2020-08-21,308,34,59,247,2,1,1,5,0
2020-08-22,314,35,60,252,2,1,1,5,0
2020-08-23,322,36,62,258,2,1,1,6,0
2020-08-24,328,37,63,263,2,1,1,6,0
2020-08-25,335,38,64,269,2,1,2,6,0
2020-08-26,343,39,66,275,2,1,2,6,0
2020-08-27,351,39,68,281,2,1,2,6,0
2020-08-28,359,40,69,287,3,1,2,6,0
2020-08-29,367,41,71,293,3,1,2,6,0
2020-08-30,376,42,73,300,3,1,2,7,0
2020-08-31,383,43,74,306,3,1,2,7,0
2020-09-01,392,44,76,313,3,1,2,7,0
2020-09-02,401,45,78,320,3,1,2,7,0
2020-09-03,410,46,80,327,3,1,2,7,0
2020-09-04,418,47,81,334,3,1,2,7,0
2020-09-05,428,48,83,342,3,1,2,8,0
2020-09-06,437,49,85,349,3,1,2,8,0
2020-09-07,447,50,87,357,3,1,2,8,0
2020-09-08,457,52,89,365,3,1,2,8,0
2020-09-09,467,53,91,373,3,1,2,8,0
2020-09-10,477,54,93,381,3,1,2,8,0
2020-09-11,488,55,95,390,3,1,2,9,0
2020-09-12,498,56,97,398,3,1,2,9,0
2020-09-13,511,57,100,407,4,1,2,9,0
2020-09-14,522,59,102,416,4,1,2,9,0
2020-09-15,534,60,104,426,4,1,2,9,0
2020-09-16,545,61,106,435,4,1,2,10,0
2020-09-17,558,62,109,445,4,1,2,10,0
2020-09-18,570,64,111,455,4,1,2,10,0
2020-09-19,582,65,113,465,4,1,2,10,0
2020-09-20,595,66,116,475,4,1,2,10,0
2020-09-21,607,68,118,485,4,1,2,11,0
2020-09-22,621,69,121,496,4,1,3,11,0
2020-09-23,634,70,123,507,4,1,3,11,0
2020-09-24,649,72,126,518,5,1,3,11,0
2020-09-25,663,73,128,530,5,1,3,12,0
2020-09-26,677,74,131,541,5,1,3,12,0
2020-09-27,692,76,134,553,5,1,3,12,0
2020-09-28,708,77,137,566,5,1,3,12,0
2020-09-29,722,79,139,578,5,1,3,13,0
2020-09-30,738,80,142,591,5,1,3,13,0
2020-10-01,754,82,145,604,5,1,3,13,0
2020-10-02,770,83,148,617,5,2,3,13,0
2020-10-03,787,85,151,630,6,2,3,14,0
2020-10-04,804,86,154,644,6,2,3,14,0
2020-10-05,821,88,157,658,6,2,3,14,0
2020-10-06,838,89,160,672,6,2,3,14,0
2020-10-07,855,91,163,686,6,2,3,15,0
2020-10-08,873,93,166,701,6,2,3,15,0
2020-10-09,891,94,169,716,6,2,3,15,0
2020-10-10,910,96,172,732,6,2,3,15,0
2020-10-11,929,97,175,747,7,2,3,16,0
2020-10-12,948,99,178,763,7,2,3,16,0
2020-10-13,967,101,181,779,7,2,3,16,0
2020-10-14,988,102,185,796,7,2,3,17,0
2020-10-15,1007,104,188,812,7,2,3,17,0
2020-10-16,1028,105,191,830,7,2,3,17,0
2020-10-17,1048,107,194,847,7,2,3,18,0
2020-10-18,1070,109,198,864,8,2,3,18,0
2020-10-19,1091,110,201,882,8,2,3,18,0
2020-10-20,1113,112,204,901,8,2,3,18,0
2020-10-21,1135,113,208,919,8,2,3,19,0
2020-10-22,1157,115,211,938,8,2,3,19,0
2020-10-23,1179,117,214,957,8,2,3,19,0
2020-10-24,1204,118,218,977,9,2,3,20,0
2020-10-25,1226,120,221,996,9,2,3,20,0
2020-10-26,1250,121,225,1016,9,2,3,20,0
2020-10-27,1274,123,228,1037,9,2,3,21,0
2020-10-28,1297,124,231,1057,9,2,3,21,0
2020-10-29,1322,126,235,1078,9,2,3,21,0
2020-10-30,1348,127,238,1100,10,1,3,21,0
2020-10-31,1372,129,241,1121,10,1,3,22,0
2020-11-01,1398,130,245,1143,10,1,3,22,0
2020-11-02,1423,132,248,1165,10,1,3,22,0
2020-11-03,1449,133,251,1188,10,1,3,23,0
2020-11-04,1475,135,254,1210,11,1,3,23,0
2020-11-05,1502,136,258,1233,11,1,3,23,0
2020-11-06,1529,137,261,1257,11,1,3,24,0
2020-11-07,1555,139,264,1280,11,1,3,24,0
2020-11-08,1582,140,267,1304,11,1,3,24,0
2020-11-09,1610,141,270,1328,12,1,3,24,0
2020-11-10,1638,142,273,1353,12,1,3,25,0
2020-11-11,1667,144,277,1378,12,1,3,25,0
2020-11-12,1695,145,280,1403,12,1,3,25,0
2020-11-13,1724,146,283,1428,13,1,3,25,0
2020-11-14,1752,147,285,1454,13,1,3,26,0
2020-11-15,1780,148,288,1479,13,1,3,26,0
2020-11-16,1809,149,291,1505,13,1,3,26,0
2020-11-17,1839,150,294,1532,13,1,3,26,0
2020-11-18,1869,151,297,1558,14,1,3,27,0
2020-11-19,1898,152,299,1585,14,1,3,27,0
2020-11-20,1928,153,302,1612,14,1,3,27,0
2020-11-21,1957,154,304,1639,14,1,2,27,0
2020-11-22,1989,154,307,1667,15,1,2,28,0
2020-11-23,2019,155,309,1695,15,1,2,28,0
2020-11-24,2049,156,311,1723,15,1,2,28,0
2020-11-25,2079,156,313,1751,15,1,2,28,0
2020-11-26,2111,157,316,1779,16,1,2,28,0
2020-11-27,2142,157,318,1808,16,0,2,29,0
2020-11-28,2172,158,320,1836,16,0,2,29,0
2020-11-29,2202,158,321,1865,16,0,2,29,0
2020-11-30,2234,159,323,1894,17,0,2,29,0
2020-12-01,2265,159,325,1923,17,0,2,29,0
2020-12-02,2296,159,326,1953,17,0,2,29,0
2020-12-03,2327,159,328,1982,17,0,1,30,0
2020-12-04,2359,159,329,2012,18,0,1,30,0
2020-12-05,2390,160,331,2041,18,0,1,30,0
2020-12-06,2421,160,332,2071,18,0,1,30,0
2020-12-07,2452,160,333,2101,18,0,1,30,0
2020-12-08,2484,159,334,2131,19,0,1,30,0
2020-12-09,2515,159,335,2161,19,0,1,30,0
2020-12-10,2547,159,336,2192,19,0,1,30,0
2020-12-11,2577,159,336,2222,19,0,1,30,0
2020-12-12,2609,159,337,2252,20,0,1,30,0
2020-12-13,2639,158,337,2282,20,0,0,30,0
2020-12-14,2671,158,338,2313,20,0,0,30,0
2020-12-15,2702,158,338,2343,21,0,0,30,0
2020-12-16,2733,157,338,2374,21,0,0,30,0
2020-12-17,2763,157,338,2404,21,0,0,30,0
2020-12-18,2794,156,338,2435,21,0,0,30,0
2020-12-19,2825,155,338,2465,22,0,0,30,0
2020-12-20,2855,155,337,2496,22,0,0,30,0
2020-12-21,2885,154,337,2526,22,0,0,30,0
2020-12-22,2915,153,337,2556,22,0,0,30,0
2020-12-23,2946,152,336,2587,23,0,0,30,0
2020-12-24,2975,152,335,2617,23,0,0,30,0
2020-12-25,3004,151,334,2647,23,0,0,30,0
2020-12-26,3034,150,334,2677,23,0,0,30,0
2020-12-27,3064,149,333,2707,24,0,0,30,0
2020-12-28,3092,148,331,2737,24,0,0,30,0
2020-12-29,3121,147,330,2767,24,0,0,30,0
2020-12-30,3151,146,329,2797,25,0,0,30,0
2020-12-31,3179,144,328,2826,25,0,0,30,0
2021-01-01,3207,143,326,2856,25,0,0,29,0
2021-01-02,3234,142,324,2885,25,0,0,29,0
2021-01-03,3263,141,323,2914,26,0,0,29,0
2021-01-04,3290,140,321,2943,26,0,0,29,0
2021-01-05,3317,138,319,2972,26,0,0,29,0
2021-01-06,3344,137,317,3001,26,0,0,29,0
2021-01-07,3371,136,315,3029,27,0,0,28,0
2021-01-08,3398,134,313,3058,27,0,0,28,0
2021-01-09,3424,133,311,3086,27,0,0,28,0
2021-01-10,3450,132,309,3114,27,0,0,28,0
2021-01-11,3477,130,307,3142,28,0,0,28,0
2021-01-12,3501,129,304,3169,28,0,0,27,0
2021-01-13,3527,127,302,3197,28,0,0,27,0
2021-01-14,3551,126,299,3224,28,0,0,27,0
2021-01-15,3576,124,297,3251,28,0,0,27,0
2021-01-16,3600,123,294,3277,29,0,0,27,0
2021-01-17,3625,121,292,3304,29,0,0,26,0
2021-01-18,3648,120,289,3330,29,0,0,26,0
2021-01-19,3671,118,286,3356,29,0,0,26,0
2021-01-20,3694,117,283,3381,30,0,0,26,0
2021-01-21,3717,115,280,3407,30,0,0,25,0
2021-01-22,3740,114,278,3432,30,0,0,25,0
2021-01-23,3762,112,275,3457,30,0,0,25,0
2021-01-24,3785,111,272,3482,31,0,0,24,0
2021-01-25,3806,109,269,3506,31,0,0,24,0
2021-01-26,3827,108,266,3530,31,0,0,24,0
2021-01-27,3848,106,263,3554,31,0,0,24,0
2021-01-28,3869,105,260,3578,31,0,0,23,0
2021-01-29,3889,103,256,3601,32,0,0,23,0
2021-01-30,3909,102,253,3624,32,0,0,23,0
2021-01-31,3929,100,250,3647,32,0,0,23,0
2021-02-01,3948,98,247,3669,32,0,0,22,0
2021-02-02,3967,97,244,3691,32,0,0,22,0
2021-02-03,3987,95,241,3713,33,0,0,22,0
2021-02-04,4006,94,238,3735,33,0,0,21,0
2021-02-05,4023,92,234,3756,33,0,0,21,0
2021-02-06,4041,91,231,3777,33,0,0,21,0
2021-02-07,4059,89,228,3798,33,0,0,21,0
2021-02-08,4076,88,225,3818,33,0,0,20,0
2021-02-09,4094,86,222,3838,34,0,0,20,0
2021-02-10,4110,85,218,3858,34,0,0,20,0
2021-02-11,4127,84,215,3878,34,0,0,19,0
2021-02-12,4143,82,212,3897,34,0,0,19,0
2021-02-13,4159,81,209,3916,34,0,0,19,0
2021-02-14,4175,79,206,3935,34,0,0,19,0
2021-02-15,4191,78,203,3953,35,0,0,18,0
2021-02-16,4205,77,199,3971,35,0,0,18,0
2021-02-17,4220,75,196,3989,35,0,0,18,0
2021-02-18,4235,74,193,4007,35,0,0,17,0
2021-02-19,4249,72,190,4024,35,0,0,17,0
2021-02-20,4263,71,187,4041,35,0,0,17,0
2021-02-21,4278,70,184,4058,36,0,0,17,0
2021-02-22,4291,69,181,4074,36,0,0,16,0
2021-02-23,4305,67,178,4091,36,0,0,16,0
2021-02-24,4317,66,175,4106,36,0,0,16,0
2021-02-25,4330,65,172,4122,36,0,0,16,0
2021-02-26,4343,64,169,4138,36,0,0,15,0
2021-02-27,4355,62,166,4153,36,0,0,15,0
2021-02-28,4368,61,163,4168,37,0,0,15,0
2021-03-01,4379,60,160,4182,37,0,0,14,0
2021-03-02,4392,59,158,4197,37,0,0,14,0
2021-03-03,4403,58,155,4211,37,0,0,14,0
2021-03-04,4414,57,152,4225,37,0,0,14,0
2021-03-05,4424,55,149,4238,37,0,0,13,0
2021-03-06,4436,54,147,4252,37,0,0,13,0
2021-03-07,4446,53,144,4265,37,0,0,13,0
2021-03-08,4456,52,141,4278,37,0,0,13,0
2021-03-09,4467,51,139,4290,38,0,0,13,0
2021-03-10,4477,50,136,4303,38,0,0,12,0
2021-03-11,4487,49,134,4315,38,0,0,12,0
2021-03-12,4496,48,131,4327,38,0,0,12,0
2021-03-13,4505,47,129,4338,38,0,0,12,0
2021-03-14,4514,46,126,4350,38,0,0,11,0
2021-03-15,4523,45,124,4361,38,0,0,11,0
2021-03-16,4531,44,121,4372,38,0,0,11,0
2021-03-17,4540,43,119,4383,38,0,0,11,0
2021-03-18,4550,42,117,4394,39,0,0,11,0
2021-03-19,4557,42,114,4404,39,0,0,10,0
2021-03-20,4566,41,112,4415,39,0,0,10,0
2021-03-21,4574,40,110,4425,39,0,0,10,0
2021-03-22,4581,39,108,4434,39,0,0,10,0
2021-03-23,4589,38,106,4444,39,0,0,10,0
2021-03-24,4597,37,104,4454,39,0,0,9,0
2021-03-25,4603,37,101,4463,39,0,0,9,0
2021-03-26,4610,36,99,4472,39,0,0,9,0
2021-03-27,4617,35,97,4481,39,0,0,9,0
2021-03-28,4623,34,95,4489,39,0,0,9,0
2021-03-29,4630,34,93,4498,39,0,0,8,0
2021-03-30,4637,33,92,4506,39,0,0,8,0
2021-03-31,4645,32,90,4515,40,0,0,8,0
2021-04-01,4651,31,88,4523,40,0,0,8,0
2021-04-02,4656,31,86,4530,40,0,0,8,0
2021-04-03,4662,30,84,4538,40,0,0,8,0
2021-04-04,4668,29,82,4546,40,0,0,7,0
2021-04-05,4674,29,81,4553,40,0,0,7,0
2021-04-06,4679,28,79,4560,40,0,0,7,0
2021-04-07,4684,27,77,4567,40,0,0,7,0
2021-04-08,4690,27,76,4574,40,0,0,7,0
2021-04-09,4695,26,74,4581,40,0,0,7,0
2021-04-10,4701,26,73,4588,40,0,0,7,0
2021-04-11,4705,25,71,4594,40,0,0,6,0
2021-04-12,4710,25,70,4600,40,0,0,6,0
2021-04-13,4715,24,68,4607,40,0,0,6,0
2021-04-14,4720,24,67,4613,40,0,0,6,0
2021-04-15,4724,23,65,4619,40,0,0,6,0
2021-04-16,4730,22,64,4625,41,0,0,6,0
2021-04-17,4733,22,62,4630,41,0,0,6,0
2021-04-18,4738,21,61,4636,41,0,0,5,0
2021-04-19,4742,21,60,4641,41,0,0,5,0
2021-04-20,4746,21,58,4647,41,0,0,5,0
2021-04-21,4750,20,57,4652,41,0,0,5,0
2021-04-22,4754,20,56,4657,41,0,0,5,0
2021-04-23,4758,19,55,4662,41,0,0,5,0
2021-04-24,4761,19,53,4667,41,0,0,5,0
2021-04-25,4765,18,52,4672,41,0,0,5,0
2021-04-26,4768,18,51,4676,41,0,0,5,0
2021-04-27,4772,17,50,4681,41,0,0,5,0
2021-04-28,4775,17,49,4685,41,0,0,4,0
2021-04-29,4779,17,48,4690,41,0,0,4,0
2021-04-30,4782,16,47,4694,41,0,0,4,0
2021-05-01,4785,16,46,4698,41,0,0,4,0
2021-05-02,4788,16,45,4702,41,0,0,4,0
2021-05-03,4791,15,44,4706,41,0,0,4,0
2021-05-04,4794,15,43,4710,41,0,0,4,0
2021-05-05,4797,15,42,4714,41,0,0,4,0
2021-05-06,4800,14,41,4718,41,0,0,4,0
2021-05-07,4802,14,40,4721,41,0,0,4,0
2021-05-08,4805,14,39,4725,41,0,0,4,0
2021-05-09,4807,13,38,4728,41,0,0,3,0
2021-05-10,4810,13,37,4732,41,0,0,3,0
2021-05-11,4812,13,36,4735,41,0,0,3,0
2021-05-12,4816,12,36,4738,42,0,0,3,0
2021-05-13,4818,12,35,4741,42,0,0,3,0
2021-05-14,4821,12,34,4745,42,0,0,3,0
2021-05-15,4823,12,33,4748,42,0,0,3,0
2021-05-16,4825,11,32,4751,42,0,0,3,0
2021-05-17,4828,11,32,4754,42,0,0,3,0
2021-05-18,4829,11,31,4756,42,0,0,3,0
2021-05-19,4831,10,30,4759,42,0,0,3,0
2021-05-20,4834,10,30,4762,42,0,0,3,0
2021-05-21,4835,10,29,4764,42,0,0,3,0
2021-05-22,4837,10,28,4767,42,0,0,3,0
2021-05-23,4840,10,28,4770,42,0,0,2,0
2021-05-24,4841,9,27,4772,42,0,0,2,0
2021-05-25,4842,9,26,4774,42,0,0,2,0
2021-05-26,4845,9,26,4777,42,0,0,2,0
2021-05-27,4846,9,25,4779,42,0,0,2,0
2021-05-28,4848,8,25,4781,42,0,0,2,0
2021-05-29,4850,8,24,4784,42,0,0,2,0
2021-05-30,4851,8,23,4786,42,0,0,2,0
2021-05-31,4853,8,23,4788,42,0,0,2,0
2021-06-01,4854,8,22,4790,42,0,0,2,0
2021-06-02,4856,8,22,4792,42,0,0,2,0
2021-06-03,4857,7,21,4794,42,0,0,2,0
2021-06-04,4859,7,21,4796,42,0,0,2,0
2021-06-05,4860,7,20,4798,42,0,0,2,0
2021-06-06,4861,7,20,4799,42,0,0,2,0
2021-06-07,4862,7,19,4801,42,0,0,2,0
2021-06-08,4864,7,19,4803,42,0,0,2,0
2021-06-09,4866,6,19,4805,42,0,0,2,0
2021-06-10,4866,6,18,4806,42,0,0,2,0
2021-06-11,4868,6,18,4808,42,0,0,2,0
2021-06-12,4869,6,17,4810,42,0,0,2,0
2021-06-13,4870,6,17,4811,42,0,0,2,0
2021-06-14,4872,6,17,4813,42,0,0,1,0
2021-06-15,4872,6,16,4814,42,0,0,1,0
2021-06-16,4873,5,16,4815,42,0,0,1,0
2021-06-17,4874,5,15,4817,42,0,0,1,0
2021-06-18,4875,5,15,4818,42,0,0,1,0
2021-06-19,4877,5,15,4820,42,0,0,1,0
2021-06-20,4877,5,14,4821,42,0,0,1,0
2021-06-21,4878,5,14,4822,42,0,0,1,0
2021-06-22,4879,5,14,4823,42,0,0,1,0
2021-06-23,4880,5,13,4825,42,0,0,1,0
2021-06-24,4881,4,13,4826,42,0,0,1,0
2021-06-25,4882,4,13,4827,42,0,0,1,0
2021-06-26,4882,4,12,4828,42,0,0,1,0
2021-06-27,4883,4,12,4829,42,0,0,1,0
2021-06-28,4884,4,12,4830,42,0,0,1,0
2021-06-29,4885,4,12,4831,42,0,0,1,0
2021-06-30,4885,4,11,4832,42,0,0,1,0
2021-07-01,4886,4,11,4833,42,0,0,1,0
2021-07-02,4887,4,11,4834,42,0,0,1,0
2021-07-03,4888,4,11,4835,42,0,0,1,0
