Date,Infected,Exposed,Active,Recovered,Deaths,Diff Exposed,Diff Active,Diff Recovered,Diff Deaths
2020-06-26,1926,840,529,1393,4,0,117,48,0
2020-06-27,2082,727,633,1445,4,0,85,57,0
2020-06-28,2218,641,709,1505,4,0,61,64,0
2020-06-29,2338,576,763,1571,4,0,44,69,0
2020-06-30,2448,525,801,1642,5,0,30,73,0
2020-07-01,2547,487,827,1715,5,0,20,75,0
2020-07-02,2641,456,845,1791,5,0,13,77,0
2020-07-03,2728,433,855,1868,5,0,7,78,0
2020-07-04,2812,414,860,1946,6,0,3,78,0
2020-07-05,2892,398,862,2024,6,0,0,78,0
2020-07-06,2969,386,861,2102,6,0,0,78,0
2020-07-07,3044,375,858,2180,6,0,0,78,0
2020-07-08,3116,366,853,2257,6,0,0,77,0
2020-07-09,3188,359,847,2334,7,0,0,77,0
2020-07-10,3258,352,840,2411,7,0,0,76,0
2020-07-11,3326,346,832,2487,7,0,0,75,0
2020-07-12,3393,340,824,2562,7,0,0,75,0
2020-07-13,3460,335,816,2636,8,0,0,74,0
2020-07-14,3525,330,807,2710,8,0,0,73,0
2020-07-15,3590,326,799,2783,8,0,0,72,0
2020-07-16,3653,321,790,2855,8,0,0,72,0
2020-07-17,3715,317,781,2926,8,0,0,71,0
2020-07-18,3778,313,772,2997,9,0,0,70,0
2020-07-19,3839,309,763,3067,9,0,0,69,0
2020-07-20,3900,305,755,3136,9,0,0,68,0
2020-07-21,3959,301,746,3204,9,0,0,68,0
2020-07-22,4017,297,737,3271,9,0,0,67,0
2020-07-23,4075,293,728,3338,9,0,0,66,0
2020-07-24,4133,290,720,3403,10,0,0,65,0
2020-07-25,4189,286,711,3468,10,0,0,64,0
2020-07-26,4244,282,702,3532,10,0,0,64,0
2020-07-27,4300,279,694,3596,10,0,0,63,0
2020-07-28,4354,275,686,3658,10,0,0,62,0
2020-07-29,4408,272,677,3720,11,0,0,61,0
2020-07-30,4461,268,669,3781,11,0,0,61,0
2020-07-31,4514,265,661,3842,11,0,0,60,0
2020-08-01,4565,261,653,3901,11,0,0,59,0
2020-08-02,4616,258,645,3960,11,0,0,58,0
2020-08-03,4666,255,637,4018,11,0,0,58,0
2020-08-04,4717,251,629,4076,12,0,0,57,0
2020-08-05,4765,248,621,4132,12,0,0,56,0
2020-08-06,4813,245,613,4188,12,0,0,56,0
2020-08-07,4861,242,605,4244,12,0,0,55,0
2020-08-08,4908,238,598,4298,12,0,0,54,0
2020-08-09,4954,235,590,4352,12,0,0,53,0
2020-08-10,5002,232,583,4406,13,0,0,53,0
2020-08-11,5046,229,575,4458,13,0,0,52,0
2020-08-12,5091,226,568,4510,13,0,0,51,0
2020-08-13,5135,223,561,4561,13,0,0,51,0
2020-08-14,5179,220,554,4612,13,0,0,50,0
2020-08-15,5221,217,546,4662,13,0,0,50,0
2020-08-16,5263,214,539,4711,13,0,0,49,0
2020-08-17,5306,212,532,4760,14,0,0,48,0
2020-08-18,5348,209,526,4808,14,0,0,48,0
2020-08-19,5388,206,519,4855,14,0,0,47,0
2020-08-20,5428,203,512,4902,14,0,0,46,0
2020-08-21,5467,200,505,4948,14,0,0,46,0
2020-08-22,5507,198,499,4994,14,0,0,45,0
2020-08-23,5545,195,492,5039,14,0,0,45,0
2020-08-24,5583,192,486,5083,14,0,0,44,0
2020-08-25,5621,190,479,5127,15,0,0,43,0
2020-08-26,5658,187,473,5170,15,0,0,43,0
2020-08-27,5695,185,467,5213,15,0,0,42,0
2020-08-28,5731,182,461,5255,15,0,0,42,0
2020-08-29,5765,180,454,5296,15,0,0,41,0
2020-08-30,5800,177,448,5337,15,0,0,41,0
2020-08-31,5835,175,442,5378,15,0,0,40,0
2020-09-01,5869,172,436,5418,15,0,0,40,0
2020-09-02,5904,170,431,5457,16,0,0,39,0
2020-09-03,5937,168,425,5496,16,0,0,39,0
2020-09-04,5969,165,419,5534,16,0,0,38,0
2020-09-05,6001,163,413,5572,16,0,0,37,0
2020-09-06,6033,161,408,5609,16,0,0,37,0
2020-09-07,6064,159,402,5646,16,0,0,36,0
2020-09-08,6095,156,397,5682,16,0,0,36,0
2020-09-09,6126,154,392,5718,16,0,0,35,0
2020-09-10,6156,152,386,5754,16,0,0,35,0
2020-09-11,6185,150,381,5788,16,0,0,35,0
2020-09-12,6216,148,376,5823,17,0,0,34,0
2020-09-13,6245,146,371,5857,17,0,0,34,0
2020-09-14,6273,144,366,5890,17,0,0,33,0
2020-09-15,6301,142,361,5923,17,0,0,33,0
2020-09-16,6329,140,356,5956,17,0,0,32,0
2020-09-17,6356,138,351,5988,17,0,0,32,0
2020-09-18,6382,136,346,6019,17,0,0,31,0
2020-09-19,6408,134,341,6050,17,0,0,31,0
2020-09-20,6434,132,336,6081,17,0,0,30,0
2020-09-21,6461,130,332,6112,17,0,0,30,0
2020-09-22,6485,128,327,6141,17,0,0,30,0
2020-09-23,6512,127,323,6171,18,0,0,29,0
2020-09-24,6536,125,318,6200,18,0,0,29,0
2020-09-25,6561,123,314,6229,18,0,0,28,0
2020-09-26,6584,121,309,6257,18,0,0,28,0
2020-09-27,6608,120,305,6285,18,0,0,28,0
2020-09-28,6631,118,301,6312,18,0,0,27,0
2020-09-29,6655,116,297,6340,18,0,0,27,0
2020-09-30,6676,115,292,6366,18,0,0,27,0
2020-10-01,6699,113,288,6393,18,0,0,26,0
2020-10-02,6721,111,284,6419,18,0,0,26,0
2020-10-03,6742,110,280,6444,18,0,0,25,0
2020-10-04,6764,108,276,6470,18,0,0,25,0
2020-10-05,6784,107,272,6494,18,0,0,25,0
2020-10-06,6807,105,269,6519,19,0,0,24,0
2020-10-07,6827,104,265,6543,19,0,0,24,0
2020-10-08,6847,102,261,6567,19,0,0,24,0
2020-10-09,6867,101,257,6591,19,0,0,23,0
2020-10-10,6887,99,254,6614,19,0,0,23,0
2020-10-11,6906,98,250,6637,19,0,0,23,0
2020-10-12,6924,96,246,6659,19,0,0,22,0
2020-10-13,6943,95,243,6681,19,0,0,22,0
2020-10-14,6962,94,240,6703,19,0,0,22,0
2020-10-15,6980,92,236,6725,19,0,0,21,0
2020-10-16,6998,91,233,6746,19,0,0,21,0
2020-10-17,7015,90,229,6767,19,0,0,21,0
2020-10-18,7033,88,226,6788,19,0,0,20,0
2020-10-19,7050,87,223,6808,19,0,0,20,0
2020-10-20,7067,86,220,6828,19,0,0,20,0
2020-10-21,7084,84,217,6848,19,0,0,20,0
2020-10-22,7101,83,213,6868,20,0,0,19,0
2020-10-23,7117,82,210,6887,20,0,0,19,0
2020-10-24,7133,81,207,6906,20,0,0,19,0
2020-10-25,7149,80,204,6925,20,0,0,19,0
2020-10-26,7164,78,201,6943,20,0,0,18,0
2020-10-27,7180,77,199,6961,20,0,0,18,0
2020-10-28,7195,76,196,6979,20,0,0,18,0
2020-10-29,7210,75,193,6997,20,0,0,17,0
2020-10-30,7224,74,190,7014,20,0,0,17,0
2020-10-31,7238,73,187,7031,20,0,0,17,0
2020-11-01,7253,72,185,7048,20,0,0,17,0
2020-11-02,7267,71,182,7065,20,0,0,16,0
2020-11-03,7280,70,179,7081,20,0,0,16,0
2020-11-04,7294,69,177,7097,20,0,0,16,0
2020-11-05,7307,68,174,7113,20,0,0,16,0
2020-11-06,7321,67,172,7129,20,0,0,16,0
2020-11-07,7333,66,169,7144,20,0,0,15,0
2020-11-08,7347,65,167,7160,20,0,0,15,0
2020-11-09,7359,64,164,7175,20,0,0,15,0
2020-11-10,7372,63,162,7190,20,0,0,15,0
2020-11-11,7383,62,159,7204,20,0,0,14,0
2020-11-12,7396,61,157,7218,21,0,0,14,0
2020-11-13,7409,60,155,7233,21,0,0,14,0
2020-11-14,7421,59,153,7247,21,0,0,14,0
2020-11-15,7431,58,150,7260,21,0,0,14,0
2020-11-16,7443,58,148,7274,21,0,0,13,0
2020-11-17,7454,57,146,7287,21,0,0,13,0
2020-11-18,7465,56,144,7300,21,0,0,13,0
2020-11-19,7476,55,142,7313,21,0,0,13,0
2020-11-20,7487,54,140,7326,21,0,0,13,0
2020-11-21,7498,53,138,7339,21,0,0,12,0
2020-11-22,7508,53,136,7351,21,0,0,12,0
2020-11-23,7518,52,134,7363,21,0,0,12,0
2020-11-24,7528,51,132,7375,21,0,0,12,0
2020-11-25,7538,50,130,7387,21,0,0,12,0
2020-11-26,7548,50,128,7399,21,0,0,12,0
2020-11-27,7557,49,126,7410,21,0,0,11,0
2020-11-28,7567,48,124,7422,21,0,0,11,0
2020-11-29,7576,47,122,7433,21,0,0,11,0
2020-11-30,7585,47,120,7444,21,0,0,11,0
2020-12-01,7595,46,119,7455,21,0,0,11,0
2020-12-02,7604,45,117,7466,21,0,0,11,0
2020-12-03,7612,45,115,7476,21,0,0,10,0
2020-12-04,7620,44,113,7486,21,0,0,10,0
2020-12-05,7630,43,112,7497,21,0,0,10,0
2020-12-06,7638,43,110,7507,21,0,0,10,0
2020-12-07,7646,42,108,7517,21,0,0,10,0
2020-12-08,7654,41,107,7526,21,0,0,10,0
2020-12-09,7662,41,105,7536,21,0,0,10,0
2020-12-10,7671,40,104,7546,21,0,0,9,0
2020-12-11,7678,40,102,7555,21,0,0,9,0
2020-12-12,7687,39,101,7564,22,0,0,9,0
2020-12-13,7694,38,99,7573,22,0,0,9,0
2020-12-14,7702,38,98,7582,22,0,0,9,0
2020-12-15,7709,37,96,7591,22,0,0,9,0
2020-12-16,7717,37,95,7600,22,0,0,9,0
2020-12-17,7723,36,93,7608,22,0,0,8,0
2020-12-18,7731,36,92,7617,22,0,0,8,0
2020-12-19,7738,35,91,7625,22,0,0,8,0
2020-12-20,7744,35,89,7633,22,0,0,8,0
2020-12-21,7751,34,88,7641,22,0,0,8,0
2020-12-22,7758,34,87,7649,22,0,0,8,0
2020-12-23,7764,33,85,7657,22,0,0,8,0
2020-12-24,7771,33,84,7665,22,0,0,8,0
2020-12-25,7777,32,83,7672,22,0,0,8,0
2020-12-26,7784,32,82,7680,22,0,0,7,0
2020-12-27,7789,31,80,7687,22,0,0,7,0
2020-12-28,7795,31,79,7694,22,0,0,7,0
2020-12-29,7801,30,78,7701,22,0,0,7,0
2020-12-30,7807,30,77,7708,22,0,0,7,0
2020-12-31,7813,29,76,7715,22,0,0,7,0
2021-01-01,7819,29,75,7722,22,0,0,7,0
2021-01-02,7824,28,73,7729,22,0,0,7,0
2021-01-03,7829,28,72,7735,22,0,0,7,0
2021-01-04,7835,28,71,7742,22,0,0,6,0
2021-01-05,7840,27,70,7748,22,0,0,6,0
2021-01-06,7846,27,69,7755,22,0,0,6,0
2021-01-07,7851,26,68,7761,22,0,0,6,0
2021-01-08,7856,26,67,7767,22,0,0,6,0
2021-01-09,7861,26,66,7773,22,0,0,6,0
2021-01-10,7866,25,65,7779,22,0,0,6,0
2021-01-11,7871,25,64,7785,22,0,0,6,0
2021-01-12,7876,24,63,7791,22,0,0,6,0
2021-01-13,7880,24,62,7796,22,0,0,6,0
2021-01-14,7885,24,61,7802,22,0,0,6,0
2021-01-15,7890,23,60,7808,22,0,0,5,0
2021-01-16,7894,23,59,7813,22,0,0,5,0
2021-01-17,7899,23,59,7818,22,0,0,5,0
2021-01-18,7904,22,58,7824,22,0,0,5,0
2021-01-19,7908,22,57,7829,22,0,0,5,0
2021-01-20,7912,22,56,7834,22,0,0,5,0
2021-01-21,7916,21,55,7839,22,0,0,5,0
2021-01-22,7920,21,54,7844,22,0,0,5,0
2021-01-23,7924,21,53,7849,22,0,0,5,0
2021-01-24,7929,20,53,7854,22,0,0,5,0
2021-01-25,7932,20,52,7858,22,0,0,5,0
2021-01-26,7936,20,51,7863,22,0,0,5,0
2021-01-27,7940,19,50,7868,22,0,0,5,0
2021-01-28,7944,19,50,7872,22,0,0,4,0
2021-01-29,7948,19,49,7877,22,0,0,4,0
2021-01-30,7951,19,48,7881,22,0,0,4,0
2021-01-31,7954,18,47,7885,22,0,0,4,0
2021-02-01,7959,18,47,7890,22,0,0,4,0
2021-02-02,7962,18,46,7894,22,0,0,4,0
2021-02-03,7965,17,45,7898,22,0,0,4,0
2021-02-04,7969,17,45,7902,22,0,0,4,0
2021-02-05,7972,17,44,7906,22,0,0,4,0
2021-02-06,7976,17,43,7910,23,0,0,4,0
2021-02-07,7980,16,43,7914,23,0,0,4,0
2021-02-08,7983,16,42,7918,23,0,0,4,0
2021-02-09,7986,16,41,7922,23,0,0,4,0
2021-02-10,7989,16,41,7925,23,0,0,4,0
2021-02-11,7992,15,40,7929,23,0,0,4,0
2021-02-12,7995,15,39,7933,23,0,0,4,0
2021-02-13,7998,15,39,7936,23,0,0,4,0
2021-02-14,8001,15,38,7940,23,0,0,3,0
2021-02-15,8004,15,38,7943,23,0,0,3,0
2021-02-16,8007,14,37,7947,23,0,0,3,0
2021-02-17,8010,14,37,7950,23,0,0,3,0
2021-02-18,8012,14,36,7953,23,0,0,3,0
2021-02-19,8015,14,35,7957,23,0,0,3,0
2021-02-20,8018,14,35,7960,23,0,0,3,0
2021-02-21,8020,13,34,7963,23,0,0,3,0
2021-02-22,8023,13,34,7966,23,0,0,3,0
2021-02-23,8025,13,33,7969,23,0,0,3,0
2021-02-24,8028,13,33,7972,23,0,0,3,0
2021-02-25,8030,13,32,7975,23,0,0,3,0
2021-02-26,8033,12,32,7978,23,0,0,3,0
2021-02-27,8035,12,31,7981,23,0,0,3,0
2021-02-28,8038,12,31,7984,23,0,0,3,0
2021-03-01,8039,12,30,7986,23,0,0,3,0
2021-03-02,8042,12,30,7989,23,0,0,3,0
2021-03-03,8045,11,30,7992,23,0,0,3,0
2021-03-04,8047,11,29,7995,23,0,0,3,0
2021-03-05,8049,11,29,7997,23,0,0,3,0
2021-03-06,8051,11,28,8000,23,0,0,3,0
2021-03-07,8053,11,28,8002,23,0,0,3,0
2021-03-08,8055,11,27,8005,23,0,0,2,0
2021-03-09,8057,10,27,8007,23,0,0,2,0
2021-03-10,8060,10,27,8010,23,0,0,2,0
2021-03-11,8061,10,26,8012,23,0,0,2,0
2021-03-12,8063,10,26,8014,23,0,0,2,0
2021-03-13,8065,10,25,8017,23,0,0,2,0
2021-03-14,8067,10,25,8019,23,0,0,2,0
2021-03-15,8069,10,25,8021,23,0,0,2,0
2021-03-16,8071,9,24,8024,23,0,0,2,0
2021-03-17,8073,9,24,8026,23,0,0,2,0
2021-03-18,8075,9,24,8028,23,0,0,2,0
2021-03-19,8076,9,23,8030,23,0,0,2,0
2021-03-20,8078,9,23,8032,23,0,0,2,0
2021-03-21,8079,9,22,8034,23,0,0,2,0
2021-03-22,8081,9,22,8036,23,0,0,2,0
2021-03-23,8083,8,22,8038,23,0,0,2,0
2021-03-24,8084,8,21,8040,23,0,0,2,0
2021-03-25,8086,8,21,8042,23,0,0,2,0
2021-03-26,8088,8,21,8044,23,0,0,2,0
2021-03-27,8090,8,21,8046,23,0,0,2,0
2021-03-28,8091,8,20,8048,23,0,0,2,0
2021-03-29,8093,8,20,8050,23,0,0,2,0
2021-03-30,8094,8,20,8051,23,0,0,2,0
2021-03-31,8095,7,19,8053,23,0,0,2,0
2021-04-01,8097,7,19,8055,23,0,0,2,0
2021-04-02,8099,7,19,8057,23,0,0,2,0
2021-04-03,8099,7,18,8058,23,0,0,2,0
2021-04-04,8101,7,18,8060,23,0,0,2,0
2021-04-05,8102,7,18,8061,23,0,0,2,0
2021-04-06,8104,7,18,8063,23,0,0,2,0
2021-04-07,8105,7,17,8065,23,0,0,2,0
2021-04-08,8106,7,17,8066,23,0,0,2,0
2021-04-09,8108,6,17,8068,23,0,0,2,0
2021-04-10,8109,6,17,8069,23,0,0,2,0
2021-04-11,8110,6,16,8071,23,0,0,1,0
2021-04-12,8111,6,16,8072,23,0,0,1,0
2021-04-13,8113,6,16,8074,23,0,0,1,0
2021-04-14,8114,6,16,8075,23,0,0,1,0
2021-04-15,8115,6,15,8077,23,0,0,1,0
2021-04-16,8116,6,15,8078,23,0,0,1,0
2021-04-17,8117,6,15,8079,23,0,0,1,0
2021-04-18,8119,6,15,8081,23,0,0,1,0
2021-04-19,8119,6,14,8082,23,0,0,1,0
2021-04-20,8120,5,14,8083,23,0,0,1,0
2021-04-21,8122,5,14,8085,23,0,0,1,0
2021-04-22,8123,5,14,8086,23,0,0,1,0
2021-04-23,8124,5,14,8087,23,0,0,1,0
2021-04-24,8124,5,13,8088,23,0,0,1,0
2021-04-25,8125,5,13,8089,23,0,0,1,0
2021-04-26,8127,5,13,8091,23,0,0,1,0
2021-04-27,8128,5,13,8092,23,0,0,1,0
2021-04-28,8129,5,13,8093,23,0,0,1,0
2021-04-29,8129,5,12,8094,23,0,0,1,0
2021-04-30,8130,5,12,8095,23,0,0,1,0
2021-05-01,8131,5,12,8096,23,0,0,1,0
2021-05-02,8132,5,12,8097,23,0,0,1,0
2021-05-03,8133,4,12,8098,23,0,0,1,0
2021-05-04,8133,4,11,8099,23,0,0,1,0
2021-05-05,8135,4,11,8101,23,0,0,1,0
2021-05-06,8136,4,11,8102,23,0,0,1,0
2021-05-07,8137,4,11,8103,23,0,0,1,0
2021-05-08,8138,4,11,8104,23,0,0,1,0
2021-05-09,8139,4,11,8105,23,0,0,1,0
2021-05-10,8138,4,10,8105,23,0,0,1,0
2021-05-11,8139,4,10,8106,23,0,0,1,0
2021-05-12,8140,4,10,8107,23,0,0,1,0
2021-05-13,8141,4,10,8108,23,0,0,1,0
2021-05-14,8142,4,10,8109,23,0,0,1,0
2021-05-15,8143,4,10,8110,23,0,0,1,0
2021-05-16,8144,4,10,8111,23,0,0,1,0
2021-05-17,8144,4,9,8112,23,0,0,1,0
2021-05-18,8145,4,9,8113,23,0,0,1,0
2021-05-19,8145,4,9,8113,23,0,0,1,0
2021-05-20,8146,3,9,8114,23,0,0,1,0
2021-05-21,8147,3,9,8115,23,0,0,1,0
2021-05-22,8148,3,9,8116,23,0,0,1,0
2021-05-23,8149,3,9,8117,23,0,0,1,0
2021-05-24,8148,3,8,8117,23,0,0,1,0
2021-05-25,8149,3,8,8118,23,0,0,1,0
2021-05-26,8150,3,8,8119,23,0,0,1,0
2021-05-27,8151,3,8,8120,23,0,0,1,0
2021-05-28,8151,3,8,8120,23,0,0,1,0
2021-05-29,8152,3,8,8121,23,0,0,1,0
2021-05-30,8153,3,8,8122,23,0,0,1,0
2021-05-31,8154,3,8,8123,23,0,0,1,0
2021-06-01,8153,3,7,8123,23,0,0,1,0
2021-06-02,8154,3,7,8124,23,0,0,1,0
2021-06-03,8155,3,7,8125,23,0,0,1,0
2021-06-04,8155,3,7,8125,23,0,0,1,0
2021-06-05,8156,3,7,8126,23,0,0,1,0
2021-06-06,8156,3,7,8126,23,0,0,1,0
2021-06-07,8157,3,7,8127,23,0,0,1,0
2021-06-08,8158,3,7,8128,23,0,0,1,0
2021-06-09,8158,3,7,8128,23,0,0,1,0
2021-06-10,8159,3,7,8129,23,0,0,1,0
2021-06-11,8158,2,6,8129,23,0,0,1,0
2021-06-12,8159,2,6,8130,23,0,0,1,0
2021-06-13,8160,2,6,8131,23,0,0,1,0
2021-06-14,8160,2,6,8131,23,0,0,1,0
2021-06-15,8161,2,6,8132,23,0,0,1,0
2021-06-16,8161,2,6,8132,23,0,0,1,0
2021-06-17,8162,2,6,8133,23,0,0,1,0
2021-06-18,8162,2,6,8133,23,0,0,1,0
2021-06-19,8163,2,6,8134,23,0,0,1,0
2021-06-20,8163,2,6,8134,23,0,0,1,0
2021-06-21,8163,2,5,8135,23,0,0,0,0
