Date,Infected,Exposed,Active,Recovered,Deaths,Diff Exposed,Diff Active,Diff Recovered,Diff Deaths
2020-06-20,515,121,150,363,2,0,10,14,0
2020-06-21,538,115,159,377,2,0,8,14,0
2020-06-22,561,111,167,392,2,0,7,15,0
2020-06-23,582,108,173,407,2,0,5,16,0
2020-06-24,603,106,178,423,2,0,5,16,0
2020-06-25,623,106,182,439,2,0,4,17,0
2020-06-26,644,105,186,456,2,0,4,17,0
2020-06-27,665,105,190,473,2,0,3,17,0
2020-06-28,685,106,193,490,2,1,3,17,0
2020-06-29,706,107,196,508,2,1,3,18,0
2020-06-30,727,108,199,526,2,1,3,18,0
2020-07-01,748,109,202,544,2,1,3,18,0
2020-07-02,770,110,205,562,3,1,3,19,0
2020-07-03,792,111,208,581,3,1,3,19,0
2020-07-04,814,112,211,600,3,1,3,19,0
2020-07-05,836,113,214,619,3,1,3,19,0
2020-07-06,858,115,216,639,3,1,3,20,0
2020-07-07,880,116,219,658,3,1,3,20,0
2020-07-08,903,117,222,678,3,1,3,20,0
2020-07-09,926,119,225,698,3,1,3,20,0
2020-07-10,950,120,228,719,3,1,3,21,0
2020-07-11,973,121,231,739,3,1,3,21,0
2020-07-12,996,123,233,760,3,1,3,21,0
2020-07-13,1022,124,236,782,4,1,3,21,0
2020-07-14,1046,126,239,803,4,1,3,22,0
2020-07-15,1071,127,242,825,4,1,3,22,0
2020-07-16,1096,128,245,847,4,1,3,22,0
2020-07-17,1121,130,248,869,4,1,3,22,0
2020-07-18,1147,131,251,892,4,1,3,23,0
2020-07-19,1172,133,254,914,4,1,3,23,0
2020-07-20,1199,134,257,938,4,1,3,23,0
2020-07-21,1225,136,260,961,4,1,3,24,0
2020-07-22,1251,137,263,984,4,1,3,24,0
2020-07-23,1279,139,266,1008,5,1,3,24,0
2020-07-24,1307,140,269,1033,5,1,3,24,0
2020-07-25,1334,142,272,1057,5,1,3,25,0
2020-07-26,1362,143,275,1082,5,1,3,25,0
2020-07-27,1390,145,278,1107,5,1,3,25,0
2020-07-28,1418,146,281,1132,5,1,3,25,0
2020-07-29,1446,148,284,1157,5,1,3,26,0
2020-07-30,1475,149,287,1183,5,1,3,26,0
2020-07-31,1504,151,290,1209,5,1,3,26,0
2020-08-01,1536,152,294,1236,6,1,3,27,0
2020-08-02,1565,154,297,1262,6,1,3,27,0
2020-08-03,1595,155,300,1289,6,1,3,27,0
2020-08-04,1626,157,303,1317,6,1,3,27,0
2020-08-05,1656,158,306,1344,6,1,3,28,0
2020-08-06,1687,160,309,1372,6,1,3,28,0
2020-08-07,1719,161,313,1400,6,1,3,28,0
2020-08-08,1751,163,316,1429,6,1,3,29,0
2020-08-09,1783,164,319,1457,7,1,3,29,0
2020-08-10,1815,166,322,1486,7,1,3,29,0
2020-08-11,1847,167,325,1515,7,1,3,29,0
2020-08-12,1880,168,328,1545,7,1,3,30,0
2020-08-13,1914,170,332,1575,7,1,3,30,0
2020-08-14,1947,171,335,1605,7,1,3,30,0
2020-08-15,1980,173,338,1635,7,1,3,31,0
2020-08-16,2015,174,341,1666,8,1,3,31,0
2020-08-17,2049,176,344,1697,8,1,3,31,0
2020-08-18,2083,177,347,1728,8,1,3,31,0
2020-08-19,2119,179,351,1760,8,1,3,32,0
2020-08-20,2154,180,354,1792,8,1,3,32,0
2020-08-21,2189,181,357,1824,8,1,3,32,0
2020-08-22,2224,183,360,1856,8,1,3,33,0
2020-08-23,2261,184,363,1889,9,1,3,33,0
2020-08-24,2297,186,366,1922,9,1,3,33,0
2020-08-25,2333,187,369,1955,9,1,3,33,0
2020-08-26,2369,188,372,1988,9,1,3,34,0
2020-08-27,2406,190,375,2022,9,1,3,34,0
2020-08-28,2443,191,378,2056,9,1,3,34,0
2020-08-29,2481,192,381,2091,9,1,3,35,0
2020-08-30,2519,194,384,2125,10,1,3,35,0
2020-08-31,2557,195,387,2160,10,1,3,35,0
2020-09-01,2595,196,390,2195,10,1,3,35,0
2020-09-02,2634,197,393,2231,10,1,3,36,0
2020-09-03,2673,199,396,2267,10,1,3,36,0
2020-09-04,2711,200,399,2302,10,1,3,36,0
2020-09-05,2752,201,402,2339,11,1,3,36,0
2020-09-06,2791,202,405,2375,11,1,3,37,0
2020-09-07,2831,203,408,2412,11,1,3,37,0
2020-09-08,2871,205,411,2449,11,1,3,37,0
2020-09-09,2910,206,413,2486,11,1,3,37,0
2020-09-10,2951,207,416,2524,11,1,3,38,0
2020-09-11,2992,208,419,2561,12,1,3,38,0
2020-09-12,3032,209,421,2599,12,1,3,38,0
2020-09-13,3074,210,424,2638,12,1,3,38,0
2020-09-14,3115,211,427,2676,12,1,3,39,0
2020-09-15,3156,212,429,2715,12,1,3,39,0
2020-09-16,3199,213,432,2754,13,1,3,39,0
2020-09-17,3240,214,434,2793,13,1,2,39,0
2020-09-18,3282,215,437,2832,13,1,2,40,0
2020-09-19,3324,216,439,2872,13,1,2,40,0
2020-09-20,3366,217,441,2912,13,1,2,40,0
2020-09-21,3409,217,444,2952,13,1,2,40,0
2020-09-22,3452,218,446,2992,14,1,2,40,0
2020-09-23,3494,219,448,3032,14,1,2,41,0
2020-09-24,3538,220,451,3073,14,1,2,41,0
2020-09-25,3581,221,453,3114,14,1,2,41,0
2020-09-26,3624,221,455,3155,14,1,2,41,0
2020-09-27,3668,222,457,3196,15,1,2,41,0
2020-09-28,3712,223,459,3238,15,1,2,42,0
2020-09-29,3755,223,461,3279,15,1,2,42,0
2020-09-30,3799,224,463,3321,15,1,2,42,0
2020-10-01,3842,225,464,3363,15,1,2,42,0
2020-10-02,3886,225,466,3405,15,1,2,42,0
2020-10-03,3931,226,468,3447,16,0,2,42,0
2020-10-04,3976,226,470,3490,16,0,2,42,0
2020-10-05,4019,227,471,3532,16,0,2,43,0
2020-10-06,4064,227,473,3575,16,0,2,43,0
2020-10-07,4108,227,474,3618,16,0,1,43,0
2020-10-08,4154,228,476,3661,17,0,1,43,0
2020-10-09,4198,228,477,3704,17,0,1,43,0
2020-10-10,4242,228,478,3747,17,0,1,43,0
2020-10-11,4287,229,480,3790,17,0,1,43,0
2020-10-12,4332,229,481,3834,17,0,1,44,0
2020-10-13,4377,229,482,3877,18,0,1,44,0
2020-10-14,4422,229,483,3921,18,0,1,44,0
2020-10-15,4467,229,484,3965,18,0,1,44,0
2020-10-16,4512,229,485,4009,18,0,1,44,0
2020-10-17,4556,230,486,4052,18,0,1,44,0
2020-10-18,4602,230,487,4096,19,0,1,44,0
2020-10-19,4647,230,487,4141,19,0,1,44,0
2020-10-20,4692,230,488,4185,19,0,1,44,0
2020-10-21,4737,230,489,4229,19,0,1,44,0
2020-10-22,4781,229,489,4273,19,0,1,44,0
2020-10-23,4827,229,490,4317,20,0,0,44,0
2020-10-24,4872,229,490,4362,20,0,0,44,0
2020-10-25,4917,229,491,4406,20,0,0,44,0
2020-10-26,4962,229,491,4451,20,0,0,44,0
2020-10-27,5006,229,491,4495,20,0,0,44,0
2020-10-28,5051,228,491,4539,21,0,0,44,0
2020-10-29,5096,228,491,4584,21,0,0,44,0
2020-10-30,5140,228,491,4628,21,0,0,44,0
2020-10-31,5185,227,491,4673,21,0,0,44,0
2020-11-01,5229,227,491,4717,21,0,0,44,0
2020-11-02,5275,226,491,4762,22,0,0,44,0
2020-11-03,5319,226,491,4806,22,0,0,44,0
2020-11-04,5363,226,490,4851,22,0,0,44,0
2020-11-05,5407,225,490,4895,22,0,0,44,0
2020-11-06,5451,224,490,4939,22,0,0,44,0
2020-11-07,5495,224,489,4983,23,0,0,44,0
2020-11-08,5539,223,488,5028,23,0,0,44,0
2020-11-09,5583,223,488,5072,23,0,0,44,0
2020-11-10,5626,222,487,5116,23,0,0,44,0
2020-11-11,5669,221,486,5160,23,0,0,44,0
2020-11-12,5713,221,485,5204,24,0,0,44,0
2020-11-13,5757,220,485,5248,24,0,0,44,0
2020-11-14,5800,219,484,5292,24,0,0,44,0
2020-11-15,5843,218,483,5336,24,0,0,44,0
2020-11-16,5885,218,482,5379,24,0,0,44,0
2020-11-17,5928,217,480,5423,25,0,0,43,0
2020-11-18,5970,216,479,5466,25,0,0,43,0
2020-11-19,6012,215,478,5509,25,0,0,43,0
2020-11-20,6055,214,477,5553,25,0,0,43,0
2020-11-21,6096,213,475,5596,25,0,0,43,0
2020-11-22,6139,212,474,5639,26,0,0,43,0
2020-11-23,6180,211,472,5682,26,0,0,43,0
2020-11-24,6221,210,471,5724,26,0,0,43,0
2020-11-25,6262,209,469,5767,26,0,0,42,0
2020-11-26,6302,208,467,5809,26,0,0,42,0
2020-11-27,6344,207,466,5851,27,0,0,42,0
2020-11-28,6384,206,464,5893,27,0,0,42,0
2020-11-29,6424,205,462,5935,27,0,0,42,0
2020-11-30,6464,204,460,5977,27,0,0,42,0
2020-12-01,6504,203,458,6019,27,0,0,41,0
2020-12-02,6544,201,456,6060,28,0,0,41,0
2020-12-03,6583,200,454,6101,28,0,0,41,0
2020-12-04,6622,199,452,6142,28,0,0,41,0
2020-12-05,6661,198,450,6183,28,0,0,41,0
2020-12-06,6700,197,448,6224,28,0,0,41,0
2020-12-07,6738,195,446,6264,28,0,0,40,0
2020-12-08,6778,194,444,6305,29,0,0,40,0
2020-12-09,6815,193,441,6345,29,0,0,40,0
2020-12-10,6853,192,439,6385,29,0,0,40,0
2020-12-11,6890,190,437,6424,29,0,0,40,0
2020-12-12,6927,189,434,6464,29,0,0,39,0
2020-12-13,6965,188,432,6503,30,0,0,39,0
2020-12-14,7001,186,429,6542,30,0,0,39,0
2020-12-15,7038,185,427,6581,30,0,0,39,0
2020-12-16,7073,184,424,6619,30,0,0,38,0
2020-12-17,7109,182,422,6657,30,0,0,38,0
2020-12-18,7145,181,419,6696,30,0,0,38,0
2020-12-19,7180,179,416,6733,31,0,0,38,0
2020-12-20,7216,178,414,6771,31,0,0,37,0
2020-12-21,7250,177,411,6808,31,0,0,37,0
2020-12-22,7284,175,408,6845,31,0,0,37,0
2020-12-23,7318,174,405,6882,31,0,0,37,0
2020-12-24,7353,172,403,6919,31,0,0,36,0
2020-12-25,7387,171,400,6955,32,0,0,36,0
2020-12-26,7420,170,397,6991,32,0,0,36,0
2020-12-27,7453,168,394,7027,32,0,0,36,0
2020-12-28,7486,167,391,7063,32,0,0,35,0
2020-12-29,7518,165,388,7098,32,0,0,35,0
2020-12-30,7551,164,386,7133,32,0,0,35,0
2020-12-31,7584,162,383,7168,33,0,0,35,0
2021-01-01,7615,161,380,7202,33,0,0,34,0
2021-01-02,7647,160,377,7237,33,0,0,34,0
2021-01-03,7678,158,374,7271,33,0,0,34,0
2021-01-04,7708,157,371,7304,33,0,0,34,0
2021-01-05,7739,155,368,7338,33,0,0,33,0
2021-01-06,7769,154,365,7371,33,0,0,33,0
2021-01-07,7800,152,362,7404,34,0,0,33,0
2021-01-08,7830,151,359,7437,34,0,0,32,0
2021-01-09,7859,149,356,7469,34,0,0,32,0
2021-01-10,7888,148,353,7501,34,0,0,32,0
2021-01-11,7917,147,350,7533,34,0,0,32,0
2021-01-12,7945,145,347,7564,34,0,0,31,0
2021-01-13,7973,144,343,7596,34,0,0,31,0
2021-01-14,8002,142,340,7627,35,0,0,31,0
2021-01-15,8029,141,337,7657,35,0,0,31,0
2021-01-16,8057,139,334,7688,35,0,0,30,0
2021-01-17,8084,138,331,7718,35,0,0,30,0
2021-01-18,8111,136,328,7748,35,0,0,30,0
2021-01-19,8137,135,325,7777,35,0,0,29,0
2021-01-20,8164,134,322,7807,35,0,0,29,0
2021-01-21,8191,132,319,7836,36,0,0,29,0
2021-01-22,8216,131,316,7864,36,0,0,29,0
2021-01-23,8242,129,313,7893,36,0,0,28,0
2021-01-24,8267,128,310,7921,36,0,0,28,0
2021-01-25,8292,127,307,7949,36,0,0,28,0
2021-01-26,8317,125,304,7977,36,0,0,27,0
2021-01-27,8341,124,301,8004,36,0,0,27,0
2021-01-28,8365,123,298,8031,36,0,0,27,0
2021-01-29,8390,121,295,8058,37,0,0,27,0
2021-01-30,8414,120,292,8085,37,0,0,26,0
2021-01-31,8437,118,289,8111,37,0,0,26,0
2021-02-01,8460,117,286,8137,37,0,0,26,0
2021-02-02,8483,116,283,8163,37,0,0,26,0
2021-02-03,8505,114,280,8188,37,0,0,25,0
2021-02-04,8527,113,277,8213,37,0,0,25,0
2021-02-05,8549,112,274,8238,37,0,0,25,0
2021-02-06,8572,111,271,8263,38,0,0,24,0
2021-02-07,8593,109,268,8287,38,0,0,24,0
2021-02-08,8614,108,265,8311,38,0,0,24,0
2021-02-09,8635,107,262,8335,38,0,0,24,0
2021-02-10,8656,105,259,8359,38,0,0,23,0
2021-02-11,8676,104,256,8382,38,0,0,23,0
2021-02-12,8696,103,253,8405,38,0,0,23,0
2021-02-13,8716,102,250,8428,38,0,0,23,0
2021-02-14,8737,100,248,8451,38,0,0,22,0
2021-02-15,8756,99,245,8473,38,0,0,22,0
2021-02-16,8776,98,242,8495,39,0,0,22,0
2021-02-17,8795,97,239,8517,39,0,0,22,0
2021-02-18,8813,96,236,8538,39,0,0,21,0
2021-02-19,8833,94,234,8560,39,0,0,21,0
2021-02-20,8851,93,231,8581,39,0,0,21,0
2021-02-21,8869,92,228,8602,39,0,0,21,0
2021-02-22,8887,91,226,8622,39,0,0,20,0
2021-02-23,8904,90,223,8642,39,0,0,20,0
2021-02-24,8922,89,220,8663,39,0,0,20,0
2021-02-25,8939,87,218,8682,39,0,0,20,0
2021-02-26,8957,86,215,8702,40,0,0,19,0
2021-02-27,8973,85,212,8721,40,0,0,19,0
2021-02-28,8990,84,210,8740,40,0,0,19,0
2021-03-01,9006,83,207,8759,40,0,0,19,0
2021-03-02,9023,82,205,8778,40,0,0,19,0
2021-03-03,9038,81,202,8796,40,0,0,18,0
2021-03-04,9055,80,200,8815,40,0,0,18,0
2021-03-05,9070,79,197,8833,40,0,0,18,0
2021-03-06,9085,78,195,8850,40,0,0,18,0
2021-03-07,9100,77,192,8868,40,0,0,17,0
2021-03-08,9115,76,190,8885,40,0,0,17,0
2021-03-09,9130,75,188,8902,40,0,0,17,0
2021-03-10,9145,74,185,8919,41,0,0,17,0
2021-03-11,9160,73,183,8936,41,0,0,17,0
2021-03-12,9173,72,180,8952,41,0,0,16,0
2021-03-13,9188,71,178,8969,41,0,0,16,0
2021-03-14,9202,70,176,8985,41,0,0,16,0
2021-03-15,9216,69,174,9001,41,0,0,16,0
2021-03-16,9228,68,171,9016,41,0,0,16,0
2021-03-17,9242,67,169,9032,41,0,0,15,0
2021-03-18,9255,66,167,9047,41,0,0,15,0
2021-03-19,9268,65,165,9062,41,0,0,15,0
2021-03-20,9281,64,163,9077,41,0,0,15,0
2021-03-21,9292,64,160,9091,41,0,0,15,0
2021-03-22,9305,63,158,9106,41,0,0,14,0
2021-03-23,9317,62,156,9120,41,0,0,14,0
2021-03-24,9329,61,154,9134,41,0,0,14,0
2021-03-25,9342,60,152,9148,42,0,0,14,0
2021-03-26,9354,59,150,9162,42,0,0,14,0
2021-03-27,9365,58,148,9175,42,0,0,13,0
2021-03-28,9377,58,146,9189,42,0,0,13,0
2021-03-29,9388,57,144,9202,42,0,0,13,0
2021-03-30,9399,56,142,9215,42,0,0,13,0
2021-03-31,9409,55,140,9227,42,0,0,13,0
2021-04-01,9420,55,138,9240,42,0,0,13,0
2021-04-02,9431,54,136,9253,42,0,0,12,0
2021-04-03,9442,53,135,9265,42,0,0,12,0
2021-04-04,9452,52,133,9277,42,0,0,12,0
2021-04-05,9462,52,131,9289,42,0,0,12,0
2021-04-06,9472,51,129,9301,42,0,0,12,0
2021-04-07,9481,50,127,9312,42,0,0,12,0
2021-04-08,9492,49,126,9324,42,0,0,11,0
2021-04-09,9501,49,124,9335,42,0,0,11,0
2021-04-10,9510,48,122,9346,42,0,0,11,0
2021-04-11,9519,47,120,9357,42,0,0,11,0
2021-04-12,9530,47,119,9368,43,0,0,11,0
2021-04-13,9539,46,117,9379,43,0,0,11,0
2021-04-14,9548,45,116,9389,43,0,0,10,0
2021-04-15,9557,45,114,9400,43,0,0,10,0
2021-04-16,9565,44,112,9410,43,0,0,10,0
2021-04-17,9574,43,111,9420,43,0,0,10,0
2021-04-18,9582,43,109,9430,43,0,0,10,0
2021-04-19,9591,42,108,9440,43,0,0,10,0
2021-04-20,9599,41,106,9450,43,0,0,10,0
2021-04-21,9607,41,105,9459,43,0,0,9,0
2021-04-22,9615,40,103,9469,43,0,0,9,0
2021-04-23,9623,40,102,9478,43,0,0,9,0
2021-04-24,9630,39,100,9487,43,0,0,9,0
2021-04-25,9638,39,99,9496,43,0,0,9,0
2021-04-26,9645,38,97,9505,43,0,0,9,0
2021-04-27,9653,37,96,9514,43,0,0,9,0
2021-04-28,9660,37,95,9522,43,0,0,9,0
2021-04-29,9667,36,93,9531,43,0,0,8,0
2021-04-30,9674,36,92,9539,43,0,0,8,0
2021-05-01,9681,35,91,9547,43,0,0,8,0
2021-05-02,9688,35,89,9556,43,0,0,8,0
2021-05-03,9695,34,88,9564,43,0,0,8,0
2021-05-04,9702,34,87,9572,43,0,0,8,0
2021-05-05,9708,33,85,9579,44,0,0,8,0
2021-05-06,9715,33,84,9587,44,0,0,8,0
2021-05-07,9722,32,83,9595,44,0,0,8,0
2021-05-08,9728,32,82,9602,44,0,0,7,0
2021-05-09,9734,31,81,9609,44,0,0,7,0
2021-05-10,9740,31,79,9617,44,0,0,7,0
2021-05-11,9746,30,78,9624,44,0,0,7,0
2021-05-12,9752,30,77,9631,44,0,0,7,0
2021-05-13,9758,29,76,9638,44,0,0,7,0
2021-05-14,9764,29,75,9645,44,0,0,7,0
2021-05-15,9769,29,74,9651,44,0,0,7,0
2021-05-16,9775,28,73,9658,44,0,0,7,0
2021-05-17,9781,28,72,9665,44,0,0,6,0
2021-05-18,9785,27,70,9671,44,0,0,6,0
2021-05-19,9790,27,69,9677,44,0,0,6,0
2021-05-20,9796,27,68,9684,44,0,0,6,0
2021-05-21,9801,26,67,9690,44,0,0,6,0
2021-05-22,9806,26,66,9696,44,0,0,6,0
2021-05-23,9811,25,65,9702,44,0,0,6,0
2021-05-24,9816,25,64,9708,44,0,0,6,0
2021-05-25,9820,25,63,9713,44,0,0,6,0
2021-05-26,9826,24,63,9719,44,0,0,6,0
2021-05-27,9831,24,62,9725,44,0,0,6,0
2021-05-28,9835,23,61,9730,44,0,0,5,0
2021-05-29,9840,23,60,9736,44,0,0,5,0
2021-05-30,9844,23,59,9741,44,0,0,5,0
2021-05-31,9849,22,58,9747,44,0,0,5,0
2021-06-01,9853,22,57,9752,44,0,0,5,0
2021-06-02,9857,22,56,9757,44,0,0,5,0
2021-06-03,9861,21,55,9762,44,0,0,5,0
2021-06-04,9866,21,55,9767,44,0,0,5,0
2021-06-05,9870,21,54,9772,44,0,0,5,0
2021-06-06,9874,20,53,9777,44,0,0,5,0
2021-06-07,9877,20,52,9781,44,0,0,5,0
2021-06-08,9881,20,51,9786,44,0,0,5,0
2021-06-09,9886,20,51,9791,44,0,0,5,0
2021-06-10,9889,19,50,9795,44,0,0,5,0
2021-06-11,9894,19,49,9800,45,0,0,4,0
2021-06-12,9897,19,48,9804,45,0,0,4,0
2021-06-13,9902,18,48,9809,45,0,0,4,0
2021-06-14,9905,18,47,9813,45,0,0,4,0
2021-06-15,9908,18,46,9817,45,0,0,4,0
