Date,Infected,Exposed,Active,Recovered,Deaths,Diff Exposed,Diff Active,Diff Recovered,Diff Deaths
2020-07-17,462,24,92,369,1,6,0,8,0
2020-07-18,467,29,89,377,1,4,0,8,0
2020-07-19,473,33,87,385,1,3,0,8,0
2020-07-20,480,36,86,393,1,3,0,8,0
2020-07-21,487,39,85,401,1,2,0,8,0
2020-07-22,495,41,85,409,1,2,0,8,0
2020-07-23,503,42,86,416,1,1,1,8,0
2020-07-24,511,44,86,424,1,1,1,8,0
2020-07-25,520,45,87,432,1,1,1,8,0
2020-07-26,529,46,88,440,1,1,1,8,0
2020-07-27,538,47,89,448,1,1,1,8,0
2020-07-28,547,48,90,456,1,1,1,8,0
2020-07-29,556,48,91,464,1,1,1,8,0
2020-07-30,566,49,92,473,1,1,1,8,0
2020-07-31,576,50,94,481,1,1,1,8,0
2020-08-01,586,50,95,490,1,1,1,9,0
2020-08-02,595,51,96,498,1,1,1,9,0
2020-08-03,605,52,97,507,1,1,1,9,0
2020-08-04,616,52,99,516,1,1,1,9,0
2020-08-05,626,53,100,525,1,1,1,9,0
2020-08-06,636,54,101,534,1,1,1,9,0
2020-08-07,647,54,103,543,1,1,1,9,0
2020-08-08,658,55,104,553,1,1,1,9,0
2020-08-09,668,55,105,562,1,1,1,10,0
2020-08-10,680,56,107,572,1,1,1,10,0
2020-08-11,690,57,108,581,1,1,1,10,0
2020-08-12,701,57,109,591,1,1,1,10,0
2020-08-13,712,58,110,601,1,1,1,10,0
2020-08-14,725,58,112,611,2,1,1,10,0
2020-08-15,736,59,113,621,2,1,1,10,0
2020-08-16,748,60,114,632,2,1,1,10,0
2020-08-17,760,60,116,642,2,1,1,10,0
2020-08-18,772,61,117,653,2,1,1,11,0
2020-08-19,783,61,118,663,2,1,1,11,0
2020-08-20,796,62,120,674,2,1,1,11,0
2020-08-21,808,62,121,685,2,1,1,11,0
2020-08-22,820,63,122,696,2,1,1,11,0
2020-08-23,832,64,123,707,2,1,1,11,0
2020-08-24,845,64,125,718,2,1,1,11,0
2020-08-25,858,65,126,730,2,1,1,11,0
2020-08-26,870,65,127,741,2,0,1,12,0
2020-08-27,883,66,128,753,2,0,1,12,0
2020-08-28,895,66,129,764,2,0,1,12,0
2020-08-29,909,66,131,776,2,0,1,12,0
2020-08-30,922,67,132,788,2,0,1,12,0
2020-08-31,935,67,133,800,2,0,1,12,0
2020-09-01,948,68,134,812,2,0,1,12,0
2020-09-02,961,68,135,824,2,0,1,12,0
2020-09-03,974,69,136,836,2,0,1,12,0
2020-09-04,988,69,137,849,2,0,1,12,0
2020-09-05,1001,69,138,861,2,0,1,13,0
2020-09-06,1015,70,139,874,2,0,1,13,0
2020-09-07,1029,70,140,887,2,0,1,13,0
2020-09-08,1042,71,141,899,2,0,1,13,0
2020-09-09,1056,71,142,912,2,0,1,13,0
2020-09-10,1070,71,143,925,2,0,1,13,0
2020-09-11,1084,71,144,938,2,0,1,13,0
2020-09-12,1098,72,145,951,2,0,1,13,0
2020-09-13,1112,72,146,964,2,0,1,13,0
2020-09-14,1127,72,147,978,2,0,1,13,0
2020-09-15,1141,73,148,991,2,0,1,13,0
2020-09-16,1155,73,148,1004,3,0,1,13,0
2020-09-17,1170,73,149,1018,3,0,1,14,0
2020-09-18,1185,73,150,1032,3,0,1,14,0
2020-09-19,1199,73,151,1045,3,0,1,14,0
2020-09-20,1213,74,151,1059,3,0,1,14,0
2020-09-21,1228,74,152,1073,3,0,1,14,0
2020-09-22,1242,74,153,1086,3,0,1,14,0
2020-09-23,1256,74,153,1100,3,0,1,14,0
2020-09-24,1271,74,154,1114,3,0,1,14,0
2020-09-25,1285,74,154,1128,3,0,0,14,0
2020-09-26,1300,74,155,1142,3,0,0,14,0
2020-09-27,1314,74,155,1156,3,0,0,14,0
2020-09-28,1329,74,156,1170,3,0,0,14,0
2020-09-29,1343,74,156,1184,3,0,0,14,0
2020-09-30,1358,74,156,1199,3,0,0,14,0
2020-10-01,1373,74,157,1213,3,0,0,14,0
2020-10-02,1387,74,157,1227,3,0,0,14,0
2020-10-03,1401,74,157,1241,3,0,0,14,0
2020-10-04,1415,74,157,1255,3,0,0,14,0
2020-10-05,1431,74,158,1270,3,0,0,14,0
2020-10-06,1445,74,158,1284,3,0,0,14,0
2020-10-07,1459,74,158,1298,3,0,0,14,0
2020-10-08,1474,73,158,1313,3,0,0,14,0
2020-10-09,1488,73,158,1327,3,0,0,14,0
2020-10-10,1502,73,158,1341,3,0,0,14,0
2020-10-11,1517,73,158,1356,3,0,0,14,0
2020-10-12,1531,73,158,1370,3,0,0,14,0
2020-10-13,1545,72,158,1384,3,0,0,14,0
2020-10-14,1560,72,158,1399,3,0,0,14,0
2020-10-15,1574,72,157,1413,4,0,0,14,0
2020-10-16,1588,72,157,1427,4,0,0,14,0
2020-10-17,1602,71,157,1441,4,0,0,14,0
2020-10-18,1617,71,157,1456,4,0,0,14,0
2020-10-19,1630,71,156,1470,4,0,0,14,0
2020-10-20,1644,70,156,1484,4,0,0,14,0
2020-10-21,1658,70,156,1498,4,0,0,14,0
2020-10-22,1671,70,155,1512,4,0,0,14,0
2020-10-23,1685,69,155,1526,4,0,0,14,0
2020-10-24,1698,69,154,1540,4,0,0,14,0
2020-10-25,1712,69,154,1554,4,0,0,14,0
2020-10-26,1725,68,153,1568,4,0,0,14,0
2020-10-27,1739,68,153,1582,4,0,0,14,0
2020-10-28,1752,67,152,1596,4,0,0,14,0
2020-10-29,1765,67,151,1610,4,0,0,14,0
2020-10-30,1778,66,151,1623,4,0,0,14,0
2020-10-31,1791,66,150,1637,4,0,0,14,0
2020-11-01,1804,66,149,1651,4,0,0,14,0
2020-11-02,1817,65,149,1664,4,0,0,13,0
2020-11-03,1830,65,148,1678,4,0,0,13,0
2020-11-04,1842,64,147,1691,4,0,0,13,0
2020-11-05,1854,64,146,1704,4,0,0,13,0
2020-11-06,1866,63,145,1717,4,0,0,13,0
2020-11-07,1880,63,145,1731,4,0,0,13,0
2020-11-08,1892,62,144,1744,4,0,0,13,0
2020-11-09,1904,61,143,1757,4,0,0,13,0
2020-11-10,1916,61,142,1770,4,0,0,13,0
2020-11-11,1927,60,141,1782,4,0,0,13,0
2020-11-12,1939,60,140,1795,4,0,0,13,0
2020-11-13,1952,59,139,1808,5,0,0,13,0
2020-11-14,1963,59,138,1820,5,0,0,12,0
2020-11-15,1975,58,137,1833,5,0,0,12,0
2020-11-16,1986,58,136,1845,5,0,0,12,0
2020-11-17,1997,57,135,1857,5,0,0,12,0
2020-11-18,2009,56,134,1870,5,0,0,12,0
2020-11-19,2019,56,132,1882,5,0,0,12,0
2020-11-20,2030,55,131,1894,5,0,0,12,0
2020-11-21,2041,55,130,1906,5,0,0,12,0
2020-11-22,2051,54,129,1917,5,0,0,12,0
2020-11-23,2062,53,128,1929,5,0,0,12,0
2020-11-24,2073,53,127,1941,5,0,0,11,0
2020-11-25,2083,52,126,1952,5,0,0,11,0
2020-11-26,2092,52,124,1963,5,0,0,11,0
2020-11-27,2103,51,123,1975,5,0,0,11,0
2020-11-28,2113,50,122,1986,5,0,0,11,0
2020-11-29,2123,50,121,1997,5,0,0,11,0
2020-11-30,2133,49,120,2008,5,0,0,11,0
2020-12-01,2141,49,118,2018,5,0,0,11,0
2020-12-02,2151,48,117,2029,5,0,0,11,0
2020-12-03,2161,47,116,2040,5,0,0,11,0
2020-12-04,2170,47,115,2050,5,0,0,10,0
2020-12-05,2179,46,113,2061,5,0,0,10,0
2020-12-06,2188,46,112,2071,5,0,0,10,0
2020-12-07,2197,45,111,2081,5,0,0,10,0
2020-12-08,2206,44,110,2091,5,0,0,10,0
2020-12-09,2214,44,108,2101,5,0,0,10,0
2020-12-10,2223,43,107,2111,5,0,0,10,0
2020-12-11,2231,43,106,2120,5,0,0,10,0
2020-12-12,2240,42,105,2130,5,0,0,9,0
2020-12-13,2247,41,103,2139,5,0,0,9,0
2020-12-14,2256,41,102,2149,5,0,0,9,0
2020-12-15,2264,40,101,2158,5,0,0,9,0
2020-12-16,2272,40,100,2167,5,0,0,9,0
2020-12-17,2279,39,98,2176,5,0,0,9,0
2020-12-18,2287,39,97,2185,5,0,0,9,0
2020-12-19,2294,38,96,2193,5,0,0,9,0
2020-12-20,2302,38,95,2202,5,0,0,9,0
2020-12-21,2310,37,93,2211,6,0,0,8,0
2020-12-22,2317,36,92,2219,6,0,0,8,0
2020-12-23,2324,36,91,2227,6,0,0,8,0
2020-12-24,2332,35,90,2236,6,0,0,8,0
2020-12-25,2338,35,88,2244,6,0,0,8,0
2020-12-26,2345,34,87,2252,6,0,0,8,0
2020-12-27,2352,34,86,2260,6,0,0,8,0
2020-12-28,2358,33,85,2267,6,0,0,8,0
2020-12-29,2365,33,84,2275,6,0,0,8,0
2020-12-30,2370,32,82,2282,6,0,0,7,0
2020-12-31,2377,32,81,2290,6,0,0,7,0
2021-01-01,2383,31,80,2297,6,0,0,7,0
2021-01-02,2389,31,79,2304,6,0,0,7,0
2021-01-03,2396,30,78,2312,6,0,0,7,0
2021-01-04,2402,30,77,2319,6,0,0,7,0
2021-01-05,2407,29,76,2325,6,0,0,7,0
2021-01-06,2412,29,74,2332,6,0,0,7,0
2021-01-07,2418,28,73,2339,6,0,0,7,0
2021-01-08,2424,28,72,2346,6,0,0,7,0
2021-01-09,2429,27,71,2352,6,0,0,6,0
2021-01-10,2435,27,70,2359,6,0,0,6,0
2021-01-11,2440,27,69,2365,6,0,0,6,0
2021-01-12,2445,26,68,2371,6,0,0,6,0
2021-01-13,2450,26,67,2377,6,0,0,6,0
2021-01-14,2455,25,66,2383,6,0,0,6,0
2021-01-15,2460,25,65,2389,6,0,0,6,0
2021-01-16,2465,24,64,2395,6,0,0,6,0
2021-01-17,2470,24,63,2401,6,0,0,6,0
2021-01-18,2474,24,62,2406,6,0,0,6,0
2021-01-19,2479,23,61,2412,6,0,0,6,0
2021-01-20,2483,23,60,2417,6,0,0,5,0
2021-01-21,2488,22,59,2423,6,0,0,5,0
2021-01-22,2492,22,58,2428,6,0,0,5,0
2021-01-23,2496,22,57,2433,6,0,0,5,0
2021-01-24,2500,21,56,2438,6,0,0,5,0
2021-01-25,2504,21,55,2443,6,0,0,5,0
2021-01-26,2508,21,54,2448,6,0,0,5,0
2021-01-27,2512,20,53,2453,6,0,0,5,0
2021-01-28,2516,20,52,2458,6,0,0,5,0
2021-01-29,2520,19,51,2463,6,0,0,5,0
2021-01-30,2524,19,51,2467,6,0,0,5,0
2021-01-31,2528,19,50,2472,6,0,0,5,0
2021-02-01,2532,18,49,2477,6,0,0,4,0
2021-02-02,2535,18,48,2481,6,0,0,4,0
2021-02-03,2538,18,47,2485,6,0,0,4,0
2021-02-04,2542,17,46,2490,6,0,0,4,0
2021-02-05,2546,17,46,2494,6,0,0,4,0
2021-02-06,2549,17,45,2498,6,0,0,4,0
2021-02-07,2552,17,44,2502,6,0,0,4,0
2021-02-08,2555,16,43,2506,6,0,0,4,0
2021-02-09,2559,16,43,2510,6,0,0,4,0
2021-02-10,2562,16,42,2514,6,0,0,4,0
2021-02-11,2564,15,41,2517,6,0,0,4,0
2021-02-12,2567,15,40,2521,6,0,0,4,0
2021-02-13,2571,15,40,2525,6,0,0,4,0
2021-02-14,2573,15,39,2528,6,0,0,4,0
2021-02-15,2576,14,38,2532,6,0,0,3,0
2021-02-16,2579,14,38,2535,6,0,0,3,0
2021-02-17,2582,14,37,2539,6,0,0,3,0
2021-02-18,2584,14,36,2542,6,0,0,3,0
2021-02-19,2587,13,36,2545,6,0,0,3,0
2021-02-20,2589,13,35,2548,6,0,0,3,0
2021-02-21,2592,13,34,2552,6,0,0,3,0
2021-02-22,2595,13,34,2555,6,0,0,3,0
2021-02-23,2597,12,33,2558,6,0,0,3,0
2021-02-24,2600,12,33,2561,6,0,0,3,0
2021-02-25,2602,12,32,2564,6,0,0,3,0
2021-02-26,2604,12,31,2567,6,0,0,3,0
2021-02-27,2606,11,31,2569,6,0,0,3,0
2021-02-28,2608,11,30,2572,6,0,0,3,0
2021-03-01,2611,11,30,2575,6,0,0,3,0
2021-03-02,2613,11,29,2578,6,0,0,3,0
2021-03-03,2615,11,29,2580,6,0,0,3,0
2021-03-04,2617,10,28,2583,6,0,0,3,0
2021-03-05,2619,10,28,2585,6,0,0,3,0
2021-03-06,2621,10,27,2588,6,0,0,2,0
2021-03-07,2623,10,27,2590,6,0,0,2,0
2021-03-08,2625,10,26,2593,6,0,0,2,0
2021-03-09,2627,9,26,2595,6,0,0,2,0
2021-03-10,2628,9,25,2597,6,0,0,2,0
2021-03-11,2630,9,25,2599,6,0,0,2,0
2021-03-12,2632,9,24,2602,6,0,0,2,0
2021-03-13,2634,9,24,2604,6,0,0,2,0
2021-03-14,2635,9,23,2606,6,0,0,2,0
2021-03-15,2637,8,23,2608,6,0,0,2,0
2021-03-16,2639,8,22,2610,7,0,0,2,0
2021-03-17,2641,8,22,2612,7,0,0,2,0
2021-03-18,2643,8,22,2614,7,0,0,2,0
2021-03-19,2644,8,21,2616,7,0,0,2,0
2021-03-20,2646,8,21,2618,7,0,0,2,0
2021-03-21,2647,7,20,2620,7,0,0,2,0
2021-03-22,2649,7,20,2622,7,0,0,2,0
2021-03-23,2651,7,20,2624,7,0,0,2,0
2021-03-24,2651,7,19,2625,7,0,0,2,0
2021-03-25,2653,7,19,2627,7,0,0,2,0
2021-03-26,2655,7,19,2629,7,0,0,2,0
2021-03-27,2655,7,18,2630,7,0,0,2,0
2021-03-28,2657,7,18,2632,7,0,0,2,0
2021-03-29,2658,6,17,2634,7,0,0,2,0
2021-03-30,2659,6,17,2635,7,0,0,2,0
2021-03-31,2661,6,17,2637,7,0,0,2,0
2021-04-01,2661,6,16,2638,7,0,0,1,0
2021-04-02,2663,6,16,2640,7,0,0,1,0
2021-04-03,2664,6,16,2641,7,0,0,1,0
2021-04-04,2666,6,16,2643,7,0,0,1,0
2021-04-05,2666,6,15,2644,7,0,0,1,0
2021-04-06,2667,5,15,2645,7,0,0,1,0
2021-04-07,2669,5,15,2647,7,0,0,1,0
2021-04-08,2669,5,14,2648,7,0,0,1,0
2021-04-09,2670,5,14,2649,7,0,0,1,0
2021-04-10,2672,5,14,2651,7,0,0,1,0
2021-04-11,2673,5,14,2652,7,0,0,1,0
2021-04-12,2673,5,13,2653,7,0,0,1,0
2021-04-13,2674,5,13,2654,7,0,0,1,0
2021-04-14,2676,5,13,2656,7,0,0,1,0
2021-04-15,2677,5,13,2657,7,0,0,1,0
2021-04-16,2677,4,12,2658,7,0,0,1,0
2021-04-17,2678,4,12,2659,7,0,0,1,0
2021-04-18,2679,4,12,2660,7,0,0,1,0
2021-04-19,2680,4,12,2661,7,0,0,1,0
2021-04-20,2680,4,11,2662,7,0,0,1,0
2021-04-21,2681,4,11,2663,7,0,0,1,0
2021-04-22,2682,4,11,2664,7,0,0,1,0
2021-04-23,2683,4,11,2665,7,0,0,1,0
2021-04-24,2684,4,11,2666,7,0,0,1,0
2021-04-25,2684,4,10,2667,7,0,0,1,0
2021-04-26,2685,4,10,2668,7,0,0,1,0
2021-04-27,2686,4,10,2669,7,0,0,1,0
2021-04-28,2687,4,10,2670,7,0,0,1,0
2021-04-29,2688,3,10,2671,7,0,0,1,0
2021-04-30,2687,3,9,2671,7,0,0,1,0
2021-05-01,2688,3,9,2672,7,0,0,1,0
2021-05-02,2689,3,9,2673,7,0,0,1,0
2021-05-03,2690,3,9,2674,7,0,0,1,0
2021-05-04,2691,3,9,2675,7,0,0,1,0
2021-05-05,2691,3,8,2676,7,0,0,1,0
2021-05-06,2691,3,8,2676,7,0,0,1,0
2021-05-07,2692,3,8,2677,7,0,0,1,0
2021-05-08,2693,3,8,2678,7,0,0,1,0
2021-05-09,2693,3,8,2678,7,0,0,1,0
2021-05-10,2694,3,8,2679,7,0,0,1,0
2021-05-11,2695,3,8,2680,7,0,0,1,0
2021-05-12,2695,3,7,2681,7,0,0,1,0
2021-05-13,2695,3,7,2681,7,0,0,1,0
2021-05-14,2696,3,7,2682,7,0,0,1,0
2021-05-15,2696,3,7,2682,7,0,0,1,0
2021-05-16,2697,2,7,2683,7,0,0,1,0
2021-05-17,2698,2,7,2684,7,0,0,1,0
2021-05-18,2698,2,7,2684,7,0,0,1,0
2021-05-19,2698,2,6,2685,7,0,0,1,0
2021-05-20,2698,2,6,2685,7,0,0,1,0
2021-05-21,2699,2,6,2686,7,0,0,1,0
2021-05-22,2700,2,6,2687,7,0,0,1,0
2021-05-23,2700,2,6,2687,7,0,0,1,0
2021-05-24,2701,2,6,2688,7,0,0,1,0
2021-05-25,2701,2,6,2688,7,0,0,1,0
2021-05-26,2702,2,6,2689,7,0,0,1,0
2021-05-27,2701,2,5,2689,7,0,0,0,0
2021-05-28,2702,2,5,2690,7,0,0,0,0
2021-05-29,2702,2,5,2690,7,0,0,0,0
2021-05-30,2703,2,5,2691,7,0,0,0,0
2021-05-31,2703,2,5,2691,7,0,0,0,0
2021-06-01,2704,2,5,2692,7,0,0,0,0
2021-06-02,2704,2,5,2692,7,0,0,0,0
2021-06-03,2704,2,5,2692,7,0,0,0,0
2021-06-04,2705,2,5,2693,7,0,0,0,0
2021-06-05,2705,2,5,2693,7,0,0,0,0
2021-06-06,2705,2,4,2694,7,0,0,0,0
2021-06-07,2705,2,4,2694,7,0,0,0,0
2021-06-08,2705,2,4,2694,7,0,0,0,0
2021-06-09,2706,2,4,2695,7,0,0,0,0
2021-06-10,2706,1,4,2695,7,0,0,0,0
2021-06-11,2707,1,4,2696,7,0,0,0,0
2021-06-12,2707,1,4,2696,7,0,0,0,0
2021-06-13,2707,1,4,2696,7,0,0,0,0
2021-06-14,2708,1,4,2697,7,0,0,0,0
2021-06-15,2708,1,4,2697,7,0,0,0,0
2021-06-16,2708,1,4,2697,7,0,0,0,0
2021-06-17,2709,1,4,2698,7,0,0,0,0
2021-06-18,2708,1,3,2698,7,0,0,0,0
2021-06-19,2708,1,3,2698,7,0,0,0,0
2021-06-20,2709,1,3,2699,7,0,0,0,0
2021-06-21,2709,1,3,2699,7,0,0,0,0
2021-06-22,2709,1,3,2699,7,0,0,0,0
2021-06-23,2710,1,3,2700,7,0,0,0,0
2021-06-24,2710,1,3,2700,7,0,0,0,0
2021-06-25,2710,1,3,2700,7,0,0,0,0
2021-06-26,2710,1,3,2700,7,0,0,0,0
2021-06-27,2711,1,3,2701,7,0,0,0,0
2021-06-28,2711,1,3,2701,7,0,0,0,0
2021-06-29,2711,1,3,2701,7,0,0,0,0
2021-06-30,2711,1,3,2701,7,0,0,0,0
2021-07-01,2712,1,3,2702,7,0,0,0,0
2021-07-02,2712,1,3,2702,7,0,0,0,0
2021-07-03,2712,1,3,2702,7,0,0,0,0
2021-07-04,2712,1,3,2702,7,0,0,0,0
2021-07-05,2712,1,2,2703,7,0,0,0,0
2021-07-06,2712,1,2,2703,7,0,0,0,0
2021-07-07,2712,1,2,2703,7,0,0,0,0
2021-07-08,2712,1,2,2703,7,0,0,0,0
2021-07-09,2712,1,2,2703,7,0,0,0,0
2021-07-10,2713,1,2,2704,7,0,0,0,0
2021-07-11,2713,1,2,2704,7,0,0,0,0
2021-07-12,2713,1,2,2704,7,0,0,0,0
