Date,Infected,Exposed,Active,Recovered,Deaths,Diff Exposed,Diff Active,Diff Recovered,Diff Deaths
2020-07-19,224,24,41,182,1,1,1,4,0
2020-07-20,229,25,42,186,1,1,1,4,0
2020-07-21,234,26,43,190,1,1,1,4,0
2020-07-22,239,26,44,194,1,1,1,4,0
2020-07-23,244,27,45,198,1,1,1,4,0
2020-07-24,250,28,47,202,1,1,1,4,0
2020-07-25,255,29,48,206,1,1,1,4,0
2020-07-26,261,29,49,211,1,1,1,4,0
2020-07-27,266,30,50,215,1,1,1,5,0
2020-07-28,273,31,52,220,1,1,1,5,0
2020-07-29,278,32,53,224,1,1,1,5,0
2020-07-30,285,33,55,229,1,1,1,5,0
2020-07-31,291,33,56,234,1,1,1,5,0
2020-08-01,297,34,57,239,1,1,2,5,0
2020-08-02,305,35,59,245,1,1,2,5,0
2020-08-03,312,36,61,250,1,1,2,5,0
2020-08-04,319,37,62,256,1,1,2,6,0
2020-08-05,326,38,64,261,1,1,2,6,0
2020-08-06,333,39,65,267,1,1,2,6,0
2020-08-07,341,40,67,273,1,1,2,6,0
2020-08-08,349,41,69,279,1,1,2,6,0
2020-08-09,358,42,71,286,1,1,2,6,0
2020-08-10,365,43,72,292,1,1,2,7,0
2020-08-11,374,44,74,299,1,1,2,7,0
2020-08-12,382,45,76,305,1,1,2,7,0
2020-08-13,391,46,78,312,1,1,2,7,0
2020-08-14,400,47,80,319,1,1,2,7,0
2020-08-15,410,48,82,327,1,1,2,7,0
2020-08-16,419,49,84,334,1,1,2,8,0
2020-08-17,429,50,86,342,1,1,2,8,0
2020-08-18,439,51,88,350,1,1,2,8,0
2020-08-19,449,53,90,358,1,1,2,8,0
2020-08-20,459,54,92,366,1,1,2,8,0
2020-08-21,469,55,94,374,1,1,2,9,0
2020-08-22,480,56,96,383,1,1,2,9,0
2020-08-23,493,57,99,392,2,1,2,9,0
2020-08-24,504,58,101,401,2,1,2,9,0
2020-08-25,515,60,103,410,2,1,2,9,0
2020-08-26,528,61,106,420,2,1,2,10,0
2020-08-27,539,62,108,429,2,1,2,10,0
2020-08-28,551,63,110,439,2,1,2,10,0
2020-08-29,564,65,113,449,2,1,2,10,0
2020-08-30,576,66,115,459,2,1,2,10,0
2020-08-31,590,67,118,470,2,1,2,11,0
2020-09-01,603,68,120,481,2,1,2,11,0
2020-09-02,617,70,123,492,2,1,3,11,0
2020-09-03,630,71,125,503,2,1,3,11,0
2020-09-04,644,72,128,514,2,1,3,12,0
2020-09-05,658,73,130,526,2,1,3,12,0
2020-09-06,673,75,133,538,2,1,3,12,0
2020-09-07,687,76,135,550,2,1,3,12,0
2020-09-08,702,77,138,562,2,1,3,12,0
2020-09-09,718,79,141,575,2,1,3,13,0
2020-09-10,733,80,143,588,2,1,3,13,0
2020-09-11,749,81,146,601,2,1,3,13,0
2020-09-12,765,82,149,614,2,1,3,13,0
2020-09-13,780,84,151,627,2,1,3,14,0
2020-09-14,797,85,154,641,2,1,3,14,0
2020-09-15,814,86,156,655,3,1,3,14,0
2020-09-16,832,87,159,670,3,1,3,14,0
2020-09-17,849,88,162,684,3,1,3,15,0
2020-09-18,866,90,164,699,3,1,3,15,0
2020-09-19,884,91,167,714,3,1,3,15,0
2020-09-20,902,92,170,729,3,1,3,15,0
2020-09-21,919,93,172,744,3,1,3,16,0
2020-09-22,938,94,175,760,3,1,3,16,0
2020-09-23,956,95,177,776,3,1,3,16,0
2020-09-24,975,96,180,792,3,1,3,16,0
2020-09-25,994,97,182,809,3,1,2,17,0
2020-09-26,1013,98,185,825,3,1,2,17,0
2020-09-27,1032,99,187,842,3,1,2,17,0
2020-09-28,1052,100,190,859,3,1,2,17,0
2020-09-29,1071,101,192,876,3,1,2,17,0
2020-09-30,1091,102,194,894,3,1,2,18,0
2020-10-01,1112,103,197,911,4,1,2,18,0
2020-10-02,1132,103,199,929,4,1,2,18,0
2020-10-03,1152,104,201,947,4,1,2,18,0
2020-10-04,1173,105,203,966,4,1,2,18,0
2020-10-05,1193,106,205,984,4,1,2,19,0
2020-10-06,1214,106,207,1003,4,1,2,19,0
2020-10-07,1235,107,209,1022,4,1,2,19,0
2020-10-08,1256,107,211,1041,4,1,2,19,0
2020-10-09,1277,108,213,1060,4,0,2,19,0
2020-10-10,1298,108,215,1079,4,0,2,19,0
2020-10-11,1319,109,216,1099,4,0,2,20,0
2020-10-12,1340,109,218,1118,4,0,2,20,0
2020-10-13,1361,109,219,1138,4,0,1,20,0
2020-10-14,1383,109,221,1158,4,0,1,20,0
2020-10-15,1405,110,222,1178,5,0,1,20,0
2020-10-16,1426,110,223,1198,5,0,1,20,0
2020-10-17,1448,110,225,1218,5,0,1,20,0
2020-10-18,1470,110,226,1239,5,0,1,20,0
2020-10-19,1491,110,227,1259,5,0,1,21,0
2020-10-20,1513,110,228,1280,5,0,1,21,0
2020-10-21,1535,110,229,1301,5,0,1,21,0
2020-10-22,1555,110,229,1321,5,0,1,21,0
2020-10-23,1577,110,230,1342,5,0,1,21,0
2020-10-24,1599,109,231,1363,5,0,0,21,0
2020-10-25,1620,109,231,1384,5,0,0,21,0
2020-10-26,1641,109,231,1405,5,0,0,21,0
2020-10-27,1664,108,232,1426,6,0,0,21,0
2020-10-28,1685,108,232,1447,6,0,0,21,0
2020-10-29,1706,108,232,1468,6,0,0,21,0
2020-10-30,1727,107,232,1489,6,0,0,21,0
2020-10-31,1748,107,232,1510,6,0,0,21,0
2020-11-01,1768,106,231,1531,6,0,0,21,0
2020-11-02,1789,105,231,1552,6,0,0,21,0
2020-11-03,1809,105,231,1572,6,0,0,21,0
2020-11-04,1829,104,230,1593,6,0,0,21,0
2020-11-05,1850,103,230,1614,6,0,0,21,0
2020-11-06,1870,102,229,1635,6,0,0,21,0
2020-11-07,1890,102,228,1656,6,0,0,21,0
2020-11-08,1909,101,227,1676,6,0,0,21,0
2020-11-09,1930,100,226,1697,7,0,0,21,0
2020-11-10,1949,99,225,1717,7,0,0,20,0
2020-11-11,1969,98,224,1738,7,0,0,20,0
2020-11-12,1988,97,223,1758,7,0,0,20,0
2020-11-13,2007,96,222,1778,7,0,0,20,0
2020-11-14,2025,95,220,1798,7,0,0,20,0
2020-11-15,2044,94,219,1818,7,0,0,20,0
2020-11-16,2063,93,218,1838,7,0,0,20,0
2020-11-17,2081,92,216,1858,7,0,0,20,0
2020-11-18,2098,91,214,1877,7,0,0,19,0
2020-11-19,2116,90,213,1896,7,0,0,19,0
2020-11-20,2134,89,211,1916,7,0,0,19,0
2020-11-21,2151,87,209,1935,7,0,0,19,0
2020-11-22,2168,86,207,1953,8,0,0,19,0
2020-11-23,2185,85,205,1972,8,0,0,19,0
2020-11-24,2202,84,203,1991,8,0,0,18,0
2020-11-25,2218,83,201,2009,8,0,0,18,0
2020-11-26,2234,81,199,2027,8,0,0,18,0
2020-11-27,2250,80,197,2045,8,0,0,18,0
2020-11-28,2266,79,195,2063,8,0,0,18,0
2020-11-29,2280,78,192,2080,8,0,0,17,0
2020-11-30,2296,77,190,2098,8,0,0,17,0
2020-12-01,2311,75,188,2115,8,0,0,17,0
2020-12-02,2326,74,186,2132,8,0,0,17,0
2020-12-03,2340,73,183,2149,8,0,0,17,0
2020-12-04,2354,72,181,2165,8,0,0,16,0
2020-12-05,2367,70,178,2181,8,0,0,16,0
2020-12-06,2382,69,176,2197,9,0,0,16,0
2020-12-07,2396,68,174,2213,9,0,0,16,0
2020-12-08,2409,67,171,2229,9,0,0,16,0
2020-12-09,2422,66,169,2244,9,0,0,15,0
2020-12-10,2435,64,166,2260,9,0,0,15,0
2020-12-11,2448,63,164,2275,9,0,0,15,0
2020-12-12,2459,62,161,2289,9,0,0,15,0
2020-12-13,2472,61,159,2304,9,0,0,14,0
2020-12-14,2483,60,156,2318,9,0,0,14,0
2020-12-15,2495,59,154,2332,9,0,0,14,0
2020-12-16,2506,57,151,2346,9,0,0,14,0
2020-12-17,2518,56,149,2360,9,0,0,13,0
2020-12-18,2528,55,146,2373,9,0,0,13,0
2020-12-19,2539,54,144,2386,9,0,0,13,0
2020-12-20,2549,53,141,2399,9,0,0,13,0
2020-12-21,2560,52,139,2412,9,0,0,13,0
2020-12-22,2569,51,136,2424,9,0,0,12,0
2020-12-23,2580,50,134,2437,9,0,0,12,0
2020-12-24,2590,49,132,2449,9,0,0,12,0
2020-12-25,2599,48,129,2460,10,0,0,12,0
2020-12-26,2609,47,127,2472,10,0,0,11,0
2020-12-27,2617,46,124,2483,10,0,0,11,0
2020-12-28,2627,45,122,2495,10,0,0,11,0
2020-12-29,2636,44,120,2506,10,0,0,11,0
2020-12-30,2643,43,117,2516,10,0,0,11,0
2020-12-31,2652,42,115,2527,10,0,0,10,0
2021-01-01,2660,41,113,2537,10,0,0,10,0
2021-01-02,2668,40,111,2547,10,0,0,10,0
2021-01-03,2675,39,108,2557,10,0,0,10,0
2021-01-04,2683,38,106,2567,10,0,0,10,0
2021-01-05,2691,37,104,2577,10,0,0,9,0
2021-01-06,2698,36,102,2586,10,0,0,9,0
2021-01-07,2705,36,100,2595,10,0,0,9,0
2021-01-08,2712,35,98,2604,10,0,0,9,0
2021-01-09,2719,34,96,2613,10,0,0,9,0
2021-01-10,2726,33,94,2622,10,0,0,8,0
2021-01-11,2732,32,92,2630,10,0,0,8,0
2021-01-12,2738,32,90,2638,10,0,0,8,0
2021-01-13,2744,31,88,2646,10,0,0,8,0
2021-01-14,2750,30,86,2654,10,0,0,8,0
2021-01-15,2756,30,84,2662,10,0,0,8,0
2021-01-16,2761,29,82,2669,10,0,0,7,0
2021-01-17,2767,28,80,2677,10,0,0,7,0
2021-01-18,2773,27,79,2684,10,0,0,7,0
2021-01-19,2778,27,77,2691,10,0,0,7,0
2021-01-20,2783,26,75,2698,10,0,0,7,0
2021-01-21,2788,26,73,2705,10,0,0,7,0
2021-01-22,2794,25,72,2711,11,0,0,6,0
2021-01-23,2799,24,70,2718,11,0,0,6,0
2021-01-24,2804,24,69,2724,11,0,0,6,0
2021-01-25,2808,23,67,2730,11,0,0,6,0
2021-01-26,2812,23,65,2736,11,0,0,6,0
2021-01-27,2817,22,64,2742,11,0,0,6,0
2021-01-28,2821,21,62,2748,11,0,0,6,0
2021-01-29,2825,21,61,2753,11,0,0,6,0
2021-01-30,2830,20,60,2759,11,0,0,5,0
2021-01-31,2833,20,58,2764,11,0,0,5,0
2021-02-01,2837,19,57,2769,11,0,0,5,0
2021-02-02,2841,19,55,2775,11,0,0,5,0
2021-02-03,2845,18,54,2780,11,0,0,5,0
2021-02-04,2848,18,53,2784,11,0,0,5,0
2021-02-05,2852,18,52,2789,11,0,0,5,0
2021-02-06,2855,17,50,2794,11,0,0,5,0
2021-02-07,2858,17,49,2798,11,0,0,4,0
2021-02-08,2862,16,48,2803,11,0,0,4,0
2021-02-09,2865,16,47,2807,11,0,0,4,0
2021-02-10,2868,15,46,2811,11,0,0,4,0
2021-02-11,2870,15,44,2815,11,0,0,4,0
2021-02-12,2873,15,43,2819,11,0,0,4,0
2021-02-13,2876,14,42,2823,11,0,0,4,0
2021-02-14,2879,14,41,2827,11,0,0,4,0
2021-02-15,2882,14,40,2831,11,0,0,4,0
2021-02-16,2884,13,39,2834,11,0,0,4,0
2021-02-17,2887,13,38,2838,11,0,0,3,0
2021-02-18,2889,13,37,2841,11,0,0,3,0
2021-02-19,2892,12,36,2845,11,0,0,3,0
2021-02-20,2894,12,35,2848,11,0,0,3,0
2021-02-21,2897,12,35,2851,11,0,0,3,0
2021-02-22,2899,11,34,2854,11,0,0,3,0
2021-02-23,2901,11,33,2857,11,0,0,3,0
2021-02-24,2903,11,32,2860,11,0,0,3,0
2021-02-25,2905,10,31,2863,11,0,0,3,0
2021-02-26,2907,10,30,2866,11,0,0,3,0
2021-02-27,2909,10,30,2868,11,0,0,3,0
2021-02-28,2911,10,29,2871,11,0,0,3,0
2021-03-01,2913,9,28,2874,11,0,0,3,0
2021-03-02,2914,9,27,2876,11,0,0,2,0
2021-03-03,2917,9,27,2879,11,0,0,2,0
2021-03-04,2918,9,26,2881,11,0,0,2,0
2021-03-05,2919,8,25,2883,11,0,0,2,0
2021-03-06,2922,8,25,2886,11,0,0,2,0
2021-03-07,2923,8,24,2888,11,0,0,2,0
2021-03-08,2924,8,23,2890,11,0,0,2,0
2021-03-09,2926,8,23,2892,11,0,0,2,0
2021-03-10,2927,7,22,2894,11,0,0,2,0
2021-03-11,2929,7,22,2896,11,0,0,2,0
2021-03-12,2930,7,21,2898,11,0,0,2,0
2021-03-13,2932,7,21,2900,11,0,0,2,0
2021-03-14,2933,7,20,2902,11,0,0,2,0
2021-03-15,2935,6,20,2904,11,0,0,2,0
2021-03-16,2935,6,19,2905,11,0,0,2,0
2021-03-17,2937,6,19,2907,11,0,0,2,0
2021-03-18,2938,6,18,2909,11,0,0,2,0
2021-03-19,2939,6,18,2910,11,0,0,2,0
2021-03-20,2940,6,17,2912,11,0,0,2,0
2021-03-21,2942,5,17,2914,11,0,0,2,0
2021-03-22,2942,5,16,2915,11,0,0,1,0
2021-03-23,2944,5,16,2917,11,0,0,1,0
2021-03-24,2944,5,15,2918,11,0,0,1,0
2021-03-25,2945,5,15,2919,11,0,0,1,0
2021-03-26,2947,5,15,2921,11,0,0,1,0
2021-03-27,2947,5,14,2922,11,0,0,1,0
2021-03-28,2948,5,14,2923,11,0,0,1,0
2021-03-29,2949,4,13,2925,11,0,0,1,0
2021-03-30,2950,4,13,2926,11,0,0,1,0
2021-03-31,2951,4,13,2927,11,0,0,1,0
2021-04-01,2951,4,12,2928,11,0,0,1,0
2021-04-02,2952,4,12,2929,11,0,0,1,0
2021-04-03,2953,4,12,2930,11,0,0,1,0
2021-04-04,2953,4,11,2931,11,0,0,1,0
2021-04-05,2954,4,11,2932,11,0,0,1,0
2021-04-06,2955,4,11,2933,11,0,0,1,0
2021-04-07,2956,3,11,2934,11,0,0,1,0
2021-04-08,2956,3,10,2935,11,0,0,1,0
2021-04-09,2957,3,10,2936,11,0,0,1,0
2021-04-10,2958,3,10,2937,11,0,0,1,0
2021-04-11,2959,3,10,2938,11,0,0,1,0
2021-04-12,2959,3,9,2939,11,0,0,1,0
2021-04-13,2960,3,9,2940,11,0,0,1,0
2021-04-14,2961,3,9,2941,11,0,0,1,0
2021-04-15,2961,3,9,2941,11,0,0,1,0
2021-04-16,2961,3,8,2942,11,0,0,1,0
2021-04-17,2962,3,8,2943,11,0,0,1,0
2021-04-18,2963,3,8,2944,11,0,0,1,0
2021-04-19,2963,3,8,2944,11,0,0,1,0
2021-04-20,2963,2,7,2945,11,0,0,1,0
2021-04-21,2964,2,7,2946,11,0,0,1,0
2021-04-22,2964,2,7,2946,11,0,0,1,0
2021-04-23,2965,2,7,2947,11,0,0,1,0
2021-04-24,2966,2,7,2948,11,0,0,1,0
2021-04-25,2966,2,7,2948,11,0,0,1,0
2021-04-26,2966,2,6,2949,11,0,0,1,0
2021-04-27,2966,2,6,2949,11,0,0,1,0
2021-04-28,2967,2,6,2950,11,0,0,1,0
2021-04-29,2967,2,6,2950,11,0,0,1,0
2021-04-30,2968,2,6,2951,11,0,0,1,0
2021-05-01,2968,2,6,2951,11,0,0,1,0
2021-05-02,2968,2,5,2952,11,0,0,0,0
2021-05-03,2968,2,5,2952,11,0,0,0,0
2021-05-04,2969,2,5,2953,11,0,0,0,0
2021-05-05,2969,2,5,2953,11,0,0,0,0
2021-05-06,2970,2,5,2954,11,0,0,0,0
2021-05-07,2970,2,5,2954,11,0,0,0,0
2021-05-08,2971,1,5,2955,11,0,0,0,0
2021-05-09,2970,1,4,2955,11,0,0,0,0
2021-05-10,2970,1,4,2955,11,0,0,0,0
2021-05-11,2971,1,4,2956,11,0,0,0,0
2021-05-12,2971,1,4,2956,11,0,0,0,0
2021-05-13,2972,1,4,2957,11,0,0,0,0
2021-05-14,2972,1,4,2957,11,0,0,0,0
2021-05-15,2972,1,4,2957,11,0,0,0,0
2021-05-16,2973,1,4,2958,11,0,0,0,0
2021-05-17,2973,1,4,2958,11,0,0,0,0
2021-05-18,2972,1,3,2958,11,0,0,0,0
2021-05-19,2973,1,3,2959,11,0,0,0,0
2021-05-20,2973,1,3,2959,11,0,0,0,0
2021-05-21,2973,1,3,2959,11,0,0,0,0
2021-05-22,2973,1,3,2959,11,0,0,0,0
2021-05-23,2974,1,3,2960,11,0,0,0,0
2021-05-24,2974,1,3,2960,11,0,0,0,0
2021-05-25,2974,1,3,2960,11,0,0,0,0
2021-05-26,2975,1,3,2961,11,0,0,0,0
2021-05-27,2975,1,3,2961,11,0,0,0,0
2021-05-28,2975,1,3,2961,11,0,0,0,0
2021-05-29,2975,1,3,2961,11,0,0,0,0
2021-05-30,2976,1,3,2962,11,0,0,0,0
2021-05-31,2975,1,2,2962,11,0,0,0,0
2021-06-01,2975,1,2,2962,11,0,0,0,0
2021-06-02,2975,1,2,2962,11,0,0,0,0
2021-06-03,2975,1,2,2962,11,0,0,0,0
2021-06-04,2976,1,2,2963,11,0,0,0,0
2021-06-05,2976,1,2,2963,11,0,0,0,0
2021-06-06,2976,1,2,2963,11,0,0,0,0
2021-06-07,2976,1,2,2963,11,0,0,0,0
2021-06-08,2976,1,2,2963,11,0,0,0,0
2021-06-09,2977,1,2,2964,11,0,0,0,0
2021-06-10,2977,1,2,2964,11,0,0,0,0
2021-06-11,2977,1,2,2964,11,0,0,0,0
2021-06-12,2977,1,2,2964,11,0,0,0,0
2021-06-13,2977,1,2,2964,11,0,0,0,0
2021-06-14,2977,1,2,2964,11,0,0,0,0
2021-06-15,2977,1,2,2964,11,0,0,0,0
2021-06-16,2978,1,2,2965,11,0,0,0,0
2021-06-17,2978,1,2,2965,11,0,0,0,0
2021-06-18,2978,0,2,2965,11,0,0,0,0
2021-06-19,2977,0,1,2965,11,0,0,0,0
2021-06-20,2977,0,1,2965,11,0,0,0,0
2021-06-21,2977,0,1,2965,11,0,0,0,0
2021-06-22,2977,0,1,2965,11,0,0,0,0
2021-06-23,2978,0,1,2966,11,0,0,0,0
2021-06-24,2978,0,1,2966,11,0,0,0,0
2021-06-25,2978,0,1,2966,11,0,0,0,0
2021-06-26,2978,0,1,2966,11,0,0,0,0
2021-06-27,2978,0,1,2966,11,0,0,0,0
2021-06-28,2978,0,1,2966,11,0,0,0,0
2021-06-29,2978,0,1,2966,11,0,0,0,0
2021-06-30,2978,0,1,2966,11,0,0,0,0
2021-07-01,2978,0,1,2966,11,0,0,0,0
2021-07-02,2978,0,1,2966,11,0,0,0,0
2021-07-03,2979,0,1,2967,11,0,0,0,0
2021-07-04,2979,0,1,2967,11,0,0,0,0
2021-07-05,2979,0,1,2967,11,0,0,0,0
2021-07-06,2979,0,1,2967,11,0,0,0,0
2021-07-07,2980,0,1,2967,12,0,0,0,0
2021-07-08,2980,0,1,2967,12,0,0,0,0
2021-07-09,2980,0,1,2967,12,0,0,0,0
2021-07-10,2980,0,1,2967,12,0,0,0,0
2021-07-11,2980,0,1,2967,12,0,0,0,0
2021-07-12,2980,0,1,2967,12,0,0,0,0
2021-07-13,2980,0,1,2967,12,0,0,0,0
2021-07-14,2980,0,1,2967,12,0,0,0,0
