Date,Infected,Exposed,Active,Recovered,Deaths,Diff Exposed,Diff Active,Diff Recovered,Diff Deaths
2020-07-11,1244,20,280,963,1,32,0,25,0
2020-07-12,1250,48,261,987,2,23,0,24,0
2020-07-13,1262,69,249,1011,2,17,0,23,0
2020-07-14,1277,84,242,1033,2,13,0,22,0
2020-07-15,1294,96,237,1055,2,9,0,22,0
2020-07-16,1313,104,235,1076,2,7,0,21,0
2020-07-17,1334,111,235,1097,2,5,0,21,0
2020-07-18,1357,116,236,1119,2,4,1,21,0
2020-07-19,1379,119,237,1140,2,3,2,22,0
2020-07-20,1403,122,239,1162,2,2,2,22,0
2020-07-21,1426,125,241,1183,2,2,2,22,0
2020-07-22,1451,126,244,1205,2,1,3,22,0
2020-07-23,1477,127,247,1228,2,1,3,22,0
2020-07-24,1501,128,249,1250,2,1,3,23,0
2020-07-25,1527,129,252,1273,2,0,2,23,0
2020-07-26,1552,129,254,1296,2,0,2,23,0
2020-07-27,1577,129,256,1319,2,0,2,23,0
2020-07-28,1602,129,258,1342,2,0,2,23,0
2020-07-29,1628,129,260,1366,2,0,2,24,0
2020-07-30,1652,128,261,1389,2,0,1,24,0
2020-07-31,1678,128,263,1413,2,0,1,24,0
2020-08-01,1703,127,264,1437,2,0,1,24,0
2020-08-02,1727,126,264,1461,2,0,1,24,0
2020-08-03,1752,125,265,1485,2,0,0,24,0
2020-08-04,1776,123,265,1509,2,0,0,24,0
2020-08-05,1800,122,265,1533,2,0,0,24,0
2020-08-06,1824,121,265,1557,2,0,0,24,0
2020-08-07,1847,119,264,1581,2,0,0,24,0
2020-08-08,1871,117,264,1605,2,0,0,24,0
2020-08-09,1894,115,262,1629,3,0,0,24,0
2020-08-10,1917,114,261,1653,3,0,0,24,0
2020-08-11,1939,112,260,1676,3,0,0,24,0
2020-08-12,1961,110,258,1700,3,0,0,23,0
2020-08-13,1982,107,256,1723,3,0,0,23,0
2020-08-14,2002,105,253,1746,3,0,0,23,0
2020-08-15,2023,103,251,1769,3,0,0,23,0
2020-08-16,2043,101,248,1792,3,0,0,23,0
2020-08-17,2062,99,245,1814,3,0,0,22,0
2020-08-18,2082,96,242,1837,3,0,0,22,0
2020-08-19,2101,94,239,1859,3,0,0,22,0
2020-08-20,2119,92,236,1880,3,0,0,21,0
2020-08-21,2136,89,232,1901,3,0,0,21,0
2020-08-22,2154,87,229,1922,3,0,0,21,0
2020-08-23,2171,84,225,1943,3,0,0,20,0
2020-08-24,2187,82,221,1963,3,0,0,20,0
2020-08-25,2203,80,217,1983,3,0,0,20,0
2020-08-26,2219,77,213,2003,3,0,0,19,0
2020-08-27,2234,75,209,2022,3,0,0,19,0
2020-08-28,2248,73,204,2041,3,0,0,19,0
2020-08-29,2262,71,200,2059,3,0,0,18,0
2020-08-30,2276,69,196,2077,3,0,0,18,0
2020-08-31,2289,66,191,2095,3,0,0,17,0
2020-09-01,2302,64,187,2112,3,0,0,17,0
2020-09-02,2315,62,183,2129,3,0,0,17,0
2020-09-03,2326,60,178,2145,3,0,0,16,0
2020-09-04,2338,58,174,2161,3,0,0,16,0
2020-09-05,2349,56,169,2177,3,0,0,15,0
2020-09-06,2360,54,165,2192,3,0,0,15,0
2020-09-07,2371,52,161,2207,3,0,0,15,0
2020-09-08,2380,50,156,2221,3,0,0,14,0
2020-09-09,2390,49,152,2235,3,0,0,14,0
2020-09-10,2400,47,148,2249,3,0,0,13,0
2020-09-11,2410,45,144,2262,4,0,0,13,0
2020-09-12,2418,44,139,2275,4,0,0,13,0
2020-09-13,2427,42,135,2288,4,0,0,12,0
2020-09-14,2435,41,131,2300,4,0,0,12,0
2020-09-15,2443,39,127,2312,4,0,0,12,0
2020-09-16,2450,38,123,2323,4,0,0,11,0
2020-09-17,2458,36,120,2334,4,0,0,11,0
2020-09-18,2465,35,116,2345,4,0,0,11,0
2020-09-19,2471,34,112,2355,4,0,0,10,0
2020-09-20,2478,32,109,2365,4,0,0,10,0
2020-09-21,2484,31,105,2375,4,0,0,10,0
2020-09-22,2490,30,102,2384,4,0,0,9,0
2020-09-23,2495,29,98,2393,4,0,0,9,0
2020-09-24,2501,28,95,2402,4,0,0,9,0
2020-09-25,2507,27,92,2411,4,0,0,8,0
2020-09-26,2512,26,89,2419,4,0,0,8,0
2020-09-27,2517,25,86,2427,4,0,0,8,0
2020-09-28,2522,24,83,2435,4,0,0,8,0
2020-09-29,2526,23,80,2442,4,0,0,7,0
2020-09-30,2530,22,77,2449,4,0,0,7,0
2020-10-01,2534,21,74,2456,4,0,0,7,0
2020-10-02,2539,20,72,2463,4,0,0,7,0
2020-10-03,2542,19,69,2469,4,0,0,6,0
2020-10-04,2546,19,67,2475,4,0,0,6,0
2020-10-05,2549,18,64,2481,4,0,0,6,0
2020-10-06,2553,17,62,2487,4,0,0,6,0
2020-10-07,2557,16,60,2493,4,0,0,5,0
2020-10-08,2560,16,58,2498,4,0,0,5,0
2020-10-09,2562,15,55,2503,4,0,0,5,0
2020-10-10,2565,15,53,2508,4,0,0,5,0
2020-10-11,2568,14,51,2513,4,0,0,5,0
2020-10-12,2570,13,49,2517,4,0,0,4,0
2020-10-13,2574,13,48,2522,4,0,0,4,0
2020-10-14,2576,12,46,2526,4,0,0,4,0
2020-10-15,2578,12,44,2530,4,0,0,4,0
2020-10-16,2580,11,42,2534,4,0,0,4,0
2020-10-17,2583,11,41,2538,4,0,0,4,0
2020-10-18,2585,10,39,2542,4,0,0,4,0
2020-10-19,2587,10,38,2545,4,0,0,3,0
2020-10-20,2589,10,36,2549,4,0,0,3,0
2020-10-21,2591,9,35,2552,4,0,0,3,0
2020-10-22,2593,9,34,2555,4,0,0,3,0
2020-10-23,2594,9,32,2558,4,0,0,3,0
2020-10-24,2596,8,31,2561,4,0,0,3,0
2020-10-25,2598,8,30,2564,4,0,0,3,0
2020-10-26,2599,8,29,2566,4,0,0,3,0
2020-10-27,2601,7,28,2569,4,0,0,3,0
2020-10-28,2601,7,26,2571,4,0,0,2,0
2020-10-29,2603,7,25,2574,4,0,0,2,0
2020-10-30,2604,6,24,2576,4,0,0,2,0
2020-10-31,2605,6,23,2578,4,0,0,2,0
2020-11-01,2607,6,23,2580,4,0,0,2,0
2020-11-02,2608,6,22,2582,4,0,0,2,0
2020-11-03,2609,5,21,2584,4,0,0,2,0
2020-11-04,2610,5,20,2586,4,0,0,2,0
2020-11-05,2611,5,19,2588,4,0,0,2,0
2020-11-06,2612,5,18,2590,4,0,0,2,0
2020-11-07,2613,5,18,2591,4,0,0,2,0
2020-11-08,2614,4,17,2593,4,0,0,2,0
2020-11-09,2614,4,16,2594,4,0,0,1,0
2020-11-10,2616,4,16,2596,4,0,0,1,0
2020-11-11,2616,4,15,2597,4,0,0,1,0
2020-11-12,2617,4,14,2599,4,0,0,1,0
2020-11-13,2618,4,14,2600,4,0,0,1,0
2020-11-14,2618,3,13,2601,4,0,0,1,0
2020-11-15,2619,3,13,2602,4,0,0,1,0
2020-11-16,2619,3,12,2603,4,0,0,1,0
2020-11-17,2620,3,12,2604,4,0,0,1,0
2020-11-18,2621,3,11,2606,4,0,0,1,0
2020-11-19,2622,3,11,2607,4,0,0,1,0
2020-11-20,2622,3,10,2608,4,0,0,1,0
2020-11-21,2622,3,10,2608,4,0,0,1,0
2020-11-22,2623,2,10,2609,4,0,0,1,0
2020-11-23,2623,2,9,2610,4,0,0,1,0
2020-11-24,2624,2,9,2611,4,0,0,1,0
2020-11-25,2624,2,8,2612,4,0,0,1,0
2020-11-26,2625,2,8,2613,4,0,0,1,0
2020-11-27,2625,2,8,2613,4,0,0,1,0
2020-11-28,2625,2,7,2614,4,0,0,1,0
2020-11-29,2626,2,7,2615,4,0,0,1,0
2020-11-30,2626,2,7,2615,4,0,0,1,0
2020-12-01,2627,2,7,2616,4,0,0,1,0
2020-12-02,2627,2,6,2617,4,0,0,1,0
2020-12-03,2627,2,6,2617,4,0,0,1,0
2020-12-04,2628,1,6,2618,4,0,0,1,0
2020-12-05,2628,1,6,2618,4,0,0,1,0
2020-12-06,2628,1,5,2619,4,0,0,0,0
2020-12-07,2628,1,5,2619,4,0,0,0,0
2020-12-08,2629,1,5,2620,4,0,0,0,0
2020-12-09,2629,1,5,2620,4,0,0,0,0
2020-12-10,2629,1,5,2620,4,0,0,0,0
2020-12-11,2629,1,4,2621,4,0,0,0,0
2020-12-12,2629,1,4,2621,4,0,0,0,0
2020-12-13,2630,1,4,2622,4,0,0,0,0
2020-12-14,2630,1,4,2622,4,0,0,0,0
2020-12-15,2630,1,4,2622,4,0,0,0,0
2020-12-16,2631,1,4,2623,4,0,0,0,0
2020-12-17,2630,1,3,2623,4,0,0,0,0
2020-12-18,2630,1,3,2623,4,0,0,0,0
2020-12-19,2631,1,3,2624,4,0,0,0,0
2020-12-20,2631,1,3,2624,4,0,0,0,0
2020-12-21,2631,1,3,2624,4,0,0,0,0
2020-12-22,2631,1,3,2624,4,0,0,0,0
2020-12-23,2632,1,3,2625,4,0,0,0,0
2020-12-24,2632,1,3,2625,4,0,0,0,0
2020-12-25,2631,1,2,2625,4,0,0,0,0
2020-12-26,2631,1,2,2625,4,0,0,0,0
2020-12-27,2632,1,2,2626,4,0,0,0,0
2020-12-28,2632,1,2,2626,4,0,0,0,0
2020-12-29,2632,1,2,2626,4,0,0,0,0
2020-12-30,2632,0,2,2626,4,0,0,0,0
2020-12-31,2632,0,2,2626,4,0,0,0,0
2021-01-01,2632,0,2,2626,4,0,0,0,0
2021-01-02,2633,0,2,2627,4,0,0,0,0
2021-01-03,2633,0,2,2627,4,0,0,0,0
2021-01-04,2633,0,2,2627,4,0,0,0,0
2021-01-05,2633,0,2,2627,4,0,0,0,0
2021-01-06,2632,0,1,2627,4,0,0,0,0
2021-01-07,2632,0,1,2627,4,0,0,0,0
2021-01-08,2632,0,1,2627,4,0,0,0,0
2021-01-09,2633,0,1,2628,4,0,0,0,0
2021-01-10,2633,0,1,2628,4,0,0,0,0
2021-01-11,2633,0,1,2628,4,0,0,0,0
2021-01-12,2633,0,1,2628,4,0,0,0,0
2021-01-13,2633,0,1,2628,4,0,0,0,0
2021-01-14,2633,0,1,2628,4,0,0,0,0
2021-01-15,2633,0,1,2628,4,0,0,0,0
2021-01-16,2633,0,1,2628,4,0,0,0,0
2021-01-17,2633,0,1,2628,4,0,0,0,0
2021-01-18,2633,0,1,2628,4,0,0,0,0
2021-01-19,2634,0,1,2629,4,0,0,0,0
2021-01-20,2634,0,1,2629,4,0,0,0,0
2021-01-21,2634,0,1,2629,4,0,0,0,0
2021-01-22,2634,0,1,2629,4,0,0,0,0
2021-01-23,2634,0,1,2629,4,0,0,0,0
2021-01-24,2634,0,1,2629,4,0,0,0,0
2021-01-25,2634,0,1,2629,4,0,0,0,0
2021-01-26,2634,0,1,2629,4,0,0,0,0
2021-01-27,2634,0,1,2629,4,0,0,0,0
2021-01-28,2634,0,1,2629,4,0,0,0,0
2021-01-29,2634,0,1,2629,4,0,0,0,0
2021-01-30,2634,0,1,2629,4,0,0,0,0
2021-01-31,2634,0,1,2629,4,0,0,0,0
2021-02-01,2633,0,0,2629,4,0,0,0,0
2021-02-02,2633,0,0,2629,4,0,0,0,0
2021-02-03,2633,0,0,2629,4,0,0,0,0
2021-02-04,2633,0,0,2629,4,0,0,0,0
2021-02-05,2633,0,0,2629,4,0,0,0,0
2021-02-06,2634,0,0,2630,4,0,0,0,0
2021-02-07,2634,0,0,2630,4,0,0,0,0
2021-02-08,2634,0,0,2630,4,0,0,0,0
2021-02-09,2634,0,0,2630,4,0,0,0,0
2021-02-10,2634,0,0,2630,4,0,0,0,0
2021-02-11,2634,0,0,2630,4,0,0,0,0
2021-02-12,2634,0,0,2630,4,0,0,0,0
2021-02-13,2634,0,0,2630,4,0,0,0,0
2021-02-14,2634,0,0,2630,4,0,0,0,0
2021-02-15,2634,0,0,2630,4,0,0,0,0
2021-02-16,2634,0,0,2630,4,0,0,0,0
2021-02-17,2634,0,0,2630,4,0,0,0,0
2021-02-18,2634,0,0,2630,4,0,0,0,0
2021-02-19,2634,0,0,2630,4,0,0,0,0
2021-02-20,2634,0,0,2630,4,0,0,0,0
2021-02-21,2634,0,0,2630,4,0,0,0,0
2021-02-22,2634,0,0,2630,4,0,0,0,0
2021-02-23,2634,0,0,2630,4,0,0,0,0
2021-02-24,2634,0,0,2630,4,0,0,0,0
2021-02-25,2634,0,0,2630,4,0,0,0,0
2021-02-26,2634,0,0,2630,4,0,0,0,0
2021-02-27,2634,0,0,2630,4,0,0,0,0
2021-02-28,2634,0,0,2630,4,0,0,0,0
2021-03-01,2634,0,0,2630,4,0,0,0,0
2021-03-02,2634,0,0,2630,4,0,0,0,0
2021-03-03,2634,0,0,2630,4,0,0,0,0
2021-03-04,2634,0,0,2630,4,0,0,0,0
2021-03-05,2634,0,0,2630,4,0,0,0,0
2021-03-06,2634,0,0,2630,4,0,0,0,0
2021-03-07,2634,0,0,2630,4,0,0,0,0
2021-03-08,2634,0,0,2630,4,0,0,0,0
2021-03-09,2634,0,0,2630,4,0,0,0,0
2021-03-10,2634,0,0,2630,4,0,0,0,0
2021-03-11,2634,0,0,2630,4,0,0,0,0
2021-03-12,2634,0,0,2630,4,0,0,0,0
2021-03-13,2634,0,0,2630,4,0,0,0,0
2021-03-14,2634,0,0,2630,4,0,0,0,0
2021-03-15,2634,0,0,2630,4,0,0,0,0
2021-03-16,2634,0,0,2630,4,0,0,0,0
2021-03-17,2634,0,0,2630,4,0,0,0,0
2021-03-18,2634,0,0,2630,4,0,0,0,0
2021-03-19,2634,0,0,2630,4,0,0,0,0
2021-03-20,2634,0,0,2630,4,0,0,0,0
2021-03-21,2634,0,0,2630,4,0,0,0,0
2021-03-22,2634,0,0,2630,4,0,0,0,0
2021-03-23,2634,0,0,2630,4,0,0,0,0
2021-03-24,2634,0,0,2630,4,0,0,0,0
2021-03-25,2634,0,0,2630,4,0,0,0,0
2021-03-26,2634,0,0,2630,4,0,0,0,0
2021-03-27,2634,0,0,2630,4,0,0,0,0
2021-03-28,2634,0,0,2630,4,0,0,0,0
2021-03-29,2634,0,0,2630,4,0,0,0,0
2021-03-30,2634,0,0,2630,4,0,0,0,0
2021-03-31,2634,0,0,2630,4,0,0,0,0
2021-04-01,2634,0,0,2630,4,0,0,0,0
2021-04-02,2634,0,0,2630,4,0,0,0,0
2021-04-03,2634,0,0,2630,4,0,0,0,0
2021-04-04,2634,0,0,2630,4,0,0,0,0
2021-04-05,2634,0,0,2630,4,0,0,0,0
2021-04-06,2634,0,0,2630,4,0,0,0,0
2021-04-07,2634,0,0,2630,4,0,0,0,0
2021-04-08,2634,0,0,2630,4,0,0,0,0
2021-04-09,2634,0,0,2630,4,0,0,0,0
2021-04-10,2634,0,0,2630,4,0,0,0,0
2021-04-11,2634,0,0,2630,4,0,0,0,0
2021-04-12,2634,0,0,2630,4,0,0,0,0
2021-04-13,2634,0,0,2630,4,0,0,0,0
2021-04-14,2634,0,0,2630,4,0,0,0,0
2021-04-15,2634,0,0,2630,4,0,0,0,0
2021-04-16,2634,0,0,2630,4,0,0,0,0
2021-04-17,2634,0,0,2630,4,0,0,0,0
2021-04-18,2634,0,0,2630,4,0,0,0,0
2021-04-19,2634,0,0,2630,4,0,0,0,0
2021-04-20,2634,0,0,2630,4,0,0,0,0
2021-04-21,2634,0,0,2630,4,0,0,0,0
2021-04-22,2634,0,0,2630,4,0,0,0,0
2021-04-23,2634,0,0,2630,4,0,0,0,0
2021-04-24,2634,0,0,2630,4,0,0,0,0
2021-04-25,2634,0,0,2630,4,0,0,0,0
2021-04-26,2634,0,0,2630,4,0,0,0,0
2021-04-27,2634,0,0,2630,4,0,0,0,0
2021-04-28,2634,0,0,2630,4,0,0,0,0
2021-04-29,2634,0,0,2630,4,0,0,0,0
2021-04-30,2634,0,0,2630,4,0,0,0,0
2021-05-01,2634,0,0,2630,4,0,0,0,0
2021-05-02,2634,0,0,2630,4,0,0,0,0
2021-05-03,2634,0,0,2630,4,0,0,0,0
2021-05-04,2634,0,0,2630,4,0,0,0,0
2021-05-05,2634,0,0,2630,4,0,0,0,0
2021-05-06,2634,0,0,2630,4,0,0,0,0
2021-05-07,2634,0,0,2630,4,0,0,0,0
2021-05-08,2634,0,0,2630,4,0,0,0,0
2021-05-09,2634,0,0,2630,4,0,0,0,0
2021-05-10,2634,0,0,2630,4,0,0,0,0
2021-05-11,2634,0,0,2630,4,0,0,0,0
2021-05-12,2634,0,0,2630,4,0,0,0,0
2021-05-13,2634,0,0,2630,4,0,0,0,0
2021-05-14,2634,0,0,2630,4,0,0,0,0
2021-05-15,2634,0,0,2630,4,0,0,0,0
2021-05-16,2634,0,0,2630,4,0,0,0,0
2021-05-17,2634,0,0,2630,4,0,0,0,0
2021-05-18,2634,0,0,2630,4,0,0,0,0
2021-05-19,2634,0,0,2630,4,0,0,0,0
2021-05-20,2634,0,0,2630,4,0,0,0,0
2021-05-21,2634,0,0,2630,4,0,0,0,0
2021-05-22,2634,0,0,2630,4,0,0,0,0
2021-05-23,2634,0,0,2630,4,0,0,0,0
2021-05-24,2634,0,0,2630,4,0,0,0,0
2021-05-25,2634,0,0,2630,4,0,0,0,0
2021-05-26,2634,0,0,2630,4,0,0,0,0
2021-05-27,2634,0,0,2630,4,0,0,0,0
2021-05-28,2634,0,0,2630,4,0,0,0,0
2021-05-29,2634,0,0,2630,4,0,0,0,0
2021-05-30,2634,0,0,2630,4,0,0,0,0
2021-05-31,2634,0,0,2630,4,0,0,0,0
2021-06-01,2634,0,0,2630,4,0,0,0,0
2021-06-02,2634,0,0,2630,4,0,0,0,0
2021-06-03,2634,0,0,2630,4,0,0,0,0
2021-06-04,2634,0,0,2630,4,0,0,0,0
2021-06-05,2634,0,0,2630,4,0,0,0,0
2021-06-06,2634,0,0,2630,4,0,0,0,0
2021-06-07,2634,0,0,2630,4,0,0,0,0
2021-06-08,2634,0,0,2630,4,0,0,0,0
2021-06-09,2634,0,0,2630,4,0,0,0,0
2021-06-10,2634,0,0,2630,4,0,0,0,0
2021-06-11,2634,0,0,2630,4,0,0,0,0
2021-06-12,2634,0,0,2630,4,0,0,0,0
2021-06-13,2634,0,0,2630,4,0,0,0,0
2021-06-14,2634,0,0,2630,4,0,0,0,0
2021-06-15,2634,0,0,2630,4,0,0,0,0
2021-06-16,2634,0,0,2630,4,0,0,0,0
2021-06-17,2634,0,0,2630,4,0,0,0,0
2021-06-18,2634,0,0,2630,4,0,0,0,0
2021-06-19,2634,0,0,2630,4,0,0,0,0
2021-06-20,2634,0,0,2630,4,0,0,0,0
2021-06-21,2634,0,0,2630,4,0,0,0,0
2021-06-22,2634,0,0,2630,4,0,0,0,0
2021-06-23,2634,0,0,2630,4,0,0,0,0
2021-06-24,2634,0,0,2630,4,0,0,0,0
2021-06-25,2634,0,0,2630,4,0,0,0,0
2021-06-26,2634,0,0,2630,4,0,0,0,0
2021-06-27,2634,0,0,2630,4,0,0,0,0
2021-06-28,2634,0,0,2630,4,0,0,0,0
2021-06-29,2634,0,0,2630,4,0,0,0,0
2021-06-30,2634,0,0,2630,4,0,0,0,0
2021-07-01,2634,0,0,2630,4,0,0,0,0
2021-07-02,2634,0,0,2630,4,0,0,0,0
2021-07-03,2634,0,0,2630,4,0,0,0,0
2021-07-04,2634,0,0,2630,4,0,0,0,0
2021-07-05,2634,0,0,2630,4,0,0,0,0
2021-07-06,2634,0,0,2630,4,0,0,0,0
