Date,Infected,Exposed,Active,Recovered,Deaths,Diff Exposed,Diff Active,Diff Recovered,Diff Deaths
2020-07-13,1254,0,254,996,4,37,0,23,0
2020-07-14,1257,33,234,1019,4,28,0,21,0
2020-07-15,1265,58,222,1039,4,21,0,20,0
2020-07-16,1278,77,215,1059,4,16,0,19,0
2020-07-17,1294,92,212,1078,4,12,0,19,0
2020-07-18,1313,103,211,1098,4,10,1,19,0
2020-07-19,1334,113,213,1117,4,8,3,19,0
2020-07-20,1356,120,216,1136,4,7,4,20,0
2020-07-21,1381,127,221,1156,4,6,5,20,0
2020-07-22,1406,133,226,1176,4,6,6,20,0
2020-07-23,1433,138,232,1197,4,5,6,21,0
2020-07-24,1461,143,238,1218,5,5,6,22,0
2020-07-25,1489,148,244,1240,5,5,7,22,0
2020-07-26,1518,153,251,1262,5,4,7,23,0
2020-07-27,1548,157,258,1285,5,4,7,23,0
2020-07-28,1580,161,266,1309,5,4,7,24,0
2020-07-29,1611,166,273,1333,5,4,8,25,0
2020-07-30,1644,170,281,1358,5,4,8,25,0
2020-07-31,1678,174,289,1384,5,4,8,26,0
2020-08-01,1712,178,297,1410,5,4,8,27,0
2020-08-02,1747,182,305,1437,5,4,8,28,0
2020-08-03,1783,186,313,1465,5,4,8,28,0
2020-08-04,1821,190,321,1494,6,4,8,29,0
2020-08-05,1858,194,329,1523,6,4,8,30,0
2020-08-06,1896,198,337,1553,6,4,8,31,0
2020-08-07,1935,202,345,1584,6,4,8,31,0
2020-08-08,1976,206,354,1616,6,4,8,32,0
2020-08-09,2016,209,362,1648,6,4,8,33,0
2020-08-10,2057,213,370,1681,6,3,8,33,0
2020-08-11,2099,216,378,1715,6,3,8,34,0
2020-08-12,2142,220,386,1749,7,3,8,35,0
2020-08-13,2185,223,394,1784,7,3,8,36,0
2020-08-14,2229,226,402,1820,7,3,8,36,0
2020-08-15,2273,229,409,1857,7,3,8,37,0
2020-08-16,2318,232,417,1894,7,3,8,38,0
2020-08-17,2363,234,424,1932,7,3,7,38,0
2020-08-18,2410,237,432,1971,7,2,7,39,0
2020-08-19,2457,239,439,2010,8,2,7,40,0
2020-08-20,2504,241,446,2050,8,2,7,40,0
2020-08-21,2551,243,452,2091,8,2,7,41,0
2020-08-22,2599,245,459,2132,8,2,6,42,0
2020-08-23,2647,246,465,2174,8,1,6,42,0
2020-08-24,2695,248,471,2216,8,1,6,43,0
2020-08-25,2744,249,477,2259,8,1,5,43,0
2020-08-26,2794,250,482,2303,9,1,5,44,0
2020-08-27,2842,251,487,2346,9,1,5,44,0
2020-08-28,2892,251,492,2391,9,0,5,45,0
2020-08-29,2940,251,496,2435,9,0,4,45,0
2020-08-30,2989,252,500,2480,9,0,4,45,0
2020-08-31,3039,251,504,2526,9,0,3,46,0
2020-09-01,3089,251,507,2572,10,0,3,46,0
2020-09-02,3138,250,510,2618,10,0,3,46,0
2020-09-03,3187,250,513,2664,10,0,2,46,0
2020-09-04,3236,249,515,2711,10,0,2,47,0
2020-09-05,3284,248,517,2757,10,0,2,47,0
2020-09-06,3333,246,518,2804,11,0,1,47,0
2020-09-07,3381,245,519,2851,11,0,1,47,0
2020-09-08,3429,243,520,2898,11,0,0,47,0
2020-09-09,3476,241,520,2945,11,0,0,47,0
2020-09-10,3523,239,520,2992,11,0,0,47,0
2020-09-11,3569,236,519,3039,11,0,0,47,0
2020-09-12,3616,234,518,3086,12,0,0,47,0
2020-09-13,3662,231,517,3133,12,0,0,47,0
2020-09-14,3707,229,515,3180,12,0,0,47,0
2020-09-15,3752,226,513,3227,12,0,0,46,0
2020-09-16,3796,223,511,3273,12,0,0,46,0
2020-09-17,3839,220,508,3319,12,0,0,46,0
2020-09-18,3882,216,504,3365,13,0,0,46,0
2020-09-19,3925,213,501,3411,13,0,0,45,0
2020-09-20,3966,210,497,3456,13,0,0,45,0
2020-09-21,4007,206,493,3501,13,0,0,45,0
2020-09-22,4046,202,488,3545,13,0,0,44,0
2020-09-23,4085,199,483,3589,13,0,0,44,0
2020-09-24,4125,195,478,3633,14,0,0,43,0
2020-09-25,4163,191,473,3676,14,0,0,43,0
2020-09-26,4200,187,467,3719,14,0,0,42,0
2020-09-27,4237,184,462,3761,14,0,0,42,0
2020-09-28,4272,180,456,3802,14,0,0,41,0
2020-09-29,4307,176,449,3844,14,0,0,41,0
2020-09-30,4342,172,443,3884,15,0,0,40,0
2020-10-01,4375,168,436,3924,15,0,0,40,0
2020-10-02,4408,164,430,3963,15,0,0,39,0
2020-10-03,4440,160,423,4002,15,0,0,38,0
2020-10-04,4471,157,416,4040,15,0,0,38,0
2020-10-05,4501,153,409,4077,15,0,0,37,0
2020-10-06,4530,149,401,4114,15,0,0,36,0
2020-10-07,4560,145,394,4150,16,0,0,36,0
2020-10-08,4589,141,387,4186,16,0,0,35,0
2020-10-09,4615,138,379,4220,16,0,0,34,0
2020-10-10,4642,134,372,4254,16,0,0,34,0
2020-10-11,4668,130,364,4288,16,0,0,33,0
2020-10-12,4694,127,357,4321,16,0,0,32,0
2020-10-13,4718,123,349,4353,16,0,0,32,0
2020-10-14,4742,120,342,4384,16,0,0,31,0
2020-10-15,4766,117,334,4415,17,0,0,30,0
2020-10-16,4789,113,327,4445,17,0,0,30,0
2020-10-17,4810,110,319,4474,17,0,0,29,0
2020-10-18,4832,107,312,4503,17,0,0,28,0
2020-10-19,4852,104,304,4531,17,0,0,28,0
2020-10-20,4872,101,297,4558,17,0,0,27,0
2020-10-21,4892,98,290,4585,17,0,0,26,0
2020-10-22,4910,95,282,4611,17,0,0,26,0
2020-10-23,4928,92,275,4636,17,0,0,25,0
2020-10-24,4946,89,268,4661,17,0,0,24,0
2020-10-25,4964,86,261,4685,18,0,0,24,0
2020-10-26,4981,83,255,4708,18,0,0,23,0
2020-10-27,4997,81,248,4731,18,0,0,22,0
2020-10-28,5012,78,241,4753,18,0,0,22,0
2020-10-29,5028,76,235,4775,18,0,0,21,0
2020-10-30,5042,73,228,4796,18,0,0,21,0
2020-10-31,5056,71,222,4816,18,0,0,20,0
2020-11-01,5070,69,216,4836,18,0,0,20,0
2020-11-02,5083,67,210,4855,18,0,0,19,0
2020-11-03,5096,64,204,4874,18,0,0,18,0
2020-11-04,5109,62,198,4893,18,0,0,18,0
2020-11-05,5120,60,192,4910,18,0,0,17,0
2020-11-06,5132,58,187,4927,18,0,0,17,0
2020-11-07,5144,56,181,4944,19,0,0,16,0
2020-11-08,5155,54,176,4960,19,0,0,16,0
2020-11-09,5165,53,170,4976,19,0,0,15,0
2020-11-10,5175,51,165,4991,19,0,0,15,0
2020-11-11,5185,49,160,5006,19,0,0,15,0
2020-11-12,5195,48,155,5021,19,0,0,14,0
2020-11-13,5204,46,151,5034,19,0,0,14,0
2020-11-14,5213,44,146,5048,19,0,0,13,0
2020-11-15,5222,43,142,5061,19,0,0,13,0
2020-11-16,5230,41,137,5074,19,0,0,12,0
2020-11-17,5238,40,133,5086,19,0,0,12,0
2020-11-18,5246,39,129,5098,19,0,0,12,0
2020-11-19,5253,37,125,5109,19,0,0,11,0
2020-11-20,5260,36,121,5120,19,0,0,11,0
2020-11-21,5267,35,117,5131,19,0,0,11,0
2020-11-22,5274,34,113,5142,19,0,0,10,0
2020-11-23,5280,32,109,5152,19,0,0,10,0
2020-11-24,5287,31,106,5162,19,0,0,10,0
2020-11-25,5292,30,102,5171,19,0,0,9,0
2020-11-26,5298,29,99,5180,19,0,0,9,0
2020-11-27,5304,28,96,5189,19,0,0,9,0
2020-11-28,5310,27,93,5198,19,0,0,8,0
2020-11-29,5316,26,90,5206,20,0,0,8,0
2020-11-30,5321,25,87,5214,20,0,0,8,0
2020-12-01,5326,24,84,5222,20,0,0,8,0
2020-12-02,5330,24,81,5229,20,0,0,7,0
2020-12-03,5334,23,78,5236,20,0,0,7,0
2020-12-04,5339,22,76,5243,20,0,0,7,0
2020-12-05,5343,21,73,5250,20,0,0,7,0
2020-12-06,5348,20,71,5257,20,0,0,6,0
2020-12-07,5351,20,68,5263,20,0,0,6,0
2020-12-08,5355,19,66,5269,20,0,0,6,0
2020-12-09,5359,18,64,5275,20,0,0,6,0
2020-12-10,5363,18,62,5281,20,0,0,6,0
2020-12-11,5366,17,60,5286,20,0,0,5,0
2020-12-12,5369,17,57,5292,20,0,0,5,0
2020-12-13,5373,16,56,5297,20,0,0,5,0
2020-12-14,5376,15,54,5302,20,0,0,5,0
2020-12-15,5378,15,52,5306,20,0,0,5,0
2020-12-16,5381,14,50,5311,20,0,0,5,0
2020-12-17,5384,14,48,5316,20,0,0,4,0
2020-12-18,5387,13,47,5320,20,0,0,4,0
2020-12-19,5389,13,45,5324,20,0,0,4,0
2020-12-20,5391,12,43,5328,20,0,0,4,0
2020-12-21,5394,12,42,5332,20,0,0,4,0
2020-12-22,5396,12,40,5336,20,0,0,4,0
2020-12-23,5398,11,39,5339,20,0,0,4,0
2020-12-24,5401,11,38,5343,20,0,0,3,0
2020-12-25,5402,10,36,5346,20,0,0,3,0
2020-12-26,5404,10,35,5349,20,0,0,3,0
2020-12-27,5407,10,34,5353,20,0,0,3,0
2020-12-28,5409,9,33,5356,20,0,0,3,0
2020-12-29,5411,9,32,5359,20,0,0,3,0
2020-12-30,5411,9,30,5361,20,0,0,3,0
2020-12-31,5413,8,29,5364,20,0,0,3,0
2021-01-01,5415,8,28,5367,20,0,0,3,0
2021-01-02,5416,8,27,5369,20,0,0,2,0
2021-01-03,5418,7,26,5372,20,0,0,2,0
2021-01-04,5420,7,26,5374,20,0,0,2,0
2021-01-05,5421,7,25,5376,20,0,0,2,0
2021-01-06,5423,7,24,5379,20,0,0,2,0
2021-01-07,5424,6,23,5381,20,0,0,2,0
2021-01-08,5425,6,22,5383,20,0,0,2,0
2021-01-09,5426,6,21,5385,20,0,0,2,0
2021-01-10,5428,6,21,5387,20,0,0,2,0
2021-01-11,5428,6,20,5388,20,0,0,2,0
2021-01-12,5429,5,19,5390,20,0,0,2,0
2021-01-13,5430,5,18,5392,20,0,0,2,0
2021-01-14,5432,5,18,5394,20,0,0,2,0
2021-01-15,5432,5,17,5395,20,0,0,2,0
2021-01-16,5434,5,17,5397,20,0,0,2,0
2021-01-17,5434,4,16,5398,20,0,0,1,0
2021-01-18,5435,4,15,5400,20,0,0,1,0
2021-01-19,5436,4,15,5401,20,0,0,1,0
2021-01-20,5436,4,14,5402,20,0,0,1,0
2021-01-21,5438,4,14,5404,20,0,0,1,0
2021-01-22,5438,4,13,5405,20,0,0,1,0
2021-01-23,5439,4,13,5406,20,0,0,1,0
2021-01-24,5439,3,12,5407,20,0,0,1,0
2021-01-25,5440,3,12,5408,20,0,0,1,0
2021-01-26,5441,3,12,5409,20,0,0,1,0
2021-01-27,5441,3,11,5410,20,0,0,1,0
2021-01-28,5442,3,11,5411,20,0,0,1,0
2021-01-29,5442,3,10,5412,20,0,0,1,0
2021-01-30,5443,3,10,5413,20,0,0,1,0
2021-01-31,5444,3,10,5414,20,0,0,1,0
2021-02-01,5444,3,9,5415,20,0,0,1,0
2021-02-02,5445,2,9,5416,20,0,0,1,0
2021-02-03,5446,2,9,5417,20,0,0,1,0
2021-02-04,5445,2,8,5417,20,0,0,1,0
2021-02-05,5446,2,8,5418,20,0,0,1,0
2021-02-06,5447,2,8,5419,20,0,0,1,0
2021-02-07,5447,2,7,5420,20,0,0,1,0
2021-02-08,5447,2,7,5420,20,0,0,1,0
2021-02-09,5448,2,7,5421,20,0,0,1,0
2021-02-10,5449,2,7,5422,20,0,0,1,0
2021-02-11,5448,2,6,5422,20,0,0,1,0
2021-02-12,5449,2,6,5423,20,0,0,1,0
2021-02-13,5449,2,6,5423,20,0,0,1,0
2021-02-14,5450,2,6,5424,20,0,0,1,0
2021-02-15,5450,2,6,5424,20,0,0,1,0
2021-02-16,5450,1,5,5425,20,0,0,0,0
2021-02-17,5450,1,5,5425,20,0,0,0,0
2021-02-18,5451,1,5,5426,20,0,0,0,0
2021-02-19,5451,1,5,5426,20,0,0,0,0
2021-02-20,5452,1,5,5427,20,0,0,0,0
2021-02-21,5451,1,4,5427,20,0,0,0,0
2021-02-22,5451,1,4,5427,20,0,0,0,0
2021-02-23,5452,1,4,5428,20,0,0,0,0
2021-02-24,5452,1,4,5428,20,0,0,0,0
2021-02-25,5453,1,4,5429,20,0,0,0,0
2021-02-26,5453,1,4,5429,20,0,0,0,0
2021-02-27,5453,1,4,5429,20,0,0,0,0
2021-02-28,5453,1,3,5430,20,0,0,0,0
2021-03-01,5453,1,3,5430,20,0,0,0,0
2021-03-02,5453,1,3,5430,20,0,0,0,0
2021-03-03,5453,1,3,5430,20,0,0,0,0
2021-03-04,5454,1,3,5431,20,0,0,0,0
2021-03-05,5454,1,3,5431,20,0,0,0,0
2021-03-06,5454,1,3,5431,20,0,0,0,0
2021-03-07,5454,1,3,5431,20,0,0,0,0
2021-03-08,5455,1,3,5432,20,0,0,0,0
2021-03-09,5454,1,2,5432,20,0,0,0,0
2021-03-10,5454,1,2,5432,20,0,0,0,0
2021-03-11,5454,1,2,5432,20,0,0,0,0
2021-03-12,5455,1,2,5433,20,0,0,0,0
2021-03-13,5455,1,2,5433,20,0,0,0,0
2021-03-14,5455,1,2,5433,20,0,0,0,0
2021-03-15,5455,1,2,5433,20,0,0,0,0
2021-03-16,5455,1,2,5433,20,0,0,0,0
2021-03-17,5456,1,2,5434,20,0,0,0,0
2021-03-18,5456,0,2,5434,20,0,0,0,0
2021-03-19,5456,0,2,5434,20,0,0,0,0
2021-03-20,5456,0,2,5434,20,0,0,0,0
2021-03-21,5456,0,2,5434,20,0,0,0,0
2021-03-22,5456,0,2,5434,20,0,0,0,0
2021-03-23,5455,0,1,5434,20,0,0,0,0
2021-03-24,5456,0,1,5435,20,0,0,0,0
2021-03-25,5456,0,1,5435,20,0,0,0,0
2021-03-26,5456,0,1,5435,20,0,0,0,0
2021-03-27,5456,0,1,5435,20,0,0,0,0
2021-03-28,5456,0,1,5435,20,0,0,0,0
2021-03-29,5456,0,1,5435,20,0,0,0,0
2021-03-30,5456,0,1,5435,20,0,0,0,0
2021-03-31,5456,0,1,5435,20,0,0,0,0
2021-04-01,5456,0,1,5435,20,0,0,0,0
2021-04-02,5457,0,1,5436,20,0,0,0,0
2021-04-03,5457,0,1,5436,20,0,0,0,0
2021-04-04,5457,0,1,5436,20,0,0,0,0
2021-04-05,5457,0,1,5436,20,0,0,0,0
2021-04-06,5457,0,1,5436,20,0,0,0,0
2021-04-07,5457,0,1,5436,20,0,0,0,0
2021-04-08,5457,0,1,5436,20,0,0,0,0
2021-04-09,5457,0,1,5436,20,0,0,0,0
2021-04-10,5457,0,1,5436,20,0,0,0,0
2021-04-11,5457,0,1,5436,20,0,0,0,0
2021-04-12,5457,0,1,5436,20,0,0,0,0
2021-04-13,5457,0,1,5436,20,0,0,0,0
2021-04-14,5457,0,1,5436,20,0,0,0,0
2021-04-15,5458,0,1,5437,20,0,0,0,0
2021-04-16,5458,0,1,5437,20,0,0,0,0
2021-04-17,5458,0,1,5437,20,0,0,0,0
2021-04-18,5458,0,1,5437,20,0,0,0,0
2021-04-19,5458,0,1,5437,20,0,0,0,0
2021-04-20,5458,0,1,5437,20,0,0,0,0
2021-04-21,5458,0,1,5437,20,0,0,0,0
2021-04-22,5457,0,0,5437,20,0,0,0,0
2021-04-23,5457,0,0,5437,20,0,0,0,0
2021-04-24,5457,0,0,5437,20,0,0,0,0
2021-04-25,5457,0,0,5437,20,0,0,0,0
2021-04-26,5457,0,0,5437,20,0,0,0,0
2021-04-27,5457,0,0,5437,20,0,0,0,0
2021-04-28,5457,0,0,5437,20,0,0,0,0
2021-04-29,5457,0,0,5437,20,0,0,0,0
2021-04-30,5457,0,0,5437,20,0,0,0,0
2021-05-01,5457,0,0,5437,20,0,0,0,0
2021-05-02,5457,0,0,5437,20,0,0,0,0
2021-05-03,5457,0,0,5437,20,0,0,0,0
2021-05-04,5457,0,0,5437,20,0,0,0,0
2021-05-05,5457,0,0,5437,20,0,0,0,0
2021-05-06,5457,0,0,5437,20,0,0,0,0
2021-05-07,5457,0,0,5437,20,0,0,0,0
2021-05-08,5457,0,0,5437,20,0,0,0,0
2021-05-09,5457,0,0,5437,20,0,0,0,0
2021-05-10,5457,0,0,5437,20,0,0,0,0
2021-05-11,5458,0,0,5438,20,0,0,0,0
2021-05-12,5458,0,0,5438,20,0,0,0,0
2021-05-13,5458,0,0,5438,20,0,0,0,0
2021-05-14,5458,0,0,5438,20,0,0,0,0
2021-05-15,5458,0,0,5438,20,0,0,0,0
2021-05-16,5458,0,0,5438,20,0,0,0,0
2021-05-17,5458,0,0,5438,20,0,0,0,0
2021-05-18,5458,0,0,5438,20,0,0,0,0
2021-05-19,5458,0,0,5438,20,0,0,0,0
2021-05-20,5458,0,0,5438,20,0,0,0,0
2021-05-21,5458,0,0,5438,20,0,0,0,0
2021-05-22,5458,0,0,5438,20,0,0,0,0
2021-05-23,5458,0,0,5438,20,0,0,0,0
2021-05-24,5458,0,0,5438,20,0,0,0,0
2021-05-25,5458,0,0,5438,20,0,0,0,0
2021-05-26,5458,0,0,5438,20,0,0,0,0
2021-05-27,5458,0,0,5438,20,0,0,0,0
2021-05-28,5458,0,0,5438,20,0,0,0,0
2021-05-29,5458,0,0,5438,20,0,0,0,0
2021-05-30,5458,0,0,5438,20,0,0,0,0
2021-05-31,5458,0,0,5438,20,0,0,0,0
2021-06-01,5458,0,0,5438,20,0,0,0,0
2021-06-02,5458,0,0,5438,20,0,0,0,0
2021-06-03,5458,0,0,5438,20,0,0,0,0
2021-06-04,5458,0,0,5438,20,0,0,0,0
2021-06-05,5458,0,0,5438,20,0,0,0,0
2021-06-06,5458,0,0,5438,20,0,0,0,0
2021-06-07,5458,0,0,5438,20,0,0,0,0
2021-06-08,5458,0,0,5438,20,0,0,0,0
2021-06-09,5458,0,0,5438,20,0,0,0,0
2021-06-10,5458,0,0,5438,20,0,0,0,0
2021-06-11,5458,0,0,5438,20,0,0,0,0
2021-06-12,5458,0,0,5438,20,0,0,0,0
2021-06-13,5458,0,0,5438,20,0,0,0,0
2021-06-14,5458,0,0,5438,20,0,0,0,0
2021-06-15,5458,0,0,5438,20,0,0,0,0
2021-06-16,5458,0,0,5438,20,0,0,0,0
2021-06-17,5458,0,0,5438,20,0,0,0,0
2021-06-18,5458,0,0,5438,20,0,0,0,0
2021-06-19,5458,0,0,5438,20,0,0,0,0
2021-06-20,5458,0,0,5438,20,0,0,0,0
2021-06-21,5458,0,0,5438,20,0,0,0,0
2021-06-22,5458,0,0,5438,20,0,0,0,0
2021-06-23,5458,0,0,5438,20,0,0,0,0
2021-06-24,5458,0,0,5438,20,0,0,0,0
2021-06-25,5458,0,0,5438,20,0,0,0,0
2021-06-26,5458,0,0,5438,20,0,0,0,0
2021-06-27,5458,0,0,5438,20,0,0,0,0
2021-06-28,5458,0,0,5438,20,0,0,0,0
2021-06-29,5458,0,0,5438,20,0,0,0,0
2021-06-30,5458,0,0,5438,20,0,0,0,0
2021-07-01,5458,0,0,5438,20,0,0,0,0
2021-07-02,5458,0,0,5438,20,0,0,0,0
2021-07-03,5458,0,0,5438,20,0,0,0,0
2021-07-04,5458,0,0,5438,20,0,0,0,0
2021-07-05,5458,0,0,5438,20,0,0,0,0
2021-07-06,5458,0,0,5438,20,0,0,0,0
2021-07-07,5458,0,0,5438,20,0,0,0,0
2021-07-08,5458,0,0,5438,20,0,0,0,0
