Date,Infected,Exposed,Active,Recovered,Deaths,Diff Exposed,Diff Active,Diff Recovered,Diff Deaths
2020-07-19,328,12,60,267,1,6,0,5,0
2020-07-20,330,17,57,272,1,5,0,5,0
2020-07-21,335,22,56,278,1,4,0,5,0
2020-07-22,339,25,55,283,1,3,0,5,0
2020-07-23,344,27,55,288,1,2,0,5,0
2020-07-24,350,29,56,293,1,2,1,5,0
2020-07-25,356,31,57,298,1,2,1,5,0
2020-07-26,362,33,58,303,1,1,1,5,0
2020-07-27,368,34,59,308,1,1,1,5,0
2020-07-28,375,36,60,314,1,1,1,5,0
2020-07-29,382,37,62,319,1,1,2,6,0
2020-07-30,390,38,64,325,1,1,2,6,0
2020-07-31,397,39,65,331,1,1,2,6,0
2020-08-01,405,40,67,337,1,1,2,6,0
2020-08-02,413,42,69,343,1,1,2,6,0
2020-08-03,421,43,71,349,1,1,2,6,0
2020-08-04,429,44,73,355,1,1,2,7,0
2020-08-05,438,45,75,362,1,1,2,7,0
2020-08-06,447,47,77,369,1,1,2,7,0
2020-08-07,456,48,79,376,1,1,2,7,0
2020-08-08,465,49,81,383,1,1,2,7,0
2020-08-09,476,50,84,391,1,1,2,8,0
2020-08-10,485,52,86,398,1,1,2,8,0
2020-08-11,495,53,88,406,1,1,2,8,0
2020-08-12,506,54,91,414,1,1,2,8,0
2020-08-13,517,56,93,423,1,1,2,8,0
2020-08-14,529,57,96,431,2,1,3,9,0
2020-08-15,540,59,98,440,2,1,3,9,0
2020-08-16,552,60,101,449,2,1,3,9,0
2020-08-17,563,62,103,458,2,2,3,9,0
2020-08-18,576,63,106,468,2,2,3,10,0
2020-08-19,588,65,109,477,2,2,3,10,0
2020-08-20,601,66,112,487,2,2,3,10,0
2020-08-21,614,68,115,497,2,2,3,10,0
2020-08-22,628,70,118,508,2,2,3,11,0
2020-08-23,641,71,120,519,2,2,3,11,0
2020-08-24,655,73,123,530,2,2,3,11,0
2020-08-25,670,74,127,541,2,2,3,11,0
2020-08-26,685,76,130,553,2,2,3,12,0
2020-08-27,699,78,133,564,2,2,3,12,0
2020-08-28,715,80,136,577,2,2,3,12,0
2020-08-29,730,81,139,589,2,2,3,13,0
2020-08-30,747,83,143,602,2,2,3,13,0
2020-08-31,763,85,146,615,2,2,3,13,0
2020-09-01,779,87,149,628,2,2,3,14,0
2020-09-02,797,88,153,642,2,2,3,14,0
2020-09-03,814,90,156,656,2,2,3,14,0
2020-09-04,832,92,160,670,2,2,4,14,0
2020-09-05,850,94,163,685,2,2,4,15,0
2020-09-06,868,96,167,699,2,2,4,15,0
2020-09-07,887,97,170,715,2,2,4,15,0
2020-09-08,907,99,174,730,3,2,4,16,0
2020-09-09,927,101,178,746,3,2,4,16,0
2020-09-10,946,103,181,762,3,2,4,16,0
2020-09-11,967,105,185,779,3,2,4,17,0
2020-09-12,988,107,189,796,3,2,4,17,0
2020-09-13,1009,108,193,813,3,2,4,17,0
2020-09-14,1030,110,196,831,3,2,4,18,0
2020-09-15,1052,112,200,849,3,2,4,18,0
2020-09-16,1074,114,204,867,3,2,4,18,0
2020-09-17,1096,115,208,885,3,2,4,19,0
2020-09-18,1118,117,211,904,3,2,4,19,0
2020-09-19,1142,119,215,924,3,2,4,19,0
2020-09-20,1165,120,219,943,3,2,4,20,0
2020-09-21,1188,122,222,963,3,2,4,20,0
2020-09-22,1212,124,226,983,3,2,4,20,0
2020-09-23,1238,125,230,1004,4,2,4,21,0
2020-09-24,1263,127,234,1025,4,2,4,21,0
2020-09-25,1287,128,237,1046,4,1,4,21,0
2020-09-26,1313,130,241,1068,4,1,4,22,0
2020-09-27,1338,131,244,1090,4,1,4,22,0
2020-09-28,1364,133,248,1112,4,1,3,22,0
2020-09-29,1390,134,251,1135,4,1,3,23,0
2020-09-30,1416,135,255,1157,4,1,3,23,0
2020-10-01,1443,136,258,1181,4,1,3,23,0
2020-10-02,1469,138,261,1204,4,1,3,24,0
2020-10-03,1496,139,264,1228,4,1,3,24,0
2020-10-04,1524,140,268,1252,4,1,3,24,0
2020-10-05,1551,141,271,1276,4,1,3,25,0
2020-10-06,1580,142,274,1301,5,1,3,25,0
2020-10-07,1607,143,276,1326,5,1,3,25,0
2020-10-08,1635,143,279,1351,5,1,3,25,0
2020-10-09,1663,144,282,1376,5,1,3,26,0
2020-10-10,1692,145,285,1402,5,1,3,26,0
2020-10-11,1720,145,287,1428,5,1,2,26,0
2020-10-12,1748,146,289,1454,5,0,2,26,0
2020-10-13,1777,146,292,1480,5,0,2,26,0
2020-10-14,1806,147,294,1507,5,0,2,27,0
2020-10-15,1834,147,296,1533,5,0,2,27,0
2020-10-16,1863,147,298,1560,5,0,2,27,0
2020-10-17,1893,148,300,1587,6,0,2,27,0
2020-10-18,1921,148,301,1614,6,0,2,27,0
2020-10-19,1951,148,303,1642,6,0,1,27,0
2020-10-20,1979,148,304,1669,6,0,1,28,0
2020-10-21,2008,148,305,1697,6,0,1,28,0
2020-10-22,2038,147,307,1725,6,0,1,28,0
2020-10-23,2065,147,307,1752,6,0,1,28,0
2020-10-24,2094,147,308,1780,6,0,1,28,0
2020-10-25,2123,146,309,1808,6,0,1,28,0
2020-10-26,2152,146,310,1836,6,0,0,28,0
2020-10-27,2181,145,310,1864,7,0,0,28,0
2020-10-28,2209,145,310,1892,7,0,0,28,0
2020-10-29,2238,144,310,1921,7,0,0,28,0
2020-10-30,2266,143,310,1949,7,0,0,28,0
2020-10-31,2294,143,310,1977,7,0,0,28,0
2020-11-01,2322,142,310,2005,7,0,0,28,0
2020-11-02,2349,141,309,2033,7,0,0,28,0
2020-11-03,2377,140,309,2061,7,0,0,28,0
2020-11-04,2404,139,308,2089,7,0,0,28,0
2020-11-05,2431,138,307,2117,7,0,0,28,0
2020-11-06,2458,137,306,2145,7,0,0,28,0
2020-11-07,2485,135,305,2172,8,0,0,28,0
2020-11-08,2512,134,304,2200,8,0,0,28,0
2020-11-09,2538,133,303,2227,8,0,0,27,0
2020-11-10,2564,131,301,2255,8,0,0,27,0
2020-11-11,2589,130,299,2282,8,0,0,27,0
2020-11-12,2615,129,298,2309,8,0,0,27,0
2020-11-13,2640,127,296,2336,8,0,0,27,0
2020-11-14,2665,126,294,2363,8,0,0,27,0
2020-11-15,2689,124,292,2389,8,0,0,26,0
2020-11-16,2713,123,289,2416,8,0,0,26,0
2020-11-17,2738,121,287,2442,9,0,0,26,0
2020-11-18,2762,119,285,2468,9,0,0,26,0
2020-11-19,2784,118,282,2493,9,0,0,26,0
2020-11-20,2808,116,280,2519,9,0,0,25,0
2020-11-21,2830,114,277,2544,9,0,0,25,0
2020-11-22,2852,113,274,2569,9,0,0,25,0
2020-11-23,2874,111,271,2594,9,0,0,25,0
2020-11-24,2895,109,268,2618,9,0,0,24,0
2020-11-25,2917,108,265,2643,9,0,0,24,0
2020-11-26,2937,106,262,2666,9,0,0,24,0
2020-11-27,2958,104,259,2690,9,0,0,23,0
2020-11-28,2979,102,256,2714,9,0,0,23,0
2020-11-29,3000,101,253,2737,10,0,0,23,0
2020-11-30,3019,99,250,2759,10,0,0,23,0
2020-12-01,3038,97,246,2782,10,0,0,22,0
2020-12-02,3057,96,243,2804,10,0,0,22,0
2020-12-03,3076,94,240,2826,10,0,0,22,0
2020-12-04,3094,92,236,2848,10,0,0,21,0
2020-12-05,3112,90,233,2869,10,0,0,21,0
2020-12-06,3129,89,229,2890,10,0,0,21,0
2020-12-07,3147,87,226,2911,10,0,0,20,0
2020-12-08,3163,85,222,2931,10,0,0,20,0
2020-12-09,3180,84,219,2951,10,0,0,20,0
2020-12-10,3196,82,215,2971,10,0,0,20,0
2020-12-11,3212,80,212,2990,10,0,0,19,0
2020-12-12,3228,79,208,3009,11,0,0,19,0
2020-12-13,3244,77,205,3028,11,0,0,19,0
2020-12-14,3258,75,201,3046,11,0,0,18,0
2020-12-15,3273,74,198,3064,11,0,0,18,0
2020-12-16,3287,72,194,3082,11,0,0,18,0
2020-12-17,3302,71,191,3100,11,0,0,17,0
2020-12-18,3315,69,187,3117,11,0,0,17,0
2020-12-19,3329,68,184,3134,11,0,0,17,0
2020-12-20,3341,66,180,3150,11,0,0,16,0
2020-12-21,3354,65,177,3166,11,0,0,16,0
2020-12-22,3367,63,174,3182,11,0,0,16,0
2020-12-23,3379,62,170,3198,11,0,0,15,0
2020-12-24,3391,60,167,3213,11,0,0,15,0
2020-12-25,3402,59,163,3228,11,0,0,15,0
2020-12-26,3414,58,160,3243,11,0,0,15,0
2020-12-27,3425,56,157,3257,11,0,0,14,0
2020-12-28,3436,55,154,3271,11,0,0,14,0
2020-12-29,3447,54,151,3285,11,0,0,14,0
2020-12-30,3458,52,147,3299,12,0,0,13,0
2020-12-31,3468,51,144,3312,12,0,0,13,0
2021-01-01,3478,50,141,3325,12,0,0,13,0
2021-01-02,3488,49,138,3338,12,0,0,13,0
2021-01-03,3497,48,135,3350,12,0,0,12,0
2021-01-04,3506,46,132,3362,12,0,0,12,0
2021-01-05,3515,45,129,3374,12,0,0,12,0
2021-01-06,3524,44,126,3386,12,0,0,11,0
2021-01-07,3533,43,124,3397,12,0,0,11,0
2021-01-08,3541,42,121,3408,12,0,0,11,0
2021-01-09,3549,41,118,3419,12,0,0,11,0
2021-01-10,3557,40,115,3430,12,0,0,10,0
2021-01-11,3565,39,113,3440,12,0,0,10,0
2021-01-12,3572,38,110,3450,12,0,0,10,0
2021-01-13,3580,37,108,3460,12,0,0,10,0
2021-01-14,3587,36,105,3470,12,0,0,10,0
2021-01-15,3594,35,103,3479,12,0,0,9,0
2021-01-16,3600,34,100,3488,12,0,0,9,0
2021-01-17,3607,33,98,3497,12,0,0,9,0
2021-01-18,3613,32,95,3506,12,0,0,9,0
2021-01-19,3620,32,93,3515,12,0,0,8,0
2021-01-20,3626,31,91,3523,12,0,0,8,0
2021-01-21,3632,30,89,3531,12,0,0,8,0
2021-01-22,3638,29,87,3539,12,0,0,8,0
2021-01-23,3643,28,84,3547,12,0,0,8,0
2021-01-24,3649,28,82,3555,12,0,0,7,0
2021-01-25,3654,27,80,3562,12,0,0,7,0
2021-01-26,3659,26,78,3569,12,0,0,7,0
2021-01-27,3665,26,76,3576,13,0,0,7,0
2021-01-28,3671,25,75,3583,13,0,0,7,0
2021-01-29,3676,24,73,3590,13,0,0,7,0
2021-01-30,3680,24,71,3596,13,0,0,6,0
2021-01-31,3685,23,69,3603,13,0,0,6,0
2021-02-01,3689,22,67,3609,13,0,0,6,0
2021-02-02,3694,22,66,3615,13,0,0,6,0
2021-02-03,3698,21,64,3621,13,0,0,6,0
2021-02-04,3702,21,62,3627,13,0,0,6,0
2021-02-05,3706,20,61,3632,13,0,0,5,0
2021-02-06,3710,20,59,3638,13,0,0,5,0
2021-02-07,3714,19,58,3643,13,0,0,5,0
2021-02-08,3717,19,56,3648,13,0,0,5,0
2021-02-09,3721,18,55,3653,13,0,0,5,0
2021-02-10,3724,18,53,3658,13,0,0,5,0
2021-02-11,3728,17,52,3663,13,0,0,5,0
2021-02-12,3730,17,50,3667,13,0,0,5,0
2021-02-13,3734,16,49,3672,13,0,0,4,0
2021-02-14,3737,16,48,3676,13,0,0,4,0
2021-02-15,3741,15,47,3681,13,0,0,4,0
2021-02-16,3743,15,45,3685,13,0,0,4,0
2021-02-17,3746,14,44,3689,13,0,0,4,0
2021-02-18,3749,14,43,3693,13,0,0,4,0
2021-02-19,3752,14,42,3697,13,0,0,4,0
2021-02-20,3754,13,41,3700,13,0,0,4,0
2021-02-21,3757,13,40,3704,13,0,0,4,0
2021-02-22,3760,13,39,3708,13,0,0,3,0
2021-02-23,3762,12,38,3711,13,0,0,3,0
2021-02-24,3764,12,37,3714,13,0,0,3,0
2021-02-25,3767,12,36,3718,13,0,0,3,0
2021-02-26,3769,11,35,3721,13,0,0,3,0
2021-02-27,3771,11,34,3724,13,0,0,3,0
2021-02-28,3773,11,33,3727,13,0,0,3,0
2021-03-01,3775,10,32,3730,13,0,0,3,0
2021-03-02,3777,10,31,3733,13,0,0,3,0
2021-03-03,3779,10,30,3736,13,0,0,3,0
2021-03-04,3780,9,29,3738,13,0,0,3,0
2021-03-05,3783,9,29,3741,13,0,0,3,0
2021-03-06,3784,9,28,3743,13,0,0,3,0
2021-03-07,3786,9,27,3746,13,0,0,2,0
2021-03-08,3787,8,26,3748,13,0,0,2,0
2021-03-09,3790,8,26,3751,13,0,0,2,0
2021-03-10,3791,8,25,3753,13,0,0,2,0
2021-03-11,3792,8,24,3755,13,0,0,2,0
2021-03-12,3794,8,24,3757,13,0,0,2,0
2021-03-13,3796,7,23,3760,13,0,0,2,0
2021-03-14,3797,7,22,3762,13,0,0,2,0
2021-03-15,3799,7,22,3764,13,0,0,2,0
2021-03-16,3800,7,21,3766,13,0,0,2,0
2021-03-17,3800,7,20,3767,13,0,0,2,0
2021-03-18,3802,6,20,3769,13,0,0,2,0
2021-03-19,3803,6,19,3771,13,0,0,2,0
2021-03-20,3805,6,19,3773,13,0,0,2,0
2021-03-21,3805,6,18,3774,13,0,0,2,0
2021-03-22,3807,6,18,3776,13,0,0,2,0
2021-03-23,3808,6,17,3778,13,0,0,2,0
2021-03-24,3809,5,17,3779,13,0,0,2,0
2021-03-25,3810,5,16,3781,13,0,0,1,0
2021-03-26,3811,5,16,3782,13,0,0,1,0
2021-03-27,3812,5,15,3784,13,0,0,1,0
2021-03-28,3813,5,15,3785,13,0,0,1,0
2021-03-29,3814,5,15,3786,13,0,0,1,0
2021-03-30,3815,5,14,3788,13,0,0,1,0
2021-03-31,3816,4,14,3789,13,0,0,1,0
2021-04-01,3816,4,13,3790,13,0,0,1,0
2021-04-02,3817,4,13,3791,13,0,0,1,0
2021-04-03,3819,4,13,3793,13,0,0,1,0
2021-04-04,3819,4,12,3794,13,0,0,1,0
2021-04-05,3820,4,12,3795,13,0,0,1,0
2021-04-06,3821,4,12,3796,13,0,0,1,0
2021-04-07,3821,4,11,3797,13,0,0,1,0
2021-04-08,3822,4,11,3798,13,0,0,1,0
2021-04-09,3823,3,11,3799,13,0,0,1,0
2021-04-10,3823,3,10,3800,13,0,0,1,0
2021-04-11,3824,3,10,3801,13,0,0,1,0
2021-04-12,3825,3,10,3802,13,0,0,1,0
2021-04-13,3826,3,10,3803,13,0,0,1,0
2021-04-14,3825,3,9,3803,13,0,0,1,0
2021-04-15,3826,3,9,3804,13,0,0,1,0
2021-04-16,3827,3,9,3805,13,0,0,1,0
2021-04-17,3828,3,9,3806,13,0,0,1,0
2021-04-18,3828,3,8,3807,13,0,0,1,0
2021-04-19,3828,3,8,3807,13,0,0,1,0
2021-04-20,3829,2,8,3808,13,0,0,1,0
2021-04-21,3830,2,8,3809,13,0,0,1,0
2021-04-22,3829,2,7,3809,13,0,0,1,0
2021-04-23,3830,2,7,3810,13,0,0,1,0
2021-04-24,3831,2,7,3811,13,0,0,1,0
2021-04-25,3831,2,7,3811,13,0,0,1,0
2021-04-26,3832,2,7,3812,13,0,0,1,0
2021-04-27,3832,2,6,3813,13,0,0,1,0
2021-04-28,3832,2,6,3813,13,0,0,1,0
2021-04-29,3833,2,6,3814,13,0,0,1,0
2021-04-30,3833,2,6,3814,13,0,0,1,0
2021-05-01,3834,2,6,3815,13,0,0,1,0
2021-05-02,3834,2,6,3815,13,0,0,1,0
2021-05-03,3834,2,5,3816,13,0,0,0,0
2021-05-04,3834,2,5,3816,13,0,0,0,0
2021-05-05,3835,2,5,3817,13,0,0,0,0
2021-05-06,3835,2,5,3817,13,0,0,0,0
2021-05-07,3836,2,5,3818,13,0,0,0,0
2021-05-08,3836,1,5,3818,13,0,0,0,0
2021-05-09,3836,1,5,3818,13,0,0,0,0
2021-05-10,3836,1,4,3819,13,0,0,0,0
2021-05-11,3836,1,4,3819,13,0,0,0,0
2021-05-12,3837,1,4,3820,13,0,0,0,0
2021-05-13,3837,1,4,3820,13,0,0,0,0
2021-05-14,3837,1,4,3820,13,0,0,0,0
2021-05-15,3838,1,4,3821,13,0,0,0,0
2021-05-16,3838,1,4,3821,13,0,0,0,0
2021-05-17,3838,1,4,3821,13,0,0,0,0
2021-05-18,3839,1,4,3822,13,0,0,0,0
2021-05-19,3838,1,3,3822,13,0,0,0,0
2021-05-20,3838,1,3,3822,13,0,0,0,0
2021-05-21,3839,1,3,3823,13,0,0,0,0
2021-05-22,3839,1,3,3823,13,0,0,0,0
2021-05-23,3839,1,3,3823,13,0,0,0,0
2021-05-24,3839,1,3,3823,13,0,0,0,0
2021-05-25,3840,1,3,3824,13,0,0,0,0
2021-05-26,3840,1,3,3824,13,0,0,0,0
2021-05-27,3840,1,3,3824,13,0,0,0,0
2021-05-28,3840,1,3,3824,13,0,0,0,0
2021-05-29,3841,1,3,3825,13,0,0,0,0
2021-05-30,3840,1,2,3825,13,0,0,0,0
2021-05-31,3840,1,2,3825,13,0,0,0,0
2021-06-01,3840,1,2,3825,13,0,0,0,0
2021-06-02,3841,1,2,3826,13,0,0,0,0
2021-06-03,3841,1,2,3826,13,0,0,0,0
2021-06-04,3841,1,2,3826,13,0,0,0,0
2021-06-05,3841,1,2,3826,13,0,0,0,0
2021-06-06,3841,1,2,3826,13,0,0,0,0
2021-06-07,3842,1,2,3827,13,0,0,0,0
2021-06-08,3842,1,2,3827,13,0,0,0,0
2021-06-09,3842,1,2,3827,13,0,0,0,0
2021-06-10,3842,1,2,3827,13,0,0,0,0
2021-06-11,3842,1,2,3827,13,0,0,0,0
2021-06-12,3842,1,2,3827,13,0,0,0,0
2021-06-13,3843,1,2,3828,13,0,0,0,0
2021-06-14,3843,1,2,3828,13,0,0,0,0
2021-06-15,3843,0,2,3828,13,0,0,0,0
2021-06-16,3843,0,2,3828,13,0,0,0,0
2021-06-17,3842,0,1,3828,13,0,0,0,0
2021-06-18,3842,0,1,3828,13,0,0,0,0
2021-06-19,3842,0,1,3828,13,0,0,0,0
2021-06-20,3843,0,1,3829,13,0,0,0,0
2021-06-21,3843,0,1,3829,13,0,0,0,0
2021-06-22,3843,0,1,3829,13,0,0,0,0
2021-06-23,3843,0,1,3829,13,0,0,0,0
2021-06-24,3843,0,1,3829,13,0,0,0,0
2021-06-25,3843,0,1,3829,13,0,0,0,0
2021-06-26,3843,0,1,3829,13,0,0,0,0
2021-06-27,3843,0,1,3829,13,0,0,0,0
2021-06-28,3843,0,1,3829,13,0,0,0,0
2021-06-29,3843,0,1,3829,13,0,0,0,0
2021-06-30,3844,0,1,3830,13,0,0,0,0
2021-07-01,3844,0,1,3830,13,0,0,0,0
2021-07-02,3844,0,1,3830,13,0,0,0,0
2021-07-03,3844,0,1,3830,13,0,0,0,0
2021-07-04,3844,0,1,3830,13,0,0,0,0
2021-07-05,3844,0,1,3830,13,0,0,0,0
2021-07-06,3844,0,1,3830,13,0,0,0,0
2021-07-07,3844,0,1,3830,13,0,0,0,0
2021-07-08,3844,0,1,3830,13,0,0,0,0
2021-07-09,3844,0,1,3830,13,0,0,0,0
2021-07-10,3844,0,1,3830,13,0,0,0,0
2021-07-11,3844,0,1,3830,13,0,0,0,0
2021-07-12,3845,0,1,3831,13,0,0,0,0
2021-07-13,3845,0,1,3831,13,0,0,0,0
2021-07-14,3845,0,1,3831,13,0,0,0,0
