Date,Infected,Exposed,Active,Recovered,Deaths,Diff Exposed,Diff Active,Diff Recovered,Diff Deaths
2020-07-06,299,0,67,229,3,10,0,6,0
2020-07-07,300,9,62,235,3,7,0,6,0
2020-07-08,302,15,58,241,3,5,0,5,0
2020-07-09,306,20,57,246,3,4,0,5,0
2020-07-10,310,24,56,251,3,3,0,5,0
2020-07-11,314,27,55,256,3,3,0,5,0
2020-07-12,320,29,56,261,3,2,1,5,0
2020-07-13,326,31,57,266,3,2,1,5,0
2020-07-14,332,33,58,271,3,2,1,5,0
2020-07-15,338,35,59,276,3,2,1,5,0
2020-07-16,345,36,60,282,3,1,2,5,0
2020-07-17,352,37,62,287,3,1,2,6,0
2020-07-18,360,39,64,293,3,1,2,6,0
2020-07-19,368,40,66,299,3,1,2,6,0
2020-07-20,375,41,68,304,3,1,2,6,0
2020-07-21,384,43,70,311,3,1,2,6,0
2020-07-22,393,44,72,317,4,1,2,6,0
2020-07-23,401,46,74,323,4,1,2,7,0
2020-07-24,410,47,76,330,4,1,2,7,0
2020-07-25,419,48,78,337,4,1,2,7,0
2020-07-26,429,50,81,344,4,1,2,7,0
2020-07-27,439,51,83,352,4,2,2,7,0
2020-07-28,449,53,86,359,4,2,3,8,0
2020-07-29,459,54,88,367,4,2,3,8,0
2020-07-30,470,56,91,375,4,2,3,8,0
2020-07-31,481,58,94,383,4,2,3,8,0
2020-08-01,493,59,97,392,4,2,3,9,0
2020-08-02,503,61,99,400,4,2,3,9,0
2020-08-03,517,63,102,410,5,2,3,9,0
2020-08-04,529,65,105,419,5,2,3,9,0
2020-08-05,542,66,109,428,5,2,3,10,0
2020-08-06,555,68,112,438,5,2,3,10,0
2020-08-07,568,70,115,448,5,2,3,10,0
2020-08-08,582,72,118,459,5,2,3,11,0
2020-08-09,597,74,122,470,5,2,3,11,0
2020-08-10,611,76,125,481,5,2,4,11,0
2020-08-11,627,78,129,492,6,2,4,12,0
2020-08-12,643,80,133,504,6,2,4,12,0
2020-08-13,658,83,136,516,6,2,4,12,0
2020-08-14,674,85,140,528,6,2,4,13,0
2020-08-15,691,87,144,541,6,2,4,13,0
2020-08-16,708,89,148,554,6,2,4,13,0
2020-08-17,725,92,152,567,6,2,4,14,0
2020-08-18,744,94,156,581,7,2,4,14,0
2020-08-19,763,97,161,595,7,2,4,14,0
2020-08-20,782,99,165,610,7,2,4,15,0
2020-08-21,801,102,169,625,7,3,5,15,0
2020-08-22,821,104,174,640,7,3,5,16,0
2020-08-23,842,107,179,656,7,3,5,16,0
2020-08-24,863,109,183,672,8,3,5,16,0
2020-08-25,885,112,188,689,8,3,5,17,0
2020-08-26,907,115,193,706,8,3,5,17,0
2020-08-27,930,117,198,724,8,3,5,18,0
2020-08-28,953,120,203,742,8,3,5,18,0
2020-08-29,977,123,208,760,9,3,5,19,0
2020-08-30,1001,126,213,779,9,3,5,19,0
2020-08-31,1026,129,219,798,9,3,5,20,0
2020-09-01,1051,132,224,818,9,3,5,20,0
2020-09-02,1078,134,230,839,9,3,5,21,0
2020-09-03,1104,137,235,859,10,3,6,21,0
2020-09-04,1132,140,241,881,10,3,6,22,0
2020-09-05,1159,143,246,903,10,3,6,22,0
2020-09-06,1187,146,252,925,10,3,6,23,0
2020-09-07,1217,149,258,948,11,3,6,23,0
2020-09-08,1246,152,264,971,11,3,6,24,0
2020-09-09,1276,155,270,995,11,3,6,24,0
2020-09-10,1306,158,276,1019,11,3,6,25,0
2020-09-11,1338,161,282,1044,12,3,6,25,0
2020-09-12,1370,164,288,1070,12,3,6,26,0
2020-09-13,1402,167,294,1096,12,3,6,26,0
2020-09-14,1436,170,300,1123,13,3,6,27,0
2020-09-15,1469,173,306,1150,13,3,6,28,0
2020-09-16,1502,176,312,1177,13,3,6,28,0
2020-09-17,1537,179,318,1206,13,3,6,29,0
2020-09-18,1573,182,324,1235,14,3,6,29,0
2020-09-19,1609,185,331,1264,14,3,6,30,0
2020-09-20,1645,188,337,1294,14,3,6,30,0
2020-09-21,1682,191,343,1324,15,3,6,31,0
2020-09-22,1719,193,349,1355,15,3,6,31,0
2020-09-23,1758,196,355,1387,16,3,6,32,0
2020-09-24,1796,199,361,1419,16,3,6,32,0
2020-09-25,1836,201,368,1452,16,3,6,33,0
2020-09-26,1876,204,374,1485,17,3,6,34,0
2020-09-27,1916,206,380,1519,17,2,6,34,0
2020-09-28,1956,209,386,1553,17,2,6,35,0
2020-09-29,1997,211,391,1588,18,2,6,35,0
2020-09-30,2039,213,397,1624,18,2,6,36,0
2020-10-01,2081,216,403,1659,19,2,6,36,0
2020-10-02,2123,218,408,1696,19,2,6,37,0
2020-10-03,2166,220,414,1733,19,2,5,37,0
2020-10-04,2209,222,419,1770,20,2,5,38,0
2020-10-05,2253,224,425,1808,20,2,5,38,0
2020-10-06,2297,225,430,1846,21,2,5,39,0
2020-10-07,2341,227,435,1885,21,2,5,39,0
2020-10-08,2386,228,440,1924,22,1,5,40,0
2020-10-09,2431,230,445,1964,22,1,5,40,0
2020-10-10,2475,231,449,2004,22,1,4,40,0
2020-10-11,2522,232,454,2045,23,1,4,41,0
2020-10-12,2567,233,458,2086,23,1,4,41,0
2020-10-13,2613,234,462,2127,24,1,4,42,0
2020-10-14,2659,235,466,2169,24,1,4,42,0
2020-10-15,2706,236,470,2211,25,1,4,42,0
2020-10-16,2751,237,473,2253,25,1,3,43,0
2020-10-17,2798,237,476,2296,26,0,3,43,0
2020-10-18,2845,238,480,2339,26,0,3,43,0
2020-10-19,2891,238,482,2382,27,0,3,43,0
2020-10-20,2937,238,485,2425,27,0,3,44,0
2020-10-21,2985,238,488,2469,28,0,2,44,0
2020-10-22,3031,238,490,2513,28,0,2,44,0
2020-10-23,3078,237,492,2557,29,0,2,44,0
2020-10-24,3124,237,494,2601,29,0,2,44,0
2020-10-25,3171,237,495,2646,30,0,1,45,0
2020-10-26,3216,236,496,2690,30,0,1,45,0
2020-10-27,3263,235,497,2735,31,0,1,45,1
2020-10-28,3309,234,498,2780,31,0,1,45,1
2020-10-29,3356,233,499,2825,32,0,0,45,1
2020-10-30,3400,232,499,2869,32,0,0,45,1
2020-10-31,3446,231,499,2914,33,0,0,45,1
2020-11-01,3491,230,499,2959,33,0,0,45,1
2020-11-02,3537,228,499,3004,34,0,0,45,1
2020-11-03,3581,227,498,3049,34,0,0,45,1
2020-11-04,3626,225,497,3094,35,0,0,45,0
2020-11-05,3669,224,496,3138,35,0,0,45,0
2020-11-06,3714,222,495,3183,36,0,0,44,0
2020-11-07,3756,220,493,3227,36,0,0,44,0
2020-11-08,3799,218,491,3271,37,0,0,44,0
2020-11-09,3842,216,489,3316,37,0,0,44,0
2020-11-10,3884,214,487,3359,38,0,0,44,0
2020-11-11,3926,211,485,3403,38,0,0,44,0
2020-11-12,3968,209,482,3447,39,0,0,43,0
2020-11-13,4008,207,479,3490,39,0,0,43,0
2020-11-14,4049,204,476,3533,40,0,0,43,0
2020-11-15,4089,202,473,3576,40,0,0,42,0
2020-11-16,4127,199,469,3618,40,0,0,42,0
2020-11-17,4167,197,466,3660,41,0,0,42,0
2020-11-18,4205,194,462,3702,41,0,0,42,0
2020-11-19,4243,192,458,3743,42,0,0,41,0
2020-11-20,4280,189,454,3784,42,0,0,41,0
2020-11-21,4317,186,449,3825,43,0,0,40,0
2020-11-22,4353,183,445,3865,43,0,0,40,0
2020-11-23,4389,181,440,3905,44,0,0,40,0
2020-11-24,4424,178,436,3944,44,0,0,39,0
2020-11-25,4459,175,431,3983,45,0,0,39,0
2020-11-26,4493,172,426,4022,45,0,0,38,0
2020-11-27,4526,169,421,4060,45,0,0,38,0
2020-11-28,4560,166,416,4098,46,0,0,37,0
2020-11-29,4592,163,411,4135,46,0,0,37,0
2020-11-30,4624,161,405,4172,47,0,0,36,0
2020-12-01,4655,158,400,4208,47,0,0,36,0
2020-12-02,4685,155,394,4244,47,0,0,35,0
2020-12-03,4716,152,389,4279,48,0,0,35,0
2020-12-04,4745,149,383,4314,48,0,0,34,0
2020-12-05,4775,146,378,4348,49,0,0,34,0
2020-12-06,4803,143,372,4382,49,0,0,33,0
2020-12-07,4830,141,366,4415,49,0,0,33,0
2020-12-08,4859,138,361,4448,50,0,0,32,0
2020-12-09,4885,135,355,4480,50,0,0,32,0
2020-12-10,4911,132,349,4512,50,0,0,31,0
2020-12-11,4937,129,343,4543,51,0,0,31,0
2020-12-12,4961,127,337,4573,51,0,0,30,0
2020-12-13,4987,124,332,4604,51,0,0,30,0
2020-12-14,5011,121,326,4633,52,0,0,29,0
2020-12-15,5034,119,320,4662,52,0,0,29,0
2020-12-16,5057,116,314,4691,52,0,0,28,0
2020-12-17,5080,114,308,4719,53,0,0,28,0
2020-12-18,5102,111,303,4746,53,0,0,27,0
2020-12-19,5123,109,297,4773,53,0,0,27,0
2020-12-20,5145,106,291,4800,54,0,0,26,0
2020-12-21,5166,104,286,4826,54,0,0,26,0
2020-12-22,5185,101,280,4851,54,0,0,25,0
2020-12-23,5205,99,274,4876,55,0,0,25,0
2020-12-24,5225,97,269,4901,55,0,0,24,0
2020-12-25,5243,94,263,4925,55,0,0,24,0
2020-12-26,5261,92,258,4948,55,0,0,23,0
2020-12-27,5280,90,253,4971,56,0,0,23,0
2020-12-28,5297,88,247,4994,56,0,0,22,0
2020-12-29,5314,86,242,5016,56,0,0,22,0
2020-12-30,5331,84,237,5038,56,0,0,21,0
2020-12-31,5348,82,232,5059,57,0,0,21,0
2021-01-01,5363,80,227,5079,57,0,0,20,0
2021-01-02,5379,78,222,5100,57,0,0,20,0
2021-01-03,5393,76,217,5119,57,0,0,19,0
2021-01-04,5408,74,212,5139,57,0,0,19,0
2021-01-05,5423,72,207,5158,58,0,0,19,0
2021-01-06,5437,70,203,5176,58,0,0,18,0
2021-01-07,5450,68,198,5194,58,0,0,18,0
2021-01-08,5463,67,193,5212,58,0,0,17,0
2021-01-09,5476,65,189,5229,58,0,0,17,0
2021-01-10,5489,63,184,5246,59,0,0,17,0
2021-01-11,5501,62,180,5262,59,0,0,16,0
2021-01-12,5513,60,176,5278,59,0,0,16,0
2021-01-13,5525,58,172,5294,59,0,0,15,0
2021-01-14,5536,57,168,5309,59,0,0,15,0
2021-01-15,5547,55,163,5324,60,0,0,15,0
2021-01-16,5559,54,160,5339,60,0,0,14,0
2021-01-17,5569,53,156,5353,60,0,0,14,0
2021-01-18,5579,51,152,5367,60,0,0,14,0
2021-01-19,5588,50,148,5380,60,0,0,13,0
2021-01-20,5598,48,144,5394,60,0,0,13,0
2021-01-21,5607,47,141,5406,60,0,0,13,0
2021-01-22,5617,46,137,5419,61,0,0,12,0
2021-01-23,5626,45,134,5431,61,0,0,12,0
2021-01-24,5634,43,130,5443,61,0,0,12,0
2021-01-25,5643,42,127,5455,61,0,0,11,0
2021-01-26,5651,41,124,5466,61,0,0,11,0
2021-01-27,5659,40,121,5477,61,0,0,11,0
2021-01-28,5667,39,118,5488,61,0,0,11,0
2021-01-29,5675,38,115,5498,62,0,0,10,0
2021-01-30,5683,37,112,5509,62,0,0,10,0
2021-01-31,5689,36,109,5518,62,0,0,10,0
2021-02-01,5696,35,106,5528,62,0,0,10,0
2021-02-02,5703,34,103,5538,62,0,0,9,0
2021-02-03,5709,33,100,5547,62,0,0,9,0
2021-02-04,5716,32,98,5556,62,0,0,9,0
2021-02-05,5721,31,95,5564,62,0,0,9,0
2021-02-06,5728,30,93,5573,62,0,0,8,0
2021-02-07,5733,30,90,5581,62,0,0,8,0
2021-02-08,5740,29,88,5589,63,0,0,8,0
2021-02-09,5746,28,86,5597,63,0,0,8,0
2021-02-10,5751,27,83,5605,63,0,0,7,0
2021-02-11,5756,26,81,5612,63,0,0,7,0
2021-02-12,5761,26,79,5619,63,0,0,7,0
2021-02-13,5766,25,77,5626,63,0,0,7,0
2021-02-14,5771,24,75,5633,63,0,0,7,0
2021-02-15,5776,24,73,5640,63,0,0,7,0
2021-02-16,5780,23,71,5646,63,0,0,6,0
2021-02-17,5785,22,69,5653,63,0,0,6,0
2021-02-18,5789,22,67,5659,63,0,0,6,0
2021-02-19,5793,21,65,5665,63,0,0,6,0
2021-02-20,5796,20,63,5670,63,0,0,6,0
2021-02-21,5801,20,62,5676,63,0,0,6,0
2021-02-22,5805,19,60,5681,64,0,0,5,0
2021-02-23,5809,19,58,5687,64,0,0,5,0
2021-02-24,5813,18,57,5692,64,0,0,5,0
2021-02-25,5816,18,55,5697,64,0,0,5,0
2021-02-26,5820,17,54,5702,64,0,0,5,0
2021-02-27,5823,17,52,5707,64,0,0,5,0
2021-02-28,5826,16,51,5711,64,0,0,5,0
2021-03-01,5829,16,49,5716,64,0,0,4,0
2021-03-02,5832,15,48,5720,64,0,0,4,0
2021-03-03,5835,15,47,5724,64,0,0,4,0
2021-03-04,5838,14,45,5729,64,0,0,4,0
2021-03-05,5841,14,44,5733,64,0,0,4,0
2021-03-06,5844,14,43,5737,64,0,0,4,0
2021-03-07,5846,13,42,5740,64,0,0,4,0
2021-03-08,5848,13,40,5744,64,0,0,4,0
2021-03-09,5851,13,39,5748,64,0,0,4,0
2021-03-10,5853,12,38,5751,64,0,0,3,0
2021-03-11,5855,12,37,5754,64,0,0,3,0
2021-03-12,5858,11,36,5758,64,0,0,3,0
2021-03-13,5860,11,35,5761,64,0,0,3,0
2021-03-14,5862,11,34,5764,64,0,0,3,0
2021-03-15,5865,11,33,5767,65,0,0,3,0
2021-03-16,5867,10,32,5770,65,0,0,3,0
2021-03-17,5869,10,31,5773,65,0,0,3,0
2021-03-18,5871,10,30,5776,65,0,0,3,0
2021-03-19,5872,9,29,5778,65,0,0,3,0
2021-03-20,5875,9,29,5781,65,0,0,3,0
2021-03-21,5877,9,28,5784,65,0,0,3,0
2021-03-22,5878,9,27,5786,65,0,0,2,0
2021-03-23,5879,8,26,5788,65,0,0,2,0
2021-03-24,5882,8,26,5791,65,0,0,2,0
2021-03-25,5883,8,25,5793,65,0,0,2,0
2021-03-26,5884,8,24,5795,65,0,0,2,0
2021-03-27,5885,7,23,5797,65,0,0,2,0
2021-03-28,5887,7,23,5799,65,0,0,2,0
2021-03-29,5889,7,22,5802,65,0,0,2,0
2021-03-30,5889,7,21,5803,65,0,0,2,0
2021-03-31,5891,7,21,5805,65,0,0,2,0
2021-04-01,5892,6,20,5807,65,0,0,2,0
2021-04-02,5894,6,20,5809,65,0,0,2,0
2021-04-03,5895,6,19,5811,65,0,0,2,0
2021-04-04,5896,6,19,5812,65,0,0,2,0
2021-04-05,5897,6,18,5814,65,0,0,2,0
2021-04-06,5899,6,18,5816,65,0,0,2,0
2021-04-07,5899,5,17,5817,65,0,0,2,0
2021-04-08,5901,5,17,5819,65,0,0,1,0
2021-04-09,5901,5,16,5820,65,0,0,1,0
2021-04-10,5903,5,16,5822,65,0,0,1,0
2021-04-11,5903,5,15,5823,65,0,0,1,0
2021-04-12,5904,5,15,5824,65,0,0,1,0
2021-04-13,5905,5,14,5826,65,0,0,1,0
2021-04-14,5906,4,14,5827,65,0,0,1,0
2021-04-15,5906,4,13,5828,65,0,0,1,0
2021-04-16,5907,4,13,5829,65,0,0,1,0
2021-04-17,5909,4,13,5831,65,0,0,1,0
2021-04-18,5909,4,12,5832,65,0,0,1,0
2021-04-19,5910,4,12,5833,65,0,0,1,0
2021-04-20,5911,4,12,5834,65,0,0,1,0
2021-04-21,5911,4,11,5835,65,0,0,1,0
2021-04-22,5912,3,11,5836,65,0,0,1,0
2021-04-23,5913,3,11,5837,65,0,0,1,0
2021-04-24,5913,3,10,5838,65,0,0,1,0
2021-04-25,5914,3,10,5839,65,0,0,1,0
2021-04-26,5915,3,10,5840,65,0,0,1,0
2021-04-27,5915,3,9,5841,65,0,0,1,0
2021-04-28,5915,3,9,5841,65,0,0,1,0
2021-04-29,5916,3,9,5842,65,0,0,1,0
2021-04-30,5917,3,9,5843,65,0,0,1,0
2021-05-01,5917,3,8,5844,65,0,0,1,0
2021-05-02,5918,3,8,5845,65,0,0,1,0
2021-05-03,5918,3,8,5845,65,0,0,1,0
2021-05-04,5919,2,8,5846,65,0,0,1,0
2021-05-05,5919,2,7,5847,65,0,0,1,0
2021-05-06,5919,2,7,5847,65,0,0,1,0
2021-05-07,5920,2,7,5848,65,0,0,1,0
2021-05-08,5921,2,7,5849,65,0,0,1,0
2021-05-09,5921,2,7,5849,65,0,0,1,0
2021-05-10,5921,2,6,5850,65,0,0,1,0
2021-05-11,5921,2,6,5850,65,0,0,1,0
2021-05-12,5922,2,6,5851,65,0,0,1,0
2021-05-13,5922,2,6,5851,65,0,0,1,0
2021-05-14,5923,2,6,5852,65,0,0,1,0
2021-05-15,5924,2,6,5853,65,0,0,1,0
2021-05-16,5923,2,5,5853,65,0,0,0,0
2021-05-17,5923,2,5,5853,65,0,0,0,0
2021-05-18,5924,2,5,5854,65,0,0,0,0
2021-05-19,5924,2,5,5854,65,0,0,0,0
2021-05-20,5925,2,5,5855,65,0,0,0,0
2021-05-21,5925,1,5,5855,65,0,0,0,0
2021-05-22,5927,1,5,5856,66,0,0,0,0
2021-05-23,5926,1,4,5856,66,0,0,0,0
2021-05-24,5926,1,4,5856,66,0,0,0,0
2021-05-25,5927,1,4,5857,66,0,0,0,0
2021-05-26,5927,1,4,5857,66,0,0,0,0
2021-05-27,5928,1,4,5858,66,0,0,0,0
2021-05-28,5928,1,4,5858,66,0,0,0,0
2021-05-29,5928,1,4,5858,66,0,0,0,0
2021-05-30,5929,1,4,5859,66,0,0,0,0
2021-05-31,5928,1,3,5859,66,0,0,0,0
2021-06-01,5928,1,3,5859,66,0,0,0,0
2021-06-02,5929,1,3,5860,66,0,0,0,0
2021-06-03,5929,1,3,5860,66,0,0,0,0
2021-06-04,5929,1,3,5860,66,0,0,0,0
2021-06-05,5929,1,3,5860,66,0,0,0,0
2021-06-06,5930,1,3,5861,66,0,0,0,0
2021-06-07,5930,1,3,5861,66,0,0,0,0
2021-06-08,5930,1,3,5861,66,0,0,0,0
2021-06-09,5930,1,3,5861,66,0,0,0,0
2021-06-10,5931,1,3,5862,66,0,0,0,0
2021-06-11,5931,1,3,5862,66,0,0,0,0
2021-06-12,5930,1,2,5862,66,0,0,0,0
2021-06-13,5930,1,2,5862,66,0,0,0,0
2021-06-14,5931,1,2,5863,66,0,0,0,0
2021-06-15,5931,1,2,5863,66,0,0,0,0
2021-06-16,5931,1,2,5863,66,0,0,0,0
2021-06-17,5931,1,2,5863,66,0,0,0,0
2021-06-18,5931,1,2,5863,66,0,0,0,0
2021-06-19,5932,1,2,5864,66,0,0,0,0
2021-06-20,5932,1,2,5864,66,0,0,0,0
2021-06-21,5932,1,2,5864,66,0,0,0,0
2021-06-22,5932,1,2,5864,66,0,0,0,0
2021-06-23,5932,1,2,5864,66,0,0,0,0
2021-06-24,5932,1,2,5864,66,0,0,0,0
2021-06-25,5933,1,2,5865,66,0,0,0,0
2021-06-26,5933,1,2,5865,66,0,0,0,0
2021-06-27,5933,0,2,5865,66,0,0,0,0
2021-06-28,5933,0,2,5865,66,0,0,0,0
2021-06-29,5932,0,1,5865,66,0,0,0,0
2021-06-30,5932,0,1,5865,66,0,0,0,0
2021-07-01,5932,0,1,5865,66,0,0,0,0
