Date,Infected,Exposed,Active,Recovered,Deaths,Diff Exposed,Diff Active,Diff Recovered,Diff Deaths
2020-06-20,440,60,128,311,1,3,0,12,0
2020-06-21,452,63,128,323,1,3,1,12,0
2020-06-22,465,66,129,335,1,2,1,12,0
2020-06-23,478,68,131,346,1,2,2,12,0
2020-06-24,491,70,132,358,1,2,2,12,0
2020-06-25,505,72,134,370,1,2,2,12,0
2020-06-26,519,74,136,382,1,2,2,12,0
2020-06-27,534,75,138,395,1,2,2,13,0
2020-06-28,548,77,140,407,1,2,2,13,0
2020-06-29,564,78,143,420,1,1,2,13,0
2020-06-30,579,80,145,433,1,1,2,13,0
2020-07-01,596,81,148,447,1,1,3,13,0
2020-07-02,611,83,150,460,1,1,3,14,0
2020-07-03,628,84,153,474,1,1,3,14,0
2020-07-04,645,86,156,488,1,1,3,14,0
2020-07-05,661,87,158,502,1,1,3,14,0
2020-07-06,678,89,161,516,1,1,3,15,0
2020-07-07,696,90,164,531,1,2,3,15,0
2020-07-08,714,92,167,546,1,2,3,15,0
2020-07-09,731,93,169,561,1,2,3,15,0
2020-07-10,750,95,172,577,1,2,3,16,0
2020-07-11,768,96,175,592,1,2,3,16,0
2020-07-12,787,98,178,608,1,2,3,16,0
2020-07-13,808,100,181,625,2,2,3,16,0
2020-07-14,827,101,184,641,2,2,3,17,0
2020-07-15,847,103,187,658,2,2,3,17,0
2020-07-16,868,104,191,675,2,2,3,17,0
2020-07-17,889,106,194,693,2,2,3,18,0
2020-07-18,909,108,197,710,2,2,3,18,0
2020-07-19,930,109,200,728,2,2,3,18,0
2020-07-20,951,111,203,746,2,2,3,18,0
2020-07-21,974,113,207,765,2,2,3,19,0
2020-07-22,996,114,210,784,2,2,3,19,0
2020-07-23,1018,116,213,803,2,2,3,19,0
2020-07-24,1041,118,217,822,2,2,3,20,0
2020-07-25,1064,120,220,842,2,2,3,20,0
2020-07-26,1088,122,224,862,2,2,3,20,0
2020-07-27,1112,123,227,883,2,2,4,21,0
2020-07-28,1136,125,231,903,2,2,4,21,0
2020-07-29,1161,127,234,925,2,2,4,21,0
2020-07-30,1186,129,238,946,2,2,4,22,0
2020-07-31,1212,131,242,968,2,2,4,22,0
2020-08-01,1237,132,245,990,2,2,4,22,0
2020-08-02,1263,134,249,1012,2,2,4,23,0
2020-08-03,1290,136,253,1035,2,2,4,23,0
2020-08-04,1317,138,256,1058,3,2,4,23,0
2020-08-05,1344,140,260,1081,3,2,4,24,0
2020-08-06,1372,142,264,1105,3,2,4,24,0
2020-08-07,1400,144,268,1129,3,2,4,24,0
2020-08-08,1428,146,272,1153,3,2,4,25,0
2020-08-09,1457,148,276,1178,3,2,4,25,0
2020-08-10,1485,150,279,1203,3,2,4,25,0
2020-08-11,1515,152,283,1229,3,2,4,26,0
2020-08-12,1545,153,287,1255,3,2,4,26,0
2020-08-13,1575,155,291,1281,3,2,4,26,0
2020-08-14,1605,157,295,1307,3,2,4,27,0
2020-08-15,1636,159,299,1334,3,2,4,27,0
2020-08-16,1668,161,303,1362,3,2,4,28,0
2020-08-17,1699,163,307,1389,3,2,4,28,0
2020-08-18,1731,165,311,1417,3,2,4,28,0
2020-08-19,1764,167,315,1446,3,2,4,29,0
2020-08-20,1798,169,320,1474,4,2,4,29,0
2020-08-21,1831,171,324,1503,4,2,4,29,0
2020-08-22,1865,173,328,1533,4,2,4,30,0
2020-08-23,1899,175,332,1563,4,2,4,30,0
2020-08-24,1933,177,336,1593,4,2,4,30,0
2020-08-25,1968,179,340,1624,4,2,4,31,0
2020-08-26,2003,181,344,1655,4,2,4,31,0
2020-08-27,2038,182,348,1686,4,2,4,32,0
2020-08-28,2074,184,352,1718,4,2,4,32,0
2020-08-29,2110,186,356,1750,4,2,4,32,0
2020-08-30,2147,188,361,1782,4,2,4,33,0
2020-08-31,2184,190,365,1815,4,2,4,33,0
2020-09-01,2221,192,369,1848,4,2,4,33,0
2020-09-02,2260,194,373,1882,5,2,4,34,0
2020-09-03,2298,195,377,1916,5,2,4,34,0
2020-09-04,2336,197,381,1950,5,2,4,35,0
2020-09-05,2375,199,385,1985,5,2,4,35,0
2020-09-06,2414,201,389,2020,5,2,4,35,0
2020-09-07,2453,202,393,2055,5,2,4,36,0
2020-09-08,2493,204,397,2091,5,2,4,36,0
2020-09-09,2533,206,401,2127,5,2,4,36,0
2020-09-10,2574,207,405,2164,5,2,4,37,0
2020-09-11,2614,209,409,2200,5,2,4,37,0
2020-09-12,2655,211,412,2238,5,2,4,37,0
2020-09-13,2696,212,416,2275,5,2,4,38,0
2020-09-14,2739,214,420,2313,6,2,4,38,0
2020-09-15,2781,215,424,2351,6,2,4,38,0
2020-09-16,2823,217,427,2390,6,1,4,39,0
2020-09-17,2866,218,431,2429,6,1,4,39,0
2020-09-18,2909,220,435,2468,6,1,4,39,0
2020-09-19,2951,221,438,2507,6,1,4,40,0
2020-09-20,2995,222,442,2547,6,1,3,40,0
2020-09-21,3038,224,445,2587,6,1,3,40,0
2020-09-22,3083,225,449,2628,6,1,3,41,0
2020-09-23,3127,226,452,2669,6,1,3,41,0
2020-09-24,3172,228,455,2710,7,1,3,41,0
2020-09-25,3216,229,458,2751,7,1,3,42,0
2020-09-26,3262,230,462,2793,7,1,3,42,0
2020-09-27,3307,231,465,2835,7,1,3,42,0
2020-09-28,3352,232,468,2877,7,1,3,42,0
2020-09-29,3398,233,471,2920,7,1,3,43,0
2020-09-30,3443,234,474,2962,7,1,3,43,0
2020-10-01,3488,235,476,3005,7,1,3,43,0
2020-10-02,3535,236,479,3049,7,1,3,43,0
2020-10-03,3581,237,482,3092,7,1,3,44,0
2020-10-04,3628,237,484,3136,8,1,3,44,0
2020-10-05,3675,238,487,3180,8,1,2,44,0
2020-10-06,3721,239,489,3224,8,1,2,44,0
2020-10-07,3769,240,492,3269,8,1,2,45,0
2020-10-08,3815,240,494,3313,8,1,2,45,0
2020-10-09,3862,241,496,3358,8,1,2,45,0
2020-10-10,3909,241,498,3403,8,0,2,45,0
2020-10-11,3957,242,500,3449,8,0,2,45,0
2020-10-12,4004,242,502,3494,8,0,2,46,0
2020-10-13,4053,242,504,3540,9,0,2,46,0
2020-10-14,4099,243,505,3585,9,0,2,46,0
2020-10-15,4147,243,507,3631,9,0,2,46,0
2020-10-16,4195,243,509,3677,9,0,1,46,0
2020-10-17,4242,243,510,3723,9,0,1,46,0
2020-10-18,4290,243,511,3770,9,0,1,46,0
2020-10-19,4337,243,512,3816,9,0,1,46,0
2020-10-20,4386,243,514,3863,9,0,1,47,0
2020-10-21,4433,243,515,3909,9,0,1,47,0
2020-10-22,4481,243,515,3956,10,0,1,47,0
2020-10-23,4529,243,516,4003,10,0,1,47,0
2020-10-24,4577,243,517,4050,10,0,1,47,0
2020-10-25,4624,243,518,4096,10,0,1,47,0
2020-10-26,4671,242,518,4143,10,0,0,47,0
2020-10-27,4718,242,518,4190,10,0,0,47,0
2020-10-28,4766,242,519,4237,10,0,0,47,0
2020-10-29,4813,241,519,4284,10,0,0,47,0
2020-10-30,4861,241,519,4332,10,0,0,47,0
2020-10-31,4909,240,519,4379,11,0,0,47,0
2020-11-01,4956,239,519,4426,11,0,0,47,0
2020-11-02,5002,239,518,4473,11,0,0,47,0
2020-11-03,5049,238,518,4520,11,0,0,47,0
2020-11-04,5096,237,518,4567,11,0,0,47,0
2020-11-05,5142,237,517,4614,11,0,0,47,0
2020-11-06,5187,236,516,4660,11,0,0,47,0
2020-11-07,5234,235,516,4707,11,0,0,47,0
2020-11-08,5280,234,515,4754,11,0,0,47,0
2020-11-09,5327,233,514,4801,12,0,0,47,0
2020-11-10,5372,232,513,4847,12,0,0,46,0
2020-11-11,5418,231,512,4894,12,0,0,46,0
2020-11-12,5462,230,510,4940,12,0,0,46,0
2020-11-13,5507,229,509,4986,12,0,0,46,0
2020-11-14,5551,228,507,5032,12,0,0,46,0
2020-11-15,5596,226,506,5078,12,0,0,46,0
2020-11-16,5640,225,504,5124,12,0,0,46,0
2020-11-17,5684,224,502,5170,12,0,0,46,0
2020-11-18,5729,222,501,5215,13,0,0,45,0
2020-11-19,5773,221,499,5261,13,0,0,45,0
2020-11-20,5816,220,497,5306,13,0,0,45,0
2020-11-21,5859,218,495,5351,13,0,0,45,0
2020-11-22,5901,217,492,5396,13,0,0,45,0
2020-11-23,5943,215,490,5440,13,0,0,44,0
2020-11-24,5986,214,488,5485,13,0,0,44,0
2020-11-25,6027,212,485,5529,13,0,0,44,0
2020-11-26,6069,211,483,5573,13,0,0,44,0
2020-11-27,6110,209,480,5616,14,0,0,44,0
2020-11-28,6152,208,478,5660,14,0,0,43,0
2020-11-29,6192,206,475,5703,14,0,0,43,0
2020-11-30,6232,204,472,5746,14,0,0,43,0
2020-12-01,6272,203,469,5789,14,0,0,43,0
2020-12-02,6311,201,466,5831,14,0,0,42,0
2020-12-03,6350,199,463,5873,14,0,0,42,0
2020-12-04,6389,198,460,5915,14,0,0,42,0
2020-12-05,6428,196,457,5957,14,0,0,41,0
2020-12-06,6466,194,454,5998,14,0,0,41,0
2020-12-07,6505,192,451,6039,15,0,0,41,0
2020-12-08,6543,191,448,6080,15,0,0,41,0
2020-12-09,6580,189,444,6121,15,0,0,40,0
2020-12-10,6617,187,441,6161,15,0,0,40,0
2020-12-11,6653,185,437,6201,15,0,0,40,0
2020-12-12,6689,183,434,6240,15,0,0,39,0
2020-12-13,6726,182,431,6280,15,0,0,39,0
2020-12-14,6760,180,427,6318,15,0,0,39,0
2020-12-15,6795,178,423,6357,15,0,0,38,0
2020-12-16,6830,176,420,6395,15,0,0,38,0
2020-12-17,6864,174,416,6433,15,0,0,38,0
2020-12-18,6899,172,412,6471,16,0,0,37,0
2020-12-19,6933,170,409,6508,16,0,0,37,0
2020-12-20,6966,169,405,6545,16,0,0,37,0
2020-12-21,6999,167,401,6582,16,0,0,36,0
2020-12-22,7031,165,397,6618,16,0,0,36,0
2020-12-23,7064,163,394,6654,16,0,0,36,0
2020-12-24,7095,161,390,6689,16,0,0,35,0
2020-12-25,7127,159,386,6725,16,0,0,35,0
2020-12-26,7158,157,382,6760,16,0,0,35,0
2020-12-27,7188,155,378,6794,16,0,0,34,0
2020-12-28,7218,154,374,6828,16,0,0,34,0
2020-12-29,7249,152,370,6862,17,0,0,34,0
2020-12-30,7278,150,366,6895,17,0,0,33,0
2020-12-31,7308,148,362,6929,17,0,0,33,0
2021-01-01,7337,146,359,6961,17,0,0,33,0
2021-01-02,7366,144,355,6994,17,0,0,32,0
2021-01-03,7394,142,351,7026,17,0,0,32,0
2021-01-04,7421,141,347,7057,17,0,0,31,0
2021-01-05,7449,139,343,7089,17,0,0,31,0
2021-01-06,7476,137,339,7120,17,0,0,31,0
2021-01-07,7502,135,335,7150,17,0,0,30,0
2021-01-08,7528,133,331,7180,17,0,0,30,0
2021-01-09,7554,132,327,7210,17,0,0,30,0
2021-01-10,7580,130,323,7240,17,0,0,29,0
2021-01-11,7606,128,319,7269,18,0,0,29,0
2021-01-12,7631,126,315,7298,18,0,0,29,0
2021-01-13,7655,125,311,7326,18,0,0,28,0
2021-01-14,7680,123,308,7354,18,0,0,28,0
2021-01-15,7704,121,304,7382,18,0,0,28,0
2021-01-16,7728,119,300,7410,18,0,0,27,0
2021-01-17,7751,118,296,7437,18,0,0,27,0
2021-01-18,7773,116,292,7463,18,0,0,26,0
2021-01-19,7796,114,288,7490,18,0,0,26,0
2021-01-20,7819,113,285,7516,18,0,0,26,0
2021-01-21,7840,111,281,7541,18,0,0,25,0
2021-01-22,7862,110,277,7567,18,0,0,25,0
2021-01-23,7883,108,273,7592,18,0,0,25,0
2021-01-24,7904,106,270,7616,18,0,0,24,0
2021-01-25,7925,105,266,7641,18,0,0,24,0
2021-01-26,7945,103,262,7665,18,0,0,24,0
2021-01-27,7966,102,259,7688,19,0,0,23,0
2021-01-28,7986,100,255,7712,19,0,0,23,0
2021-01-29,8006,99,252,7735,19,0,0,23,0
2021-01-30,8024,97,248,7757,19,0,0,23,0
2021-01-31,8044,96,245,7780,19,0,0,22,0
2021-02-01,8062,94,241,7802,19,0,0,22,0
2021-02-02,8081,93,238,7824,19,0,0,22,0
2021-02-03,8098,91,234,7845,19,0,0,21,0
2021-02-04,8116,90,231,7866,19,0,0,21,0
2021-02-05,8133,88,227,7887,19,0,0,21,0
2021-02-06,8151,87,224,7908,19,0,0,20,0
2021-02-07,8168,86,221,7928,19,0,0,20,0
2021-02-08,8185,84,218,7948,19,0,0,20,0
2021-02-09,8200,83,214,7967,19,0,0,19,0
2021-02-10,8217,82,211,7987,19,0,0,19,0
2021-02-11,8233,80,208,8006,19,0,0,19,0
2021-02-12,8248,79,205,8024,19,0,0,19,0
2021-02-13,8264,78,202,8043,19,0,0,18,0
2021-02-14,8279,77,199,8061,19,0,0,18,0
2021-02-15,8294,75,196,8079,19,0,0,18,0
2021-02-16,8309,74,193,8097,19,0,0,17,0
2021-02-17,8324,73,190,8114,20,0,0,17,0
2021-02-18,8338,72,187,8131,20,0,0,17,0
2021-02-19,8352,70,184,8148,20,0,0,17,0
2021-02-20,8366,69,181,8165,20,0,0,16,0
2021-02-21,8379,68,178,8181,20,0,0,16,0
2021-02-22,8392,67,175,8197,20,0,0,16,0
2021-02-23,8405,66,172,8213,20,0,0,16,0
2021-02-24,8418,65,170,8228,20,0,0,15,0
2021-02-25,8431,64,167,8244,20,0,0,15,0
2021-02-26,8443,63,164,8259,20,0,0,15,0
2021-02-27,8455,62,162,8273,20,0,0,15,0
2021-02-28,8467,61,159,8288,20,0,0,14,0
2021-03-01,8479,60,157,8302,20,0,0,14,0
2021-03-02,8490,59,154,8316,20,0,0,14,0
2021-03-03,8501,58,151,8330,20,0,0,14,0
2021-03-04,8513,57,149,8344,20,0,0,14,0
2021-03-05,8524,56,147,8357,20,0,0,13,0
2021-03-06,8535,55,144,8371,20,0,0,13,0
2021-03-07,8546,54,142,8384,20,0,0,13,0
2021-03-08,8555,53,139,8396,20,0,0,13,0
2021-03-09,8566,52,137,8409,20,0,0,12,0
2021-03-10,8576,51,135,8421,20,0,0,12,0
2021-03-11,8586,50,133,8433,20,0,0,12,0
2021-03-12,8595,49,130,8445,20,0,0,12,0
2021-03-13,8605,48,128,8457,20,0,0,12,0
2021-03-14,8615,47,126,8469,20,0,0,11,0
2021-03-15,8624,47,124,8480,20,0,0,11,0
2021-03-16,8633,46,122,8491,20,0,0,11,0
2021-03-17,8642,45,120,8502,20,0,0,11,0
2021-03-18,8651,44,118,8513,20,0,0,11,0
2021-03-19,8661,43,116,8524,21,0,0,10,0
2021-03-20,8669,43,114,8534,21,0,0,10,0
2021-03-21,8677,42,112,8544,21,0,0,10,0
2021-03-22,8685,41,110,8554,21,0,0,10,0
2021-03-23,8693,40,108,8564,21,0,0,10,0
2021-03-24,8701,40,106,8574,21,0,0,10,0
2021-03-25,8708,39,104,8583,21,0,0,9,0
2021-03-26,8716,38,102,8593,21,0,0,9,0
2021-03-27,8724,38,101,8602,21,0,0,9,0
2021-03-28,8731,37,99,8611,21,0,0,9,0
2021-03-29,8738,36,97,8620,21,0,0,9,0
2021-03-30,8745,36,95,8629,21,0,0,9,0
2021-03-31,8752,35,94,8637,21,0,0,9,0
2021-04-01,8759,34,92,8646,21,0,0,8,0
2021-04-02,8766,34,91,8654,21,0,0,8,0
2021-04-03,8772,33,89,8662,21,0,0,8,0
2021-04-04,8778,33,87,8670,21,0,0,8,0
2021-04-05,8785,32,86,8678,21,0,0,8,0
2021-04-06,8791,31,84,8686,21,0,0,8,0
2021-04-07,8797,31,83,8693,21,0,0,8,0
2021-04-08,8803,30,81,8701,21,0,0,7,0
2021-04-09,8809,30,80,8708,21,0,0,7,0
2021-04-10,8814,29,78,8715,21,0,0,7,0
2021-04-11,8821,29,77,8723,21,0,0,7,0
2021-04-12,8826,28,76,8729,21,0,0,7,0
2021-04-13,8831,28,74,8736,21,0,0,7,0
2021-04-14,8837,27,73,8743,21,0,0,7,0
2021-04-15,8843,27,72,8750,21,0,0,7,0
2021-04-16,8847,26,70,8756,21,0,0,6,0
2021-04-17,8852,26,69,8762,21,0,0,6,0
2021-04-18,8858,25,68,8769,21,0,0,6,0
2021-04-19,8863,25,67,8775,21,0,0,6,0
2021-04-20,8867,24,65,8781,21,0,0,6,0
2021-04-21,8872,24,64,8787,21,0,0,6,0
2021-04-22,8876,23,63,8792,21,0,0,6,0
2021-04-23,8881,23,62,8798,21,0,0,6,0
2021-04-24,8886,23,61,8804,21,0,0,6,0
2021-04-25,8890,22,60,8809,21,0,0,5,0
2021-04-26,8894,22,59,8814,21,0,0,5,0
2021-04-27,8899,21,58,8820,21,0,0,5,0
2021-04-28,8903,21,57,8825,21,0,0,5,0
2021-04-29,8906,21,55,8830,21,0,0,5,0
2021-04-30,8910,20,54,8835,21,0,0,5,0
2021-05-01,8914,20,53,8840,21,0,0,5,0
2021-05-02,8919,19,53,8845,21,0,0,5,0
2021-05-03,8922,19,52,8849,21,0,0,5,0
2021-05-04,8926,19,51,8854,21,0,0,5,0
2021-05-05,8930,18,50,8859,21,0,0,5,0
2021-05-06,8933,18,49,8863,21,0,0,4,0
2021-05-07,8937,18,48,8868,21,0,0,4,0
2021-05-08,8940,17,47,8872,21,0,0,4,0
2021-05-09,8943,17,46,8876,21,0,0,4,0
2021-05-10,8946,17,45,8880,21,0,0,4,0
2021-05-11,8949,16,44,8884,21,0,0,4,0
2021-05-12,8953,16,44,8888,21,0,0,4,0
2021-05-13,8956,16,43,8892,21,0,0,4,0
2021-05-14,8959,15,42,8896,21,0,0,4,0
2021-05-15,8962,15,41,8900,21,0,0,4,0
2021-05-16,8965,15,40,8904,21,0,0,4,0
2021-05-17,8968,15,40,8907,21,0,0,4,0
2021-05-18,8971,14,39,8911,21,0,0,4,0
2021-05-19,8973,14,38,8914,21,0,0,3,0
2021-05-20,8977,14,38,8918,21,0,0,3,0
2021-05-21,8979,14,37,8921,21,0,0,3,0
2021-05-22,8981,13,36,8924,21,0,0,3,0
2021-05-23,8984,13,35,8928,21,0,0,3,0
2021-05-24,8988,13,35,8931,22,0,0,3,0
2021-05-25,8990,13,34,8934,22,0,0,3,0
2021-05-26,8993,12,34,8937,22,0,0,3,0
2021-05-27,8995,12,33,8940,22,0,0,3,0
2021-05-28,8997,12,32,8943,22,0,0,3,0
2021-05-29,9000,12,32,8946,22,0,0,3,0
2021-05-30,9002,11,31,8949,22,0,0,3,0
2021-05-31,9005,11,31,8952,22,0,0,3,0
2021-06-01,9006,11,30,8954,22,0,0,3,0
2021-06-02,9008,11,29,8957,22,0,0,3,0
2021-06-03,9011,11,29,8960,22,0,0,3,0
2021-06-04,9012,10,28,8962,22,0,0,3,0
2021-06-05,9015,10,28,8965,22,0,0,3,0
2021-06-06,9016,10,27,8967,22,0,0,2,0
2021-06-07,9019,10,27,8970,22,0,0,2,0
2021-06-08,9020,10,26,8972,22,0,0,2,0
2021-06-09,9023,9,26,8975,22,0,0,2,0
2021-06-10,9024,9,25,8977,22,0,0,2,0
2021-06-11,9026,9,25,8979,22,0,0,2,0
2021-06-12,9027,9,24,8981,22,0,0,2,0
2021-06-13,9030,9,24,8984,22,0,0,2,0
2021-06-14,9031,9,23,8986,22,0,0,2,0
2021-06-15,9033,8,23,8988,22,0,0,2,0
