Date,Infected,Exposed,Active,Recovered,Deaths,Diff Exposed,Diff Active,Diff Recovered,Diff Deaths
2020-06-27,3287,381,874,2386,27,8,0,79,1
2020-06-28,3362,388,870,2464,28,6,0,78,1
2020-06-29,3439,394,868,2542,29,5,0,78,1
2020-06-30,3516,399,866,2620,30,4,0,78,1
2020-07-01,3595,402,866,2698,31,3,0,78,1
2020-07-02,3675,405,867,2776,32,3,1,78,1
2020-07-03,3754,408,867,2854,33,2,1,78,1
2020-07-04,3835,410,869,2932,34,2,1,78,1
2020-07-05,3915,411,870,3010,35,2,2,78,1
2020-07-06,3995,413,872,3088,35,1,2,78,1
2020-07-07,4075,414,873,3166,36,1,2,78,1
2020-07-08,4157,415,875,3245,37,1,2,79,1
2020-07-09,4239,416,877,3324,38,1,2,79,1
2020-07-10,4321,417,879,3403,39,1,2,79,1
2020-07-11,4403,418,881,3482,40,1,2,79,1
2020-07-12,4485,419,883,3561,41,1,2,79,1
2020-07-13,4567,420,885,3640,42,1,2,80,1
2020-07-14,4649,421,886,3720,43,1,2,80,1
2020-07-15,4732,421,888,3800,44,1,2,80,1
2020-07-16,4813,422,890,3879,44,1,2,80,1
2020-07-17,4897,423,892,3960,45,1,2,80,1
2020-07-18,4980,424,894,4040,46,1,2,80,1
2020-07-19,5063,424,896,4120,47,1,2,81,1
2020-07-20,5146,425,897,4201,48,1,2,81,1
2020-07-21,5229,426,899,4281,49,1,2,81,1
2020-07-22,5313,426,901,4362,50,1,2,81,1
2020-07-23,5397,427,903,4443,51,1,2,81,1
2020-07-24,5481,427,904,4525,52,1,2,81,1
2020-07-25,5565,428,906,4606,53,1,2,81,1
2020-07-26,5648,429,907,4687,54,1,2,82,1
2020-07-27,5733,429,909,4769,55,1,2,82,1
2020-07-28,5817,430,910,4851,56,1,1,82,1
2020-07-29,5902,430,912,4933,57,1,1,82,1
2020-07-30,5985,431,913,5015,57,0,1,82,1
2020-07-31,6070,431,915,5097,58,0,1,82,1
2020-08-01,6154,432,916,5179,59,0,1,82,1
2020-08-02,6238,432,917,5261,60,0,1,82,1
2020-08-03,6324,433,919,5344,61,0,1,83,1
2020-08-04,6408,433,920,5426,62,0,1,83,1
2020-08-05,6493,433,921,5509,63,0,1,83,1
2020-08-06,6578,434,922,5592,64,0,1,83,1
2020-08-07,6664,434,924,5675,65,0,1,83,1
2020-08-08,6749,434,925,5758,66,0,1,83,1
2020-08-09,6834,435,926,5841,67,0,1,83,1
2020-08-10,6919,435,927,5924,68,0,1,83,1
2020-08-11,7005,435,928,6008,69,0,1,83,1
2020-08-12,7090,436,929,6091,70,0,1,83,1
2020-08-13,7176,436,930,6175,71,0,1,84,1
2020-08-14,7261,436,931,6258,72,0,1,84,1
2020-08-15,7347,436,932,6342,73,0,1,84,1
2020-08-16,7433,437,933,6426,74,0,1,84,1
2020-08-17,7518,437,933,6510,75,0,1,84,1
2020-08-18,7604,437,934,6594,76,0,1,84,1
2020-08-19,7690,437,935,6678,77,0,1,84,1
2020-08-20,7776,437,936,6762,78,0,1,84,1
2020-08-21,7860,437,936,6846,78,0,1,84,1
2020-08-22,7946,437,937,6930,79,0,1,84,1
2020-08-23,8031,438,937,7014,80,0,1,84,1
2020-08-24,8117,438,938,7098,81,0,1,84,1
2020-08-25,8204,438,939,7183,82,0,0,84,1
2020-08-26,8289,438,939,7267,83,0,0,84,1
2020-08-27,8375,438,939,7352,84,0,0,84,1
2020-08-28,8461,438,940,7436,85,0,0,84,1
2020-08-29,8547,438,940,7521,86,0,0,85,1
2020-08-30,8633,438,941,7605,87,0,0,85,1
2020-08-31,8719,438,941,7690,88,0,0,85,1
2020-09-01,8804,437,941,7774,89,0,0,85,1
2020-09-02,8890,437,941,7859,90,0,0,85,1
2020-09-03,8975,437,941,7943,91,0,0,85,1
2020-09-04,9062,437,942,8028,92,0,0,85,1
2020-09-05,9148,437,942,8113,93,0,0,85,1
2020-09-06,9233,437,942,8197,94,0,0,85,1
2020-09-07,9319,437,942,8282,95,0,0,85,1
2020-09-08,9404,436,942,8366,96,0,0,85,1
2020-09-09,9490,436,942,8451,97,0,0,85,1
2020-09-10,9576,436,942,8536,98,0,0,85,1
2020-09-11,9660,436,941,8620,99,0,0,85,1
2020-09-12,9746,435,941,8705,100,0,0,85,1
2020-09-13,9832,435,941,8790,101,0,0,85,1
2020-09-14,9917,435,941,8874,102,0,0,85,1
2020-09-15,10003,435,941,8959,103,0,0,85,1
2020-09-16,10087,434,940,9043,104,0,0,85,1
2020-09-17,10173,434,940,9128,105,0,0,84,1
2020-09-18,10257,433,939,9212,106,0,0,84,1
2020-09-19,10343,433,939,9297,107,0,0,84,1
2020-09-20,10428,433,939,9381,108,0,0,84,1
2020-09-21,10512,432,938,9465,109,0,0,84,1
2020-09-22,10597,432,938,9550,109,0,0,84,1
2020-09-23,10681,431,937,9634,110,0,0,84,1
2020-09-24,10765,431,936,9718,111,0,0,84,1
2020-09-25,10850,430,936,9802,112,0,0,84,1
2020-09-26,10934,430,935,9886,113,0,0,84,1
2020-09-27,11018,429,934,9970,114,0,0,84,1
2020-09-28,11102,429,933,10054,115,0,0,84,1
2020-09-29,11187,428,933,10138,116,0,0,84,1
2020-09-30,11271,428,932,10222,117,0,0,84,1
2020-10-01,11355,427,931,10306,118,0,0,84,1
2020-10-02,11438,426,930,10389,119,0,0,84,1
2020-10-03,11522,426,929,10473,120,0,0,84,1
2020-10-04,11605,425,928,10556,121,0,0,83,1
2020-10-05,11689,425,927,10640,122,0,0,83,1
2020-10-06,11772,424,926,10723,123,0,0,83,1
2020-10-07,11855,423,925,10806,124,0,0,83,1
2020-10-08,11938,422,924,10889,125,0,0,83,1
2020-10-09,12021,422,923,10972,126,0,0,83,1
2020-10-10,12103,421,921,11055,127,0,0,83,1
2020-10-11,12186,420,920,11138,128,0,0,83,1
2020-10-12,12269,420,919,11221,129,0,0,83,1
2020-10-13,12351,419,918,11303,130,0,0,82,1
2020-10-14,12433,418,916,11386,131,0,0,82,1
2020-10-15,12514,417,915,11468,131,0,0,82,1
2020-10-16,12596,416,914,11550,132,0,0,82,1
2020-10-17,12677,415,912,11632,133,0,0,82,1
2020-10-18,12759,415,911,11714,134,0,0,82,1
2020-10-19,12840,414,909,11796,135,0,0,82,1
2020-10-20,12921,413,908,11877,136,0,0,82,1
2020-10-21,13002,412,906,11959,137,0,0,81,1
2020-10-22,13082,411,904,12040,138,0,0,81,1
2020-10-23,13164,410,903,12122,139,0,0,81,1
2020-10-24,13244,409,901,12203,140,0,0,81,1
2020-10-25,13325,408,900,12284,141,0,0,81,1
2020-10-26,13404,407,898,12364,142,0,0,81,1
2020-10-27,13484,406,896,12445,143,0,0,81,1
2020-10-28,13564,405,894,12526,144,0,0,80,1
2020-10-29,13643,404,892,12606,145,0,0,80,1
2020-10-30,13722,403,891,12686,145,0,0,80,1
2020-10-31,13801,402,889,12766,146,0,0,80,1
2020-11-01,13880,401,887,12846,147,0,0,80,1
2020-11-02,13958,400,885,12925,148,0,0,80,1
2020-11-03,14037,399,883,13005,149,0,0,79,1
2020-11-04,14115,398,881,13084,150,0,0,79,1
2020-11-05,14193,397,879,13163,151,0,0,79,1
2020-11-06,14271,396,877,13242,152,0,0,79,1
2020-11-07,14349,395,875,13321,153,0,0,79,1
2020-11-08,14427,394,873,13400,154,0,0,78,1
2020-11-09,14504,393,871,13478,155,0,0,78,1
2020-11-10,14579,392,868,13556,155,0,0,78,1
2020-11-11,14656,390,866,13634,156,0,0,78,1
2020-11-12,14733,389,864,13712,157,0,0,78,1
2020-11-13,14809,388,862,13789,158,0,0,77,1
2020-11-14,14886,387,860,13867,159,0,0,77,1
2020-11-15,14961,386,857,13944,160,0,0,77,1
2020-11-16,15037,385,855,14021,161,0,0,77,1
2020-11-17,15113,383,853,14098,162,0,0,77,1
2020-11-18,15187,382,850,14174,163,0,0,76,1
2020-11-19,15262,381,848,14251,163,0,0,76,1
2020-11-20,15337,380,846,14327,164,0,0,76,1
2020-11-21,15411,378,843,14403,165,0,0,76,1
2020-11-22,15485,377,841,14478,166,0,0,76,1
2020-11-23,15559,376,838,14554,167,0,0,75,1
2020-11-24,15633,375,836,14629,168,0,0,75,1
2020-11-25,15706,373,833,14704,169,0,0,75,1
2020-11-26,15779,372,831,14779,169,0,0,75,1
2020-11-27,15851,371,828,14853,170,0,0,74,1
2020-11-28,15924,369,825,14928,171,0,0,74,1
2020-11-29,15997,368,823,15002,172,0,0,74,1
2020-11-30,16069,367,820,15076,173,0,0,74,1
2020-12-01,16141,366,818,15149,174,0,0,73,1
2020-12-02,16213,364,815,15223,175,0,0,73,1
2020-12-03,16283,363,812,15296,175,0,0,73,1
2020-12-04,16355,362,810,15369,176,0,0,73,1
2020-12-05,16426,360,807,15442,177,0,0,73,1
2020-12-06,16496,359,804,15514,178,0,0,72,1
2020-12-07,16566,357,801,15586,179,0,0,72,1
2020-12-08,16637,356,799,15658,180,0,0,72,1
2020-12-09,16706,355,796,15730,180,0,0,72,1
2020-12-10,16775,353,793,15801,181,0,0,71,1
2020-12-11,16844,352,790,15872,182,0,0,71,1
2020-12-12,16913,351,787,15943,183,0,0,71,1
2020-12-13,16982,349,784,16014,184,0,0,71,1
2020-12-14,17050,348,782,16084,184,0,0,70,1
2020-12-15,17119,346,779,16155,185,0,0,70,1
2020-12-16,17186,345,776,16224,186,0,0,70,1
2020-12-17,17254,343,773,16294,187,0,0,69,1
2020-12-18,17321,342,770,16363,188,0,0,69,1
2020-12-19,17388,341,767,16433,188,0,0,69,1
2020-12-20,17454,339,764,16501,189,0,0,69,1
2020-12-21,17521,338,761,16570,190,0,0,68,1
2020-12-22,17587,336,758,16638,191,0,0,68,1
2020-12-23,17653,335,755,16706,192,0,0,68,1
2020-12-24,17718,333,752,16774,192,0,0,68,1
2020-12-25,17784,332,749,16842,193,0,0,67,1
2020-12-26,17849,330,746,16909,194,0,0,67,1
2020-12-27,17914,329,743,16976,195,0,0,67,1
2020-12-28,17978,328,740,17043,195,0,0,67,1
2020-12-29,18042,326,737,17109,196,0,0,66,1
2020-12-30,18106,325,734,17175,197,0,0,66,1
2020-12-31,18170,323,731,17241,198,0,0,66,1
2021-01-01,18233,322,728,17307,198,0,0,65,1
2021-01-02,18296,320,725,17372,199,0,0,65,1
2021-01-03,18359,319,722,17437,200,0,0,65,1
2021-01-04,18421,317,718,17502,201,0,0,65,1
2021-01-05,18482,316,715,17566,201,0,0,64,1
2021-01-06,18544,314,712,17630,202,0,0,64,1
2021-01-07,18606,313,709,17694,203,0,0,64,1
2021-01-08,18668,311,706,17758,204,0,0,63,1
2021-01-09,18728,310,703,17821,204,0,0,63,1
2021-01-10,18789,308,700,17884,205,0,0,63,1
2021-01-11,18849,307,696,17947,206,0,0,63,1
2021-01-12,18908,305,693,18009,206,0,0,62,1
2021-01-13,18969,304,690,18072,207,0,0,62,1
2021-01-14,19029,302,687,18134,208,0,0,62,1
2021-01-15,19088,301,684,18195,209,0,0,61,1
2021-01-16,19147,299,681,18257,209,0,0,61,1
2021-01-17,19205,298,677,18318,210,0,0,61,1
2021-01-18,19263,296,674,18378,211,0,0,61,1
2021-01-19,19321,295,671,18439,211,0,0,60,1
2021-01-20,19379,293,668,18499,212,0,0,60,1
2021-01-21,19437,292,665,18559,213,0,0,60,1
2021-01-22,19493,290,661,18619,213,0,0,59,1
2021-01-23,19550,289,658,18678,214,0,0,59,1
2021-01-24,19607,287,655,18737,215,0,0,59,1
2021-01-25,19664,286,652,18796,216,0,0,59,1
2021-01-26,19718,284,648,18854,216,0,0,58,1
2021-01-27,19774,283,645,18912,217,0,0,58,1
2021-01-28,19830,281,642,18970,218,0,0,58,1
2021-01-29,19885,280,639,19028,218,0,0,57,1
2021-01-30,19940,278,636,19085,219,0,0,57,1
2021-01-31,19993,277,632,19142,219,0,0,57,1
2021-02-01,20048,275,629,19199,220,0,0,57,1
2021-02-02,20102,274,626,19255,221,0,0,56,1
2021-02-03,20155,272,623,19311,221,0,0,56,1
2021-02-04,20208,271,619,19367,222,0,0,56,1
2021-02-05,20262,269,616,19423,223,0,0,55,1
2021-02-06,20314,268,613,19478,223,0,0,55,1
2021-02-07,20367,266,610,19533,224,0,0,55,1
2021-02-08,20420,265,607,19588,225,0,0,55,1
2021-02-09,20470,263,603,19642,225,0,0,54,1
2021-02-10,20522,262,600,19696,226,0,0,54,1
2021-02-11,20573,260,597,19750,226,0,0,54,1
2021-02-12,20625,259,594,19804,227,0,0,53,1
2021-02-13,20675,257,590,19857,228,0,0,53,1
2021-02-14,20725,256,587,19910,228,0,0,53,1
2021-02-15,20776,254,584,19963,229,0,0,52,1
2021-02-16,20825,253,581,20015,229,0,0,52,1
2021-02-17,20875,252,578,20067,230,0,0,52,1
2021-02-18,20924,250,574,20119,231,0,0,52,1
2021-02-19,20972,249,571,20170,231,0,0,51,1
2021-02-20,21022,247,568,20222,232,0,0,51,1
2021-02-21,21070,246,565,20273,232,0,0,51,1
2021-02-22,21118,244,562,20323,233,0,0,50,1
2021-02-23,21167,243,559,20374,234,0,0,50,1
2021-02-24,21213,241,555,20424,234,0,0,50,1
2021-02-25,21261,240,552,20474,235,0,0,50,1
2021-02-26,21307,239,549,20523,235,0,0,49,1
2021-02-27,21354,237,546,20572,236,0,0,49,1
2021-02-28,21400,236,543,20621,236,0,0,49,1
2021-03-01,21447,234,540,20670,237,0,0,49,1
2021-03-02,21493,233,537,20718,238,0,0,48,1
2021-03-03,21537,231,533,20766,238,0,0,48,1
2021-03-04,21583,230,530,20814,239,0,0,48,1
2021-03-05,21628,229,527,20862,239,0,0,47,1
2021-03-06,21673,227,524,20909,240,0,0,47,1
2021-03-07,21717,226,521,20956,240,0,0,47,1
2021-03-08,21762,224,518,21003,241,0,0,47,1
2021-03-09,21805,223,515,21049,241,0,0,46,1
2021-03-10,21849,222,512,21095,242,0,0,46,1
2021-03-11,21892,220,509,21141,242,0,0,46,1
2021-03-12,21936,219,506,21187,243,0,0,45,1
2021-03-13,21978,217,503,21232,243,0,0,45,1
2021-03-14,22020,216,499,21277,244,0,0,45,1
2021-03-15,22062,215,496,21322,244,0,0,45,1
2021-03-16,22105,213,493,21367,245,0,0,44,1
2021-03-17,22146,212,490,21411,245,0,0,44,1
2021-03-18,22188,211,487,21455,246,0,0,44,1
2021-03-19,22230,209,484,21499,247,0,0,44,0
2021-03-20,22270,208,481,21542,247,0,0,43,0
2021-03-21,22310,207,478,21585,247,0,0,43,0
2021-03-22,22351,205,475,21628,248,0,0,43,0
2021-03-23,22391,204,472,21671,248,0,0,42,0
2021-03-24,22432,203,470,21713,249,0,0,42,0
2021-03-25,22471,201,467,21755,249,0,0,42,0
2021-03-26,22511,200,464,21797,250,0,0,42,0
2021-03-27,22550,199,461,21839,250,0,0,41,0
2021-03-28,22589,197,458,21880,251,0,0,41,0
2021-03-29,22627,196,455,21921,251,0,0,41,0
2021-03-30,22666,195,452,21962,252,0,0,41,0
2021-03-31,22703,194,449,22002,252,0,0,40,0
2021-04-01,22742,192,446,22043,253,0,0,40,0
2021-04-02,22779,191,443,22083,253,0,0,40,0
2021-04-03,22816,190,440,22122,254,0,0,40,0
2021-04-04,22854,188,438,22162,254,0,0,39,0
2021-04-05,22891,187,435,22201,255,0,0,39,0
2021-04-06,22927,186,432,22240,255,0,0,39,0
2021-04-07,22963,185,429,22279,255,0,0,39,0
2021-04-08,22999,183,426,22317,256,0,0,38,0
2021-04-09,23035,182,424,22355,256,0,0,38,0
2021-04-10,23071,181,421,22393,257,0,0,38,0
2021-04-11,23106,180,418,22431,257,0,0,38,0
2021-04-12,23142,178,415,22469,258,0,0,37,0
2021-04-13,23176,177,412,22506,258,0,0,37,0
2021-04-14,23211,176,410,22543,258,0,0,37,0
2021-04-15,23246,175,407,22580,259,0,0,37,0
2021-04-16,23279,174,404,22616,259,0,0,36,0
2021-04-17,23314,172,402,22652,260,0,0,36,0
2021-04-18,23347,171,399,22688,260,0,0,36,0
2021-04-19,23381,170,396,22724,261,0,0,36,0
2021-04-20,23415,169,394,22760,261,0,0,35,0
2021-04-21,23447,168,391,22795,261,0,0,35,0
2021-04-22,23480,167,388,22830,262,0,0,35,0
2021-04-23,23513,165,386,22865,262,0,0,35,0
2021-04-24,23545,164,383,22899,263,0,0,34,0
2021-04-25,23577,163,380,22934,263,0,0,34,0
2021-04-26,23609,162,378,22968,263,0,0,34,0
2021-04-27,23641,161,375,23002,264,0,0,34,0
2021-04-28,23672,160,373,23035,264,0,0,33,0
2021-04-29,23704,159,370,23069,265,0,0,33,0
2021-04-30,23734,157,367,23102,265,0,0,33,0
2021-05-01,23765,156,365,23135,265,0,0,33,0
2021-05-02,23795,155,362,23167,266,0,0,33,0
2021-05-03,23826,154,360,23200,266,0,0,32,0
2021-05-04,23855,153,357,23232,266,0,0,32,0
2021-05-05,23886,152,355,23264,267,0,0,32,0
2021-05-06,23915,151,352,23296,267,0,0,32,0
2021-05-07,23945,150,350,23328,267,0,0,31,0
2021-05-08,23974,149,347,23359,268,0,0,31,0
2021-05-09,24003,148,345,23390,268,0,0,31,0
2021-05-10,24033,147,343,23421,269,0,0,31,0
2021-05-11,24061,145,340,23452,269,0,0,31,0
2021-05-12,24089,144,338,23482,269,0,0,30,0
2021-05-13,24118,143,335,23513,270,0,0,30,0
2021-05-14,24146,142,333,23543,270,0,0,30,0
2021-05-15,24173,141,331,23572,270,0,0,30,0
2021-05-16,24201,140,328,23602,271,0,0,30,0
2021-05-17,24229,139,326,23632,271,0,0,29,0
2021-05-18,24256,138,324,23661,271,0,0,29,0
2021-05-19,24283,137,321,23690,272,0,0,29,0
2021-05-20,24310,136,319,23719,272,0,0,29,0
2021-05-21,24336,135,317,23747,272,0,0,28,0
2021-05-22,24363,134,314,23776,273,0,0,28,0
2021-05-23,24389,133,312,23804,273,0,0,28,0
2021-05-24,24415,132,310,23832,273,0,0,28,0
2021-05-25,24441,131,308,23859,274,0,0,28,0
2021-05-26,24466,130,305,23887,274,0,0,27,0
2021-05-27,24491,129,303,23914,274,0,0,27,0
2021-05-28,24518,128,301,23942,275,0,0,27,0
2021-05-29,24543,127,299,23969,275,0,0,27,0
2021-05-30,24567,126,297,23995,275,0,0,27,0
2021-05-31,24591,125,294,24022,275,0,0,26,0
2021-06-01,24616,125,292,24048,276,0,0,26,0
2021-06-02,24641,124,290,24075,276,0,0,26,0
2021-06-03,24665,123,288,24101,276,0,0,26,0
2021-06-04,24689,122,286,24126,277,0,0,26,0
2021-06-05,24713,121,284,24152,277,0,0,26,0
2021-06-06,24736,120,282,24177,277,0,0,25,0
2021-06-07,24761,119,280,24203,278,0,0,25,0
2021-06-08,24784,118,278,24228,278,0,0,25,0
2021-06-09,24806,117,275,24253,278,0,0,25,0
2021-06-10,24828,116,273,24277,278,0,0,25,0
2021-06-11,24852,115,271,24302,279,0,0,24,0
2021-06-12,24874,115,269,24326,279,0,0,24,0
2021-06-13,24896,114,267,24350,279,0,0,24,0
2021-06-14,24918,113,265,24374,279,0,0,24,0
2021-06-15,24941,112,263,24398,280,0,0,24,0
2021-06-16,24963,111,261,24422,280,0,0,23,0
2021-06-17,24984,110,259,24445,280,0,0,23,0
2021-06-18,25006,109,257,24468,281,0,0,23,0
2021-06-19,25028,109,256,24491,281,0,0,23,0
2021-06-20,25049,108,254,24514,281,0,0,23,0
2021-06-21,25070,107,252,24537,281,0,0,23,0
2021-06-22,25092,106,250,24560,282,0,0,22,0
