Date,Infected,Exposed,Active,Recovered,Deaths,Diff Exposed,Diff Active,Diff Recovered,Diff Deaths
2020-07-12,109,20,23,86,0,0,2,2,0
2020-07-13,113,20,25,88,0,0,2,2,0
2020-07-14,116,20,26,90,0,0,1,2,0
2020-07-15,121,20,28,93,0,0,1,3,0
2020-07-16,124,20,29,95,0,0,1,3,0
2020-07-17,128,21,30,98,0,1,1,3,0
2020-07-18,133,22,32,101,0,1,1,3,0
2020-07-19,137,22,33,104,0,1,1,3,0
2020-07-20,142,23,35,107,0,1,1,3,0
2020-07-21,146,24,36,110,0,1,1,3,0
2020-07-22,150,25,37,113,0,1,1,3,0
2020-07-23,156,26,39,117,0,1,1,4,0
2020-07-24,160,27,40,120,0,1,2,4,0
2020-07-25,166,28,42,124,0,1,2,4,0
2020-07-26,171,29,43,128,0,1,2,4,0
2020-07-27,177,30,45,132,0,1,2,4,0
2020-07-28,183,31,47,136,0,1,2,4,0
2020-07-29,189,32,49,140,0,1,2,4,0
2020-07-30,196,33,51,145,0,1,2,5,0
2020-07-31,202,34,53,149,0,1,2,5,0
2020-08-01,209,36,55,154,0,1,2,5,0
2020-08-02,216,37,57,159,0,1,2,5,0
2020-08-03,223,39,59,164,0,1,2,5,0
2020-08-04,231,40,61,170,0,1,2,6,0
2020-08-05,239,42,63,175,1,2,2,6,0
2020-08-06,248,43,66,181,1,2,2,6,0
2020-08-07,256,45,68,187,1,2,3,6,0
2020-08-08,266,46,71,194,1,2,3,6,0
2020-08-09,275,48,74,200,1,2,3,7,0
2020-08-10,284,50,76,207,1,2,3,7,0
2020-08-11,294,52,79,214,1,2,3,7,0
2020-08-12,304,54,82,221,1,2,3,7,0
2020-08-13,315,56,85,229,1,2,3,8,0
2020-08-14,327,58,89,237,1,2,3,8,0
2020-08-15,338,60,92,245,1,2,3,8,0
2020-08-16,349,62,95,253,1,2,4,9,0
2020-08-17,362,65,99,262,1,2,4,9,0
2020-08-18,375,67,103,271,1,2,4,9,0
2020-08-19,388,70,107,280,1,3,4,10,0
2020-08-20,402,72,111,290,1,3,4,10,0
2020-08-21,416,75,115,300,1,3,4,10,0
2020-08-22,431,78,119,311,1,3,4,11,0
2020-08-23,446,80,123,322,1,3,5,11,0
2020-08-24,462,83,128,333,1,3,5,12,0
2020-08-25,479,86,133,345,1,3,5,12,0
2020-08-26,496,90,138,357,1,3,5,12,0
2020-08-27,514,93,143,370,1,3,5,13,0
2020-08-28,532,96,148,383,1,3,5,13,0
2020-08-29,552,100,154,397,1,4,6,14,0
2020-08-30,571,103,159,411,1,4,6,14,0
2020-08-31,591,107,165,425,1,4,6,15,0
2020-09-01,613,111,171,441,1,4,6,16,0
2020-09-02,635,115,178,456,1,4,6,16,0
2020-09-03,658,119,184,473,1,4,7,17,0
2020-09-04,682,123,191,490,1,4,7,17,0
2020-09-05,706,128,198,507,1,4,7,18,0
2020-09-06,732,132,205,525,2,5,7,19,0
2020-09-07,758,137,212,544,2,5,8,19,0
2020-09-08,785,142,220,563,2,5,8,20,0
2020-09-09,814,147,228,584,2,5,8,21,0
2020-09-10,843,152,236,605,2,5,8,21,0
2020-09-11,872,157,244,626,2,5,9,22,0
2020-09-12,904,162,253,649,2,6,9,23,0
2020-09-13,936,168,262,672,2,6,9,24,0
2020-09-14,969,174,271,696,2,6,9,25,0
2020-09-15,1004,180,281,721,2,6,10,25,0
2020-09-16,1039,186,290,747,2,6,10,26,0
2020-09-17,1075,192,300,773,2,6,10,27,0
2020-09-18,1114,198,311,801,2,7,11,28,0
2020-09-19,1153,205,322,829,2,7,11,29,0
2020-09-20,1195,212,333,859,3,7,11,30,0
2020-09-21,1236,219,344,889,3,7,12,31,0
2020-09-22,1280,226,356,921,3,7,12,32,0
2020-09-23,1325,233,368,954,3,7,12,33,0
2020-09-24,1370,240,380,987,3,8,13,34,0
2020-09-25,1418,248,393,1022,3,8,13,36,0
2020-09-26,1467,256,406,1058,3,8,13,37,0
2020-09-27,1518,264,419,1096,3,8,14,38,0
2020-09-28,1570,272,433,1134,3,8,14,39,0
2020-09-29,1624,281,447,1174,3,8,14,41,0
2020-09-30,1681,289,462,1215,4,9,15,42,0
2020-10-01,1738,298,477,1257,4,9,15,43,0
2020-10-02,1797,307,492,1301,4,9,15,45,0
2020-10-03,1857,316,507,1346,4,9,16,46,0
2020-10-04,1920,325,523,1393,4,9,16,47,0
2020-10-05,1985,335,540,1441,4,10,17,49,0
2020-10-06,2050,344,556,1490,4,10,17,50,0
2020-10-07,2118,354,573,1541,4,10,17,52,0
2020-10-08,2190,364,591,1594,5,10,18,54,0
2020-10-09,2261,374,608,1648,5,10,18,55,0
2020-10-10,2336,384,627,1704,5,10,18,57,0
2020-10-11,2411,394,645,1761,5,10,19,58,0
2020-10-12,2489,405,664,1820,5,10,19,60,0
2020-10-13,2569,415,683,1881,5,11,19,62,0
2020-10-14,2651,426,702,1943,6,11,20,64,0
2020-10-15,2736,436,722,2008,6,11,20,65,0
2020-10-16,2822,447,742,2074,6,11,20,67,0
2020-10-17,2910,458,762,2142,6,11,21,69,0
2020-10-18,3001,469,783,2212,6,11,21,71,0
2020-10-19,3094,480,804,2283,7,11,21,73,0
2020-10-20,3189,491,825,2357,7,11,21,75,0
2020-10-21,3285,502,846,2432,7,11,21,77,0
2020-10-22,3385,513,868,2510,7,11,22,79,0
2020-10-23,3487,524,890,2589,8,11,22,81,0
2020-10-24,3591,535,912,2671,8,11,22,83,0
2020-10-25,3696,546,934,2754,8,11,22,85,0
2020-10-26,3803,556,956,2839,8,11,22,87,0
2020-10-27,3914,567,978,2927,9,11,22,89,0
2020-10-28,4025,578,1000,3016,9,10,22,91,0
2020-10-29,4140,588,1023,3108,9,10,22,93,0
2020-10-30,4255,598,1045,3201,9,10,22,95,0
2020-10-31,4374,608,1067,3297,10,10,22,97,0
2020-11-01,4493,618,1089,3394,10,10,22,99,0
2020-11-02,4616,628,1112,3494,10,10,22,101,0
2020-11-03,4739,638,1134,3595,10,9,22,103,0
2020-11-04,4866,647,1156,3699,11,9,22,105,0
2020-11-05,4992,656,1177,3804,11,9,22,107,0
2020-11-06,5122,664,1199,3912,11,8,21,109,0
2020-11-07,5253,673,1220,4021,12,8,21,111,0
2020-11-08,5385,681,1241,4132,12,8,21,112,0
2020-11-09,5518,688,1261,4245,12,7,20,114,0
2020-11-10,5654,696,1281,4360,13,7,20,116,0
2020-11-11,5791,702,1301,4477,13,7,19,118,0
2020-11-12,5929,709,1320,4596,13,6,19,120,0
2020-11-13,6069,715,1339,4716,14,6,18,121,0
2020-11-14,6209,720,1357,4838,14,5,18,123,0
2020-11-15,6351,726,1375,4962,14,5,17,125,0
2020-11-16,6494,730,1392,5087,15,4,17,126,0
2020-11-17,6637,734,1408,5214,15,4,16,128,0
2020-11-18,6782,738,1424,5342,16,3,15,129,0
2020-11-19,6927,741,1439,5472,16,3,15,130,0
2020-11-20,7072,744,1453,5603,16,2,14,132,0
2020-11-21,7219,746,1467,5735,17,2,13,133,0
2020-11-22,7364,748,1479,5868,17,1,12,134,0
2020-11-23,7511,749,1491,6003,17,1,11,135,0
2020-11-24,7658,749,1502,6138,18,0,10,136,0
2020-11-25,7805,749,1512,6275,18,0,9,137,0
2020-11-26,7952,749,1521,6412,19,0,9,138,0
2020-11-27,8098,748,1529,6550,19,0,8,139,0
2020-11-28,8245,746,1537,6689,19,0,7,139,0
2020-11-29,8392,744,1543,6829,20,0,6,140,0
2020-11-30,8537,742,1548,6969,20,0,5,140,0
2020-12-01,8682,738,1552,7109,21,0,4,141,0
2020-12-02,8827,735,1556,7250,21,0,3,141,0
2020-12-03,8971,731,1558,7391,22,0,2,141,0
2020-12-04,9113,726,1559,7532,22,0,1,141,0
2020-12-05,9256,721,1560,7674,22,0,0,141,0
2020-12-06,9397,716,1559,7815,23,0,0,141,0
2020-12-07,9536,710,1557,7956,23,0,0,141,0
2020-12-08,9675,704,1554,8097,24,0,0,141,0
2020-12-09,9813,697,1551,8238,24,0,0,141,0
2020-12-10,9948,690,1546,8378,24,0,0,140,0
2020-12-11,10084,683,1541,8518,25,0,0,140,0
2020-12-12,10217,675,1534,8658,25,0,0,139,0
2020-12-13,10350,667,1527,8797,26,0,0,138,0
2020-12-14,10479,659,1518,8935,26,0,0,138,0
2020-12-15,10607,650,1509,9072,26,0,0,137,0
2020-12-16,10735,641,1499,9209,27,0,0,136,0
2020-12-17,10859,632,1488,9344,27,0,0,135,0
2020-12-18,10984,623,1477,9479,28,0,0,134,0
2020-12-19,11104,613,1464,9612,28,0,0,133,0
2020-12-20,11223,604,1451,9744,28,0,0,132,0
2020-12-21,11341,594,1437,9875,29,0,0,130,0
2020-12-22,11457,584,1423,10005,29,0,0,129,0
2020-12-23,11572,574,1408,10134,30,0,0,128,0
2020-12-24,11683,563,1392,10261,30,0,0,126,0
2020-12-25,11792,553,1376,10386,30,0,0,125,0
2020-12-26,11900,543,1359,10510,31,0,0,123,0
2020-12-27,12005,532,1341,10633,31,0,0,122,0
2020-12-28,12109,522,1324,10754,31,0,0,120,0
2020-12-29,12210,511,1305,10873,32,0,0,118,0
2020-12-30,12310,501,1287,10991,32,0,0,117,0
2020-12-31,12407,490,1268,11107,32,0,0,115,0
2021-01-01,12503,480,1249,11221,33,0,0,113,0
2021-01-02,12596,469,1229,11334,33,0,0,111,0
2021-01-03,12687,459,1209,11445,33,0,0,110,0
2021-01-04,12776,449,1189,11553,34,0,0,108,0
2021-01-05,12864,438,1169,11661,34,0,0,106,0
2021-01-06,12949,428,1149,11766,34,0,0,104,0
2021-01-07,13032,418,1128,11869,35,0,0,102,0
2021-01-08,13114,408,1108,11971,35,0,0,100,0
2021-01-09,13193,398,1087,12071,35,0,0,99,0
2021-01-10,13269,389,1066,12168,35,0,0,97,0
2021-01-11,13345,379,1045,12264,36,0,0,95,0
2021-01-12,13419,369,1025,12358,36,0,0,93,0
2021-01-13,13491,360,1004,12451,36,0,0,91,0
2021-01-14,13561,351,983,12541,37,0,0,89,0
2021-01-15,13629,342,963,12629,37,0,0,87,0
2021-01-16,13695,333,942,12716,37,0,0,85,0
2021-01-17,13760,324,922,12801,37,0,0,84,0
2021-01-18,13824,315,902,12884,38,0,0,82,0
2021-01-19,13885,307,882,12965,38,0,0,80,0
2021-01-20,13944,299,862,13044,38,0,0,78,0
2021-01-21,14001,291,842,13121,38,0,0,76,0
2021-01-22,14058,283,823,13197,38,0,0,75,0
2021-01-23,14113,275,803,13271,39,0,0,73,0
2021-01-24,14166,267,784,13343,39,0,0,71,0
2021-01-25,14217,260,765,13413,39,0,0,69,0
2021-01-26,14268,252,747,13482,39,0,0,68,0
2021-01-27,14317,245,729,13549,39,0,0,66,0
2021-01-28,14365,238,710,13615,40,0,0,64,0
2021-01-29,14412,231,693,13679,40,0,0,63,0
2021-01-30,14456,225,675,13741,40,0,0,61,0
2021-01-31,14499,218,658,13801,40,0,0,60,0
2021-02-01,14541,212,641,13860,40,0,0,58,0
2021-02-02,14583,205,624,13918,41,0,0,57,0
2021-02-03,14623,199,608,13974,41,0,0,55,0
2021-02-04,14661,194,592,14028,41,0,0,54,0
2021-02-05,14699,188,576,14082,41,0,0,52,0
2021-02-06,14735,182,561,14133,41,0,0,51,0
2021-02-07,14771,177,546,14184,41,0,0,49,0
2021-02-08,14805,171,531,14233,41,0,0,48,0
2021-02-09,14838,166,516,14280,42,0,0,47,0
2021-02-10,14870,161,502,14326,42,0,0,46,0
2021-02-11,14901,156,488,14371,42,0,0,44,0
2021-02-12,14931,152,474,14415,42,0,0,43,0
2021-02-13,14961,147,461,14458,42,0,0,42,0
2021-02-14,14989,142,448,14499,42,0,0,41,0
2021-02-15,15016,138,435,14539,42,0,0,39,0
2021-02-16,15043,134,423,14578,42,0,0,38,0
2021-02-17,15070,130,411,14616,43,0,0,37,0
2021-02-18,15095,126,399,14653,43,0,0,36,0
2021-02-19,15119,122,387,14689,43,0,0,35,0
2021-02-20,15143,118,376,14724,43,0,0,34,0
2021-02-21,15165,114,365,14757,43,0,0,33,0
2021-02-22,15188,111,355,14790,43,0,0,32,0
2021-02-23,15209,107,344,14822,43,0,0,31,0
2021-02-24,15230,104,334,14853,43,0,0,30,0
2021-02-25,15250,101,324,14883,43,0,0,29,0
2021-02-26,15269,97,314,14912,43,0,0,28,0
2021-02-27,15288,94,305,14940,43,0,0,28,0
2021-02-28,15307,91,296,14967,44,0,0,27,0
2021-03-01,15325,88,287,14994,44,0,0,26,0
2021-03-02,15341,86,278,15019,44,0,0,25,0
2021-03-03,15358,83,270,15044,44,0,0,24,0
2021-03-04,15375,80,262,15069,44,0,0,24,0
2021-03-05,15390,78,254,15092,44,0,0,23,0
2021-03-06,15405,75,246,15115,44,0,0,22,0
2021-03-07,15419,73,238,15137,44,0,0,22,0
2021-03-08,15433,70,231,15158,44,0,0,21,0
2021-03-09,15447,68,224,15179,44,0,0,20,0
2021-03-10,15460,66,217,15199,44,0,0,20,0
2021-03-11,15472,64,210,15218,44,0,0,19,0
2021-03-12,15485,62,204,15237,44,0,0,18,0
2021-03-13,15496,60,197,15255,44,0,0,18,0
2021-03-14,15508,58,191,15273,44,0,0,17,0
2021-03-15,15520,56,185,15290,45,0,0,17,0
2021-03-16,15532,54,180,15307,45,0,0,16,0
2021-03-17,15542,52,174,15323,45,0,0,16,0
2021-03-18,15552,51,168,15339,45,0,0,15,0
2021-03-19,15562,49,163,15354,45,0,0,15,0
2021-03-20,15571,48,158,15368,45,0,0,14,0
2021-03-21,15580,46,153,15382,45,0,0,14,0
2021-03-22,15589,45,148,15396,45,0,0,13,0
2021-03-23,15598,43,144,15409,45,0,0,13,0
2021-03-24,15606,42,139,15422,45,0,0,13,0
2021-03-25,15615,40,135,15435,45,0,0,12,0
2021-03-26,15622,39,130,15447,45,0,0,12,0
2021-03-27,15629,38,126,15458,45,0,0,11,0
2021-03-28,15637,36,122,15470,45,0,0,11,0
2021-03-29,15644,35,118,15481,45,0,0,11,0
2021-03-30,15650,34,114,15491,45,0,0,10,0
2021-03-31,15657,33,111,15501,45,0,0,10,0
2021-04-01,15663,32,107,15511,45,0,0,10,0
2021-04-02,15670,31,104,15521,45,0,0,9,0
2021-04-03,15675,30,100,15530,45,0,0,9,0
2021-04-04,15681,29,97,15539,45,0,0,9,0
2021-04-05,15687,28,94,15548,45,0,0,9,0
2021-04-06,15692,27,91,15556,45,0,0,8,0
2021-04-07,15698,26,88,15565,45,0,0,8,0
2021-04-08,15702,25,85,15572,45,0,0,8,0
2021-04-09,15708,24,83,15580,45,0,0,7,0
2021-04-10,15712,24,80,15587,45,0,0,7,0
2021-04-11,15717,23,77,15595,45,0,0,7,0
2021-04-12,15721,22,75,15601,45,0,0,7,0
2021-04-13,15725,21,72,15608,45,0,0,7,0
2021-04-14,15730,21,70,15615,45,0,0,6,0
2021-04-15,15734,20,68,15621,45,0,0,6,0
2021-04-16,15738,19,66,15627,45,0,0,6,0
2021-04-17,15742,19,63,15633,46,0,0,6,0
2021-04-18,15746,18,61,15639,46,0,0,6,0
2021-04-19,15749,18,59,15644,46,0,0,5,0
2021-04-20,15752,17,57,15649,46,0,0,5,0
2021-04-21,15756,16,56,15654,46,0,0,5,0
2021-04-22,15759,16,54,15659,46,0,0,5,0
2021-04-23,15762,15,52,15664,46,0,0,5,0
2021-04-24,15765,15,50,15669,46,0,0,5,0
2021-04-25,15768,14,49,15673,46,0,0,4,0
2021-04-26,15771,14,47,15678,46,0,0,4,0
2021-04-27,15774,13,46,15682,46,0,0,4,0
2021-04-28,15776,13,44,15686,46,0,0,4,0
2021-04-29,15779,13,43,15690,46,0,0,4,0
2021-04-30,15781,12,41,15694,46,0,0,4,0
2021-05-01,15784,12,40,15698,46,0,0,4,0
2021-05-02,15786,11,39,15701,46,0,0,3,0
2021-05-03,15788,11,37,15705,46,0,0,3,0
2021-05-04,15790,11,36,15708,46,0,0,3,0
2021-05-05,15792,10,35,15711,46,0,0,3,0
2021-05-06,15794,10,34,15714,46,0,0,3,0
2021-05-07,15796,10,33,15717,46,0,0,3,0
2021-05-08,15798,9,32,15720,46,0,0,3,0
2021-05-09,15800,9,31,15723,46,0,0,3,0
2021-05-10,15802,9,30,15726,46,0,0,3,0
2021-05-11,15803,8,29,15728,46,0,0,3,0
2021-05-12,15805,8,28,15731,46,0,0,3,0
2021-05-13,15806,8,27,15733,46,0,0,2,0
2021-05-14,15808,8,26,15736,46,0,0,2,0
2021-05-15,15809,7,25,15738,46,0,0,2,0
2021-05-16,15810,7,24,15740,46,0,0,2,0
2021-05-17,15811,7,23,15742,46,0,0,2,0
2021-05-18,15814,7,23,15745,46,0,0,2,0
2021-05-19,15815,6,22,15747,46,0,0,2,0
2021-05-20,15816,6,21,15749,46,0,0,2,0
2021-05-21,15816,6,20,15750,46,0,0,2,0
2021-05-22,15818,6,20,15752,46,0,0,2,0
2021-05-23,15819,6,19,15754,46,0,0,2,0
2021-05-24,15820,5,18,15756,46,0,0,2,0
2021-05-25,15821,5,18,15757,46,0,0,2,0
2021-05-26,15822,5,17,15759,46,0,0,2,0
2021-05-27,15824,5,17,15761,46,0,0,2,0
2021-05-28,15824,5,16,15762,46,0,0,1,0
2021-05-29,15825,5,16,15763,46,0,0,1,0
2021-05-30,15826,4,15,15765,46,0,0,1,0
2021-05-31,15827,4,15,15766,46,0,0,1,0
2021-06-01,15828,4,14,15768,46,0,0,1,0
2021-06-02,15829,4,14,15769,46,0,0,1,0
2021-06-03,15829,4,13,15770,46,0,0,1,0
2021-06-04,15830,4,13,15771,46,0,0,1,0
2021-06-05,15830,4,12,15772,46,0,0,1,0
2021-06-06,15831,4,12,15773,46,0,0,1,0
2021-06-07,15833,3,12,15775,46,0,0,1,0
2021-06-08,15833,3,11,15776,46,0,0,1,0
2021-06-09,15834,3,11,15777,46,0,0,1,0
2021-06-10,15834,3,10,15778,46,0,0,1,0
2021-06-11,15834,3,10,15778,46,0,0,1,0
2021-06-12,15835,3,10,15779,46,0,0,1,0
2021-06-13,15835,3,9,15780,46,0,0,1,0
2021-06-14,15836,3,9,15781,46,0,0,1,0
2021-06-15,15837,3,9,15782,46,0,0,1,0
2021-06-16,15838,3,9,15783,46,0,0,1,0
2021-06-17,15837,2,8,15783,46,0,0,1,0
2021-06-18,15838,2,8,15784,46,0,0,1,0
2021-06-19,15839,2,8,15785,46,0,0,1,0
2021-06-20,15839,2,7,15786,46,0,0,1,0
2021-06-21,15839,2,7,15786,46,0,0,1,0
2021-06-22,15840,2,7,15787,46,0,0,1,0
2021-06-23,15841,2,7,15788,46,0,0,1,0
2021-06-24,15841,2,7,15788,46,0,0,1,0
2021-06-25,15841,2,6,15789,46,0,0,1,0
2021-06-26,15841,2,6,15789,46,0,0,1,0
2021-06-27,15842,2,6,15790,46,0,0,1,0
2021-06-28,15842,2,6,15790,46,0,0,1,0
2021-06-29,15843,2,6,15791,46,0,0,0,0
2021-06-30,15842,2,5,15791,46,0,0,0,0
2021-07-01,15843,2,5,15792,46,0,0,0,0
2021-07-02,15843,1,5,15792,46,0,0,0,0
2021-07-03,15844,1,5,15793,46,0,0,0,0
2021-07-04,15844,1,5,15793,46,0,0,0,0
2021-07-05,15845,1,5,15794,46,0,0,0,0
2021-07-06,15844,1,4,15794,46,0,0,0,0
2021-07-07,15844,1,4,15794,46,0,0,0,0
