Date,Infected,Exposed,Active,Recovered,Deaths,Diff Exposed,Diff Active,Diff Recovered,Diff Deaths
2020-07-11,1877,278,424,1449,4,0,16,38,0
2020-07-12,1930,264,438,1488,4,0,12,40,0
2020-07-13,1981,254,449,1528,4,0,9,41,0
2020-07-14,2030,247,457,1569,4,0,7,41,0
2020-07-15,2078,241,463,1611,4,0,5,42,0
2020-07-16,2126,237,468,1653,5,0,4,42,0
2020-07-17,2173,233,472,1696,5,0,3,43,0
2020-07-18,2217,231,474,1738,5,0,2,43,0
2020-07-19,2262,229,476,1781,5,0,2,43,0
2020-07-20,2307,227,477,1825,5,0,1,43,0
2020-07-21,2351,226,478,1868,5,0,1,43,0
2020-07-22,2395,224,479,1911,5,0,0,43,0
2020-07-23,2439,223,479,1955,5,0,0,43,0
2020-07-24,2483,222,479,1998,6,0,0,43,0
2020-07-25,2527,221,479,2042,6,0,0,43,0
2020-07-26,2570,220,479,2085,6,0,0,43,0
2020-07-27,2614,219,479,2129,6,0,0,43,0
2020-07-28,2656,218,478,2172,6,0,0,43,0
2020-07-29,2698,217,477,2215,6,0,0,43,0
2020-07-30,2742,216,477,2259,6,0,0,43,0
2020-07-31,2784,215,476,2302,6,0,0,43,0
2020-08-01,2826,214,475,2345,6,0,0,43,0
2020-08-02,2868,213,473,2388,7,0,0,43,0
2020-08-03,2910,212,472,2431,7,0,0,43,0
2020-08-04,2951,211,471,2473,7,0,0,43,0
2020-08-05,2992,210,469,2516,7,0,0,43,0
2020-08-06,3034,208,468,2559,7,0,0,42,0
2020-08-07,3074,207,466,2601,7,0,0,42,0
2020-08-08,3114,206,464,2643,7,0,0,42,0
2020-08-09,3154,205,462,2685,7,0,0,42,0
2020-08-10,3195,203,460,2727,8,0,0,42,0
2020-08-11,3235,202,458,2769,8,0,0,42,0
2020-08-12,3274,200,456,2810,8,0,0,41,0
2020-08-13,3313,199,454,2851,8,0,0,41,0
2020-08-14,3352,197,452,2892,8,0,0,41,0
2020-08-15,3390,196,449,2933,8,0,0,41,0
2020-08-16,3429,194,447,2974,8,0,0,41,0
2020-08-17,3466,193,444,3014,8,0,0,40,0
2020-08-18,3505,191,442,3055,8,0,0,40,0
2020-08-19,3543,190,439,3095,9,0,0,40,0
2020-08-20,3579,188,436,3134,9,0,0,40,0
2020-08-21,3617,186,434,3174,9,0,0,39,0
2020-08-22,3653,185,431,3213,9,0,0,39,0
2020-08-23,3689,183,428,3252,9,0,0,39,0
2020-08-24,3725,181,425,3291,9,0,0,39,0
2020-08-25,3760,180,422,3329,9,0,0,38,0
2020-08-26,3795,178,419,3367,9,0,0,38,0
2020-08-27,3829,176,415,3405,9,0,0,38,0
2020-08-28,3863,175,412,3442,9,0,0,37,0
2020-08-29,3899,173,409,3480,10,0,0,37,0
2020-08-30,3933,171,406,3517,10,0,0,37,0
2020-08-31,3965,169,402,3553,10,0,0,36,0
2020-09-01,3999,167,399,3590,10,0,0,36,0
2020-09-02,4031,166,395,3626,10,0,0,36,0
2020-09-03,4063,164,392,3661,10,0,0,36,0
2020-09-04,4095,162,388,3697,10,0,0,35,0
2020-09-05,4127,160,385,3732,10,0,0,35,0
2020-09-06,4158,158,381,3767,10,0,0,35,0
2020-09-07,4189,157,378,3801,10,0,0,34,0
2020-09-08,4220,155,374,3835,11,0,0,34,0
2020-09-09,4250,153,370,3869,11,0,0,34,0
2020-09-10,4281,151,367,3903,11,0,0,33,0
2020-09-11,4310,149,363,3936,11,0,0,33,0
2020-09-12,4338,147,359,3968,11,0,0,33,0
2020-09-13,4367,146,355,4001,11,0,0,32,0
2020-09-14,4396,144,352,4033,11,0,0,32,0
2020-09-15,4424,142,348,4065,11,0,0,32,0
2020-09-16,4451,140,344,4096,11,0,0,31,0
2020-09-17,4478,138,340,4127,11,0,0,31,0
2020-09-18,4505,137,336,4158,11,0,0,31,0
2020-09-19,4533,135,333,4188,12,0,0,30,0
2020-09-20,4559,133,329,4218,12,0,0,30,0
2020-09-21,4585,131,325,4248,12,0,0,29,0
2020-09-22,4610,129,321,4277,12,0,0,29,0
2020-09-23,4635,128,317,4306,12,0,0,29,0
2020-09-24,4661,126,314,4335,12,0,0,28,0
2020-09-25,4685,124,310,4363,12,0,0,28,0
2020-09-26,4709,122,306,4391,12,0,0,28,0
2020-09-27,4733,121,302,4419,12,0,0,27,0
2020-09-28,4756,119,298,4446,12,0,0,27,0
2020-09-29,4780,117,295,4473,12,0,0,27,0
2020-09-30,4803,116,291,4500,12,0,0,26,0
2020-10-01,4825,114,287,4526,12,0,0,26,0
2020-10-02,4848,112,283,4552,13,0,0,26,0
2020-10-03,4870,111,280,4577,13,0,0,25,0
2020-10-04,4891,109,276,4602,13,0,0,25,0
2020-10-05,4912,107,272,4627,13,0,0,25,0
2020-10-06,4933,106,268,4652,13,0,0,24,0
2020-10-07,4954,104,265,4676,13,0,0,24,0
2020-10-08,4974,103,261,4700,13,0,0,24,0
2020-10-09,4994,101,257,4724,13,0,0,23,0
2020-10-10,5014,99,254,4747,13,0,0,23,0
2020-10-11,5033,98,250,4770,13,0,0,23,0
2020-10-12,5052,96,247,4792,13,0,0,22,0
2020-10-13,5070,95,243,4814,13,0,0,22,0
2020-10-14,5089,93,240,4836,13,0,0,22,0
2020-10-15,5107,92,236,4858,13,0,0,21,0
2020-10-16,5125,90,233,4879,13,0,0,21,0
2020-10-17,5142,89,229,4900,13,0,0,21,0
2020-10-18,5161,88,226,4921,14,0,0,20,0
2020-10-19,5178,86,223,4941,14,0,0,20,0
2020-10-20,5194,85,219,4961,14,0,0,20,0
2020-10-21,5211,83,216,4981,14,0,0,20,0
2020-10-22,5228,82,213,5001,14,0,0,19,0
2020-10-23,5243,81,209,5020,14,0,0,19,0
2020-10-24,5259,79,206,5039,14,0,0,19,0
2020-10-25,5274,78,203,5057,14,0,0,18,0
2020-10-26,5290,77,200,5076,14,0,0,18,0
2020-10-27,5305,75,197,5094,14,0,0,18,0
2020-10-28,5319,74,194,5111,14,0,0,18,0
2020-10-29,5334,73,191,5129,14,0,0,17,0
2020-10-30,5348,72,188,5146,14,0,0,17,0
2020-10-31,5362,70,185,5163,14,0,0,17,0
2020-11-01,5376,69,182,5180,14,0,0,16,0
2020-11-02,5389,68,179,5196,14,0,0,16,0
2020-11-03,5402,67,176,5212,14,0,0,16,0
2020-11-04,5415,66,173,5228,14,0,0,16,0
2020-11-05,5427,65,170,5243,14,0,0,15,0
2020-11-06,5440,64,167,5259,14,0,0,15,0
2020-11-07,5454,62,165,5274,15,0,0,15,0
2020-11-08,5466,61,162,5289,15,0,0,15,0
2020-11-09,5477,60,159,5303,15,0,0,14,0
2020-11-10,5490,59,157,5318,15,0,0,14,0
2020-11-11,5501,58,154,5332,15,0,0,14,0
2020-11-12,5512,57,151,5346,15,0,0,14,0
2020-11-13,5523,56,149,5359,15,0,0,13,0
2020-11-14,5534,55,146,5373,15,0,0,13,0
2020-11-15,5545,54,144,5386,15,0,0,13,0
2020-11-16,5555,53,141,5399,15,0,0,13,0
2020-11-17,5566,52,139,5412,15,0,0,13,0
2020-11-18,5576,51,137,5424,15,0,0,12,0
2020-11-19,5585,50,134,5436,15,0,0,12,0
2020-11-20,5596,49,132,5449,15,0,0,12,0
2020-11-21,5605,49,130,5460,15,0,0,12,0
2020-11-22,5614,48,127,5472,15,0,0,12,0
2020-11-23,5624,47,125,5484,15,0,0,11,0
2020-11-24,5633,46,123,5495,15,0,0,11,0
2020-11-25,5642,45,121,5506,15,0,0,11,0
2020-11-26,5651,44,119,5517,15,0,0,11,0
2020-11-27,5660,44,117,5528,15,0,0,11,0
2020-11-28,5668,43,115,5538,15,0,0,10,0
2020-11-29,5676,42,113,5548,15,0,0,10,0
2020-11-30,5684,41,111,5558,15,0,0,10,0
2020-12-01,5692,40,109,5568,15,0,0,10,0
2020-12-02,5700,40,107,5578,15,0,0,10,0
2020-12-03,5708,39,105,5588,15,0,0,9,0
2020-12-04,5715,38,103,5597,15,0,0,9,0
2020-12-05,5723,38,101,5607,15,0,0,9,0
2020-12-06,5730,37,99,5616,15,0,0,9,0
2020-12-07,5737,36,97,5625,15,0,0,9,0
2020-12-08,5745,35,96,5633,16,0,0,9,0
2020-12-09,5752,35,94,5642,16,0,0,9,0
2020-12-10,5758,34,92,5650,16,0,0,8,0
2020-12-11,5766,34,91,5659,16,0,0,8,0
2020-12-12,5772,33,89,5667,16,0,0,8,0
2020-12-13,5778,32,87,5675,16,0,0,8,0
2020-12-14,5785,32,86,5683,16,0,0,8,0
2020-12-15,5790,31,84,5690,16,0,0,8,0
2020-12-16,5797,30,83,5698,16,0,0,7,0
2020-12-17,5802,30,81,5705,16,0,0,7,0
2020-12-18,5809,29,80,5713,16,0,0,7,0
2020-12-19,5814,29,78,5720,16,0,0,7,0
2020-12-20,5820,28,77,5727,16,0,0,7,0
2020-12-21,5825,28,75,5734,16,0,0,7,0
2020-12-22,5831,27,74,5741,16,0,0,7,0
2020-12-23,5835,27,72,5747,16,0,0,7,0
2020-12-24,5841,26,71,5754,16,0,0,6,0
2020-12-25,5846,26,70,5760,16,0,0,6,0
2020-12-26,5850,25,68,5766,16,0,0,6,0
2020-12-27,5856,25,67,5773,16,0,0,6,0
2020-12-28,5861,24,66,5779,16,0,0,6,0
2020-12-29,5866,24,65,5785,16,0,0,6,0
2020-12-30,5869,23,63,5790,16,0,0,6,0
2020-12-31,5874,23,62,5796,16,0,0,6,0
2021-01-01,5879,22,61,5802,16,0,0,6,0
2021-01-02,5883,22,60,5807,16,0,0,5,0
2021-01-03,5888,22,59,5813,16,0,0,5,0
2021-01-04,5892,21,58,5818,16,0,0,5,0
2021-01-05,5896,21,57,5823,16,0,0,5,0
2021-01-06,5900,20,56,5828,16,0,0,5,0
2021-01-07,5903,20,54,5833,16,0,0,5,0
2021-01-08,5907,20,53,5838,16,0,0,5,0
2021-01-09,5911,19,52,5843,16,0,0,5,0
2021-01-10,5915,19,51,5848,16,0,0,5,0
2021-01-11,5918,18,50,5852,16,0,0,5,0
2021-01-12,5922,18,49,5857,16,0,0,4,0
2021-01-13,5926,18,49,5861,16,0,0,4,0
2021-01-14,5930,17,48,5866,16,0,0,4,0
2021-01-15,5933,17,47,5870,16,0,0,4,0
2021-01-16,5936,17,46,5874,16,0,0,4,0
2021-01-17,5939,16,45,5878,16,0,0,4,0
2021-01-18,5942,16,44,5882,16,0,0,4,0
2021-01-19,5945,16,43,5886,16,0,0,4,0
2021-01-20,5948,15,42,5890,16,0,0,4,0
2021-01-21,5952,15,42,5894,16,0,0,4,0
2021-01-22,5955,15,41,5898,16,0,0,4,0
2021-01-23,5957,15,40,5901,16,0,0,4,0
2021-01-24,5960,14,39,5905,16,0,0,4,0
2021-01-25,5962,14,38,5908,16,0,0,3,0
2021-01-26,5966,14,38,5912,16,0,0,3,0
2021-01-27,5968,13,37,5915,16,0,0,3,0
2021-01-28,5971,13,36,5919,16,0,0,3,0
2021-01-29,5974,13,36,5922,16,0,0,3,0
2021-01-30,5976,13,35,5925,16,0,0,3,0
2021-01-31,5978,12,34,5928,16,0,0,3,0
2021-02-01,5980,12,33,5931,16,0,0,3,0
2021-02-02,5983,12,33,5934,16,0,0,3,0
2021-02-03,5985,12,32,5937,16,0,0,3,0
2021-02-04,5988,11,32,5940,16,0,0,3,0
2021-02-05,5990,11,31,5943,16,0,0,3,0
2021-02-06,5992,11,30,5946,16,0,0,3,0
2021-02-07,5994,11,30,5948,16,0,0,3,0
2021-02-08,5996,11,29,5951,16,0,0,3,0
2021-02-09,5999,10,29,5954,16,0,0,3,0
2021-02-10,6000,10,28,5956,16,0,0,3,0
2021-02-11,6003,10,28,5959,16,0,0,2,0
2021-02-12,6004,10,27,5961,16,0,0,2,0
2021-02-13,6006,10,26,5964,16,0,0,2,0
2021-02-14,6008,9,26,5966,16,0,0,2,0
2021-02-15,6009,9,25,5968,16,0,0,2,0
2021-02-16,6012,9,25,5971,16,0,0,2,0
2021-02-17,6013,9,24,5973,16,0,0,2,0
2021-02-18,6015,9,24,5975,16,0,0,2,0
2021-02-19,6016,9,23,5977,16,0,0,2,0
2021-02-20,6018,8,23,5979,16,0,0,2,0
2021-02-21,6021,8,23,5982,16,0,0,2,0
2021-02-22,6022,8,22,5984,16,0,0,2,0
2021-02-23,6024,8,22,5986,16,0,0,2,0
2021-02-24,6025,8,21,5988,16,0,0,2,0
2021-02-25,6026,8,21,5989,16,0,0,2,0
2021-02-26,6028,7,20,5991,17,0,0,2,0
2021-02-27,6030,7,20,5993,17,0,0,2,0
2021-02-28,6032,7,20,5995,17,0,0,2,0
2021-03-01,6033,7,19,5997,17,0,0,2,0
2021-03-02,6034,7,19,5998,17,0,0,2,0
2021-03-03,6035,7,18,6000,17,0,0,2,0
2021-03-04,6037,7,18,6002,17,0,0,2,0
2021-03-05,6038,6,18,6003,17,0,0,2,0
2021-03-06,6039,6,17,6005,17,0,0,2,0
2021-03-07,6041,6,17,6007,17,0,0,2,0
2021-03-08,6042,6,17,6008,17,0,0,2,0
2021-03-09,6043,6,16,6010,17,0,0,1,0
2021-03-10,6044,6,16,6011,17,0,0,1,0
2021-03-11,6046,6,16,6013,17,0,0,1,0
2021-03-12,6046,6,15,6014,17,0,0,1,0
2021-03-13,6047,5,15,6015,17,0,0,1,0
2021-03-14,6049,5,15,6017,17,0,0,1,0
2021-03-15,6050,5,15,6018,17,0,0,1,0
2021-03-16,6050,5,14,6019,17,0,0,1,0
2021-03-17,6052,5,14,6021,17,0,0,1,0
2021-03-18,6053,5,14,6022,17,0,0,1,0
2021-03-19,6053,5,13,6023,17,0,0,1,0
2021-03-20,6054,5,13,6024,17,0,0,1,0
2021-03-21,6056,5,13,6026,17,0,0,1,0
2021-03-22,6057,5,13,6027,17,0,0,1,0
2021-03-23,6057,4,12,6028,17,0,0,1,0
2021-03-24,6058,4,12,6029,17,0,0,1,0
2021-03-25,6059,4,12,6030,17,0,0,1,0
2021-03-26,6060,4,12,6031,17,0,0,1,0
2021-03-27,6060,4,11,6032,17,0,0,1,0
2021-03-28,6061,4,11,6033,17,0,0,1,0
2021-03-29,6062,4,11,6034,17,0,0,1,0
2021-03-30,6063,4,11,6035,17,0,0,1,0
2021-03-31,6064,4,11,6036,17,0,0,1,0
2021-04-01,6064,4,10,6037,17,0,0,1,0
2021-04-02,6065,4,10,6038,17,0,0,1,0
2021-04-03,6066,4,10,6039,17,0,0,1,0
2021-04-04,6067,4,10,6040,17,0,0,1,0
2021-04-05,6068,3,10,6041,17,0,0,1,0
2021-04-06,6068,3,9,6042,17,0,0,1,0
2021-04-07,6068,3,9,6042,17,0,0,1,0
2021-04-08,6069,3,9,6043,17,0,0,1,0
2021-04-09,6070,3,9,6044,17,0,0,1,0
2021-04-10,6071,3,9,6045,17,0,0,1,0
2021-04-11,6071,3,8,6046,17,0,0,1,0
2021-04-12,6071,3,8,6046,17,0,0,1,0
2021-04-13,6072,3,8,6047,17,0,0,1,0
2021-04-14,6073,3,8,6048,17,0,0,1,0
2021-04-15,6074,3,8,6049,17,0,0,1,0
2021-04-16,6074,3,8,6049,17,0,0,1,0
2021-04-17,6074,3,7,6050,17,0,0,1,0
2021-04-18,6075,3,7,6051,17,0,0,1,0
2021-04-19,6075,3,7,6051,17,0,0,1,0
2021-04-20,6076,3,7,6052,17,0,0,1,0
2021-04-21,6077,2,7,6053,17,0,0,1,0
2021-04-22,6077,2,7,6053,17,0,0,1,0
2021-04-23,6078,2,7,6054,17,0,0,1,0
2021-04-24,6077,2,6,6054,17,0,0,1,0
2021-04-25,6078,2,6,6055,17,0,0,1,0
2021-04-26,6079,2,6,6056,17,0,0,1,0
2021-04-27,6079,2,6,6056,17,0,0,1,0
2021-04-28,6080,2,6,6057,17,0,0,1,0
2021-04-29,6080,2,6,6057,17,0,0,1,0
2021-04-30,6081,2,6,6058,17,0,0,1,0
2021-05-01,6081,2,6,6058,17,0,0,1,0
2021-05-02,6082,2,6,6059,17,0,0,1,0
2021-05-03,6081,2,5,6059,17,0,0,0,0
2021-05-04,6082,2,5,6060,17,0,0,0,0
2021-05-05,6082,2,5,6060,17,0,0,0,0
2021-05-06,6083,2,5,6061,17,0,0,0,0
2021-05-07,6083,2,5,6061,17,0,0,0,0
2021-05-08,6084,2,5,6062,17,0,0,0,0
2021-05-09,6084,2,5,6062,17,0,0,0,0
2021-05-10,6084,2,5,6062,17,0,0,0,0
2021-05-11,6085,2,5,6063,17,0,0,0,0
2021-05-12,6085,2,5,6063,17,0,0,0,0
2021-05-13,6085,2,4,6064,17,0,0,0,0
2021-05-14,6085,2,4,6064,17,0,0,0,0
2021-05-15,6085,2,4,6064,17,0,0,0,0
2021-05-16,6086,2,4,6065,17,0,0,0,0
2021-05-17,6086,1,4,6065,17,0,0,0,0
2021-05-18,6087,1,4,6066,17,0,0,0,0
2021-05-19,6087,1,4,6066,17,0,0,0,0
2021-05-20,6087,1,4,6066,17,0,0,0,0
2021-05-21,6088,1,4,6067,17,0,0,0,0
2021-05-22,6088,1,4,6067,17,0,0,0,0
2021-05-23,6088,1,4,6067,17,0,0,0,0
2021-05-24,6089,1,4,6068,17,0,0,0,0
2021-05-25,6088,1,3,6068,17,0,0,0,0
2021-05-26,6088,1,3,6068,17,0,0,0,0
2021-05-27,6089,1,3,6069,17,0,0,0,0
2021-05-28,6089,1,3,6069,17,0,0,0,0
2021-05-29,6089,1,3,6069,17,0,0,0,0
2021-05-30,6089,1,3,6069,17,0,0,0,0
2021-05-31,6090,1,3,6070,17,0,0,0,0
2021-06-01,6090,1,3,6070,17,0,0,0,0
2021-06-02,6090,1,3,6070,17,0,0,0,0
2021-06-03,6091,1,3,6071,17,0,0,0,0
2021-06-04,6091,1,3,6071,17,0,0,0,0
2021-06-05,6091,1,3,6071,17,0,0,0,0
2021-06-06,6091,1,3,6071,17,0,0,0,0
2021-06-07,6092,1,3,6072,17,0,0,0,0
2021-06-08,6092,1,3,6072,17,0,0,0,0
2021-06-09,6092,1,3,6072,17,0,0,0,0
2021-06-10,6092,1,3,6072,17,0,0,0,0
2021-06-11,6091,1,2,6072,17,0,0,0,0
2021-06-12,6092,1,2,6073,17,0,0,0,0
2021-06-13,6092,1,2,6073,17,0,0,0,0
2021-06-14,6092,1,2,6073,17,0,0,0,0
2021-06-15,6092,1,2,6073,17,0,0,0,0
2021-06-16,6093,1,2,6074,17,0,0,0,0
2021-06-17,6093,1,2,6074,17,0,0,0,0
2021-06-18,6093,1,2,6074,17,0,0,0,0
2021-06-19,6093,1,2,6074,17,0,0,0,0
2021-06-20,6093,1,2,6074,17,0,0,0,0
2021-06-21,6094,1,2,6075,17,0,0,0,0
2021-06-22,6094,1,2,6075,17,0,0,0,0
2021-06-23,6094,1,2,6075,17,0,0,0,0
2021-06-24,6094,1,2,6075,17,0,0,0,0
2021-06-25,6094,1,2,6075,17,0,0,0,0
2021-06-26,6094,1,2,6075,17,0,0,0,0
2021-06-27,6095,1,2,6076,17,0,0,0,0
2021-06-28,6095,1,2,6076,17,0,0,0,0
2021-06-29,6095,1,2,6076,17,0,0,0,0
2021-06-30,6095,1,2,6076,17,0,0,0,0
2021-07-01,6095,1,2,6076,17,0,0,0,0
2021-07-02,6095,1,2,6076,17,0,0,0,0
2021-07-03,6095,1,2,6076,17,0,0,0,0
2021-07-04,6096,1,2,6077,17,0,0,0,0
2021-07-05,6096,1,2,6077,17,0,0,0,0
2021-07-06,6095,1,1,6077,17,0,0,0,0
