Date,Infected,Exposed,Active,Recovered,Deaths,Diff Exposed,Diff Active,Diff Recovered,Diff Deaths
2020-07-19,58,12,9,48,1,0,2,1,0
2020-07-20,60,12,10,49,1,0,1,1,0
2020-07-21,63,12,12,50,1,0,1,1,0
2020-07-22,65,12,13,51,1,1,1,1,0
2020-07-23,67,13,14,52,1,1,1,1,0
2020-07-24,71,14,16,54,1,1,1,1,0
2020-07-25,73,15,17,55,1,1,1,2,0
2020-07-26,76,16,18,57,1,1,1,2,0
2020-07-27,79,17,20,58,1,1,1,2,0
2020-07-28,82,18,21,60,1,1,2,2,0
2020-07-29,86,19,23,62,1,1,2,2,0
2020-07-30,90,21,25,64,1,1,2,2,0
2020-07-31,93,22,26,66,1,2,2,2,0
2020-08-01,98,24,28,69,1,2,2,3,0
2020-08-02,103,25,30,72,1,2,2,3,0
2020-08-03,108,27,33,74,1,2,2,3,0
2020-08-04,113,29,35,77,1,2,3,3,0
2020-08-05,120,31,38,81,1,2,3,3,0
2020-08-06,125,33,40,84,1,2,3,4,0
2020-08-07,132,36,43,88,1,2,3,4,0
2020-08-08,139,38,46,92,1,3,3,4,0
2020-08-09,148,41,50,96,2,3,3,4,0
2020-08-10,156,43,53,101,2,3,4,5,0
2020-08-11,164,46,57,105,2,3,4,5,0
2020-08-12,174,49,61,111,2,3,4,5,0
2020-08-13,183,53,65,116,2,3,4,6,0
2020-08-14,194,56,70,122,2,3,5,6,0
2020-08-15,205,59,74,129,2,4,5,7,0
2020-08-16,217,63,79,136,2,4,5,7,0
2020-08-17,230,67,85,143,2,4,5,8,0
2020-08-18,243,71,90,151,2,4,6,8,0
2020-08-19,258,75,96,159,3,4,6,9,0
2020-08-20,273,79,102,168,3,4,6,9,0
2020-08-21,289,84,109,177,3,4,7,10,0
2020-08-22,305,88,115,187,3,5,7,10,0
2020-08-23,323,93,122,198,3,5,7,11,0
2020-08-24,341,98,129,209,3,5,7,12,0
2020-08-25,361,102,137,221,3,5,8,12,0
2020-08-26,382,107,145,233,4,5,8,13,0
2020-08-27,403,112,153,246,4,5,8,14,0
2020-08-28,425,117,161,260,4,5,8,14,0
2020-08-29,448,122,169,275,4,5,8,15,0
2020-08-30,473,127,178,290,5,5,9,16,0
2020-08-31,497,131,186,306,5,5,9,17,0
2020-09-01,523,136,195,323,5,4,9,17,0
2020-09-02,550,140,204,341,5,4,9,18,0
2020-09-03,579,144,213,360,6,4,9,19,0
2020-09-04,607,148,222,379,6,4,9,20,0
2020-09-05,636,152,231,399,6,3,9,21,0
2020-09-06,666,155,239,420,7,3,9,21,0
2020-09-07,697,158,248,442,7,3,8,22,0
2020-09-08,727,161,256,464,7,2,8,23,0
2020-09-09,760,163,264,488,8,2,8,24,0
2020-09-10,792,165,272,512,8,2,8,24,0
2020-09-11,824,166,280,536,8,1,7,25,0
2020-09-12,857,167,287,561,9,1,7,26,0
2020-09-13,889,167,293,587,9,0,6,26,0
2020-09-14,923,167,299,614,10,0,6,27,0
2020-09-15,955,167,304,641,10,0,5,27,0
2020-09-16,988,166,309,668,11,0,4,28,0
2020-09-17,1020,164,313,696,11,0,4,28,0
2020-09-18,1052,162,317,724,11,0,3,28,0
2020-09-19,1085,160,320,753,12,0,2,29,0
2020-09-20,1115,158,322,781,12,0,2,29,0
2020-09-21,1146,155,323,810,13,0,1,29,0
2020-09-22,1176,151,324,839,13,0,0,29,0
2020-09-23,1206,148,324,868,14,0,0,29,0
2020-09-24,1234,144,323,897,14,0,0,29,0
2020-09-25,1263,140,322,926,15,0,0,29,0
2020-09-26,1289,135,319,955,15,0,0,29,0
2020-09-27,1316,131,317,983,16,0,0,28,0
2020-09-28,1340,126,313,1011,16,0,0,28,0
2020-09-29,1364,122,309,1039,16,0,0,28,0
2020-09-30,1389,117,305,1067,17,0,0,27,0
2020-10-01,1411,112,300,1094,17,0,0,27,0
2020-10-02,1434,108,295,1121,18,0,0,26,0
2020-10-03,1454,103,289,1147,18,0,0,26,0
2020-10-04,1474,98,283,1172,19,0,0,25,0
2020-10-05,1492,94,276,1197,19,0,0,25,0
2020-10-06,1510,89,269,1222,19,0,0,24,0
2020-10-07,1528,85,262,1246,20,0,0,23,0
2020-10-08,1544,81,255,1269,20,0,0,23,0
2020-10-09,1560,77,248,1292,20,0,0,22,0
2020-10-10,1574,73,240,1313,21,0,0,21,0
2020-10-11,1588,69,232,1335,21,0,0,21,0
2020-10-12,1601,65,225,1355,21,0,0,20,0
2020-10-13,1614,62,217,1375,22,0,0,19,0
2020-10-14,1626,58,210,1394,22,0,0,19,0
2020-10-15,1637,55,202,1413,22,0,0,18,0
2020-10-16,1648,52,194,1431,23,0,0,17,0
2020-10-17,1658,49,187,1448,23,0,0,17,0
2020-10-18,1667,46,180,1464,23,0,0,16,0
2020-10-19,1675,44,172,1480,23,0,0,15,0
2020-10-20,1684,41,165,1495,24,0,0,15,0
2020-10-21,1692,39,158,1510,24,0,0,14,0
2020-10-22,1700,36,152,1524,24,0,0,14,0
2020-10-23,1706,34,145,1537,24,0,0,13,0
2020-10-24,1713,32,139,1550,24,0,0,12,0
2020-10-25,1720,30,133,1562,25,0,0,12,0
2020-10-26,1726,29,127,1574,25,0,0,11,0
2020-10-27,1731,27,121,1585,25,0,0,11,0
2020-10-28,1735,25,115,1595,25,0,0,10,0
2020-10-29,1741,24,110,1606,25,0,0,10,0
2020-10-30,1744,22,104,1615,25,0,0,9,0
2020-10-31,1749,21,99,1624,26,0,0,9,0
2020-11-01,1754,20,95,1633,26,0,0,8,0
2020-11-02,1757,19,90,1641,26,0,0,8,0
2020-11-03,1761,18,86,1649,26,0,0,8,0
2020-11-04,1764,17,81,1657,26,0,0,7,0
2020-11-05,1767,16,77,1664,26,0,0,7,0
2020-11-06,1770,15,73,1671,26,0,0,7,0
2020-11-07,1773,14,70,1677,26,0,0,6,0
2020-11-08,1776,13,66,1683,27,0,0,6,0
2020-11-09,1779,12,63,1689,27,0,0,6,0
2020-11-10,1781,11,59,1695,27,0,0,5,0
2020-11-11,1783,11,56,1700,27,0,0,5,0
2020-11-12,1785,10,53,1705,27,0,0,5,0
2020-11-13,1787,10,51,1709,27,0,0,5,0
2020-11-14,1789,9,48,1714,27,0,0,4,0
2020-11-15,1790,8,45,1718,27,0,0,4,0
2020-11-16,1792,8,43,1722,27,0,0,4,0
2020-11-17,1794,8,41,1726,27,0,0,4,0
2020-11-18,1794,7,38,1729,27,0,0,3,0
2020-11-19,1796,7,36,1733,27,0,0,3,0
2020-11-20,1797,6,34,1736,27,0,0,3,0
2020-11-21,1799,6,33,1739,27,0,0,3,0
2020-11-22,1800,6,31,1742,27,0,0,3,0
2020-11-23,1801,5,29,1744,28,0,0,3,0
2020-11-24,1803,5,28,1747,28,0,0,2,0
2020-11-25,1803,5,26,1749,28,0,0,2,0
2020-11-26,1805,4,25,1752,28,0,0,2,0
2020-11-27,1805,4,23,1754,28,0,0,2,0
2020-11-28,1806,4,22,1756,28,0,0,2,0
2020-11-29,1807,4,21,1758,28,0,0,2,0
2020-11-30,1808,3,20,1760,28,0,0,2,0
2020-12-01,1808,3,19,1761,28,0,0,2,0
2020-12-02,1808,3,17,1763,28,0,0,2,0
2020-12-03,1809,3,17,1764,28,0,0,1,0
2020-12-04,1810,3,16,1766,28,0,0,1,0
2020-12-05,1810,3,15,1767,28,0,0,1,0
2020-12-06,1811,2,14,1769,28,0,0,1,0
2020-12-07,1811,2,13,1770,28,0,0,1,0
2020-12-08,1811,2,12,1771,28,0,0,1,0
2020-12-09,1812,2,12,1772,28,0,0,1,0
2020-12-10,1812,2,11,1773,28,0,0,1,0
2020-12-11,1812,2,10,1774,28,0,0,1,0
2020-12-12,1813,2,10,1775,28,0,0,1,0
2020-12-13,1813,2,9,1776,28,0,0,1,0
2020-12-14,1814,2,9,1777,28,0,0,1,0
2020-12-15,1813,1,8,1777,28,0,0,1,0
2020-12-16,1814,1,8,1778,28,0,0,1,0
2020-12-17,1814,1,7,1779,28,0,0,1,0
2020-12-18,1814,1,7,1779,28,0,0,1,0
2020-12-19,1815,1,7,1780,28,0,0,1,0
2020-12-20,1815,1,6,1781,28,0,0,1,0
2020-12-21,1815,1,6,1781,28,0,0,1,0
2020-12-22,1816,1,6,1782,28,0,0,0,0
2020-12-23,1815,1,5,1782,28,0,0,0,0
2020-12-24,1816,1,5,1783,28,0,0,0,0
2020-12-25,1816,1,5,1783,28,0,0,0,0
2020-12-26,1815,1,4,1783,28,0,0,0,0
2020-12-27,1816,1,4,1784,28,0,0,0,0
2020-12-28,1816,1,4,1784,28,0,0,0,0
2020-12-29,1817,1,4,1785,28,0,0,0,0
2020-12-30,1816,1,3,1785,28,0,0,0,0
2020-12-31,1816,1,3,1785,28,0,0,0,0
2021-01-01,1816,1,3,1785,28,0,0,0,0
2021-01-02,1817,0,3,1786,28,0,0,0,0
2021-01-03,1817,0,3,1786,28,0,0,0,0
2021-01-04,1817,0,3,1786,28,0,0,0,0
2021-01-05,1816,0,2,1786,28,0,0,0,0
2021-01-06,1817,0,2,1787,28,0,0,0,0
2021-01-07,1817,0,2,1787,28,0,0,0,0
2021-01-08,1817,0,2,1787,28,0,0,0,0
2021-01-09,1817,0,2,1787,28,0,0,0,0
2021-01-10,1817,0,2,1787,28,0,0,0,0
2021-01-11,1818,0,2,1788,28,0,0,0,0
2021-01-12,1818,0,2,1788,28,0,0,0,0
2021-01-13,1818,0,2,1788,28,0,0,0,0
2021-01-14,1817,0,1,1788,28,0,0,0,0
2021-01-15,1817,0,1,1788,28,0,0,0,0
2021-01-16,1817,0,1,1788,28,0,0,0,0
2021-01-17,1817,0,1,1788,28,0,0,0,0
2021-01-18,1817,0,1,1788,28,0,0,0,0
2021-01-19,1818,0,1,1789,28,0,0,0,0
2021-01-20,1818,0,1,1789,28,0,0,0,0
2021-01-21,1818,0,1,1789,28,0,0,0,0
2021-01-22,1818,0,1,1789,28,0,0,0,0
2021-01-23,1818,0,1,1789,28,0,0,0,0
2021-01-24,1818,0,1,1789,28,0,0,0,0
2021-01-25,1818,0,1,1789,28,0,0,0,0
2021-01-26,1818,0,1,1789,28,0,0,0,0
2021-01-27,1818,0,1,1789,28,0,0,0,0
2021-01-28,1818,0,1,1789,28,0,0,0,0
2021-01-29,1818,0,1,1789,28,0,0,0,0
2021-01-30,1818,0,1,1789,28,0,0,0,0
2021-01-31,1818,0,1,1789,28,0,0,0,0
2021-02-01,1818,0,1,1789,28,0,0,0,0
2021-02-02,1818,0,0,1790,28,0,0,0,0
2021-02-03,1818,0,0,1790,28,0,0,0,0
2021-02-04,1818,0,0,1790,28,0,0,0,0
2021-02-05,1818,0,0,1790,28,0,0,0,0
2021-02-06,1818,0,0,1790,28,0,0,0,0
2021-02-07,1818,0,0,1790,28,0,0,0,0
2021-02-08,1818,0,0,1790,28,0,0,0,0
2021-02-09,1818,0,0,1790,28,0,0,0,0
2021-02-10,1818,0,0,1790,28,0,0,0,0
2021-02-11,1818,0,0,1790,28,0,0,0,0
2021-02-12,1818,0,0,1790,28,0,0,0,0
2021-02-13,1818,0,0,1790,28,0,0,0,0
2021-02-14,1818,0,0,1790,28,0,0,0,0
2021-02-15,1818,0,0,1790,28,0,0,0,0
2021-02-16,1818,0,0,1790,28,0,0,0,0
2021-02-17,1818,0,0,1790,28,0,0,0,0
2021-02-18,1818,0,0,1790,28,0,0,0,0
2021-02-19,1818,0,0,1790,28,0,0,0,0
2021-02-20,1818,0,0,1790,28,0,0,0,0
2021-02-21,1818,0,0,1790,28,0,0,0,0
2021-02-22,1818,0,0,1790,28,0,0,0,0
2021-02-23,1818,0,0,1790,28,0,0,0,0
2021-02-24,1818,0,0,1790,28,0,0,0,0
2021-02-25,1818,0,0,1790,28,0,0,0,0
2021-02-26,1818,0,0,1790,28,0,0,0,0
2021-02-27,1818,0,0,1790,28,0,0,0,0
2021-02-28,1818,0,0,1790,28,0,0,0,0
2021-03-01,1818,0,0,1790,28,0,0,0,0
2021-03-02,1818,0,0,1790,28,0,0,0,0
2021-03-03,1818,0,0,1790,28,0,0,0,0
2021-03-04,1818,0,0,1790,28,0,0,0,0
2021-03-05,1818,0,0,1790,28,0,0,0,0
2021-03-06,1818,0,0,1790,28,0,0,0,0
2021-03-07,1818,0,0,1790,28,0,0,0,0
2021-03-08,1818,0,0,1790,28,0,0,0,0
2021-03-09,1818,0,0,1790,28,0,0,0,0
2021-03-10,1818,0,0,1790,28,0,0,0,0
2021-03-11,1818,0,0,1790,28,0,0,0,0
2021-03-12,1818,0,0,1790,28,0,0,0,0
2021-03-13,1818,0,0,1790,28,0,0,0,0
2021-03-14,1818,0,0,1790,28,0,0,0,0
2021-03-15,1818,0,0,1790,28,0,0,0,0
2021-03-16,1818,0,0,1790,28,0,0,0,0
2021-03-17,1818,0,0,1790,28,0,0,0,0
2021-03-18,1818,0,0,1790,28,0,0,0,0
2021-03-19,1818,0,0,1790,28,0,0,0,0
2021-03-20,1818,0,0,1790,28,0,0,0,0
2021-03-21,1818,0,0,1790,28,0,0,0,0
2021-03-22,1818,0,0,1790,28,0,0,0,0
2021-03-23,1818,0,0,1790,28,0,0,0,0
2021-03-24,1818,0,0,1790,28,0,0,0,0
2021-03-25,1818,0,0,1790,28,0,0,0,0
2021-03-26,1818,0,0,1790,28,0,0,0,0
2021-03-27,1818,0,0,1790,28,0,0,0,0
2021-03-28,1818,0,0,1790,28,0,0,0,0
2021-03-29,1818,0,0,1790,28,0,0,0,0
2021-03-30,1818,0,0,1790,28,0,0,0,0
2021-03-31,1818,0,0,1790,28,0,0,0,0
2021-04-01,1818,0,0,1790,28,0,0,0,0
2021-04-02,1818,0,0,1790,28,0,0,0,0
2021-04-03,1818,0,0,1790,28,0,0,0,0
2021-04-04,1818,0,0,1790,28,0,0,0,0
2021-04-05,1818,0,0,1790,28,0,0,0,0
2021-04-06,1818,0,0,1790,28,0,0,0,0
2021-04-07,1818,0,0,1790,28,0,0,0,0
2021-04-08,1818,0,0,1790,28,0,0,0,0
2021-04-09,1818,0,0,1790,28,0,0,0,0
2021-04-10,1818,0,0,1790,28,0,0,0,0
2021-04-11,1818,0,0,1790,28,0,0,0,0
2021-04-12,1818,0,0,1790,28,0,0,0,0
2021-04-13,1818,0,0,1790,28,0,0,0,0
2021-04-14,1818,0,0,1790,28,0,0,0,0
2021-04-15,1818,0,0,1790,28,0,0,0,0
2021-04-16,1818,0,0,1790,28,0,0,0,0
2021-04-17,1818,0,0,1790,28,0,0,0,0
2021-04-18,1818,0,0,1790,28,0,0,0,0
2021-04-19,1818,0,0,1790,28,0,0,0,0
2021-04-20,1818,0,0,1790,28,0,0,0,0
2021-04-21,1818,0,0,1790,28,0,0,0,0
2021-04-22,1818,0,0,1790,28,0,0,0,0
2021-04-23,1818,0,0,1790,28,0,0,0,0
2021-04-24,1818,0,0,1790,28,0,0,0,0
2021-04-25,1818,0,0,1790,28,0,0,0,0
2021-04-26,1818,0,0,1790,28,0,0,0,0
2021-04-27,1818,0,0,1790,28,0,0,0,0
2021-04-28,1818,0,0,1790,28,0,0,0,0
2021-04-29,1818,0,0,1790,28,0,0,0,0
2021-04-30,1818,0,0,1790,28,0,0,0,0
2021-05-01,1818,0,0,1790,28,0,0,0,0
2021-05-02,1818,0,0,1790,28,0,0,0,0
2021-05-03,1818,0,0,1790,28,0,0,0,0
2021-05-04,1818,0,0,1790,28,0,0,0,0
2021-05-05,1818,0,0,1790,28,0,0,0,0
2021-05-06,1818,0,0,1790,28,0,0,0,0
2021-05-07,1818,0,0,1790,28,0,0,0,0
2021-05-08,1818,0,0,1790,28,0,0,0,0
2021-05-09,1818,0,0,1790,28,0,0,0,0
2021-05-10,1818,0,0,1790,28,0,0,0,0
2021-05-11,1818,0,0,1790,28,0,0,0,0
2021-05-12,1818,0,0,1790,28,0,0,0,0
2021-05-13,1818,0,0,1790,28,0,0,0,0
2021-05-14,1818,0,0,1790,28,0,0,0,0
2021-05-15,1818,0,0,1790,28,0,0,0,0
2021-05-16,1818,0,0,1790,28,0,0,0,0
2021-05-17,1818,0,0,1790,28,0,0,0,0
2021-05-18,1818,0,0,1790,28,0,0,0,0
2021-05-19,1818,0,0,1790,28,0,0,0,0
2021-05-20,1818,0,0,1790,28,0,0,0,0
2021-05-21,1818,0,0,1790,28,0,0,0,0
2021-05-22,1818,0,0,1790,28,0,0,0,0
2021-05-23,1818,0,0,1790,28,0,0,0,0
2021-05-24,1818,0,0,1790,28,0,0,0,0
2021-05-25,1818,0,0,1790,28,0,0,0,0
2021-05-26,1818,0,0,1790,28,0,0,0,0
2021-05-27,1818,0,0,1790,28,0,0,0,0
2021-05-28,1818,0,0,1790,28,0,0,0,0
2021-05-29,1818,0,0,1790,28,0,0,0,0
2021-05-30,1818,0,0,1790,28,0,0,0,0
2021-05-31,1818,0,0,1790,28,0,0,0,0
2021-06-01,1818,0,0,1790,28,0,0,0,0
2021-06-02,1818,0,0,1790,28,0,0,0,0
2021-06-03,1818,0,0,1790,28,0,0,0,0
2021-06-04,1818,0,0,1790,28,0,0,0,0
2021-06-05,1818,0,0,1790,28,0,0,0,0
2021-06-06,1818,0,0,1790,28,0,0,0,0
2021-06-07,1818,0,0,1790,28,0,0,0,0
2021-06-08,1818,0,0,1790,28,0,0,0,0
2021-06-09,1818,0,0,1790,28,0,0,0,0
2021-06-10,1818,0,0,1790,28,0,0,0,0
2021-06-11,1818,0,0,1790,28,0,0,0,0
2021-06-12,1818,0,0,1790,28,0,0,0,0
2021-06-13,1818,0,0,1790,28,0,0,0,0
2021-06-14,1818,0,0,1790,28,0,0,0,0
2021-06-15,1818,0,0,1790,28,0,0,0,0
2021-06-16,1818,0,0,1790,28,0,0,0,0
2021-06-17,1818,0,0,1790,28,0,0,0,0
2021-06-18,1818,0,0,1790,28,0,0,0,0
2021-06-19,1818,0,0,1790,28,0,0,0,0
2021-06-20,1818,0,0,1790,28,0,0,0,0
2021-06-21,1818,0,0,1790,28,0,0,0,0
2021-06-22,1818,0,0,1790,28,0,0,0,0
2021-06-23,1818,0,0,1790,28,0,0,0,0
2021-06-24,1818,0,0,1790,28,0,0,0,0
2021-06-25,1818,0,0,1790,28,0,0,0,0
2021-06-26,1818,0,0,1790,28,0,0,0,0
2021-06-27,1818,0,0,1790,28,0,0,0,0
2021-06-28,1818,0,0,1790,28,0,0,0,0
2021-06-29,1818,0,0,1790,28,0,0,0,0
2021-06-30,1818,0,0,1790,28,0,0,0,0
2021-07-01,1818,0,0,1790,28,0,0,0,0
2021-07-02,1818,0,0,1790,28,0,0,0,0
2021-07-03,1818,0,0,1790,28,0,0,0,0
2021-07-04,1818,0,0,1790,28,0,0,0,0
2021-07-05,1818,0,0,1790,28,0,0,0,0
2021-07-06,1818,0,0,1790,28,0,0,0,0
2021-07-07,1818,0,0,1790,28,0,0,0,0
2021-07-08,1818,0,0,1790,28,0,0,0,0
2021-07-09,1818,0,0,1790,28,0,0,0,0
2021-07-10,1818,0,0,1790,28,0,0,0,0
2021-07-11,1818,0,0,1790,28,0,0,0,0
2021-07-12,1818,0,0,1790,28,0,0,0,0
2021-07-13,1818,0,0,1790,28,0,0,0,0
2021-07-14,1818,0,0,1790,28,0,0,0,0
