Date,Infected,Exposed,Active,Recovered,Deaths,Diff Exposed,Diff Active,Diff Recovered,Diff Deaths
2020-07-12,843,50,174,658,11,11,0,16,0
2020-07-13,853,60,169,673,11,8,0,15,0
2020-07-14,866,67,166,688,12,6,0,15,0
2020-07-15,880,73,165,703,12,5,0,15,0
2020-07-16,894,78,164,718,12,4,0,15,0
2020-07-17,909,82,165,732,12,3,1,15,0
2020-07-18,926,85,166,747,13,3,2,15,0
2020-07-19,943,88,168,762,13,3,2,15,0
2020-07-20,960,90,170,777,13,2,2,15,0
2020-07-21,978,93,172,793,13,2,2,15,0
2020-07-22,997,95,175,808,14,2,3,16,0
2020-07-23,1016,97,178,824,14,2,3,16,0
2020-07-24,1035,99,181,840,14,2,3,16,0
2020-07-25,1054,101,184,856,14,2,3,16,0
2020-07-26,1075,103,187,873,15,2,3,17,0
2020-07-27,1094,104,190,889,15,2,3,17,0
2020-07-28,1114,106,193,906,15,2,3,17,0
2020-07-29,1136,108,196,924,16,2,3,18,0
2020-07-30,1157,110,200,941,16,2,3,18,0
2020-07-31,1178,112,203,959,16,2,4,18,0
2020-08-01,1201,114,207,978,16,2,4,18,0
2020-08-02,1223,116,210,996,17,2,4,19,0
2020-08-03,1246,118,214,1015,17,2,4,19,0
2020-08-04,1269,120,218,1034,17,2,4,19,0
2020-08-05,1293,122,221,1054,18,2,4,20,0
2020-08-06,1317,124,225,1074,18,2,4,20,0
2020-08-07,1341,126,229,1094,18,2,4,20,0
2020-08-08,1367,129,233,1115,19,2,4,21,0
2020-08-09,1392,131,237,1136,19,2,4,21,0
2020-08-10,1417,133,241,1157,19,2,4,22,0
2020-08-11,1444,135,245,1179,20,2,4,22,0
2020-08-12,1471,138,250,1201,20,2,4,22,0
2020-08-13,1498,140,254,1223,21,2,4,23,0
2020-08-14,1525,142,258,1246,21,2,4,23,0
2020-08-15,1554,145,263,1270,21,2,4,23,0
2020-08-16,1582,147,267,1293,22,2,5,24,0
2020-08-17,1611,150,272,1317,22,3,5,24,0
2020-08-18,1642,152,277,1342,23,3,5,25,0
2020-08-19,1671,155,281,1367,23,3,5,25,0
2020-08-20,1701,157,286,1392,23,3,5,26,0
2020-08-21,1733,160,291,1418,24,3,5,26,0
2020-08-22,1764,163,296,1444,24,3,5,26,0
2020-08-23,1796,165,301,1470,25,3,5,27,0
2020-08-24,1828,168,306,1497,25,3,5,27,0
2020-08-25,1862,171,311,1525,26,3,5,28,0
2020-08-26,1895,174,316,1553,26,3,5,28,0
2020-08-27,1930,177,322,1581,27,3,5,29,0
2020-08-28,1964,180,327,1610,27,3,5,29,0
2020-08-29,2001,183,333,1640,28,3,6,30,1
2020-08-30,2036,186,338,1670,28,3,6,30,1
2020-08-31,2073,189,344,1700,29,3,6,31,1
2020-09-01,2110,192,350,1731,29,3,6,31,1
2020-09-02,2149,195,356,1763,30,3,6,32,1
2020-09-03,2187,198,362,1795,30,3,6,32,1
2020-09-04,2226,201,368,1827,31,3,6,33,1
2020-09-05,2265,205,374,1860,31,3,6,33,1
2020-09-06,2306,208,380,1894,32,3,6,34,1
2020-09-07,2346,211,386,1928,32,3,6,35,1
2020-09-08,2389,215,393,1963,33,3,6,35,1
2020-09-09,2431,218,399,1998,34,4,7,36,1
2020-09-10,2474,222,406,2034,34,4,7,36,1
2020-09-11,2517,225,412,2070,35,4,7,37,1
2020-09-12,2562,229,419,2108,35,4,7,37,1
2020-09-13,2607,233,426,2145,36,4,7,38,1
2020-09-14,2654,237,433,2184,37,4,7,39,1
2020-09-15,2700,240,440,2223,37,4,7,39,1
2020-09-16,2747,244,447,2262,38,4,7,40,1
2020-09-17,2795,248,454,2302,39,4,7,41,1
2020-09-18,2844,252,462,2343,39,4,7,41,1
2020-09-19,2894,256,469,2385,40,4,8,42,1
2020-09-20,2945,260,477,2427,41,4,8,43,1
2020-09-21,2996,264,484,2470,42,4,8,43,1
2020-09-22,3047,268,492,2513,42,4,8,44,1
2020-09-23,3101,272,500,2558,43,4,8,45,1
2020-09-24,3155,277,508,2603,44,4,8,45,1
2020-09-25,3209,281,516,2648,45,4,8,46,1
2020-09-26,3264,285,524,2695,45,4,8,47,1
2020-09-27,3321,290,533,2742,46,4,8,48,1
2020-09-28,3378,294,541,2790,47,4,8,48,1
2020-09-29,3436,299,550,2838,48,5,9,49,1
2020-09-30,3495,303,558,2888,49,5,9,50,1
2020-10-01,3554,308,567,2938,49,5,9,51,1
2020-10-02,3615,312,576,2989,50,5,9,51,1
2020-10-03,3677,317,585,3041,51,5,9,52,1
2020-10-04,3739,322,594,3093,52,5,9,53,1
2020-10-05,3803,327,603,3147,53,5,9,54,1
2020-10-06,3867,332,612,3201,54,5,9,55,1
2020-10-07,3933,337,622,3256,55,5,9,56,1
2020-10-08,3999,342,631,3312,56,5,10,56,1
2020-10-09,4067,347,641,3369,57,5,10,57,1
2020-10-10,4135,352,651,3426,58,5,10,58,1
2020-10-11,4204,357,660,3485,59,5,10,59,1
2020-10-12,4274,362,670,3544,60,5,10,60,1
2020-10-13,4345,367,680,3604,61,5,10,61,1
2020-10-14,4419,373,691,3666,62,5,10,62,1
2020-10-15,4492,378,701,3728,63,5,10,63,1
2020-10-16,4566,383,711,3791,64,5,11,64,1
2020-10-17,4642,389,722,3855,65,6,11,65,1
2020-10-18,4719,394,733,3920,66,6,11,66,1
2020-10-19,4795,400,743,3985,67,6,11,66,1
2020-10-20,4874,406,754,4052,68,6,11,67,1
2020-10-21,4954,411,765,4120,69,6,11,68,1
2020-10-22,5035,417,776,4189,70,6,11,69,1
2020-10-23,5119,423,788,4259,72,6,11,70,1
2020-10-24,5201,429,799,4329,73,6,11,71,1
2020-10-25,5285,434,810,4401,74,6,12,72,1
2020-10-26,5371,440,822,4474,75,6,12,73,1
2020-10-27,5458,446,834,4548,76,6,12,75,1
2020-10-28,5546,452,845,4623,78,6,12,76,1
2020-10-29,5635,458,857,4699,79,6,12,77,1
2020-10-30,5725,465,869,4776,80,6,12,78,1
2020-10-31,5817,471,881,4854,82,6,12,79,1
2020-11-01,5910,477,894,4933,83,6,12,80,1
2020-11-02,6004,483,906,5014,84,6,12,81,1
2020-11-03,6099,489,918,5095,86,6,12,82,1
2020-11-04,6195,496,931,5177,87,6,13,83,1
2020-11-05,6292,502,943,5261,88,6,13,84,1
2020-11-06,6392,508,956,5346,90,6,13,85,1
2020-11-07,6492,515,969,5432,91,6,13,87,1
2020-11-08,6594,521,982,5519,93,6,13,88,1
2020-11-09,6696,528,995,5607,94,7,13,89,1
2020-11-10,6800,534,1008,5696,96,7,13,90,2
2020-11-11,6905,541,1021,5787,97,7,13,91,2
2020-11-12,7012,548,1034,5879,99,7,13,92,2
2020-11-13,7120,554,1048,5972,100,7,13,94,2
2020-11-14,7229,561,1061,6066,102,7,13,95,2
2020-11-15,7340,568,1075,6161,104,7,14,96,2
2020-11-16,7451,574,1088,6258,105,7,14,97,2
2020-11-17,7564,581,1102,6355,107,7,14,99,2
2020-11-18,7679,588,1116,6454,109,7,14,100,2
2020-11-19,7795,594,1130,6555,110,7,14,101,2
2020-11-20,7911,601,1143,6656,112,7,14,102,2
2020-11-21,8030,608,1157,6759,114,7,14,103,2
2020-11-22,8149,615,1171,6863,115,7,14,105,2
2020-11-23,8271,622,1186,6968,117,7,14,106,2
2020-11-24,8393,629,1200,7074,119,7,14,107,2
2020-11-25,8517,635,1214,7182,121,7,14,109,2
2020-11-26,8642,642,1228,7291,123,7,14,110,2
2020-11-27,8767,649,1242,7401,124,7,14,111,2
2020-11-28,8896,656,1257,7513,126,7,14,112,2
2020-11-29,9025,663,1271,7626,128,7,14,114,2
2020-11-30,9156,670,1286,7740,130,7,14,115,2
2020-12-01,9287,676,1300,7855,132,7,14,116,2
2020-12-02,9420,683,1314,7972,134,7,14,118,2
2020-12-03,9555,690,1329,8090,136,7,15,119,2
2020-12-04,9690,697,1343,8209,138,7,15,120,2
2020-12-05,9828,704,1358,8330,140,7,15,121,2
2020-12-06,9967,711,1373,8452,142,7,15,123,2
2020-12-07,10106,717,1387,8575,144,7,15,124,2
2020-12-08,10248,724,1402,8700,146,7,15,125,2
2020-12-09,10389,731,1416,8825,148,7,15,127,2
2020-12-10,10535,737,1431,8953,151,7,15,128,2
2020-12-11,10679,744,1445,9081,153,7,15,129,2
2020-12-12,10826,751,1460,9211,155,7,14,131,2
2020-12-13,10973,757,1474,9342,157,7,14,132,2
2020-12-14,11122,764,1489,9474,159,7,14,133,2
2020-12-15,11272,770,1503,9607,162,6,14,134,2
2020-12-16,11423,777,1517,9742,164,6,14,136,2
2020-12-17,11577,783,1532,9879,166,6,14,137,2
2020-12-18,11730,790,1546,10016,168,6,14,138,2
2020-12-19,11886,796,1560,10155,171,6,14,140,2
2020-12-20,12043,802,1575,10295,173,6,14,141,2
2020-12-21,12200,808,1589,10436,175,6,14,142,2
2020-12-22,12359,814,1603,10578,178,6,14,143,2
2020-12-23,12519,820,1617,10722,180,6,14,145,2
2020-12-24,12680,826,1630,10867,183,6,14,146,2
2020-12-25,12842,832,1644,11013,185,6,14,147,2
2020-12-26,13007,838,1658,11161,188,6,14,148,2
2020-12-27,13172,844,1672,11310,190,6,14,149,3
2020-12-28,13337,850,1685,11459,193,6,13,151,3
2020-12-29,13504,855,1698,11611,195,6,13,152,3
2020-12-30,13673,861,1712,11763,198,5,13,153,3
2020-12-31,13841,866,1725,11916,200,5,13,154,3
2021-01-01,14012,872,1738,12071,203,5,13,155,3
2021-01-02,14184,877,1751,12227,206,5,13,157,3
2021-01-03,14355,882,1763,12384,208,5,13,158,3
2021-01-04,14529,887,1776,12542,211,5,12,159,3
2021-01-05,14703,892,1788,12701,214,5,12,160,3
2021-01-06,14878,897,1801,12861,216,5,12,161,3
2021-01-07,15055,901,1813,13023,219,5,12,162,3
2021-01-08,15232,906,1825,13185,222,5,12,163,3
2021-01-09,15409,911,1836,13349,224,4,12,164,3
2021-01-10,15588,915,1848,13513,227,4,11,165,3
2021-01-11,15768,919,1859,13679,230,4,11,166,3
2021-01-12,15948,923,1870,13845,233,4,11,167,3
2021-01-13,16130,927,1881,14013,236,4,11,168,3
2021-01-14,16312,931,1892,14182,238,4,11,169,3
2021-01-15,16495,935,1903,14351,241,4,10,170,3
2021-01-16,16678,939,1913,14521,244,4,10,171,3
2021-01-17,16863,942,1923,14693,247,3,10,172,3
2021-01-18,17048,946,1933,14865,250,3,10,173,3
2021-01-19,17233,949,1942,15038,253,3,9,174,3
2021-01-20,17420,952,1952,15212,256,3,9,175,3
2021-01-21,17607,955,1961,15387,259,3,9,175,3
2021-01-22,17795,958,1970,15563,262,3,9,176,3
2021-01-23,17982,960,1978,15739,265,3,8,177,3
2021-01-24,18171,963,1987,15916,268,2,8,178,3
2021-01-25,18360,965,1995,16094,271,2,8,178,3
2021-01-26,18550,968,2003,16273,274,2,8,179,3
2021-01-27,18739,970,2010,16452,277,2,7,180,3
2021-01-28,18930,972,2018,16632,280,2,7,180,3
2021-01-29,19121,973,2025,16813,283,2,7,181,3
2021-01-30,19311,975,2031,16994,286,2,7,182,3
2021-01-31,19503,976,2038,17176,289,1,6,182,3
2021-02-01,19694,978,2044,17358,292,1,6,183,3
2021-02-02,19886,979,2050,17541,295,1,6,183,3
2021-02-03,20077,980,2055,17724,298,1,5,184,3
2021-02-04,20269,981,2060,17908,301,1,5,184,3
2021-02-05,20462,982,2065,18093,304,1,5,185,3
2021-02-06,20654,982,2070,18277,307,0,4,185,3
2021-02-07,20847,982,2074,18463,310,0,4,185,3
2021-02-08,21040,983,2078,18648,314,0,4,186,3
2021-02-09,21233,983,2082,18834,317,0,3,186,3
2021-02-10,21425,983,2085,19020,320,0,3,186,3
2021-02-11,21618,982,2088,19207,323,0,3,187,3
2021-02-12,21811,982,2091,19394,326,0,2,187,3
2021-02-13,22003,981,2093,19581,329,0,2,187,3
2021-02-14,22195,981,2095,19768,332,0,2,187,3
2021-02-15,22387,980,2097,19955,335,0,2,187,3
2021-02-16,22580,979,2098,20143,339,0,1,188,3
2021-02-17,22771,978,2099,20330,342,0,1,188,3
2021-02-18,22963,976,2100,20518,345,0,1,188,3
2021-02-19,23154,975,2100,20706,348,0,0,188,3
2021-02-20,23345,973,2100,20894,351,0,0,188,3
2021-02-21,23535,971,2100,21081,354,0,0,188,3
2021-02-22,23727,969,2100,21269,358,0,0,188,3
2021-02-23,23917,967,2099,21457,361,0,0,188,3
2021-02-24,24105,965,2097,21644,364,0,0,188,3
2021-02-25,24295,963,2096,21832,367,0,0,187,3
2021-02-26,24483,960,2094,22019,370,0,0,187,3
2021-02-27,24671,958,2092,22206,373,0,0,187,3
2021-02-28,24858,955,2089,22393,376,0,0,187,3
2021-03-01,25046,952,2086,22580,380,0,0,187,3
2021-03-02,25233,949,2083,22767,383,0,0,186,3
2021-03-03,25419,946,2080,22953,386,0,0,186,3
2021-03-04,25603,942,2076,23138,389,0,0,186,3
2021-03-05,25788,939,2072,23324,392,0,0,185,3
2021-03-06,25972,935,2068,23509,395,0,0,185,3
2021-03-07,26155,931,2063,23694,398,0,0,184,3
2021-03-08,26337,928,2058,23878,401,0,0,184,3
2021-03-09,26519,924,2052,24062,405,0,0,184,3
2021-03-10,26700,919,2047,24245,408,0,0,183,3
2021-03-11,26880,915,2041,24428,411,0,0,182,3
2021-03-12,27059,911,2035,24610,414,0,0,182,3
2021-03-13,27237,907,2028,24792,417,0,0,181,3
2021-03-14,27415,902,2022,24973,420,0,0,181,3
2021-03-15,27592,897,2015,25154,423,0,0,180,3
2021-03-16,27766,893,2007,25333,426,0,0,179,3
2021-03-17,27942,888,2000,25513,429,0,0,179,3
2021-03-18,28115,883,1992,25691,432,0,0,178,3
2021-03-19,28288,878,1984,25869,435,0,0,177,3
2021-03-20,28459,873,1975,26046,438,0,0,177,3
2021-03-21,28630,867,1967,26222,441,0,0,176,3
2021-03-22,28800,862,1958,26398,444,0,0,175,3
2021-03-23,28969,857,1949,26573,447,0,0,174,3
2021-03-24,29137,851,1940,26747,450,0,0,173,3
2021-03-25,29303,846,1930,26920,453,0,0,173,3
2021-03-26,29467,840,1920,27092,455,0,0,172,3
2021-03-27,29632,834,1911,27263,458,0,0,171,3
2021-03-28,29795,829,1900,27434,461,0,0,170,3
2021-03-29,29957,823,1890,27603,464,0,0,169,3
2021-03-30,30118,817,1879,27772,467,0,0,168,3
2021-03-31,30279,811,1869,27940,470,0,0,167,3
2021-04-01,30437,805,1858,28106,473,0,0,166,3
2021-04-02,30594,799,1847,28272,475,0,0,165,3
2021-04-03,30750,793,1835,28437,478,0,0,164,3
2021-04-04,30906,786,1824,28601,481,0,0,163,3
2021-04-05,31059,780,1812,28763,484,0,0,162,3
2021-04-06,31211,774,1800,28925,486,0,0,161,3
2021-04-07,31362,768,1788,29085,489,0,0,160,3
2021-04-08,31513,761,1776,29245,492,0,0,159,3
2021-04-09,31661,755,1764,29403,494,0,0,158,3
2021-04-10,31810,748,1752,29561,497,0,0,157,3
2021-04-11,31956,742,1739,29717,500,0,0,155,3
2021-04-12,32100,736,1726,29872,502,0,0,154,3
2021-04-13,32245,729,1714,30026,505,0,0,153,3
2021-04-14,32387,722,1701,30179,507,0,0,152,3
2021-04-15,32528,716,1688,30330,510,0,0,151,3
2021-04-16,32668,709,1675,30481,512,0,0,150,3
2021-04-17,32806,703,1661,30630,515,0,0,149,2
2021-04-18,32943,696,1648,30778,517,0,0,147,2
2021-04-19,33080,690,1635,30925,520,0,0,146,2
2021-04-20,33214,683,1621,31071,522,0,0,145,2
2021-04-21,33348,676,1608,31215,525,0,0,144,2
2021-04-22,33479,670,1594,31358,527,0,0,143,2
2021-04-23,33611,663,1581,31500,530,0,0,141,2
2021-04-24,33740,656,1567,31641,532,0,0,140,2
2021-04-25,33868,650,1553,31781,534,0,0,139,2
2021-04-26,33995,643,1539,31919,537,0,0,138,2
2021-04-27,34121,636,1525,32057,539,0,0,136,2
2021-04-28,34245,630,1512,32192,541,0,0,135,2
2021-04-29,34368,623,1498,32327,543,0,0,134,2
2021-04-30,34491,617,1484,32461,546,0,0,133,2
2021-05-01,34611,610,1470,32593,548,0,0,131,2
2021-05-02,34730,603,1456,32724,550,0,0,130,2
2021-05-03,34847,597,1442,32853,552,0,0,129,2
2021-05-04,34965,590,1428,32982,555,0,0,128,2
2021-05-05,35080,584,1414,33109,557,0,0,126,2
2021-05-06,35194,577,1400,33235,559,0,0,125,2
2021-05-07,35305,571,1385,33359,561,0,0,124,2
2021-05-08,35417,564,1371,33483,563,0,0,123,2
2021-05-09,35527,558,1357,33605,565,0,0,121,2
2021-05-10,35636,551,1343,33726,567,0,0,120,2
2021-05-11,35744,545,1329,33846,569,0,0,119,2
2021-05-12,35850,539,1315,33964,571,0,0,118,2
2021-05-13,35956,532,1302,34081,573,0,0,116,2
2021-05-14,36060,526,1288,34197,575,0,0,115,2
2021-05-15,36163,520,1274,34312,577,0,0,114,2
2021-05-16,36264,514,1260,34425,579,0,0,113,2
2021-05-17,36364,508,1246,34537,581,0,0,111,2
2021-05-18,36463,501,1232,34648,583,0,0,110,2
2021-05-19,36561,495,1219,34758,584,0,0,109,2
2021-05-20,36657,489,1205,34866,586,0,0,108,2
2021-05-21,36753,483,1191,34974,588,0,0,107,2
2021-05-22,36848,477,1178,35080,590,0,0,105,2
2021-05-23,36941,471,1164,35185,592,0,0,104,2
2021-05-24,37032,465,1151,35288,593,0,0,103,2
2021-05-25,37124,459,1138,35391,595,0,0,102,2
2021-05-26,37213,454,1124,35492,597,0,0,101,2
2021-05-27,37301,448,1111,35592,598,0,0,99,2
2021-05-28,37389,442,1098,35691,600,0,0,98,2
2021-05-29,37476,436,1085,35789,602,0,0,97,2
2021-05-30,37560,431,1072,35885,603,0,0,96,2
2021-05-31,37644,425,1059,35980,605,0,0,95,2
2021-06-01,37728,420,1046,36075,607,0,0,94,2
2021-06-02,37809,414,1033,36168,608,0,0,92,2
2021-06-03,37890,409,1020,36260,610,0,0,91,2
2021-06-04,37970,403,1008,36351,611,0,0,90,2
2021-06-05,38048,398,995,36440,613,0,0,89,1
2021-06-06,38126,393,983,36529,614,0,0,88,1
2021-06-07,38203,387,971,36616,616,0,0,87,1
2021-06-08,38278,382,958,36703,617,0,0,86,1
2021-06-09,38352,377,946,36788,618,0,0,85,1
2021-06-10,38426,372,934,36872,620,0,0,84,1
2021-06-11,38498,367,922,36955,621,0,0,82,1
2021-06-12,38570,362,910,37037,623,0,0,81,1
2021-06-13,38640,357,898,37118,624,0,0,80,1
2021-06-14,38710,352,887,37198,625,0,0,79,1
2021-06-15,38779,347,875,37277,627,0,0,78,1
2021-06-16,38847,342,864,37355,628,0,0,77,1
2021-06-17,38913,337,852,37432,629,0,0,76,1
2021-06-18,38980,333,841,37508,631,0,0,75,1
2021-06-19,39044,328,830,37582,632,0,0,74,1
2021-06-20,39108,323,819,37656,633,0,0,73,1
2021-06-21,39171,319,808,37729,634,0,0,72,1
2021-06-22,39234,314,797,37801,636,0,0,71,1
2021-06-23,39295,310,786,37872,637,0,0,70,1
2021-06-24,39355,305,775,37942,638,0,0,69,1
2021-06-25,39415,301,765,38011,639,0,0,68,1
2021-06-26,39473,297,754,38079,640,0,0,67,1
2021-06-27,39531,292,744,38146,641,0,0,67,1
2021-06-28,39588,288,734,38212,642,0,0,66,1
2021-06-29,39644,284,723,38277,644,0,0,65,1
2021-06-30,39699,280,713,38341,645,0,0,64,1
2021-07-01,39754,276,703,38405,646,0,0,63,1
2021-07-02,39808,272,694,38467,647,0,0,62,1
2021-07-03,39861,268,684,38529,648,0,0,61,1
2021-07-04,39913,264,674,38590,649,0,0,60,1
2021-07-05,39965,260,665,38650,650,0,0,59,1
2021-07-06,40015,256,655,38709,651,0,0,59,1
2021-07-07,40065,252,646,38767,652,0,0,58,1
