Date,Infected,Exposed,Active,Recovered,Deaths,Diff Exposed,Diff Active,Diff Recovered,Diff Deaths
2020-06-23,1164,254,313,848,3,0,21,28,0
2020-06-24,1213,239,332,878,3,0,17,30,0
2020-06-25,1259,229,348,908,3,0,13,32,0
2020-06-26,1303,221,360,940,3,0,11,33,0
2020-06-27,1346,216,370,973,3,0,9,34,0
2020-06-28,1388,213,378,1007,3,0,7,34,0
2020-06-29,1430,212,385,1042,3,0,6,35,0
2020-06-30,1471,211,391,1077,3,0,6,35,0
2020-07-01,1512,210,397,1112,3,0,5,36,0
2020-07-02,1553,211,402,1148,3,1,5,36,0
2020-07-03,1596,211,407,1185,4,1,4,37,0
2020-07-04,1637,212,411,1222,4,1,4,37,0
2020-07-05,1678,214,415,1259,4,1,4,38,0
2020-07-06,1720,215,419,1297,4,1,4,38,0
2020-07-07,1762,216,423,1335,4,1,4,38,0
2020-07-08,1805,218,427,1374,4,2,4,39,0
2020-07-09,1848,219,431,1413,4,2,4,39,0
2020-07-10,1891,221,435,1452,4,2,4,39,0
2020-07-11,1934,223,439,1491,4,2,4,40,0
2020-07-12,1978,224,442,1531,5,2,4,40,0
2020-07-13,2023,226,446,1572,5,2,4,40,0
2020-07-14,2067,227,450,1612,5,2,4,41,0
2020-07-15,2112,229,454,1653,5,2,4,41,0
2020-07-16,2156,231,457,1694,5,2,4,41,0
2020-07-17,2202,232,461,1736,5,2,4,42,0
2020-07-18,2248,234,465,1778,5,2,4,42,0
2020-07-19,2293,236,468,1820,5,2,4,42,0
2020-07-20,2340,237,472,1862,6,2,4,43,0
2020-07-21,2386,239,475,1905,6,2,4,43,0
2020-07-22,2434,241,479,1949,6,2,4,43,0
2020-07-23,2481,242,483,1992,6,2,4,44,0
2020-07-24,2528,244,486,2036,6,2,4,44,0
2020-07-25,2576,245,490,2080,6,2,4,44,0
2020-07-26,2624,247,493,2125,6,2,4,45,0
2020-07-27,2673,249,497,2170,6,2,4,45,0
2020-07-28,2723,250,501,2215,7,2,4,45,0
2020-07-29,2771,252,504,2260,7,2,4,46,0
2020-07-30,2821,253,508,2306,7,2,3,46,0
2020-07-31,2870,255,511,2352,7,2,3,46,0
2020-08-01,2921,256,515,2399,7,1,3,47,0
2020-08-02,2970,258,518,2445,7,1,3,47,0
2020-08-03,3020,259,521,2492,7,1,3,47,0
2020-08-04,3073,261,525,2540,8,1,3,48,0
2020-08-05,3124,262,528,2588,8,1,3,48,0
2020-08-06,3175,263,531,2636,8,1,3,48,0
2020-08-07,3227,265,535,2684,8,1,3,48,0
2020-08-08,3278,266,538,2732,8,1,3,49,0
2020-08-09,3330,268,541,2781,8,1,3,49,0
2020-08-10,3383,269,545,2830,8,1,3,49,0
2020-08-11,3437,270,548,2880,9,1,3,50,0
2020-08-12,3490,271,551,2930,9,1,3,50,0
2020-08-13,3543,273,554,2980,9,1,3,50,0
2020-08-14,3596,274,557,3030,9,1,3,51,0
2020-08-15,3650,275,560,3081,9,1,3,51,0
2020-08-16,3704,276,563,3132,9,1,3,51,0
2020-08-17,3758,278,566,3183,9,1,3,51,0
2020-08-18,3813,279,569,3234,10,1,3,52,0
2020-08-19,3868,280,572,3286,10,1,3,52,0
2020-08-20,3923,281,575,3338,10,1,3,52,0
2020-08-21,3978,282,578,3390,10,1,3,52,0
2020-08-22,4033,283,581,3442,10,1,3,53,0
2020-08-23,4088,284,583,3495,10,1,3,53,0
2020-08-24,4145,285,586,3548,11,1,3,53,0
2020-08-25,4201,286,589,3601,11,1,3,53,0
2020-08-26,4257,287,591,3655,11,1,3,54,0
2020-08-27,4313,288,594,3708,11,1,3,54,0
2020-08-28,4369,289,596,3762,11,1,2,54,0
2020-08-29,4427,290,599,3817,11,1,2,54,0
2020-08-30,4483,291,601,3871,11,1,2,54,0
2020-08-31,4541,292,604,3925,12,1,2,55,0
2020-09-01,4598,293,606,3980,12,1,2,55,0
2020-09-02,4655,293,608,4035,12,1,2,55,0
2020-09-03,4712,294,610,4090,12,1,2,55,0
2020-09-04,4771,295,613,4146,12,1,2,56,0
2020-09-05,4828,295,615,4201,12,1,2,56,0
2020-09-06,4887,296,617,4257,13,1,2,56,0
2020-09-07,4945,297,619,4313,13,1,2,56,0
2020-09-08,5003,297,621,4369,13,1,2,56,0
2020-09-09,5061,298,622,4426,13,1,2,56,0
2020-09-10,5119,298,624,4482,13,1,2,57,0
2020-09-11,5178,299,626,4539,13,0,2,57,0
2020-09-12,5238,299,628,4596,14,0,2,57,0
2020-09-13,5296,300,629,4653,14,0,2,57,0
2020-09-14,5355,300,631,4710,14,0,2,57,0
2020-09-15,5413,301,632,4767,14,0,1,57,0
2020-09-16,5472,301,634,4824,14,0,1,57,0
2020-09-17,5531,301,635,4882,14,0,1,58,0
2020-09-18,5591,302,637,4939,15,0,1,58,0
2020-09-19,5650,302,638,4997,15,0,1,58,0
2020-09-20,5709,302,639,5055,15,0,1,58,0
2020-09-21,5768,302,640,5113,15,0,1,58,0
2020-09-22,5827,302,641,5171,15,0,1,58,0
2020-09-23,5887,303,642,5229,16,0,1,58,0
2020-09-24,5946,303,643,5287,16,0,1,58,0
2020-09-25,6006,303,644,5346,16,0,1,58,0
2020-09-26,6065,303,645,5404,16,0,1,58,0
2020-09-27,6123,303,645,5462,16,0,1,58,0
2020-09-28,6183,303,646,5521,16,0,1,59,0
2020-09-29,6244,303,647,5580,17,0,1,59,0
2020-09-30,6302,302,647,5638,17,0,0,59,0
2020-10-01,6362,302,648,5697,17,0,0,59,0
2020-10-02,6421,302,648,5756,17,0,0,59,0
2020-10-03,6479,302,648,5814,17,0,0,59,0
2020-10-04,6539,302,649,5873,17,0,0,59,0
2020-10-05,6599,301,649,5932,18,0,0,59,0
2020-10-06,6658,301,649,5991,18,0,0,59,0
2020-10-07,6716,301,649,6049,18,0,0,59,0
2020-10-08,6775,300,649,6108,18,0,0,59,0
2020-10-09,6834,300,649,6167,18,0,0,59,0
2020-10-10,6893,300,649,6226,18,0,0,59,0
2020-10-11,6952,299,648,6285,19,0,0,59,0
2020-10-12,7010,299,648,6343,19,0,0,59,0
2020-10-13,7069,298,648,6402,19,0,0,59,0
2020-10-14,7127,298,647,6461,19,0,0,59,0
2020-10-15,7185,297,647,6519,19,0,0,59,0
2020-10-16,7244,296,646,6578,20,0,0,59,0
2020-10-17,7302,296,645,6637,20,0,0,58,0
2020-10-18,7360,295,645,6695,20,0,0,58,0
2020-10-19,7417,294,644,6753,20,0,0,58,0
2020-10-20,7475,294,643,6812,20,0,0,58,0
2020-10-21,7532,293,642,6870,20,0,0,58,0
2020-10-22,7590,292,641,6928,21,0,0,58,0
2020-10-23,7647,291,640,6986,21,0,0,58,0
2020-10-24,7704,290,639,7044,21,0,0,58,0
2020-10-25,7761,290,638,7102,21,0,0,58,0
2020-10-26,7818,289,637,7160,21,0,0,58,0
2020-10-27,7874,288,635,7218,21,0,0,58,0
2020-10-28,7931,287,634,7275,22,0,0,57,0
2020-10-29,7987,286,632,7333,22,0,0,57,0
2020-10-30,8043,285,631,7390,22,0,0,57,0
2020-10-31,8098,284,629,7447,22,0,0,57,0
2020-11-01,8154,283,628,7504,22,0,0,57,0
2020-11-02,8209,282,626,7561,22,0,0,57,0
2020-11-03,8264,281,624,7617,23,0,0,57,0
2020-11-04,8320,279,623,7674,23,0,0,56,0
2020-11-05,8374,278,621,7730,23,0,0,56,0
2020-11-06,8429,277,619,7787,23,0,0,56,0
2020-11-07,8483,276,617,7843,23,0,0,56,0
2020-11-08,8536,275,615,7898,23,0,0,56,0
2020-11-09,8591,273,613,7954,24,0,0,56,0
2020-11-10,8645,272,611,8010,24,0,0,55,0
2020-11-11,8698,271,609,8065,24,0,0,55,0
2020-11-12,8750,270,606,8120,24,0,0,55,0
2020-11-13,8803,268,604,8175,24,0,0,55,0
2020-11-14,8856,267,602,8230,24,0,0,55,0
2020-11-15,8908,266,599,8284,25,0,0,54,0
2020-11-16,8960,264,597,8338,25,0,0,54,0
2020-11-17,9012,263,595,8392,25,0,0,54,0
2020-11-18,9063,262,592,8446,25,0,0,54,0
2020-11-19,9114,260,589,8500,25,0,0,53,0
2020-11-20,9165,259,587,8553,25,0,0,53,0
2020-11-21,9216,257,584,8606,26,0,0,53,0
2020-11-22,9267,256,582,8659,26,0,0,53,0
2020-11-23,9317,254,579,8712,26,0,0,52,0
2020-11-24,9366,253,576,8764,26,0,0,52,0
2020-11-25,9415,251,573,8816,26,0,0,52,0
2020-11-26,9464,250,570,8868,26,0,0,52,0
2020-11-27,9514,248,568,8920,26,0,0,51,0
2020-11-28,9563,247,565,8971,27,0,0,51,0
2020-11-29,9611,245,562,9022,27,0,0,51,0
2020-11-30,9659,244,559,9073,27,0,0,51,0
2020-12-01,9706,242,556,9123,27,0,0,50,0
2020-12-02,9754,241,553,9174,27,0,0,50,0
2020-12-03,9801,239,550,9224,27,0,0,50,0
2020-12-04,9847,237,546,9273,28,0,0,50,0
2020-12-05,9894,236,543,9323,28,0,0,49,0
2020-12-06,9940,234,540,9372,28,0,0,49,0
2020-12-07,9986,232,537,9421,28,0,0,49,0
2020-12-08,10031,231,534,9469,28,0,0,48,0
2020-12-09,10076,229,530,9518,28,0,0,48,0
2020-12-10,10120,228,527,9565,28,0,0,48,0
2020-12-11,10166,226,524,9613,29,0,0,47,0
2020-12-12,10209,224,520,9660,29,0,0,47,0
2020-12-13,10254,223,517,9708,29,0,0,47,0
2020-12-14,10297,221,514,9754,29,0,0,47,0
2020-12-15,10340,219,510,9801,29,0,0,46,0
2020-12-16,10383,218,507,9847,29,0,0,46,0
2020-12-17,10426,216,504,9893,29,0,0,46,0
2020-12-18,10467,214,500,9938,29,0,0,45,0
2020-12-19,10510,213,497,9983,30,0,0,45,0
2020-12-20,10551,211,493,10028,30,0,0,45,0
2020-12-21,10593,209,490,10073,30,0,0,44,0
2020-12-22,10633,208,486,10117,30,0,0,44,0
2020-12-23,10674,206,483,10161,30,0,0,44,0
2020-12-24,10714,204,479,10205,30,0,0,43,0
2020-12-25,10754,203,476,10248,30,0,0,43,0
2020-12-26,10794,201,472,10291,31,0,0,43,0
2020-12-27,10834,199,469,10334,31,0,0,42,0
2020-12-28,10872,197,465,10376,31,0,0,42,0
2020-12-29,10910,196,461,10418,31,0,0,42,0
2020-12-30,10949,194,458,10460,31,0,0,42,0
2020-12-31,10986,192,454,10501,31,0,0,41,0
2021-01-01,11024,191,451,10542,31,0,0,41,0
2021-01-02,11061,189,447,10583,31,0,0,41,0
2021-01-03,11099,187,444,10623,32,0,0,40,0
2021-01-04,11136,186,440,10664,32,0,0,40,0
2021-01-05,11171,184,436,10703,32,0,0,40,0
2021-01-06,11208,182,433,10743,32,0,0,39,0
2021-01-07,11243,181,429,10782,32,0,0,39,0
2021-01-08,11279,179,426,10821,32,0,0,39,0
2021-01-09,11313,177,422,10859,32,0,0,38,0
2021-01-10,11347,176,418,10897,32,0,0,38,0
2021-01-11,11382,174,415,10935,32,0,0,38,0
2021-01-12,11417,172,411,10973,33,0,0,37,0
2021-01-13,11451,171,408,11010,33,0,0,37,0
2021-01-14,11484,169,404,11047,33,0,0,37,0
2021-01-15,11517,168,401,11083,33,0,0,36,0
2021-01-16,11549,166,397,11119,33,0,0,36,0
2021-01-17,11582,164,394,11155,33,0,0,36,0
2021-01-18,11614,163,390,11191,33,0,0,35,0
2021-01-19,11645,161,386,11226,33,0,0,35,0
2021-01-20,11677,160,383,11261,33,0,0,35,0
2021-01-21,11708,158,379,11295,34,0,0,34,0
2021-01-22,11740,156,376,11330,34,0,0,34,0
2021-01-23,11770,155,372,11364,34,0,0,34,0
2021-01-24,11800,153,369,11397,34,0,0,33,0
2021-01-25,11831,152,366,11431,34,0,0,33,0
2021-01-26,11860,150,362,11464,34,0,0,33,0
2021-01-27,11889,149,359,11496,34,0,0,33,0
2021-01-28,11918,147,355,11529,34,0,0,32,0
2021-01-29,11947,146,352,11561,34,0,0,32,0
2021-01-30,11975,144,348,11593,34,0,0,32,0
2021-01-31,12003,143,345,11624,34,0,0,31,0
2021-02-01,12032,141,342,11655,35,0,0,31,0
2021-02-02,12059,140,338,11686,35,0,0,31,0
2021-02-03,12087,138,335,11717,35,0,0,30,0
2021-02-04,12114,137,332,11747,35,0,0,30,0
2021-02-05,12140,135,328,11777,35,0,0,30,0
2021-02-06,12166,134,325,11806,35,0,0,29,0
2021-02-07,12193,132,322,11836,35,0,0,29,0
2021-02-08,12218,131,318,11865,35,0,0,29,0
2021-02-09,12244,130,315,11894,35,0,0,29,0
2021-02-10,12269,128,312,11922,35,0,0,28,0
2021-02-11,12294,127,309,11950,35,0,0,28,0
2021-02-12,12320,125,306,11978,36,0,0,28,0
2021-02-13,12344,124,302,12006,36,0,0,27,0
2021-02-14,12368,123,299,12033,36,0,0,27,0
2021-02-15,12392,121,296,12060,36,0,0,27,0
2021-02-16,12416,120,293,12087,36,0,0,27,0
2021-02-17,12439,119,290,12113,36,0,0,26,0
2021-02-18,12462,117,287,12139,36,0,0,26,0
2021-02-19,12485,116,284,12165,36,0,0,26,0
2021-02-20,12508,115,281,12191,36,0,0,25,0
2021-02-21,12530,113,278,12216,36,0,0,25,0
2021-02-22,12552,112,275,12241,36,0,0,25,0
2021-02-23,12574,111,272,12266,36,0,0,25,0
2021-02-24,12596,110,269,12291,36,0,0,24,0
2021-02-25,12618,108,266,12315,37,0,0,24,0
2021-02-26,12639,107,263,12339,37,0,0,24,0
2021-02-27,12660,106,260,12363,37,0,0,24,0
2021-02-28,12680,105,257,12386,37,0,0,23,0
2021-03-01,12700,103,254,12409,37,0,0,23,0
2021-03-02,12721,102,252,12432,37,0,0,23,0
2021-03-03,12741,101,249,12455,37,0,0,23,0
2021-03-04,12760,100,246,12477,37,0,0,22,0
2021-03-05,12780,99,243,12500,37,0,0,22,0
2021-03-06,12799,98,240,12522,37,0,0,22,0
2021-03-07,12818,96,238,12543,37,0,0,22,0
2021-03-08,12837,95,235,12565,37,0,0,21,0
2021-03-09,12855,94,232,12586,37,0,0,21,0
2021-03-10,12874,93,230,12607,37,0,0,21,0
2021-03-11,12892,92,227,12628,37,0,0,21,0
2021-03-12,12911,91,225,12648,38,0,0,20,0
2021-03-13,12928,90,222,12668,38,0,0,20,0
2021-03-14,12945,89,219,12688,38,0,0,20,0
2021-03-15,12963,88,217,12708,38,0,0,20,0
2021-03-16,12980,87,214,12728,38,0,0,19,0
2021-03-17,12997,86,212,12747,38,0,0,19,0
2021-03-18,13013,85,209,12766,38,0,0,19,0
2021-03-19,13030,84,207,12785,38,0,0,19,0
2021-03-20,13046,83,204,12804,38,0,0,19,0
2021-03-21,13062,82,202,12822,38,0,0,18,0
2021-03-22,13078,81,200,12840,38,0,0,18,0
2021-03-23,13093,80,197,12858,38,0,0,18,0
2021-03-24,13109,79,195,12876,38,0,0,18,0
2021-03-25,13125,78,193,12894,38,0,0,17,0
2021-03-26,13139,77,190,12911,38,0,0,17,0
2021-03-27,13154,76,188,12928,38,0,0,17,0
2021-03-28,13169,75,186,12945,38,0,0,17,0
2021-03-29,13184,74,184,12962,38,0,0,17,0
2021-03-30,13198,73,181,12979,38,0,0,16,0
2021-03-31,13213,72,179,12995,39,0,0,16,0
2021-04-01,13227,71,177,13011,39,0,0,16,0
2021-04-02,13241,70,175,13027,39,0,0,16,0
2021-04-03,13255,69,173,13043,39,0,0,16,0
2021-04-04,13269,69,171,13059,39,0,0,15,0
2021-04-05,13282,68,169,13074,39,0,0,15,0
2021-04-06,13295,67,167,13089,39,0,0,15,0
2021-04-07,13308,66,165,13104,39,0,0,15,0
2021-04-08,13321,65,163,13119,39,0,0,15,0
2021-04-09,13334,64,161,13134,39,0,0,15,0
2021-04-10,13346,63,159,13148,39,0,0,14,0
2021-04-11,13359,63,157,13163,39,0,0,14,0
2021-04-12,13371,62,155,13177,39,0,0,14,0
2021-04-13,13383,61,153,13191,39,0,0,14,0
2021-04-14,13394,60,151,13204,39,0,0,14,0
2021-04-15,13406,60,149,13218,39,0,0,14,0
2021-04-16,13418,59,147,13232,39,0,0,13,0
2021-04-17,13429,58,145,13245,39,0,0,13,0
2021-04-18,13440,57,143,13258,39,0,0,13,0
2021-04-19,13452,57,142,13271,39,0,0,13,0
2021-04-20,13463,56,140,13284,39,0,0,13,0
2021-04-21,13473,55,138,13296,39,0,0,13,0
2021-04-22,13484,54,136,13309,39,0,0,12,0
2021-04-23,13496,54,135,13321,40,0,0,12,0
2021-04-24,13506,53,133,13333,40,0,0,12,0
2021-04-25,13516,52,131,13345,40,0,0,12,0
2021-04-26,13527,52,130,13357,40,0,0,12,0
2021-04-27,13537,51,128,13369,40,0,0,12,0
2021-04-28,13546,50,126,13380,40,0,0,11,0
2021-04-29,13557,50,125,13392,40,0,0,11,0
2021-04-30,13566,49,123,13403,40,0,0,11,0
2021-05-01,13576,48,122,13414,40,0,0,11,0
2021-05-02,13585,48,120,13425,40,0,0,11,0
2021-05-03,13595,47,119,13436,40,0,0,11,0
2021-05-04,13604,47,117,13447,40,0,0,11,0
2021-05-05,13613,46,116,13457,40,0,0,10,0
2021-05-06,13621,45,114,13467,40,0,0,10,0
2021-05-07,13631,45,113,13478,40,0,0,10,0
2021-05-08,13639,44,111,13488,40,0,0,10,0
2021-05-09,13648,44,110,13498,40,0,0,10,0
2021-05-10,13656,43,108,13508,40,0,0,10,0
2021-05-11,13665,42,107,13518,40,0,0,10,0
2021-05-12,13672,42,105,13527,40,0,0,10,0
2021-05-13,13681,41,104,13537,40,0,0,9,0
2021-05-14,13689,41,103,13546,40,0,0,9,0
2021-05-15,13696,40,101,13555,40,0,0,9,0
2021-05-16,13705,40,100,13565,40,0,0,9,0
2021-05-17,13713,39,99,13574,40,0,0,9,0
2021-05-18,13720,39,98,13582,40,0,0,9,0
2021-05-19,13727,38,96,13591,40,0,0,9,0
2021-05-20,13735,38,95,13600,40,0,0,9,0
2021-05-21,13743,37,94,13609,40,0,0,8,0
2021-05-22,13750,37,93,13617,40,0,0,8,0
2021-05-23,13756,36,91,13625,40,0,0,8,0
2021-05-24,13764,36,90,13634,40,0,0,8,0
2021-05-25,13771,35,89,13642,40,0,0,8,0
2021-05-26,13778,35,88,13650,40,0,0,8,0
2021-05-27,13786,34,87,13658,41,0,0,8,0
2021-05-28,13791,34,85,13665,41,0,0,8,0
2021-05-29,13798,33,84,13673,41,0,0,8,0
2021-05-30,13805,33,83,13681,41,0,0,8,0
2021-05-31,13811,33,82,13688,41,0,0,7,0
2021-06-01,13818,32,81,13696,41,0,0,7,0
2021-06-02,13824,32,80,13703,41,0,0,7,0
2021-06-03,13830,31,79,13710,41,0,0,7,0
2021-06-04,13836,31,78,13717,41,0,0,7,0
2021-06-05,13842,30,77,13724,41,0,0,7,0
2021-06-06,13848,30,76,13731,41,0,0,7,0
2021-06-07,13854,30,75,13738,41,0,0,7,0
2021-06-08,13860,29,74,13745,41,0,0,7,0
2021-06-09,13865,29,73,13751,41,0,0,7,0
2021-06-10,13871,28,72,13758,41,0,0,7,0
2021-06-11,13877,28,71,13765,41,0,0,6,0
2021-06-12,13882,28,70,13771,41,0,0,6,0
2021-06-13,13887,27,69,13777,41,0,0,6,0
2021-06-14,13892,27,68,13783,41,0,0,6,0
2021-06-15,13898,27,67,13790,41,0,0,6,0
2021-06-16,13903,26,66,13796,41,0,0,6,0
2021-06-17,13908,26,65,13802,41,0,0,6,0
2021-06-18,13914,25,65,13808,41,0,0,6,0
