Date,Infected,Exposed,Active,Recovered,Deaths,Diff Exposed,Diff Active,Diff Recovered,Diff Deaths
2020-07-10,1734,10,396,1335,3,41,0,36,0
2020-07-11,1739,46,366,1370,3,30,0,33,0
2020-07-12,1751,73,345,1403,3,22,0,31,0
2020-07-13,1766,93,330,1433,3,17,0,30,0
2020-07-14,1786,108,320,1463,3,13,0,29,0
2020-07-15,1808,120,313,1492,3,9,0,28,0
2020-07-16,1832,128,309,1520,3,7,0,28,0
2020-07-17,1858,135,307,1548,3,6,0,28,0
2020-07-18,1885,140,306,1576,3,4,0,28,0
2020-07-19,1912,144,306,1603,3,3,0,28,0
2020-07-20,1940,147,306,1631,3,3,1,28,0
2020-07-21,1969,150,307,1659,3,2,1,28,0
2020-07-22,1999,152,309,1687,3,2,2,28,0
2020-07-23,2029,153,311,1715,3,2,2,28,0
2020-07-24,2059,155,313,1743,3,1,2,28,0
2020-07-25,2090,156,315,1772,3,1,2,29,0
2020-07-26,2121,157,317,1800,4,1,2,29,0
2020-07-27,2152,158,319,1829,4,1,2,29,0
2020-07-28,2183,159,321,1858,4,1,2,29,0
2020-07-29,2214,160,323,1887,4,1,2,29,0
2020-07-30,2245,161,325,1916,4,1,2,29,0
2020-07-31,2277,161,327,1946,4,1,2,30,0
2020-08-01,2309,162,329,1976,4,1,2,30,0
2020-08-02,2340,162,330,2006,4,0,2,30,0
2020-08-03,2372,163,332,2036,4,0,2,30,0
2020-08-04,2404,163,334,2066,4,0,2,30,0
2020-08-05,2435,163,335,2096,4,0,2,30,0
2020-08-06,2468,164,337,2127,4,0,1,31,0
2020-08-07,2499,164,338,2157,4,0,1,31,0
2020-08-08,2532,164,340,2188,4,0,1,31,0
2020-08-09,2564,164,341,2219,4,0,1,31,0
2020-08-10,2596,164,342,2250,4,0,1,31,0
2020-08-11,2628,164,343,2281,4,0,1,31,0
2020-08-12,2661,164,344,2312,5,0,1,31,0
2020-08-13,2693,164,345,2343,5,0,1,31,0
2020-08-14,2726,164,346,2375,5,0,1,31,0
2020-08-15,2758,164,347,2406,5,0,1,31,0
2020-08-16,2790,164,347,2438,5,0,1,32,0
2020-08-17,2822,164,348,2469,5,0,0,32,0
2020-08-18,2854,163,348,2501,5,0,0,32,0
2020-08-19,2886,163,349,2532,5,0,0,32,0
2020-08-20,2918,163,349,2564,5,0,0,32,0
2020-08-21,2950,162,349,2596,5,0,0,32,0
2020-08-22,2981,162,349,2627,5,0,0,32,0
2020-08-23,3013,161,349,2659,5,0,0,32,0
2020-08-24,3045,161,349,2691,5,0,0,32,0
2020-08-25,3076,160,349,2722,5,0,0,32,0
2020-08-26,3107,159,348,2754,5,0,0,32,0
2020-08-27,3139,159,348,2786,5,0,0,32,0
2020-08-28,3170,158,347,2817,6,0,0,32,0
2020-08-29,3202,157,347,2849,6,0,0,31,0
2020-08-30,3232,156,346,2880,6,0,0,31,0
2020-08-31,3262,155,345,2911,6,0,0,31,0
2020-09-01,3293,155,344,2943,6,0,0,31,0
2020-09-02,3323,154,343,2974,6,0,0,31,0
2020-09-03,3353,153,342,3005,6,0,0,31,0
2020-09-04,3383,152,341,3036,6,0,0,31,0
2020-09-05,3412,151,339,3067,6,0,0,31,0
2020-09-06,3441,150,338,3097,6,0,0,31,0
2020-09-07,3471,148,337,3128,6,0,0,31,0
2020-09-08,3500,147,335,3159,6,0,0,30,0
2020-09-09,3529,146,334,3189,6,0,0,30,0
2020-09-10,3557,145,332,3219,6,0,0,30,0
2020-09-11,3585,144,330,3249,6,0,0,30,0
2020-09-12,3613,143,328,3279,6,0,0,30,0
2020-09-13,3642,141,326,3309,7,0,0,30,0
2020-09-14,3669,140,324,3338,7,0,0,29,0
2020-09-15,3697,139,322,3368,7,0,0,29,0
2020-09-16,3724,137,320,3397,7,0,0,29,0
2020-09-17,3751,136,318,3426,7,0,0,29,0
2020-09-18,3778,135,316,3455,7,0,0,29,0
2020-09-19,3803,133,313,3483,7,0,0,28,0
2020-09-20,3830,132,311,3512,7,0,0,28,0
2020-09-21,3856,131,309,3540,7,0,0,28,0
2020-09-22,3881,129,306,3568,7,0,0,28,0
2020-09-23,3906,128,304,3595,7,0,0,28,0
2020-09-24,3931,126,301,3623,7,0,0,27,0
2020-09-25,3955,125,298,3650,7,0,0,27,0
2020-09-26,3980,123,296,3677,7,0,0,27,0
2020-09-27,4004,122,293,3704,7,0,0,27,0
2020-09-28,4027,120,290,3730,7,0,0,26,0
2020-09-29,4050,119,287,3756,7,0,0,26,0
2020-09-30,4074,117,285,3782,7,0,0,26,0
2020-10-01,4097,116,282,3808,7,0,0,26,0
2020-10-02,4121,114,279,3834,8,0,0,25,0
2020-10-03,4143,113,276,3859,8,0,0,25,0
2020-10-04,4165,111,273,3884,8,0,0,25,0
2020-10-05,4186,110,270,3908,8,0,0,25,0
2020-10-06,4208,109,267,3933,8,0,0,24,0
2020-10-07,4229,107,264,3957,8,0,0,24,0
2020-10-08,4250,106,261,3981,8,0,0,24,0
2020-10-09,4270,104,258,4004,8,0,0,23,0
2020-10-10,4291,103,255,4028,8,0,0,23,0
2020-10-11,4311,101,252,4051,8,0,0,23,0
2020-10-12,4331,100,249,4074,8,0,0,23,0
2020-10-13,4350,98,246,4096,8,0,0,22,0
2020-10-14,4369,97,243,4118,8,0,0,22,0
2020-10-15,4387,95,239,4140,8,0,0,22,0
2020-10-16,4406,94,236,4162,8,0,0,21,0
2020-10-17,4424,92,233,4183,8,0,0,21,0
2020-10-18,4442,91,230,4204,8,0,0,21,0
2020-10-19,4460,89,227,4225,8,0,0,21,0
2020-10-20,4477,88,224,4245,8,0,0,20,0
2020-10-21,4495,87,221,4266,8,0,0,20,0
2020-10-22,4512,85,218,4286,8,0,0,20,0
2020-10-23,4528,84,215,4305,8,0,0,19,0
2020-10-24,4545,83,212,4325,8,0,0,19,0
2020-10-25,4562,81,209,4344,9,0,0,19,0
2020-10-26,4578,80,206,4363,9,0,0,19,0
2020-10-27,4593,78,203,4381,9,0,0,18,0
2020-10-28,4607,77,199,4399,9,0,0,18,0
2020-10-29,4622,76,196,4417,9,0,0,18,0
2020-10-30,4638,75,194,4435,9,0,0,18,0
2020-10-31,4653,73,191,4453,9,0,0,17,0
2020-11-01,4667,72,188,4470,9,0,0,17,0
2020-11-02,4681,71,185,4487,9,0,0,17,0
2020-11-03,4694,70,182,4503,9,0,0,16,0
2020-11-04,4708,68,179,4520,9,0,0,16,0
2020-11-05,4721,67,176,4536,9,0,0,16,0
2020-11-06,4734,66,173,4552,9,0,0,16,0
2020-11-07,4746,65,170,4567,9,0,0,15,0
2020-11-08,4760,64,168,4583,9,0,0,15,0
2020-11-09,4772,62,165,4598,9,0,0,15,0
2020-11-10,4784,61,162,4613,9,0,0,15,0
2020-11-11,4795,60,159,4627,9,0,0,14,0
2020-11-12,4808,59,157,4642,9,0,0,14,0
2020-11-13,4819,58,154,4656,9,0,0,14,0
2020-11-14,4830,57,151,4670,9,0,0,14,0
2020-11-15,4841,56,149,4683,9,0,0,13,0
2020-11-16,4852,55,146,4697,9,0,0,13,0
2020-11-17,4863,54,144,4710,9,0,0,13,0
2020-11-18,4873,53,141,4723,9,0,0,13,0
2020-11-19,4884,52,139,4736,9,0,0,13,0
2020-11-20,4893,51,136,4748,9,0,0,12,0
2020-11-21,4903,50,134,4760,9,0,0,12,0
2020-11-22,4912,49,131,4772,9,0,0,12,0
2020-11-23,4922,48,129,4784,9,0,0,12,0
2020-11-24,4932,47,127,4796,9,0,0,11,0
2020-11-25,4940,46,124,4807,9,0,0,11,0
2020-11-26,4949,45,122,4818,9,0,0,11,0
2020-11-27,4958,44,120,4829,9,0,0,11,0
2020-11-28,4968,43,118,4840,10,0,0,11,0
2020-11-29,4977,43,116,4851,10,0,0,10,0
2020-11-30,4984,42,113,4861,10,0,0,10,0
2020-12-01,4992,41,111,4871,10,0,0,10,0
2020-12-02,5001,40,109,4882,10,0,0,10,0
2020-12-03,5008,39,107,4891,10,0,0,10,0
2020-12-04,5016,38,105,4901,10,0,0,10,0
2020-12-05,5023,38,103,4910,10,0,0,9,0
2020-12-06,5031,37,101,4920,10,0,0,9,0
2020-12-07,5038,36,99,4929,10,0,0,9,0
2020-12-08,5045,35,97,4938,10,0,0,9,0
2020-12-09,5052,35,95,4947,10,0,0,9,0
2020-12-10,5059,34,94,4955,10,0,0,8,0
2020-12-11,5066,33,92,4964,10,0,0,8,0
2020-12-12,5072,33,90,4972,10,0,0,8,0
2020-12-13,5078,32,88,4980,10,0,0,8,0
2020-12-14,5084,31,86,4988,10,0,0,8,0
2020-12-15,5091,31,85,4996,10,0,0,8,0
2020-12-16,5096,30,83,5003,10,0,0,8,0
2020-12-17,5102,29,81,5011,10,0,0,7,0
2020-12-18,5108,29,80,5018,10,0,0,7,0
2020-12-19,5113,28,78,5025,10,0,0,7,0
2020-12-20,5119,28,77,5032,10,0,0,7,0
2020-12-21,5124,27,75,5039,10,0,0,7,0
2020-12-22,5130,27,74,5046,10,0,0,7,0
2020-12-23,5135,26,72,5053,10,0,0,7,0
2020-12-24,5140,25,71,5059,10,0,0,6,0
2020-12-25,5145,25,69,5066,10,0,0,6,0
2020-12-26,5150,24,68,5072,10,0,0,6,0
2020-12-27,5155,24,67,5078,10,0,0,6,0
2020-12-28,5159,23,65,5084,10,0,0,6,0
2020-12-29,5164,23,64,5090,10,0,0,6,0
2020-12-30,5168,22,63,5095,10,0,0,6,0
2020-12-31,5172,22,61,5101,10,0,0,6,0
2021-01-01,5177,21,60,5107,10,0,0,5,0
2021-01-02,5181,21,59,5112,10,0,0,5,0
2021-01-03,5185,21,58,5117,10,0,0,5,0
2021-01-04,5188,20,56,5122,10,0,0,5,0
2021-01-05,5193,20,55,5128,10,0,0,5,0
2021-01-06,5197,19,54,5133,10,0,0,5,0
2021-01-07,5200,19,53,5137,10,0,0,5,0
2021-01-08,5204,18,52,5142,10,0,0,5,0
2021-01-09,5208,18,51,5147,10,0,0,5,0
2021-01-10,5211,18,50,5151,10,0,0,5,0
2021-01-11,5215,17,49,5156,10,0,0,4,0
2021-01-12,5218,17,48,5160,10,0,0,4,0
2021-01-13,5222,17,47,5165,10,0,0,4,0
2021-01-14,5225,16,46,5169,10,0,0,4,0
2021-01-15,5228,16,45,5173,10,0,0,4,0
2021-01-16,5231,16,44,5177,10,0,0,4,0
2021-01-17,5234,15,43,5181,10,0,0,4,0
2021-01-18,5237,15,42,5185,10,0,0,4,0
2021-01-19,5239,15,41,5188,10,0,0,4,0
2021-01-20,5242,14,40,5192,10,0,0,4,0
2021-01-21,5245,14,39,5196,10,0,0,4,0
2021-01-22,5247,14,38,5199,10,0,0,3,0
2021-01-23,5251,13,38,5203,10,0,0,3,0
2021-01-24,5253,13,37,5206,10,0,0,3,0
2021-01-25,5255,13,36,5209,10,0,0,3,0
2021-01-26,5258,12,35,5213,10,0,0,3,0
2021-01-27,5261,12,35,5216,10,0,0,3,0
2021-01-28,5263,12,34,5219,10,0,0,3,0
2021-01-29,5265,12,33,5222,10,0,0,3,0
2021-01-30,5267,11,32,5225,10,0,0,3,0
2021-01-31,5270,11,32,5228,10,0,0,3,0
2021-02-01,5272,11,31,5231,10,0,0,3,0
2021-02-02,5274,11,30,5234,10,0,0,3,0
2021-02-03,5276,10,30,5236,10,0,0,3,0
2021-02-04,5278,10,29,5239,10,0,0,3,0
2021-02-05,5280,10,28,5242,10,0,0,3,0
2021-02-06,5282,10,28,5244,10,0,0,3,0
2021-02-07,5284,10,27,5247,10,0,0,2,0
2021-02-08,5286,9,27,5249,10,0,0,2,0
2021-02-09,5287,9,26,5251,10,0,0,2,0
2021-02-10,5289,9,25,5254,10,0,0,2,0
2021-02-11,5291,9,25,5256,10,0,0,2,0
2021-02-12,5292,9,24,5258,10,0,0,2,0
2021-02-13,5294,8,24,5260,10,0,0,2,0
2021-02-14,5296,8,23,5263,10,0,0,2,0
2021-02-15,5298,8,23,5265,10,0,0,2,0
2021-02-16,5299,8,22,5267,10,0,0,2,0
2021-02-17,5301,8,22,5269,10,0,0,2,0
2021-02-18,5302,8,21,5271,10,0,0,2,0
2021-02-19,5304,7,21,5273,10,0,0,2,0
2021-02-20,5305,7,20,5275,10,0,0,2,0
2021-02-21,5306,7,20,5276,10,0,0,2,0
2021-02-22,5308,7,20,5278,10,0,0,2,0
2021-02-23,5309,7,19,5280,10,0,0,2,0
2021-02-24,5311,7,19,5282,10,0,0,2,0
2021-02-25,5311,6,18,5283,10,0,0,2,0
2021-02-26,5313,6,18,5285,10,0,0,2,0
2021-02-27,5314,6,17,5287,10,0,0,2,0
2021-02-28,5315,6,17,5288,10,0,0,2,0
2021-03-01,5317,6,17,5290,10,0,0,2,0
2021-03-02,5317,6,16,5291,10,0,0,1,0
2021-03-03,5319,6,16,5293,10,0,0,1,0
2021-03-04,5320,5,16,5294,10,0,0,1,0
2021-03-05,5321,5,15,5296,10,0,0,1,0
2021-03-06,5322,5,15,5297,10,0,0,1,0
2021-03-07,5323,5,15,5298,10,0,0,1,0
2021-03-08,5324,5,14,5300,10,0,0,1,0
2021-03-09,5325,5,14,5301,10,0,0,1,0
2021-03-10,5326,5,14,5302,10,0,0,1,0
2021-03-11,5326,5,13,5303,10,0,0,1,0
2021-03-12,5328,5,13,5305,10,0,0,1,0
2021-03-13,5329,4,13,5306,10,0,0,1,0
2021-03-14,5330,4,13,5307,10,0,0,1,0
2021-03-15,5330,4,12,5308,10,0,0,1,0
2021-03-16,5331,4,12,5309,10,0,0,1,0
2021-03-17,5332,4,12,5310,10,0,0,1,0
2021-03-18,5332,4,11,5311,10,0,0,1,0
2021-03-19,5333,4,11,5312,10,0,0,1,0
2021-03-20,5334,4,11,5313,10,0,0,1,0
2021-03-21,5335,4,11,5314,10,0,0,1,0
2021-03-22,5335,4,10,5315,10,0,0,1,0
2021-03-23,5336,4,10,5316,10,0,0,1,0
2021-03-24,5337,4,10,5317,10,0,0,1,0
2021-03-25,5338,3,10,5318,10,0,0,1,0
2021-03-26,5339,3,10,5319,10,0,0,1,0
2021-03-27,5339,3,9,5320,10,0,0,1,0
2021-03-28,5340,3,9,5321,10,0,0,1,0
2021-03-29,5340,3,9,5321,10,0,0,1,0
2021-03-30,5341,3,9,5322,10,0,0,1,0
2021-03-31,5342,3,9,5323,10,0,0,1,0
2021-04-01,5342,3,8,5324,10,0,0,1,0
2021-04-02,5343,3,8,5325,10,0,0,1,0
2021-04-03,5343,3,8,5325,10,0,0,1,0
2021-04-04,5344,3,8,5326,10,0,0,1,0
2021-04-05,5345,3,8,5327,10,0,0,1,0
2021-04-06,5344,3,7,5327,10,0,0,1,0
2021-04-07,5345,3,7,5328,10,0,0,1,0
2021-04-08,5346,2,7,5329,10,0,0,1,0
2021-04-09,5346,2,7,5329,10,0,0,1,0
2021-04-10,5347,2,7,5330,10,0,0,1,0
2021-04-11,5348,2,7,5331,10,0,0,1,0
2021-04-12,5348,2,7,5331,10,0,0,1,0
2021-04-13,5348,2,6,5332,10,0,0,1,0
2021-04-14,5348,2,6,5332,10,0,0,1,0
2021-04-15,5349,2,6,5333,10,0,0,1,0
2021-04-16,5349,2,6,5333,10,0,0,1,0
2021-04-17,5350,2,6,5334,10,0,0,1,0
2021-04-18,5351,2,6,5335,10,0,0,1,0
2021-04-19,5351,2,6,5335,10,0,0,1,0
2021-04-20,5351,2,5,5336,10,0,0,0,0
2021-04-21,5351,2,5,5336,10,0,0,0,0
2021-04-22,5352,2,5,5337,10,0,0,0,0
2021-04-23,5352,2,5,5337,10,0,0,0,0
2021-04-24,5352,2,5,5337,10,0,0,0,0
2021-04-25,5353,2,5,5338,10,0,0,0,0
2021-04-26,5353,2,5,5338,10,0,0,0,0
2021-04-27,5354,2,5,5339,10,0,0,0,0
2021-04-28,5354,2,5,5339,10,0,0,0,0
2021-04-29,5354,2,4,5340,10,0,0,0,0
2021-04-30,5354,2,4,5340,10,0,0,0,0
2021-05-01,5354,1,4,5340,10,0,0,0,0
2021-05-02,5355,1,4,5341,10,0,0,0,0
2021-05-03,5355,1,4,5341,10,0,0,0,0
2021-05-04,5356,1,4,5342,10,0,0,0,0
2021-05-05,5356,1,4,5342,10,0,0,0,0
2021-05-06,5356,1,4,5342,10,0,0,0,0
2021-05-07,5357,1,4,5343,10,0,0,0,0
2021-05-08,5357,1,4,5343,10,0,0,0,0
2021-05-09,5357,1,4,5343,10,0,0,0,0
2021-05-10,5357,1,3,5344,10,0,0,0,0
2021-05-11,5357,1,3,5344,10,0,0,0,0
2021-05-12,5357,1,3,5344,10,0,0,0,0
2021-05-13,5357,1,3,5344,10,0,0,0,0
2021-05-14,5359,1,3,5345,11,0,0,0,0
2021-05-15,5359,1,3,5345,11,0,0,0,0
2021-05-16,5359,1,3,5345,11,0,0,0,0
2021-05-17,5360,1,3,5346,11,0,0,0,0
2021-05-18,5360,1,3,5346,11,0,0,0,0
2021-05-19,5360,1,3,5346,11,0,0,0,0
2021-05-20,5360,1,3,5346,11,0,0,0,0
2021-05-21,5361,1,3,5347,11,0,0,0,0
2021-05-22,5361,1,3,5347,11,0,0,0,0
2021-05-23,5361,1,3,5347,11,0,0,0,0
2021-05-24,5361,1,3,5347,11,0,0,0,0
2021-05-25,5361,1,2,5348,11,0,0,0,0
2021-05-26,5361,1,2,5348,11,0,0,0,0
2021-05-27,5361,1,2,5348,11,0,0,0,0
2021-05-28,5361,1,2,5348,11,0,0,0,0
2021-05-29,5361,1,2,5348,11,0,0,0,0
2021-05-30,5362,1,2,5349,11,0,0,0,0
2021-05-31,5362,1,2,5349,11,0,0,0,0
2021-06-01,5362,1,2,5349,11,0,0,0,0
2021-06-02,5362,1,2,5349,11,0,0,0,0
2021-06-03,5362,1,2,5349,11,0,0,0,0
2021-06-04,5363,1,2,5350,11,0,0,0,0
2021-06-05,5363,1,2,5350,11,0,0,0,0
2021-06-06,5363,1,2,5350,11,0,0,0,0
2021-06-07,5363,1,2,5350,11,0,0,0,0
2021-06-08,5363,1,2,5350,11,0,0,0,0
2021-06-09,5363,1,2,5350,11,0,0,0,0
2021-06-10,5364,1,2,5351,11,0,0,0,0
2021-06-11,5364,1,2,5351,11,0,0,0,0
2021-06-12,5364,1,2,5351,11,0,0,0,0
2021-06-13,5364,1,2,5351,11,0,0,0,0
2021-06-14,5364,1,2,5351,11,0,0,0,0
2021-06-15,5364,1,2,5351,11,0,0,0,0
2021-06-16,5364,1,2,5351,11,0,0,0,0
2021-06-17,5364,1,1,5352,11,0,0,0,0
2021-06-18,5364,0,1,5352,11,0,0,0,0
2021-06-19,5364,0,1,5352,11,0,0,0,0
2021-06-20,5364,0,1,5352,11,0,0,0,0
2021-06-21,5364,0,1,5352,11,0,0,0,0
2021-06-22,5364,0,1,5352,11,0,0,0,0
2021-06-23,5364,0,1,5352,11,0,0,0,0
2021-06-24,5364,0,1,5352,11,0,0,0,0
2021-06-25,5365,0,1,5353,11,0,0,0,0
2021-06-26,5365,0,1,5353,11,0,0,0,0
2021-06-27,5365,0,1,5353,11,0,0,0,0
2021-06-28,5365,0,1,5353,11,0,0,0,0
2021-06-29,5365,0,1,5353,11,0,0,0,0
2021-06-30,5365,0,1,5353,11,0,0,0,0
2021-07-01,5365,0,1,5353,11,0,0,0,0
2021-07-02,5365,0,1,5353,11,0,0,0,0
2021-07-03,5365,0,1,5353,11,0,0,0,0
2021-07-04,5365,0,1,5353,11,0,0,0,0
2021-07-05,5366,0,1,5354,11,0,0,0,0
