Date,Infected,Exposed,Active,Recovered,Deaths,Diff Exposed,Diff Active,Diff Recovered,Diff Deaths
2020-06-25,737,92,202,534,1,4,0,18,0
2020-06-26,756,96,202,553,1,4,0,18,0
2020-06-27,775,99,203,571,1,3,1,18,0
2020-06-28,794,102,204,589,1,3,1,19,0
2020-06-29,815,104,206,608,1,2,2,19,0
2020-06-30,835,107,207,627,1,2,2,19,0
2020-07-01,857,108,210,646,1,2,2,19,0
2020-07-02,878,110,212,665,1,2,2,19,0
2020-07-03,899,112,214,684,1,2,2,19,0
2020-07-04,922,114,217,704,1,2,3,20,0
2020-07-05,943,115,219,723,1,2,3,20,0
2020-07-06,966,117,222,743,1,2,3,20,0
2020-07-07,990,118,225,764,1,2,3,20,0
2020-07-08,1012,120,227,784,1,1,3,21,0
2020-07-09,1036,121,230,805,1,1,3,21,0
2020-07-10,1060,123,233,826,1,1,3,21,0
2020-07-11,1084,124,236,847,1,1,3,21,0
2020-07-12,1109,126,239,869,1,1,3,22,0
2020-07-13,1133,127,242,890,1,2,3,22,0
2020-07-14,1158,129,245,912,1,2,3,22,0
2020-07-15,1184,130,248,935,1,2,3,22,0
2020-07-16,1209,132,251,957,1,2,3,23,0
2020-07-17,1235,133,254,980,1,2,3,23,0
2020-07-18,1261,135,257,1003,1,2,3,23,0
2020-07-19,1288,136,260,1027,1,2,3,24,0
2020-07-20,1314,138,263,1050,1,2,3,24,0
2020-07-21,1341,139,266,1074,1,2,3,24,0
2020-07-22,1370,141,269,1099,2,2,3,24,0
2020-07-23,1397,143,272,1123,2,2,3,25,0
2020-07-24,1426,144,276,1148,2,2,3,25,0
2020-07-25,1454,146,279,1173,2,2,3,25,0
2020-07-26,1483,147,282,1199,2,2,3,26,0
2020-07-27,1511,149,285,1224,2,2,3,26,0
2020-07-28,1541,151,289,1250,2,2,3,26,0
2020-07-29,1571,152,292,1277,2,2,3,27,0
2020-07-30,1600,154,295,1303,2,2,3,27,0
2020-07-31,1631,156,299,1330,2,2,3,27,0
2020-08-01,1661,157,302,1357,2,2,3,27,0
2020-08-02,1692,159,305,1385,2,2,3,28,0
2020-08-03,1724,160,309,1413,2,2,3,28,0
2020-08-04,1755,162,312,1441,2,2,3,28,0
2020-08-05,1787,164,316,1469,2,2,3,29,0
2020-08-06,1819,166,319,1498,2,2,3,29,0
2020-08-07,1851,167,322,1527,2,2,3,29,0
2020-08-08,1885,169,326,1557,2,2,3,30,0
2020-08-09,1917,171,329,1586,2,2,3,30,0
2020-08-10,1951,172,333,1616,2,2,4,30,0
2020-08-11,1985,174,336,1647,2,2,4,31,0
2020-08-12,2019,176,340,1677,2,2,4,31,0
2020-08-13,2054,177,344,1708,2,2,4,31,0
2020-08-14,2089,179,347,1740,2,2,4,32,0
2020-08-15,2124,181,351,1771,2,2,4,32,0
2020-08-16,2159,183,354,1803,2,2,4,32,0
2020-08-17,2197,184,358,1836,3,2,4,32,0
2020-08-18,2232,186,361,1868,3,2,4,33,0
2020-08-19,2269,188,365,1901,3,2,4,33,0
2020-08-20,2306,189,369,1934,3,2,4,33,0
2020-08-21,2343,191,372,1968,3,2,4,34,0
2020-08-22,2381,193,376,2002,3,2,4,34,0
2020-08-23,2419,194,380,2036,3,2,4,34,0
2020-08-24,2457,196,383,2071,3,2,4,35,0
2020-08-25,2496,198,387,2106,3,2,4,35,0
2020-08-26,2534,200,390,2141,3,2,4,35,0
2020-08-27,2573,201,394,2176,3,2,4,36,0
2020-08-28,2613,203,398,2212,3,2,4,36,0
2020-08-29,2653,205,401,2249,3,2,4,36,0
2020-08-30,2693,206,405,2285,3,2,4,37,0
2020-08-31,2734,208,409,2322,3,2,4,37,0
2020-09-01,2774,210,412,2359,3,2,4,37,0
2020-09-02,2816,211,416,2397,3,2,4,38,0
2020-09-03,2858,213,420,2435,3,2,4,38,0
2020-09-04,2899,215,423,2473,3,2,4,38,0
2020-09-05,2941,216,427,2511,3,2,4,39,0
2020-09-06,2983,218,430,2550,3,2,4,39,0
2020-09-07,3028,220,434,2590,4,2,4,39,0
2020-09-08,3071,221,438,2629,4,2,4,40,0
2020-09-09,3114,223,441,2669,4,2,4,40,0
2020-09-10,3158,225,445,2709,4,2,4,40,0
2020-09-11,3202,226,448,2750,4,2,4,41,0
2020-09-12,3246,228,452,2790,4,2,4,41,0
2020-09-13,3292,229,456,2832,4,2,4,41,0
2020-09-14,3336,231,459,2873,4,2,4,42,0
2020-09-15,3382,232,463,2915,4,2,4,42,0
2020-09-16,3427,234,466,2957,4,2,3,42,0
2020-09-17,3473,235,470,2999,4,2,3,43,0
2020-09-18,3519,237,473,3042,4,1,3,43,0
2020-09-19,3565,238,476,3085,4,1,3,43,0
2020-09-20,3613,240,480,3129,4,1,3,44,0
2020-09-21,3659,241,483,3172,4,1,3,44,0
2020-09-22,3707,243,487,3216,4,1,3,44,0
2020-09-23,3755,244,490,3261,4,1,3,44,0
2020-09-24,3803,246,493,3305,5,1,3,45,0
2020-09-25,3852,247,497,3350,5,1,3,45,0
2020-09-26,3900,248,500,3395,5,1,3,45,0
2020-09-27,3949,250,503,3441,5,1,3,46,0
2020-09-28,3998,251,506,3487,5,1,3,46,0
2020-09-29,4047,252,509,3533,5,1,3,46,0
2020-09-30,4097,254,513,3579,5,1,3,47,0
2020-10-01,4147,255,516,3626,5,1,3,47,0
2020-10-02,4197,256,519,3673,5,1,3,47,0
2020-10-03,4247,257,522,3720,5,1,3,47,0
2020-10-04,4297,258,525,3767,5,1,3,48,0
2020-10-05,4348,260,528,3815,5,1,3,48,0
2020-10-06,4399,261,531,3863,5,1,3,48,0
2020-10-07,4449,262,533,3911,5,1,3,48,0
2020-10-08,4501,263,536,3960,5,1,3,49,0
2020-10-09,4553,264,539,4009,5,1,3,49,0
2020-10-10,4606,265,542,4058,6,1,3,49,0
2020-10-11,4657,266,544,4107,6,1,3,49,0
2020-10-12,4709,267,547,4156,6,1,3,50,0
2020-10-13,4762,268,550,4206,6,1,3,50,0
2020-10-14,4814,269,552,4256,6,1,3,50,0
2020-10-15,4867,270,555,4306,6,1,2,50,0
2020-10-16,4920,271,557,4357,6,1,2,51,0
2020-10-17,4973,271,560,4407,6,1,2,51,0
2020-10-18,5026,272,562,4458,6,1,2,51,0
2020-10-19,5079,273,564,4509,6,1,2,51,0
2020-10-20,5133,274,566,4561,6,1,2,51,0
2020-10-21,5187,275,569,4612,6,1,2,52,0
2020-10-22,5241,275,571,4664,6,1,2,52,0
2020-10-23,5295,276,573,4716,6,1,2,52,0
2020-10-24,5350,276,575,4768,7,1,2,52,0
2020-10-25,5404,277,577,4820,7,1,2,52,0
2020-10-26,5459,278,579,4873,7,1,2,53,0
2020-10-27,5512,278,580,4925,7,1,2,53,0
2020-10-28,5567,279,582,4978,7,0,2,53,0
2020-10-29,5622,279,584,5031,7,0,2,53,0
2020-10-30,5676,280,585,5084,7,0,2,53,0
2020-10-31,5731,280,587,5137,7,0,2,53,0
2020-11-01,5786,280,589,5190,7,0,1,53,0
2020-11-02,5841,281,590,5244,7,0,1,54,0
2020-11-03,5895,281,591,5297,7,0,1,54,0
2020-11-04,5951,281,593,5351,7,0,1,54,0
2020-11-05,6006,281,594,5405,7,0,1,54,0
2020-11-06,6061,282,595,5459,7,0,1,54,0
2020-11-07,6117,282,596,5513,8,0,1,54,0
2020-11-08,6172,282,597,5567,8,0,1,54,0
2020-11-09,6227,282,598,5621,8,0,1,54,0
2020-11-10,6283,282,599,5676,8,0,1,54,0
2020-11-11,6338,282,600,5730,8,0,1,54,0
2020-11-12,6394,282,601,5785,8,0,1,55,0
2020-11-13,6448,282,601,5839,8,0,1,55,0
2020-11-14,6504,282,602,5894,8,0,1,55,0
2020-11-15,6558,282,602,5948,8,0,0,55,0
2020-11-16,6614,282,603,6003,8,0,0,55,0
2020-11-17,6669,281,603,6058,8,0,0,55,0
2020-11-18,6724,281,603,6113,8,0,0,55,0
2020-11-19,6779,281,604,6167,8,0,0,55,0
2020-11-20,6835,281,604,6222,9,0,0,55,0
2020-11-21,6890,280,604,6277,9,0,0,55,0
2020-11-22,6945,280,604,6332,9,0,0,55,0
2020-11-23,7000,280,604,6387,9,0,0,55,0
2020-11-24,7055,279,604,6442,9,0,0,55,0
2020-11-25,7109,279,604,6496,9,0,0,55,0
2020-11-26,7163,278,603,6551,9,0,0,55,0
2020-11-27,7218,278,603,6606,9,0,0,55,0
2020-11-28,7273,277,603,6661,9,0,0,55,0
2020-11-29,7326,277,602,6715,9,0,0,55,0
2020-11-30,7381,276,602,6770,9,0,0,55,0
2020-12-01,7435,275,601,6825,9,0,0,55,0
2020-12-02,7488,275,600,6879,9,0,0,54,0
2020-12-03,7543,274,600,6934,9,0,0,54,0
2020-12-04,7597,273,599,6988,10,0,0,54,0
2020-12-05,7650,272,598,7042,10,0,0,54,0
2020-12-06,7704,272,597,7097,10,0,0,54,0
2020-12-07,7757,271,596,7151,10,0,0,54,0
2020-12-08,7810,270,595,7205,10,0,0,54,0
2020-12-09,7863,269,594,7259,10,0,0,54,0
2020-12-10,7915,268,592,7313,10,0,0,54,0
2020-12-11,7967,267,591,7366,10,0,0,54,0
2020-12-12,8020,266,590,7420,10,0,0,54,0
2020-12-13,8071,265,588,7473,10,0,0,53,0
2020-12-14,8124,264,587,7527,10,0,0,53,0
2020-12-15,8175,263,585,7580,10,0,0,53,0
2020-12-16,8227,262,584,7633,10,0,0,53,0
2020-12-17,8279,261,582,7686,11,0,0,53,0
2020-12-18,8330,260,580,7739,11,0,0,53,0
2020-12-19,8380,259,578,7791,11,0,0,53,0
2020-12-20,8431,258,576,7844,11,0,0,52,0
2020-12-21,8482,256,575,7896,11,0,0,52,0
2020-12-22,8532,255,573,7948,11,0,0,52,0
2020-12-23,8582,254,571,8000,11,0,0,52,0
2020-12-24,8631,253,568,8052,11,0,0,52,0
2020-12-25,8680,251,566,8103,11,0,0,51,0
2020-12-26,8730,250,564,8155,11,0,0,51,0
2020-12-27,8779,249,562,8206,11,0,0,51,0
2020-12-28,8828,248,560,8257,11,0,0,51,0
2020-12-29,8875,246,557,8307,11,0,0,51,0
2020-12-30,8924,245,555,8358,11,0,0,50,0
2020-12-31,8971,243,552,8408,11,0,0,50,0
2021-01-01,9020,242,550,8458,12,0,0,50,0
2021-01-02,9067,241,547,8508,12,0,0,50,0
2021-01-03,9115,239,545,8558,12,0,0,49,0
2021-01-04,9161,238,542,8607,12,0,0,49,0
2021-01-05,9207,236,539,8656,12,0,0,49,0
2021-01-06,9254,235,537,8705,12,0,0,49,0
2021-01-07,9300,233,534,8754,12,0,0,48,0
2021-01-08,9345,232,531,8802,12,0,0,48,0
2021-01-09,9390,230,528,8850,12,0,0,48,0
2021-01-10,9435,229,525,8898,12,0,0,48,0
2021-01-11,9480,227,522,8946,12,0,0,47,0
2021-01-12,9524,226,519,8993,12,0,0,47,0
2021-01-13,9568,224,516,9040,12,0,0,47,0
2021-01-14,9612,223,513,9087,12,0,0,47,0
2021-01-15,9655,221,510,9133,12,0,0,46,0
2021-01-16,9700,219,507,9180,13,0,0,46,0
2021-01-17,9742,218,504,9225,13,0,0,46,0
2021-01-18,9785,216,501,9271,13,0,0,45,0
2021-01-19,9828,215,498,9317,13,0,0,45,0
2021-01-20,9870,213,495,9362,13,0,0,45,0
2021-01-21,9910,211,491,9406,13,0,0,45,0
2021-01-22,9952,210,488,9451,13,0,0,44,0
2021-01-23,9993,208,485,9495,13,0,0,44,0
2021-01-24,10034,206,482,9539,13,0,0,44,0
2021-01-25,10074,205,478,9583,13,0,0,43,0
2021-01-26,10114,203,475,9626,13,0,0,43,0
2021-01-27,10154,201,472,9669,13,0,0,43,0
2021-01-28,10193,200,468,9712,13,0,0,43,0
2021-01-29,10232,198,465,9754,13,0,0,42,0
2021-01-30,10270,196,461,9796,13,0,0,42,0
2021-01-31,10309,195,458,9838,13,0,0,42,0
2021-02-01,10347,193,454,9879,14,0,0,41,0
2021-02-02,10385,191,451,9920,14,0,0,41,0
2021-02-03,10423,190,448,9961,14,0,0,41,0
2021-02-04,10460,188,444,10002,14,0,0,40,0
2021-02-05,10497,186,441,10042,14,0,0,40,0
2021-02-06,10533,185,437,10082,14,0,0,40,0
2021-02-07,10569,183,434,10121,14,0,0,39,0
2021-02-08,10605,181,430,10161,14,0,0,39,0
2021-02-09,10641,180,427,10200,14,0,0,39,0
2021-02-10,10675,178,423,10238,14,0,0,38,0
2021-02-11,10709,176,419,10276,14,0,0,38,0
2021-02-12,10744,175,416,10314,14,0,0,38,0
2021-02-13,10778,173,412,10352,14,0,0,37,0
2021-02-14,10812,172,409,10389,14,0,0,37,0
2021-02-15,10845,170,405,10426,14,0,0,37,0
2021-02-16,10879,168,402,10463,14,0,0,36,0
2021-02-17,10911,167,398,10499,14,0,0,36,0
2021-02-18,10944,165,395,10535,14,0,0,36,0
2021-02-19,10976,163,391,10571,14,0,0,36,0
2021-02-20,11010,162,388,10607,15,0,0,35,0
2021-02-21,11041,160,384,10642,15,0,0,35,0
2021-02-22,11072,159,381,10676,15,0,0,35,0
2021-02-23,11103,157,377,10711,15,0,0,34,0
2021-02-24,11134,155,374,10745,15,0,0,34,0
2021-02-25,11164,154,370,10779,15,0,0,34,0
2021-02-26,11194,152,367,10812,15,0,0,33,0
2021-02-27,11223,151,363,10845,15,0,0,33,0
2021-02-28,11253,149,360,10878,15,0,0,33,0
2021-03-01,11282,147,356,10911,15,0,0,32,0
2021-03-02,11311,146,353,10943,15,0,0,32,0
2021-03-03,11339,144,349,10975,15,0,0,32,0
2021-03-04,11367,143,346,11006,15,0,0,31,0
2021-03-05,11395,141,342,11038,15,0,0,31,0
2021-03-06,11423,140,339,11069,15,0,0,31,0
2021-03-07,11450,138,336,11099,15,0,0,30,0
2021-03-08,11477,137,332,11130,15,0,0,30,0
2021-03-09,11504,135,329,11160,15,0,0,30,0
2021-03-10,11530,134,325,11190,15,0,0,30,0
2021-03-11,11556,132,322,11219,15,0,0,29,0
2021-03-12,11582,131,319,11248,15,0,0,29,0
2021-03-13,11607,129,315,11277,15,0,0,29,0
2021-03-14,11632,128,312,11305,15,0,0,28,0
2021-03-15,11658,126,309,11334,15,0,0,28,0
2021-03-16,11684,125,306,11362,16,0,0,28,0
2021-03-17,11707,124,302,11389,16,0,0,27,0
2021-03-18,11732,122,299,11417,16,0,0,27,0
2021-03-19,11756,121,296,11444,16,0,0,27,0
2021-03-20,11779,119,293,11470,16,0,0,27,0
2021-03-21,11802,118,289,11497,16,0,0,26,0
2021-03-22,11825,117,286,11523,16,0,0,26,0
2021-03-23,11848,115,283,11549,16,0,0,26,0
2021-03-24,11870,114,280,11574,16,0,0,25,0
2021-03-25,11893,113,277,11600,16,0,0,25,0
2021-03-26,11915,111,274,11625,16,0,0,25,0
2021-03-27,11937,110,271,11650,16,0,0,25,0
2021-03-28,11958,109,268,11674,16,0,0,24,0
2021-03-29,11979,107,265,11698,16,0,0,24,0
2021-03-30,12000,106,262,11722,16,0,0,24,0
2021-03-31,12021,105,259,11746,16,0,0,23,0
2021-04-01,12041,104,256,11769,16,0,0,23,0
2021-04-02,12061,102,253,11792,16,0,0,23,0
2021-04-03,12081,101,250,11815,16,0,0,23,0
2021-04-04,12101,100,247,11838,16,0,0,22,0
2021-04-05,12120,99,244,11860,16,0,0,22,0
2021-04-06,12139,97,241,11882,16,0,0,22,0
2021-04-07,12159,96,239,11904,16,0,0,22,0
2021-04-08,12178,95,236,11926,16,0,0,21,0
2021-04-09,12196,94,233,11947,16,0,0,21,0
2021-04-10,12214,93,230,11968,16,0,0,21,0
2021-04-11,12233,92,228,11989,16,0,0,21,0
2021-04-12,12250,91,225,12009,16,0,0,20,0
2021-04-13,12268,89,222,12030,16,0,0,20,0
2021-04-14,12285,88,219,12050,16,0,0,20,0
2021-04-15,12304,87,217,12070,17,0,0,20,0
2021-04-16,12320,86,214,12089,17,0,0,19,0
2021-04-17,12338,85,212,12109,17,0,0,19,0
2021-04-18,12354,84,209,12128,17,0,0,19,0
2021-04-19,12371,83,207,12147,17,0,0,19,0
2021-04-20,12386,82,204,12165,17,0,0,19,0
2021-04-21,12402,81,201,12184,17,0,0,18,0
2021-04-22,12418,80,199,12202,17,0,0,18,0
2021-04-23,12434,79,197,12220,17,0,0,18,0
2021-04-24,12449,78,194,12238,17,0,0,18,0
2021-04-25,12464,77,192,12255,17,0,0,17,0
2021-04-26,12479,76,189,12273,17,0,0,17,0
2021-04-27,12494,75,187,12290,17,0,0,17,0
2021-04-28,12509,74,185,12307,17,0,0,17,0
2021-04-29,12522,73,182,12323,17,0,0,17,0
2021-04-30,12537,72,180,12340,17,0,0,16,0
2021-05-01,12551,71,178,12356,17,0,0,16,0
2021-05-02,12565,70,176,12372,17,0,0,16,0
2021-05-03,12578,69,173,12388,17,0,0,16,0
2021-05-04,12592,68,171,12404,17,0,0,16,0
2021-05-05,12605,67,169,12419,17,0,0,15,0
2021-05-06,12618,66,167,12434,17,0,0,15,0
2021-05-07,12631,66,165,12449,17,0,0,15,0
2021-05-08,12644,65,163,12464,17,0,0,15,0
2021-05-09,12656,64,160,12479,17,0,0,15,0
2021-05-10,12668,63,158,12493,17,0,0,14,0
2021-05-11,12681,62,156,12508,17,0,0,14,0
2021-05-12,12693,61,154,12522,17,0,0,14,0
2021-05-13,12705,60,152,12536,17,0,0,14,0
2021-05-14,12717,60,150,12550,17,0,0,14,0
2021-05-15,12728,59,148,12563,17,0,0,13,0
2021-05-16,12739,58,146,12576,17,0,0,13,0
2021-05-17,12752,57,145,12590,17,0,0,13,0
2021-05-18,12763,57,143,12603,17,0,0,13,0
2021-05-19,12774,56,141,12616,17,0,0,13,0
2021-05-20,12784,55,139,12628,17,0,0,13,0
2021-05-21,12795,54,137,12641,17,0,0,12,0
2021-05-22,12805,54,135,12653,17,0,0,12,0
2021-05-23,12816,53,133,12666,17,0,0,12,0
2021-05-24,12827,52,132,12678,17,0,0,12,0
2021-05-25,12836,51,130,12689,17,0,0,12,0
2021-05-26,12846,51,128,12701,17,0,0,12,0
2021-05-27,12857,50,127,12713,17,0,0,11,0
2021-05-28,12866,49,125,12724,17,0,0,11,0
2021-05-29,12875,49,123,12735,17,0,0,11,0
2021-05-30,12886,48,122,12747,17,0,0,11,0
2021-05-31,12895,47,120,12758,17,0,0,11,0
2021-06-01,12903,47,118,12768,17,0,0,11,0
2021-06-02,12913,46,117,12779,17,0,0,11,0
2021-06-03,12922,45,115,12790,17,0,0,10,0
2021-06-04,12932,45,114,12800,18,0,0,10,0
2021-06-05,12940,44,112,12810,18,0,0,10,0
2021-06-06,12948,44,110,12820,18,0,0,10,0
2021-06-07,12957,43,109,12830,18,0,0,10,0
2021-06-08,12966,42,108,12840,18,0,0,10,0
2021-06-09,12974,42,106,12850,18,0,0,10,0
2021-06-10,12983,41,105,12860,18,0,0,9,0
2021-06-11,12990,41,103,12869,18,0,0,9,0
2021-06-12,12998,40,102,12878,18,0,0,9,0
2021-06-13,13005,39,100,12887,18,0,0,9,0
2021-06-14,13014,39,99,12897,18,0,0,9,0
2021-06-15,13021,38,98,12905,18,0,0,9,0
2021-06-16,13028,38,96,12914,18,0,0,9,0
2021-06-17,13036,37,95,12923,18,0,0,9,0
2021-06-18,13044,37,94,12932,18,0,0,9,0
2021-06-19,13050,36,92,12940,18,0,0,8,0
2021-06-20,13057,36,91,12948,18,0,0,8,0
