Date,Infected,Exposed,Active,Recovered,Deaths,Diff Exposed,Diff Active,Diff Recovered,Diff Deaths
2020-07-14,183,60,37,145,1,0,8,3,0
2020-07-15,194,50,44,149,1,0,6,4,0
2020-07-16,203,42,49,153,1,0,4,4,0
2020-07-17,212,36,53,158,1,0,2,5,0
2020-07-18,218,31,54,163,1,0,1,5,0
2020-07-19,224,27,55,168,1,0,0,5,0
2020-07-20,229,24,55,173,1,0,0,5,0
2020-07-21,234,21,55,178,1,0,0,5,0
2020-07-22,238,19,54,183,1,0,0,5,0
2020-07-23,240,17,52,187,1,0,0,5,0
2020-07-24,244,15,51,192,1,0,0,5,0
2020-07-25,247,14,49,197,1,0,0,4,0
2020-07-26,249,13,47,201,1,0,0,4,0
2020-07-27,252,12,46,205,1,0,0,4,0
2020-07-28,254,11,44,209,1,0,0,4,0
2020-07-29,256,10,42,213,1,0,0,4,0
2020-07-30,258,9,40,217,1,0,0,4,0
2020-07-31,259,9,38,220,1,0,0,3,0
2020-08-01,262,8,37,224,1,0,0,3,0
2020-08-02,263,8,35,227,1,0,0,3,0
2020-08-03,264,7,33,230,1,0,0,3,0
2020-08-04,266,7,32,233,1,0,0,3,0
2020-08-05,267,7,30,236,1,0,0,3,0
2020-08-06,269,6,29,239,1,0,0,3,0
2020-08-07,269,6,27,241,1,0,0,2,0
2020-08-08,271,6,26,244,1,0,0,2,0
2020-08-09,272,5,25,246,1,0,0,2,0
2020-08-10,273,5,24,248,1,0,0,2,0
2020-08-11,273,5,22,250,1,0,0,2,0
2020-08-12,274,5,21,252,1,0,0,2,0
2020-08-13,275,4,20,254,1,0,0,2,0
2020-08-14,276,4,19,256,1,0,0,2,0
2020-08-15,277,4,18,258,1,0,0,2,0
2020-08-16,278,4,18,259,1,0,0,2,0
2020-08-17,279,4,17,261,1,0,0,2,0
2020-08-18,279,3,16,262,1,0,0,1,0
2020-08-19,280,3,15,264,1,0,0,1,0
2020-08-20,280,3,14,265,1,0,0,1,0
2020-08-21,281,3,14,266,1,0,0,1,0
2020-08-22,282,3,13,268,1,0,0,1,0
2020-08-23,282,3,12,269,1,0,0,1,0
2020-08-24,283,2,12,270,1,0,0,1,0
2020-08-25,283,2,11,271,1,0,0,1,0
2020-08-26,284,2,11,272,1,0,0,1,0
2020-08-27,284,2,10,273,1,0,0,1,0
2020-08-28,285,2,10,274,1,0,0,1,0
2020-08-29,285,2,9,275,1,0,0,1,0
2020-08-30,285,2,9,275,1,0,0,1,0
2020-08-31,285,2,8,276,1,0,0,1,0
2020-09-01,286,2,8,277,1,0,0,1,0
2020-09-02,286,2,7,278,1,0,0,1,0
2020-09-03,286,1,7,278,1,0,0,1,0
2020-09-04,287,1,7,279,1,0,0,1,0
2020-09-05,286,1,6,279,1,0,0,1,0
2020-09-06,287,1,6,280,1,0,0,1,0
2020-09-07,288,1,6,281,1,0,0,1,0
2020-09-08,288,1,6,281,1,0,0,1,0
2020-09-09,288,1,5,282,1,0,0,0,0
2020-09-10,288,1,5,282,1,0,0,0,0
2020-09-11,289,1,5,283,1,0,0,0,0
2020-09-12,289,1,5,283,1,0,0,0,0
2020-09-13,288,1,4,283,1,0,0,0,0
2020-09-14,289,1,4,284,1,0,0,0,0
2020-09-15,289,1,4,284,1,0,0,0,0
2020-09-16,289,1,4,284,1,0,0,0,0
2020-09-17,290,1,4,285,1,0,0,0,0
2020-09-18,289,1,3,285,1,0,0,0,0
2020-09-19,289,1,3,285,1,0,0,0,0
2020-09-20,290,1,3,286,1,0,0,0,0
2020-09-21,290,1,3,286,1,0,0,0,0
2020-09-22,290,1,3,286,1,0,0,0,0
2020-09-23,290,1,3,286,1,0,0,0,0
2020-09-24,290,1,2,287,1,0,0,0,0
2020-09-25,290,0,2,287,1,0,0,0,0
2020-09-26,290,0,2,287,1,0,0,0,0
2020-09-27,290,0,2,287,1,0,0,0,0
2020-09-28,290,0,2,287,1,0,0,0,0
2020-09-29,291,0,2,288,1,0,0,0,0
2020-09-30,291,0,2,288,1,0,0,0,0
2020-10-01,291,0,2,288,1,0,0,0,0
2020-10-02,291,0,2,288,1,0,0,0,0
2020-10-03,291,0,2,288,1,0,0,0,0
2020-10-04,290,0,1,288,1,0,0,0,0
2020-10-05,291,0,1,289,1,0,0,0,0
2020-10-06,291,0,1,289,1,0,0,0,0
2020-10-07,291,0,1,289,1,0,0,0,0
2020-10-08,291,0,1,289,1,0,0,0,0
2020-10-09,291,0,1,289,1,0,0,0,0
2020-10-10,291,0,1,289,1,0,0,0,0
2020-10-11,291,0,1,289,1,0,0,0,0
2020-10-12,291,0,1,289,1,0,0,0,0
2020-10-13,291,0,1,289,1,0,0,0,0
2020-10-14,292,0,1,290,1,0,0,0,0
2020-10-15,292,0,1,290,1,0,0,0,0
2020-10-16,292,0,1,290,1,0,0,0,0
2020-10-17,292,0,1,290,1,0,0,0,0
2020-10-18,292,0,1,290,1,0,0,0,0
2020-10-19,292,0,1,290,1,0,0,0,0
2020-10-20,292,0,1,290,1,0,0,0,0
2020-10-21,292,0,1,290,1,0,0,0,0
2020-10-22,292,0,1,290,1,0,0,0,0
2020-10-23,292,0,1,290,1,0,0,0,0
2020-10-24,292,0,1,290,1,0,0,0,0
2020-10-25,292,0,1,290,1,0,0,0,0
2020-10-26,291,0,0,290,1,0,0,0,0
2020-10-27,291,0,0,290,1,0,0,0,0
2020-10-28,291,0,0,290,1,0,0,0,0
2020-10-29,291,0,0,290,1,0,0,0,0
2020-10-30,291,0,0,290,1,0,0,0,0
2020-10-31,291,0,0,290,1,0,0,0,0
2020-11-01,291,0,0,290,1,0,0,0,0
2020-11-02,292,0,0,291,1,0,0,0,0
2020-11-03,292,0,0,291,1,0,0,0,0
2020-11-04,292,0,0,291,1,0,0,0,0
2020-11-05,292,0,0,291,1,0,0,0,0
2020-11-06,292,0,0,291,1,0,0,0,0
2020-11-07,292,0,0,291,1,0,0,0,0
2020-11-08,292,0,0,291,1,0,0,0,0
2020-11-09,292,0,0,291,1,0,0,0,0
2020-11-10,292,0,0,291,1,0,0,0,0
2020-11-11,292,0,0,291,1,0,0,0,0
2020-11-12,292,0,0,291,1,0,0,0,0
2020-11-13,292,0,0,291,1,0,0,0,0
2020-11-14,292,0,0,291,1,0,0,0,0
2020-11-15,292,0,0,291,1,0,0,0,0
2020-11-16,292,0,0,291,1,0,0,0,0
2020-11-17,292,0,0,291,1,0,0,0,0
2020-11-18,292,0,0,291,1,0,0,0,0
2020-11-19,292,0,0,291,1,0,0,0,0
2020-11-20,292,0,0,291,1,0,0,0,0
2020-11-21,292,0,0,291,1,0,0,0,0
2020-11-22,292,0,0,291,1,0,0,0,0
2020-11-23,292,0,0,291,1,0,0,0,0
2020-11-24,292,0,0,291,1,0,0,0,0
2020-11-25,292,0,0,291,1,0,0,0,0
2020-11-26,292,0,0,291,1,0,0,0,0
2020-11-27,292,0,0,291,1,0,0,0,0
2020-11-28,292,0,0,291,1,0,0,0,0
2020-11-29,292,0,0,291,1,0,0,0,0
2020-11-30,292,0,0,291,1,0,0,0,0
2020-12-01,292,0,0,291,1,0,0,0,0
2020-12-02,292,0,0,291,1,0,0,0,0
2020-12-03,292,0,0,291,1,0,0,0,0
2020-12-04,292,0,0,291,1,0,0,0,0
2020-12-05,292,0,0,291,1,0,0,0,0
2020-12-06,292,0,0,291,1,0,0,0,0
2020-12-07,292,0,0,291,1,0,0,0,0
2020-12-08,292,0,0,291,1,0,0,0,0
2020-12-09,292,0,0,291,1,0,0,0,0
2020-12-10,292,0,0,291,1,0,0,0,0
2020-12-11,292,0,0,291,1,0,0,0,0
2020-12-12,292,0,0,291,1,0,0,0,0
2020-12-13,292,0,0,291,1,0,0,0,0
2020-12-14,292,0,0,291,1,0,0,0,0
2020-12-15,292,0,0,291,1,0,0,0,0
2020-12-16,292,0,0,291,1,0,0,0,0
2020-12-17,292,0,0,291,1,0,0,0,0
2020-12-18,292,0,0,291,1,0,0,0,0
2020-12-19,292,0,0,291,1,0,0,0,0
2020-12-20,292,0,0,291,1,0,0,0,0
2020-12-21,292,0,0,291,1,0,0,0,0
2020-12-22,292,0,0,291,1,0,0,0,0
2020-12-23,292,0,0,291,1,0,0,0,0
2020-12-24,292,0,0,291,1,0,0,0,0
2020-12-25,292,0,0,291,1,0,0,0,0
2020-12-26,292,0,0,291,1,0,0,0,0
2020-12-27,292,0,0,291,1,0,0,0,0
2020-12-28,292,0,0,291,1,0,0,0,0
2020-12-29,292,0,0,291,1,0,0,0,0
2020-12-30,292,0,0,291,1,0,0,0,0
2020-12-31,292,0,0,291,1,0,0,0,0
2021-01-01,292,0,0,291,1,0,0,0,0
2021-01-02,292,0,0,291,1,0,0,0,0
2021-01-03,292,0,0,291,1,0,0,0,0
2021-01-04,292,0,0,291,1,0,0,0,0
2021-01-05,292,0,0,291,1,0,0,0,0
2021-01-06,292,0,0,291,1,0,0,0,0
2021-01-07,292,0,0,291,1,0,0,0,0
2021-01-08,292,0,0,291,1,0,0,0,0
2021-01-09,292,0,0,291,1,0,0,0,0
2021-01-10,292,0,0,291,1,0,0,0,0
2021-01-11,292,0,0,291,1,0,0,0,0
2021-01-12,292,0,0,291,1,0,0,0,0
2021-01-13,292,0,0,291,1,0,0,0,0
2021-01-14,292,0,0,291,1,0,0,0,0
2021-01-15,292,0,0,291,1,0,0,0,0
2021-01-16,292,0,0,291,1,0,0,0,0
2021-01-17,292,0,0,291,1,0,0,0,0
2021-01-18,292,0,0,291,1,0,0,0,0
2021-01-19,292,0,0,291,1,0,0,0,0
2021-01-20,292,0,0,291,1,0,0,0,0
2021-01-21,292,0,0,291,1,0,0,0,0
2021-01-22,292,0,0,291,1,0,0,0,0
2021-01-23,292,0,0,291,1,0,0,0,0
2021-01-24,292,0,0,291,1,0,0,0,0
2021-01-25,292,0,0,291,1,0,0,0,0
2021-01-26,292,0,0,291,1,0,0,0,0
2021-01-27,292,0,0,291,1,0,0,0,0
2021-01-28,292,0,0,291,1,0,0,0,0
2021-01-29,292,0,0,291,1,0,0,0,0
2021-01-30,292,0,0,291,1,0,0,0,0
2021-01-31,292,0,0,291,1,0,0,0,0
2021-02-01,292,0,0,291,1,0,0,0,0
2021-02-02,292,0,0,291,1,0,0,0,0
2021-02-03,292,0,0,291,1,0,0,0,0
2021-02-04,292,0,0,291,1,0,0,0,0
2021-02-05,292,0,0,291,1,0,0,0,0
2021-02-06,292,0,0,291,1,0,0,0,0
2021-02-07,292,0,0,291,1,0,0,0,0
2021-02-08,292,0,0,291,1,0,0,0,0
2021-02-09,292,0,0,291,1,0,0,0,0
2021-02-10,292,0,0,291,1,0,0,0,0
2021-02-11,292,0,0,291,1,0,0,0,0
2021-02-12,292,0,0,291,1,0,0,0,0
2021-02-13,292,0,0,291,1,0,0,0,0
2021-02-14,292,0,0,291,1,0,0,0,0
2021-02-15,292,0,0,291,1,0,0,0,0
2021-02-16,292,0,0,291,1,0,0,0,0
2021-02-17,292,0,0,291,1,0,0,0,0
2021-02-18,292,0,0,291,1,0,0,0,0
2021-02-19,292,0,0,291,1,0,0,0,0
2021-02-20,292,0,0,291,1,0,0,0,0
2021-02-21,292,0,0,291,1,0,0,0,0
2021-02-22,292,0,0,291,1,0,0,0,0
2021-02-23,292,0,0,291,1,0,0,0,0
2021-02-24,292,0,0,291,1,0,0,0,0
2021-02-25,292,0,0,291,1,0,0,0,0
2021-02-26,292,0,0,291,1,0,0,0,0
2021-02-27,292,0,0,291,1,0,0,0,0
2021-02-28,292,0,0,291,1,0,0,0,0
2021-03-01,292,0,0,291,1,0,0,0,0
2021-03-02,292,0,0,291,1,0,0,0,0
2021-03-03,292,0,0,291,1,0,0,0,0
2021-03-04,292,0,0,291,1,0,0,0,0
2021-03-05,292,0,0,291,1,0,0,0,0
2021-03-06,292,0,0,291,1,0,0,0,0
2021-03-07,292,0,0,291,1,0,0,0,0
2021-03-08,292,0,0,291,1,0,0,0,0
2021-03-09,292,0,0,291,1,0,0,0,0
2021-03-10,292,0,0,291,1,0,0,0,0
2021-03-11,292,0,0,291,1,0,0,0,0
2021-03-12,292,0,0,291,1,0,0,0,0
2021-03-13,292,0,0,291,1,0,0,0,0
2021-03-14,292,0,0,291,1,0,0,0,0
2021-03-15,292,0,0,291,1,0,0,0,0
2021-03-16,292,0,0,291,1,0,0,0,0
2021-03-17,292,0,0,291,1,0,0,0,0
2021-03-18,292,0,0,291,1,0,0,0,0
2021-03-19,292,0,0,291,1,0,0,0,0
2021-03-20,292,0,0,291,1,0,0,0,0
2021-03-21,292,0,0,291,1,0,0,0,0
2021-03-22,292,0,0,291,1,0,0,0,0
2021-03-23,292,0,0,291,1,0,0,0,0
2021-03-24,292,0,0,291,1,0,0,0,0
2021-03-25,292,0,0,291,1,0,0,0,0
2021-03-26,292,0,0,291,1,0,0,0,0
2021-03-27,292,0,0,291,1,0,0,0,0
2021-03-28,292,0,0,291,1,0,0,0,0
2021-03-29,292,0,0,291,1,0,0,0,0
2021-03-30,292,0,0,291,1,0,0,0,0
2021-03-31,292,0,0,291,1,0,0,0,0
2021-04-01,292,0,0,291,1,0,0,0,0
2021-04-02,292,0,0,291,1,0,0,0,0
2021-04-03,292,0,0,291,1,0,0,0,0
2021-04-04,292,0,0,291,1,0,0,0,0
2021-04-05,292,0,0,291,1,0,0,0,0
2021-04-06,292,0,0,291,1,0,0,0,0
2021-04-07,292,0,0,291,1,0,0,0,0
2021-04-08,292,0,0,291,1,0,0,0,0
2021-04-09,292,0,0,291,1,0,0,0,0
2021-04-10,292,0,0,291,1,0,0,0,0
2021-04-11,292,0,0,291,1,0,0,0,0
2021-04-12,292,0,0,291,1,0,0,0,0
2021-04-13,292,0,0,291,1,0,0,0,0
2021-04-14,292,0,0,291,1,0,0,0,0
2021-04-15,292,0,0,291,1,0,0,0,0
2021-04-16,292,0,0,291,1,0,0,0,0
2021-04-17,292,0,0,291,1,0,0,0,0
2021-04-18,292,0,0,291,1,0,0,0,0
2021-04-19,292,0,0,291,1,0,0,0,0
2021-04-20,292,0,0,291,1,0,0,0,0
2021-04-21,292,0,0,291,1,0,0,0,0
2021-04-22,292,0,0,291,1,0,0,0,0
2021-04-23,292,0,0,291,1,0,0,0,0
2021-04-24,292,0,0,291,1,0,0,0,0
2021-04-25,292,0,0,291,1,0,0,0,0
2021-04-26,292,0,0,291,1,0,0,0,0
2021-04-27,292,0,0,291,1,0,0,0,0
2021-04-28,292,0,0,291,1,0,0,0,0
2021-04-29,292,0,0,291,1,0,0,0,0
2021-04-30,292,0,0,291,1,0,0,0,0
2021-05-01,292,0,0,291,1,0,0,0,0
2021-05-02,292,0,0,291,1,0,0,0,0
2021-05-03,292,0,0,291,1,0,0,0,0
2021-05-04,292,0,0,291,1,0,0,0,0
2021-05-05,292,0,0,291,1,0,0,0,0
2021-05-06,292,0,0,291,1,0,0,0,0
2021-05-07,292,0,0,291,1,0,0,0,0
2021-05-08,292,0,0,291,1,0,0,0,0
2021-05-09,292,0,0,291,1,0,0,0,0
2021-05-10,292,0,0,291,1,0,0,0,0
2021-05-11,292,0,0,291,1,0,0,0,0
2021-05-12,292,0,0,291,1,0,0,0,0
2021-05-13,292,0,0,291,1,0,0,0,0
2021-05-14,292,0,0,291,1,0,0,0,0
2021-05-15,292,0,0,291,1,0,0,0,0
2021-05-16,292,0,0,291,1,0,0,0,0
2021-05-17,292,0,0,291,1,0,0,0,0
2021-05-18,292,0,0,291,1,0,0,0,0
2021-05-19,292,0,0,291,1,0,0,0,0
2021-05-20,292,0,0,291,1,0,0,0,0
2021-05-21,292,0,0,291,1,0,0,0,0
2021-05-22,292,0,0,291,1,0,0,0,0
2021-05-23,292,0,0,291,1,0,0,0,0
2021-05-24,292,0,0,291,1,0,0,0,0
2021-05-25,292,0,0,291,1,0,0,0,0
2021-05-26,292,0,0,291,1,0,0,0,0
2021-05-27,292,0,0,291,1,0,0,0,0
2021-05-28,292,0,0,291,1,0,0,0,0
2021-05-29,292,0,0,291,1,0,0,0,0
2021-05-30,292,0,0,291,1,0,0,0,0
2021-05-31,292,0,0,291,1,0,0,0,0
2021-06-01,292,0,0,291,1,0,0,0,0
2021-06-02,292,0,0,291,1,0,0,0,0
2021-06-03,292,0,0,291,1,0,0,0,0
2021-06-04,292,0,0,291,1,0,0,0,0
2021-06-05,292,0,0,291,1,0,0,0,0
2021-06-06,292,0,0,291,1,0,0,0,0
2021-06-07,292,0,0,291,1,0,0,0,0
2021-06-08,292,0,0,291,1,0,0,0,0
2021-06-09,292,0,0,291,1,0,0,0,0
2021-06-10,292,0,0,291,1,0,0,0,0
2021-06-11,292,0,0,291,1,0,0,0,0
2021-06-12,292,0,0,291,1,0,0,0,0
2021-06-13,292,0,0,291,1,0,0,0,0
2021-06-14,292,0,0,291,1,0,0,0,0
2021-06-15,292,0,0,291,1,0,0,0,0
2021-06-16,292,0,0,291,1,0,0,0,0
2021-06-17,292,0,0,291,1,0,0,0,0
2021-06-18,292,0,0,291,1,0,0,0,0
2021-06-19,292,0,0,291,1,0,0,0,0
2021-06-20,292,0,0,291,1,0,0,0,0
2021-06-21,292,0,0,291,1,0,0,0,0
2021-06-22,292,0,0,291,1,0,0,0,0
2021-06-23,292,0,0,291,1,0,0,0,0
2021-06-24,292,0,0,291,1,0,0,0,0
2021-06-25,292,0,0,291,1,0,0,0,0
2021-06-26,292,0,0,291,1,0,0,0,0
2021-06-27,292,0,0,291,1,0,0,0,0
2021-06-28,292,0,0,291,1,0,0,0,0
2021-06-29,292,0,0,291,1,0,0,0,0
2021-06-30,292,0,0,291,1,0,0,0,0
2021-07-01,292,0,0,291,1,0,0,0,0
2021-07-02,292,0,0,291,1,0,0,0,0
2021-07-03,292,0,0,291,1,0,0,0,0
2021-07-04,292,0,0,291,1,0,0,0,0
2021-07-05,292,0,0,291,1,0,0,0,0
2021-07-06,292,0,0,291,1,0,0,0,0
2021-07-07,292,0,0,291,1,0,0,0,0
2021-07-08,292,0,0,291,1,0,0,0,0
2021-07-09,292,0,0,291,1,0,0,0,0
