Date,Infected,Exposed,Active,Recovered,Deaths,Diff Exposed,Diff Active,Diff Recovered,Diff Deaths
2020-07-06,748,138,172,575,1,0,11,16,0
2020-07-07,775,132,183,591,1,0,9,17,0
2020-07-08,800,128,191,608,1,0,8,17,0
2020-07-09,824,125,198,625,1,0,7,18,0
2020-07-10,849,124,205,643,1,0,6,19,0
2020-07-11,874,124,210,662,2,0,5,19,0
2020-07-12,898,124,215,681,2,1,5,20,0
2020-07-13,923,125,220,701,2,1,4,20,0
2020-07-14,947,126,224,721,2,1,4,20,0
2020-07-15,972,127,228,742,2,1,4,21,0
2020-07-16,996,128,232,762,2,2,4,21,0
2020-07-17,1022,130,236,784,2,2,4,21,0
2020-07-18,1047,132,240,805,2,2,4,22,0
2020-07-19,1073,134,244,827,2,2,4,22,0
2020-07-20,1099,136,248,849,2,2,4,23,0
2020-07-21,1126,138,252,872,2,2,4,23,0
2020-07-22,1153,140,256,895,2,2,4,23,0
2020-07-23,1181,142,260,919,2,2,4,24,0
2020-07-24,1209,144,265,942,2,2,4,24,0
2020-07-25,1237,146,269,966,2,2,4,24,0
2020-07-26,1266,148,273,991,2,2,4,25,0
2020-07-27,1295,150,277,1016,2,2,4,25,0
2020-07-28,1324,152,281,1041,2,2,4,26,0
2020-07-29,1355,155,286,1067,2,2,4,26,0
2020-07-30,1385,157,290,1093,2,2,4,26,0
2020-07-31,1417,159,295,1119,3,2,4,27,0
2020-08-01,1448,162,299,1146,3,2,5,27,0
2020-08-02,1480,164,304,1173,3,2,5,28,0
2020-08-03,1512,166,308,1201,3,2,5,28,0
2020-08-04,1545,169,313,1229,3,2,5,28,0
2020-08-05,1578,171,317,1258,3,2,5,29,0
2020-08-06,1612,174,322,1287,3,2,5,29,0
2020-08-07,1646,176,327,1316,3,2,5,30,0
2020-08-08,1681,179,332,1346,3,3,5,30,0
2020-08-09,1716,181,337,1376,3,3,5,31,0
2020-08-10,1752,184,342,1407,3,3,5,31,0
2020-08-11,1788,186,347,1438,3,3,5,31,0
2020-08-12,1825,189,352,1470,3,3,5,32,0
2020-08-13,1862,191,357,1502,3,3,5,32,0
2020-08-14,1899,194,362,1534,3,3,5,33,0
2020-08-15,1938,197,367,1567,4,3,5,33,0
2020-08-16,1977,199,372,1601,4,3,5,34,0
2020-08-17,2016,202,377,1635,4,3,5,34,0
2020-08-18,2056,205,383,1669,4,3,5,35,0
2020-08-19,2096,208,388,1704,4,3,5,35,0
2020-08-20,2137,210,394,1739,4,3,5,36,0
2020-08-21,2178,213,399,1775,4,3,6,36,0
2020-08-22,2221,216,405,1812,4,3,6,37,0
2020-08-23,2262,219,410,1848,4,3,6,37,0
2020-08-24,2306,222,416,1886,4,3,6,38,0
2020-08-25,2349,224,421,1924,4,3,6,38,0
2020-08-26,2393,227,427,1962,4,3,6,39,0
2020-08-27,2439,230,433,2001,5,3,6,39,0
2020-08-28,2485,233,439,2041,5,3,6,40,0
2020-08-29,2530,236,444,2081,5,3,6,40,0
2020-08-30,2576,239,450,2121,5,3,6,41,0
2020-08-31,2623,242,456,2162,5,3,6,41,0
2020-09-01,2671,245,462,2204,5,3,6,42,0
2020-09-02,2719,248,468,2246,5,3,6,42,0
2020-09-03,2768,251,474,2289,5,3,6,43,0
2020-09-04,2817,254,480,2332,5,3,6,44,0
2020-09-05,2867,257,486,2376,5,3,6,44,0
2020-09-06,2919,260,493,2420,6,3,6,45,0
2020-09-07,2970,263,499,2465,6,3,6,45,0
2020-09-08,3021,266,505,2510,6,3,6,46,0
2020-09-09,3073,269,511,2556,6,3,6,46,0
2020-09-10,3126,272,517,2603,6,3,6,47,0
2020-09-11,3180,275,524,2650,6,3,6,48,0
2020-09-12,3234,278,530,2698,6,3,6,48,0
2020-09-13,3288,281,536,2746,6,3,6,49,0
2020-09-14,3344,284,543,2795,6,3,6,49,0
2020-09-15,3399,287,549,2844,6,3,6,50,0
2020-09-16,3457,290,556,2894,7,3,6,50,0
2020-09-17,3514,293,562,2945,7,3,6,51,0
2020-09-18,3571,297,568,2996,7,3,6,52,0
2020-09-19,3630,300,575,3048,7,3,6,52,0
2020-09-20,3688,303,581,3100,7,3,6,53,0
2020-09-21,3748,306,588,3153,7,3,6,53,0
2020-09-22,3808,309,594,3207,7,3,7,54,0
2020-09-23,3869,312,601,3261,7,3,7,55,0
2020-09-24,3931,315,607,3316,8,3,7,55,0
2020-09-25,3993,318,614,3371,8,3,7,56,0
2020-09-26,4055,321,620,3427,8,3,7,56,0
2020-09-27,4118,324,627,3483,8,3,7,57,0
2020-09-28,4182,327,634,3540,8,3,7,57,0
2020-09-29,4246,330,640,3598,8,3,7,58,0
2020-09-30,4311,333,647,3656,8,3,7,59,0
2020-10-01,4376,336,653,3715,8,3,6,59,0
2020-10-02,4444,339,660,3775,9,3,6,60,0
2020-10-03,4510,342,666,3835,9,3,6,60,0
2020-10-04,4576,345,672,3895,9,3,6,61,0
2020-10-05,4645,348,679,3957,9,3,6,62,0
2020-10-06,4712,350,685,4018,9,3,6,62,0
2020-10-07,4782,353,692,4081,9,3,6,63,0
2020-10-08,4851,356,698,4144,9,3,6,63,0
2020-10-09,4921,359,704,4207,10,3,6,64,0
2020-10-10,4992,362,711,4271,10,3,6,64,0
2020-10-11,5063,364,717,4336,10,3,6,65,0
2020-10-12,5134,367,723,4401,10,3,6,66,0
2020-10-13,5207,370,730,4467,10,3,6,66,0
2020-10-14,5280,372,736,4534,10,3,6,67,0
2020-10-15,5353,375,742,4601,10,3,6,67,0
2020-10-16,5427,378,748,4668,11,3,6,68,0
2020-10-17,5501,380,754,4736,11,3,6,68,0
2020-10-18,5576,383,760,4805,11,2,6,69,0
2020-10-19,5651,385,766,4874,11,2,6,69,0
2020-10-20,5726,388,772,4943,11,2,6,70,0
2020-10-21,5803,390,778,5014,11,2,6,71,0
2020-10-22,5879,392,783,5084,12,2,6,71,0
2020-10-23,5957,395,789,5156,12,2,6,72,0
2020-10-24,6034,397,795,5227,12,2,6,72,0
2020-10-25,6112,399,800,5300,12,2,5,73,0
2020-10-26,6190,401,806,5372,12,2,5,73,0
2020-10-27,6269,403,811,5446,12,2,5,74,0
2020-10-28,6348,405,816,5519,13,2,5,74,0
2020-10-29,6429,407,822,5594,13,2,5,75,0
2020-10-30,6508,409,827,5668,13,2,5,75,0
2020-10-31,6588,411,832,5743,13,2,5,75,0
2020-11-01,6669,413,837,5819,13,2,5,76,0
2020-11-02,6750,415,842,5895,13,2,5,76,0
2020-11-03,6832,417,846,5972,14,2,5,77,0
2020-11-04,6914,418,851,6049,14,2,5,77,0
2020-11-05,6996,420,856,6126,14,2,5,78,0
2020-11-06,7078,421,860,6204,14,2,4,78,0
2020-11-07,7161,423,865,6282,14,1,4,78,0
2020-11-08,7243,424,869,6360,14,1,4,79,0
2020-11-09,7327,426,873,6439,15,1,4,79,0
2020-11-10,7411,427,877,6519,15,1,4,80,0
2020-11-11,7494,428,881,6598,15,1,4,80,0
2020-11-12,7578,429,885,6678,15,1,4,80,0
2020-11-13,7663,430,889,6759,15,1,4,81,0
2020-11-14,7748,431,892,6840,16,1,4,81,0
2020-11-15,7833,432,896,6921,16,1,3,81,0
2020-11-16,7917,433,899,7002,16,1,3,82,0
2020-11-17,8002,434,902,7084,16,1,3,82,0
2020-11-18,8086,435,905,7165,16,1,3,82,0
2020-11-19,8172,436,908,7248,16,1,3,82,0
2020-11-20,8258,436,911,7330,17,1,3,83,0
2020-11-21,8344,437,914,7413,17,1,3,83,0
2020-11-22,8429,437,916,7496,17,0,2,83,0
2020-11-23,8515,438,919,7579,17,0,2,83,0
2020-11-24,8600,438,921,7662,17,0,2,84,0
2020-11-25,8687,438,923,7746,18,0,2,84,0
2020-11-26,8773,439,925,7830,18,0,2,84,0
2020-11-27,8859,439,927,7914,18,0,2,84,0
2020-11-28,8945,439,929,7998,18,0,2,84,0
2020-11-29,9030,439,930,8082,18,0,1,84,0
2020-11-30,9118,439,932,8167,19,0,1,84,0
2020-12-01,9203,439,933,8251,19,0,1,85,0
2020-12-02,9289,438,934,8336,19,0,1,85,0
2020-12-03,9375,438,935,8421,19,0,1,85,0
2020-12-04,9460,438,936,8505,19,0,1,85,0
2020-12-05,9547,437,937,8590,20,0,1,85,0
2020-12-06,9632,437,937,8675,20,0,0,85,0
2020-12-07,9717,436,937,8760,20,0,0,85,0
2020-12-08,9803,436,938,8845,20,0,0,85,0
2020-12-09,9888,435,938,8930,20,0,0,85,0
2020-12-10,9974,434,938,9015,21,0,0,85,0
2020-12-11,10059,433,938,9100,21,0,0,85,0
2020-12-12,10144,432,937,9186,21,0,0,85,0
2020-12-13,10229,431,937,9271,21,0,0,85,0
2020-12-14,10312,430,936,9355,21,0,0,85,0
2020-12-15,10396,429,935,9440,21,0,0,85,0
2020-12-16,10481,428,934,9525,22,0,0,85,0
2020-12-17,10565,427,933,9610,22,0,0,85,0
2020-12-18,10649,426,932,9695,22,0,0,85,0
2020-12-19,10732,424,931,9779,22,0,0,84,0
2020-12-20,10814,423,929,9863,22,0,0,84,0
2020-12-21,10899,421,928,9948,23,0,0,84,0
2020-12-22,10981,420,926,10032,23,0,0,84,0
2020-12-23,11063,418,924,10116,23,0,0,84,0
2020-12-24,11144,417,922,10199,23,0,0,84,0
2020-12-25,11226,415,920,10283,23,0,0,83,0
2020-12-26,11307,413,917,10366,24,0,0,83,0
2020-12-27,11388,411,915,10449,24,0,0,83,0
2020-12-28,11468,409,912,10532,24,0,0,83,0
2020-12-29,11549,407,910,10615,24,0,0,83,0
2020-12-30,11628,406,907,10697,24,0,0,82,0
2020-12-31,11709,404,904,10780,25,0,0,82,0
2021-01-01,11787,401,901,10861,25,0,0,82,0
2021-01-02,11866,399,898,10943,25,0,0,81,0
2021-01-03,11943,397,894,11024,25,0,0,81,0
2021-01-04,12021,395,891,11105,25,0,0,81,0
2021-01-05,12098,393,887,11186,25,0,0,80,0
2021-01-06,12175,390,883,11266,26,0,0,80,0
2021-01-07,12252,388,880,11346,26,0,0,80,0
2021-01-08,12328,386,876,11426,26,0,0,79,0
2021-01-09,12403,383,872,11505,26,0,0,79,0
2021-01-10,12478,381,868,11584,26,0,0,79,0
2021-01-11,12553,378,863,11663,27,0,0,78,0
2021-01-12,12627,376,859,11741,27,0,0,78,0
2021-01-13,12701,373,855,11819,27,0,0,78,0
2021-01-14,12773,371,850,11896,27,0,0,77,0
2021-01-15,12845,368,845,11973,27,0,0,77,0
2021-01-16,12918,366,841,12050,27,0,0,76,0
2021-01-17,12990,363,836,12126,28,0,0,76,0
2021-01-18,13060,360,831,12201,28,0,0,75,0
2021-01-19,13131,357,826,12277,28,0,0,75,0
2021-01-20,13200,355,821,12351,28,0,0,74,0
2021-01-21,13270,352,816,12426,28,0,0,74,0
2021-01-22,13338,349,811,12499,28,0,0,74,0
2021-01-23,13407,346,805,12573,29,0,0,73,0
2021-01-24,13475,343,800,12646,29,0,0,73,0
2021-01-25,13542,341,795,12718,29,0,0,72,0
2021-01-26,13608,338,789,12790,29,0,0,72,0
2021-01-27,13674,335,784,12861,29,0,0,71,0
2021-01-28,13739,332,778,12932,29,0,0,71,0
2021-01-29,13805,329,772,13003,30,0,0,70,0
2021-01-30,13870,326,767,13073,30,0,0,70,0
2021-01-31,13933,323,761,13142,30,0,0,69,0
2021-02-01,13996,320,755,13211,30,0,0,68,0
2021-02-02,14058,317,749,13279,30,0,0,68,0
2021-02-03,14120,314,743,13347,30,0,0,67,0
2021-02-04,14182,311,737,13414,31,0,0,67,0
2021-02-05,14243,308,731,13481,31,0,0,66,0
2021-02-06,14303,306,725,13547,31,0,0,66,0
2021-02-07,14362,303,719,13612,31,0,0,65,0
2021-02-08,14421,300,713,13677,31,0,0,65,0
2021-02-09,14480,297,707,13742,31,0,0,64,0
2021-02-10,14538,294,701,13806,31,0,0,64,0
2021-02-11,14596,291,695,13869,32,0,0,63,0
2021-02-12,14653,288,689,13932,32,0,0,62,0
2021-02-13,14708,285,682,13994,32,0,0,62,0
2021-02-14,14764,282,676,14056,32,0,0,61,0
2021-02-15,14819,279,670,14117,32,0,0,61,0
2021-02-16,14874,276,664,14178,32,0,0,60,0
2021-02-17,14927,273,657,14238,32,0,0,60,0
2021-02-18,14981,270,651,14297,33,0,0,59,0
2021-02-19,15034,267,645,14356,33,0,0,58,0
2021-02-20,15086,264,639,14414,33,0,0,58,0
2021-02-21,15137,261,632,14472,33,0,0,57,0
2021-02-22,15188,258,626,14529,33,0,0,57,0
2021-02-23,15239,255,620,14586,33,0,0,56,0
2021-02-24,15288,252,613,14642,33,0,0,56,0
2021-02-25,15337,249,607,14697,33,0,0,55,0
2021-02-26,15387,247,601,14752,34,0,0,54,0
2021-02-27,15435,244,595,14806,34,0,0,54,0
2021-02-28,15482,241,588,14860,34,0,0,53,0
2021-03-01,15529,238,582,14913,34,0,0,53,0
2021-03-02,15576,235,576,14966,34,0,0,52,0
2021-03-03,15622,232,570,15018,34,0,0,52,0
2021-03-04,15666,230,563,15069,34,0,0,51,0
2021-03-05,15711,227,557,15120,34,0,0,51,0
2021-03-06,15755,224,551,15170,34,0,0,50,0
2021-03-07,15800,221,545,15220,35,0,0,49,0
2021-03-08,15843,219,539,15269,35,0,0,49,0
2021-03-09,15886,216,533,15318,35,0,0,48,0
2021-03-10,15928,213,527,15366,35,0,0,48,0
2021-03-11,15970,211,521,15414,35,0,0,47,0
2021-03-12,16010,208,514,15461,35,0,0,47,0
2021-03-13,16050,205,508,15507,35,0,0,46,0
2021-03-14,16091,203,503,15553,35,0,0,46,0
2021-03-15,16130,200,497,15598,35,0,0,45,0
2021-03-16,16170,197,491,15643,36,0,0,45,0
2021-03-17,16209,195,485,15688,36,0,0,44,0
2021-03-18,16246,192,479,15731,36,0,0,43,0
2021-03-19,16284,190,473,15775,36,0,0,43,0
2021-03-20,16320,187,467,15817,36,0,0,42,0
2021-03-21,16358,185,462,15860,36,0,0,42,0
2021-03-22,16393,182,456,15901,36,0,0,41,0
2021-03-23,16428,180,450,15942,36,0,0,41,0
2021-03-24,16464,178,445,15983,36,0,0,40,0
2021-03-25,16498,175,439,16023,36,0,0,40,0
2021-03-26,16534,173,434,16063,37,0,0,39,0
2021-03-27,16567,171,428,16102,37,0,0,39,0
2021-03-28,16601,168,423,16141,37,0,0,38,0
2021-03-29,16633,166,417,16179,37,0,0,38,0
2021-03-30,16665,164,412,16216,37,0,0,37,0
2021-03-31,16698,161,407,16254,37,0,0,37,0
2021-04-01,16728,159,401,16290,37,0,0,36,0
2021-04-02,16759,157,396,16326,37,0,0,36,0
2021-04-03,16790,155,391,16362,37,0,0,35,0
2021-04-04,16820,153,386,16397,37,0,0,35,0
2021-04-05,16850,151,381,16432,37,0,0,35,0
2021-04-06,16879,148,375,16467,37,0,0,34,0
2021-04-07,16908,146,370,16500,38,0,0,34,0
2021-04-08,16937,144,365,16534,38,0,0,33,0
2021-04-09,16966,142,361,16567,38,0,0,33,0
2021-04-10,16993,140,356,16599,38,0,0,32,0
2021-04-11,17021,138,351,16632,38,0,0,32,0
2021-04-12,17047,136,346,16663,38,0,0,31,0
2021-04-13,17073,134,341,16694,38,0,0,31,0
2021-04-14,17100,132,337,16725,38,0,0,31,0
2021-04-15,17126,130,332,16756,38,0,0,30,0
2021-04-16,17151,128,327,16786,38,0,0,30,0
2021-04-17,17176,127,323,16815,38,0,0,29,0
2021-04-18,17200,125,318,16844,38,0,0,29,0
2021-04-19,17225,123,314,16873,38,0,0,28,0
2021-04-20,17248,121,309,16901,38,0,0,28,0
2021-04-21,17272,119,305,16929,38,0,0,28,0
2021-04-22,17297,118,301,16957,39,0,0,27,0
2021-04-23,17319,116,296,16984,39,0,0,27,0
2021-04-24,17342,114,292,17011,39,0,0,27,0
2021-04-25,17364,112,288,17037,39,0,0,26,0
2021-04-26,17386,111,284,17063,39,0,0,26,0
2021-04-27,17408,109,280,17089,39,0,0,25,0
2021-04-28,17429,107,276,17114,39,0,0,25,0
2021-04-29,17450,106,272,17139,39,0,0,25,0
2021-04-30,17470,104,268,17163,39,0,0,24,0
2021-05-01,17490,103,264,17187,39,0,0,24,0
2021-05-02,17510,101,260,17211,39,0,0,24,0
2021-05-03,17530,100,256,17235,39,0,0,23,0
2021-05-04,17550,98,253,17258,39,0,0,23,0
2021-05-05,17569,97,249,17281,39,0,0,23,0
2021-05-06,17587,95,245,17303,39,0,0,22,0
2021-05-07,17606,94,242,17325,39,0,0,22,0
2021-05-08,17624,92,238,17347,39,0,0,22,0
2021-05-09,17642,91,235,17368,39,0,0,21,0
2021-05-10,17661,89,231,17390,40,0,0,21,0
2021-05-11,17678,88,228,17410,40,0,0,21,0
2021-05-12,17695,87,224,17431,40,0,0,20,0
2021-05-13,17712,85,221,17451,40,0,0,20,0
2021-05-14,17728,84,217,17471,40,0,0,20,0
2021-05-15,17745,83,214,17491,40,0,0,19,0
2021-05-16,17761,81,211,17510,40,0,0,19,0
2021-05-17,17777,80,208,17529,40,0,0,19,0
2021-05-18,17793,79,205,17548,40,0,0,19,0
2021-05-19,17808,78,202,17566,40,0,0,18,0
2021-05-20,17822,77,198,17584,40,0,0,18,0
2021-05-21,17837,75,195,17602,40,0,0,18,0
2021-05-22,17852,74,192,17620,40,0,0,17,0
2021-05-23,17867,73,190,17637,40,0,0,17,0
2021-05-24,17881,72,187,17654,40,0,0,17,0
2021-05-25,17895,71,184,17671,40,0,0,17,0
2021-05-26,17909,70,181,17688,40,0,0,16,0
2021-05-27,17922,68,178,17704,40,0,0,16,0
2021-05-28,17935,67,175,17720,40,0,0,16,0
2021-05-29,17949,66,173,17736,40,0,0,16,0
2021-05-30,17962,65,170,17752,40,0,0,15,0
2021-05-31,17974,64,167,17767,40,0,0,15,0
2021-06-01,17987,63,165,17782,40,0,0,15,0
2021-06-02,17999,62,162,17797,40,0,0,15,0
2021-06-03,18012,61,160,17811,41,0,0,14,0
2021-06-04,18024,60,157,17826,41,0,0,14,0
2021-06-05,18036,59,155,17840,41,0,0,14,0
2021-06-06,18047,58,152,17854,41,0,0,14,0
2021-06-07,18059,57,150,17868,41,0,0,14,0
2021-06-08,18070,57,148,17881,41,0,0,13,0
2021-06-09,18081,56,145,17895,41,0,0,13,0
2021-06-10,18092,55,143,17908,41,0,0,13,0
2021-06-11,18102,54,141,17920,41,0,0,13,0
2021-06-12,18112,53,138,17933,41,0,0,13,0
2021-06-13,18123,52,136,17946,41,0,0,12,0
2021-06-14,18133,51,134,17958,41,0,0,12,0
2021-06-15,18143,50,132,17970,41,0,0,12,0
2021-06-16,18153,50,130,17982,41,0,0,12,0
2021-06-17,18163,49,128,17994,41,0,0,12,0
2021-06-18,18172,48,126,18005,41,0,0,11,0
2021-06-19,18182,47,124,18017,41,0,0,11,0
2021-06-20,18191,46,122,18028,41,0,0,11,0
2021-06-21,18200,46,120,18039,41,0,0,11,0
2021-06-22,18208,45,118,18049,41,0,0,11,0
2021-06-23,18217,44,116,18060,41,0,0,11,0
2021-06-24,18226,44,114,18071,41,0,0,10,0
2021-06-25,18234,43,112,18081,41,0,0,10,0
2021-06-26,18243,42,111,18091,41,0,0,10,0
2021-06-27,18251,41,109,18101,41,0,0,10,0
2021-06-28,18259,41,107,18111,41,0,0,10,0
2021-06-29,18266,40,105,18120,41,0,0,10,0
2021-06-30,18275,39,104,18130,41,0,0,9,0
2021-07-01,18282,39,102,18139,41,0,0,9,0
