Date,Infected,Exposed,Active,Recovered,Deaths,Diff Exposed,Diff Active,Diff Recovered,Diff Deaths
2020-06-20,1050,200,307,742,1,0,11,28,0
2020-06-21,1088,191,317,770,1,0,9,29,0
2020-06-22,1126,184,325,800,1,0,6,30,0
2020-06-23,1161,179,331,829,1,0,5,30,0
2020-06-24,1195,175,335,859,1,0,4,30,0
2020-06-25,1230,172,339,890,1,0,3,31,0
2020-06-26,1263,170,341,921,1,0,2,31,0
2020-06-27,1296,168,343,952,1,0,2,31,0
2020-06-28,1329,167,345,983,1,0,1,31,0
2020-06-29,1362,166,346,1015,1,0,1,31,0
2020-06-30,1394,165,347,1046,1,0,1,32,0
2020-07-01,1427,165,348,1078,1,0,1,32,0
2020-07-02,1459,164,349,1109,1,0,0,32,0
2020-07-03,1491,164,349,1141,1,0,0,32,0
2020-07-04,1523,163,349,1173,1,0,0,32,0
2020-07-05,1554,163,349,1204,1,0,0,32,0
2020-07-06,1587,162,350,1236,1,0,0,32,0
2020-07-07,1619,162,350,1268,1,0,0,32,0
2020-07-08,1651,162,350,1300,1,0,0,32,0
2020-07-09,1682,161,350,1331,1,0,0,32,0
2020-07-10,1713,161,349,1363,1,0,0,32,0
2020-07-11,1745,160,349,1395,1,0,0,32,0
2020-07-12,1777,160,349,1427,1,0,0,32,0
2020-07-13,1807,160,348,1458,1,0,0,32,0
2020-07-14,1840,159,348,1490,2,0,0,32,0
2020-07-15,1871,159,348,1521,2,0,0,32,0
2020-07-16,1902,158,347,1553,2,0,0,32,0
2020-07-17,1933,158,347,1584,2,0,0,31,0
2020-07-18,1964,157,346,1616,2,0,0,31,0
2020-07-19,1994,156,345,1647,2,0,0,31,0
2020-07-20,2025,156,344,1679,2,0,0,31,0
2020-07-21,2056,155,344,1710,2,0,0,31,0
2020-07-22,2086,155,343,1741,2,0,0,31,0
2020-07-23,2116,154,342,1772,2,0,0,31,0
2020-07-24,2146,153,341,1803,2,0,0,31,0
2020-07-25,2176,153,340,1834,2,0,0,31,0
2020-07-26,2206,152,339,1865,2,0,0,31,0
2020-07-27,2236,151,338,1896,2,0,0,31,0
2020-07-28,2265,150,337,1926,2,0,0,31,0
2020-07-29,2295,150,336,1957,2,0,0,30,0
2020-07-30,2324,149,335,1987,2,0,0,30,0
2020-07-31,2353,148,333,2018,2,0,0,30,0
2020-08-01,2382,147,332,2048,2,0,0,30,0
2020-08-02,2411,146,331,2078,2,0,0,30,0
2020-08-03,2439,146,329,2108,2,0,0,30,0
2020-08-04,2468,145,328,2138,2,0,0,30,0
2020-08-05,2496,144,326,2168,2,0,0,30,0
2020-08-06,2524,143,325,2197,2,0,0,30,0
2020-08-07,2552,142,323,2227,2,0,0,29,0
2020-08-08,2580,141,322,2256,2,0,0,29,0
2020-08-09,2607,140,320,2285,2,0,0,29,0
2020-08-10,2635,139,319,2314,2,0,0,29,0
2020-08-11,2662,138,317,2343,2,0,0,29,0
2020-08-12,2689,137,315,2372,2,0,0,29,0
2020-08-13,2715,136,313,2400,2,0,0,28,0
2020-08-14,2743,135,312,2429,2,0,0,28,0
2020-08-15,2770,134,310,2457,3,0,0,28,0
2020-08-16,2796,133,308,2485,3,0,0,28,0
2020-08-17,2822,132,306,2513,3,0,0,28,0
2020-08-18,2848,131,304,2541,3,0,0,28,0
2020-08-19,2873,130,302,2568,3,0,0,27,0
2020-08-20,2899,129,300,2596,3,0,0,27,0
2020-08-21,2924,128,298,2623,3,0,0,27,0
2020-08-22,2949,127,296,2650,3,0,0,27,0
2020-08-23,2974,126,294,2677,3,0,0,27,0
2020-08-24,2999,125,292,2704,3,0,0,27,0
2020-08-25,3023,124,290,2730,3,0,0,26,0
2020-08-26,3047,123,288,2756,3,0,0,26,0
2020-08-27,3071,122,286,2782,3,0,0,26,0
2020-08-28,3095,121,284,2808,3,0,0,26,0
2020-08-29,3119,120,282,2834,3,0,0,26,0
2020-08-30,3143,119,280,2860,3,0,0,25,0
2020-08-31,3165,117,277,2885,3,0,0,25,0
2020-09-01,3188,116,275,2910,3,0,0,25,0
2020-09-02,3211,115,273,2935,3,0,0,25,0
2020-09-03,3234,114,271,2960,3,0,0,25,0
2020-09-04,3256,113,269,2984,3,0,0,24,0
2020-09-05,3277,112,266,3008,3,0,0,24,0
2020-09-06,3300,111,264,3033,3,0,0,24,0
2020-09-07,3321,110,262,3056,3,0,0,24,0
2020-09-08,3342,109,259,3080,3,0,0,24,0
2020-09-09,3364,108,257,3104,3,0,0,23,0
2020-09-10,3385,106,255,3127,3,0,0,23,0
2020-09-11,3406,105,253,3150,3,0,0,23,0
2020-09-12,3426,104,250,3173,3,0,0,23,0
2020-09-13,3446,103,248,3195,3,0,0,23,0
2020-09-14,3467,102,246,3218,3,0,0,22,0
2020-09-15,3486,101,243,3240,3,0,0,22,0
2020-09-16,3506,100,241,3262,3,0,0,22,0
2020-09-17,3526,99,239,3284,3,0,0,22,0
2020-09-18,3545,98,236,3306,3,0,0,21,0
2020-09-19,3564,97,234,3327,3,0,0,21,0
2020-09-20,3583,96,232,3348,3,0,0,21,0
2020-09-21,3601,94,229,3369,3,0,0,21,0
2020-09-22,3620,93,227,3390,3,0,0,21,0
2020-09-23,3639,92,225,3410,4,0,0,20,0
2020-09-24,3657,91,222,3431,4,0,0,20,0
2020-09-25,3675,90,220,3451,4,0,0,20,0
2020-09-26,3693,89,218,3471,4,0,0,20,0
2020-09-27,3709,88,215,3490,4,0,0,20,0
2020-09-28,3727,87,213,3510,4,0,0,19,0
2020-09-29,3744,86,211,3529,4,0,0,19,0
2020-09-30,3761,85,209,3548,4,0,0,19,0
2020-10-01,3777,84,206,3567,4,0,0,19,0
2020-10-02,3794,83,204,3586,4,0,0,19,0
2020-10-03,3810,82,202,3604,4,0,0,18,0
2020-10-04,3825,81,199,3622,4,0,0,18,0
2020-10-05,3841,80,197,3640,4,0,0,18,0
2020-10-06,3857,79,195,3658,4,0,0,18,0
2020-10-07,3873,78,193,3676,4,0,0,18,0
2020-10-08,3887,77,190,3693,4,0,0,17,0
2020-10-09,3903,76,188,3711,4,0,0,17,0
2020-10-10,3918,75,186,3728,4,0,0,17,0
2020-10-11,3932,74,184,3744,4,0,0,17,0
2020-10-12,3947,73,182,3761,4,0,0,17,0
2020-10-13,3961,72,180,3777,4,0,0,16,0
2020-10-14,3975,71,177,3794,4,0,0,16,0
2020-10-15,3989,70,175,3810,4,0,0,16,0
2020-10-16,4003,69,173,3826,4,0,0,16,0
2020-10-17,4016,69,171,3841,4,0,0,16,0
2020-10-18,4030,68,169,3857,4,0,0,15,0
2020-10-19,4043,67,167,3872,4,0,0,15,0
2020-10-20,4056,66,165,3887,4,0,0,15,0
2020-10-21,4069,65,163,3902,4,0,0,15,0
2020-10-22,4082,64,161,3917,4,0,0,15,0
2020-10-23,4094,63,159,3931,4,0,0,14,0
2020-10-24,4106,62,157,3945,4,0,0,14,0
2020-10-25,4119,62,155,3960,4,0,0,14,0
2020-10-26,4131,61,153,3974,4,0,0,14,0
2020-10-27,4142,60,151,3987,4,0,0,14,0
2020-10-28,4154,59,149,4001,4,0,0,14,0
2020-10-29,4165,58,147,4014,4,0,0,13,0
2020-10-30,4177,57,145,4028,4,0,0,13,0
2020-10-31,4188,57,143,4041,4,0,0,13,0
2020-11-01,4199,56,141,4054,4,0,0,13,0
2020-11-02,4210,55,139,4067,4,0,0,13,0
2020-11-03,4220,54,137,4079,4,0,0,12,0
2020-11-04,4232,54,136,4092,4,0,0,12,0
2020-11-05,4242,53,134,4104,4,0,0,12,0
2020-11-06,4252,52,132,4116,4,0,0,12,0
2020-11-07,4262,51,130,4128,4,0,0,12,0
2020-11-08,4272,51,128,4140,4,0,0,12,0
2020-11-09,4282,50,127,4151,4,0,0,12,0
2020-11-10,4292,49,125,4163,4,0,0,11,0
2020-11-11,4301,48,123,4174,4,0,0,11,0
2020-11-12,4311,48,122,4185,4,0,0,11,0
2020-11-13,4320,47,120,4196,4,0,0,11,0
2020-11-14,4329,46,118,4207,4,0,0,11,0
2020-11-15,4338,46,117,4217,4,0,0,11,0
2020-11-16,4347,45,115,4228,4,0,0,10,0
2020-11-17,4355,44,113,4238,4,0,0,10,0
2020-11-18,4365,44,112,4249,4,0,0,10,0
2020-11-19,4373,43,110,4259,4,0,0,10,0
2020-11-20,4382,42,109,4269,4,0,0,10,0
2020-11-21,4389,42,107,4278,4,0,0,10,0
2020-11-22,4398,41,106,4288,4,0,0,10,0
2020-11-23,4406,41,104,4298,4,0,0,9,0
2020-11-24,4414,40,103,4307,4,0,0,9,0
2020-11-25,4421,39,101,4316,4,0,0,9,0
2020-11-26,4429,39,100,4325,4,0,0,9,0
2020-11-27,4436,38,98,4334,4,0,0,9,0
2020-11-28,4444,38,97,4343,4,0,0,9,0
2020-11-29,4451,37,95,4352,4,0,0,9,0
2020-11-30,4459,37,94,4361,4,0,0,9,0
2020-12-01,4466,36,93,4369,4,0,0,8,0
2020-12-02,4473,35,91,4378,4,0,0,8,0
2020-12-03,4481,35,90,4386,5,0,0,8,0
2020-12-04,4488,34,89,4394,5,0,0,8,0
2020-12-05,4494,34,87,4402,5,0,0,8,0
2020-12-06,4501,33,86,4410,5,0,0,8,0
2020-12-07,4508,33,85,4418,5,0,0,8,0
2020-12-08,4513,32,83,4425,5,0,0,8,0
2020-12-09,4520,32,82,4433,5,0,0,7,0
2020-12-10,4526,31,81,4440,5,0,0,7,0
2020-12-11,4533,31,80,4448,5,0,0,7,0
2020-12-12,4539,30,79,4455,5,0,0,7,0
2020-12-13,4544,30,77,4462,5,0,0,7,0
2020-12-14,4550,29,76,4469,5,0,0,7,0
2020-12-15,4556,29,75,4476,5,0,0,7,0
2020-12-16,4561,29,74,4482,5,0,0,7,0
2020-12-17,4567,28,73,4489,5,0,0,7,0
2020-12-18,4573,28,72,4496,5,0,0,7,0
2020-12-19,4578,27,71,4502,5,0,0,6,0
2020-12-20,4584,27,70,4509,5,0,0,6,0
2020-12-21,4589,26,69,4515,5,0,0,6,0
2020-12-22,4593,26,67,4521,5,0,0,6,0
2020-12-23,4598,26,66,4527,5,0,0,6,0
2020-12-24,4603,25,65,4533,5,0,0,6,0
2020-12-25,4608,25,64,4539,5,0,0,6,0
2020-12-26,4613,24,63,4545,5,0,0,6,0
2020-12-27,4618,24,62,4551,5,0,0,6,0
2020-12-28,4623,24,62,4556,5,0,0,6,0
2020-12-29,4628,23,61,4562,5,0,0,5,0
2020-12-30,4632,23,60,4567,5,0,0,5,0
2020-12-31,4637,23,59,4573,5,0,0,5,0
2021-01-01,4641,22,58,4578,5,0,0,5,0
2021-01-02,4645,22,57,4583,5,0,0,5,0
2021-01-03,4649,21,56,4588,5,0,0,5,0
2021-01-04,4653,21,55,4593,5,0,0,5,0
2021-01-05,4657,21,54,4598,5,0,0,5,0
2021-01-06,4661,20,53,4603,5,0,0,5,0
2021-01-07,4666,20,53,4608,5,0,0,5,0
2021-01-08,4670,20,52,4613,5,0,0,5,0
2021-01-09,4673,20,51,4617,5,0,0,5,0
2021-01-10,4677,19,50,4622,5,0,0,5,0
2021-01-11,4681,19,49,4627,5,0,0,4,0
2021-01-12,4685,19,49,4631,5,0,0,4,0
2021-01-13,4688,18,48,4635,5,0,0,4,0
2021-01-14,4692,18,47,4640,5,0,0,4,0
2021-01-15,4695,18,46,4644,5,0,0,4,0
2021-01-16,4699,17,46,4648,5,0,0,4,0
2021-01-17,4702,17,45,4652,5,0,0,4,0
2021-01-18,4705,17,44,4656,5,0,0,4,0
2021-01-19,4708,17,43,4660,5,0,0,4,0
2021-01-20,4712,16,43,4664,5,0,0,4,0
2021-01-21,4715,16,42,4668,5,0,0,4,0
2021-01-22,4718,16,41,4672,5,0,0,4,0
2021-01-23,4722,16,41,4676,5,0,0,4,0
2021-01-24,4724,15,40,4679,5,0,0,4,0
2021-01-25,4727,15,39,4683,5,0,0,4,0
2021-01-26,4731,15,39,4687,5,0,0,4,0
2021-01-27,4733,15,38,4690,5,0,0,3,0
2021-01-28,4737,14,38,4694,5,0,0,3,0
2021-01-29,4739,14,37,4697,5,0,0,3,0
2021-01-30,4741,14,36,4700,5,0,0,3,0
2021-01-31,4745,14,36,4704,5,0,0,3,0
2021-02-01,4747,13,35,4707,5,0,0,3,0
2021-02-02,4750,13,35,4710,5,0,0,3,0
2021-02-03,4752,13,34,4713,5,0,0,3,0
2021-02-04,4755,13,34,4716,5,0,0,3,0
2021-02-05,4757,13,33,4719,5,0,0,3,0
2021-02-06,4759,12,32,4722,5,0,0,3,0
2021-02-07,4762,12,32,4725,5,0,0,3,0
2021-02-08,4764,12,31,4728,5,0,0,3,0
2021-02-09,4767,12,31,4731,5,0,0,3,0
2021-02-10,4769,12,30,4734,5,0,0,3,0
2021-02-11,4771,11,30,4736,5,0,0,3,0
2021-02-12,4773,11,29,4739,5,0,0,3,0
2021-02-13,4776,11,29,4742,5,0,0,3,0
2021-02-14,4778,11,29,4744,5,0,0,3,0
2021-02-15,4780,11,28,4747,5,0,0,3,0
2021-02-16,4782,10,28,4749,5,0,0,3,0
2021-02-17,4784,10,27,4752,5,0,0,2,0
2021-02-18,4786,10,27,4754,5,0,0,2,0
2021-02-19,4788,10,26,4757,5,0,0,2,0
2021-02-20,4790,10,26,4759,5,0,0,2,0
2021-02-21,4791,10,25,4761,5,0,0,2,0
2021-02-22,4794,9,25,4764,5,0,0,2,0
2021-02-23,4796,9,25,4766,5,0,0,2,0
2021-02-24,4797,9,24,4768,5,0,0,2,0
2021-02-25,4799,9,24,4770,5,0,0,2,0
2021-02-26,4801,9,23,4773,5,0,0,2,0
2021-02-27,4803,9,23,4775,5,0,0,2,0
2021-02-28,4805,9,23,4777,5,0,0,2,0
2021-03-01,4806,8,22,4779,5,0,0,2,0
2021-03-02,4808,8,22,4781,5,0,0,2,0
2021-03-03,4810,8,22,4783,5,0,0,2,0
2021-03-04,4811,8,21,4785,5,0,0,2,0
2021-03-05,4813,8,21,4787,5,0,0,2,0
2021-03-06,4814,8,20,4789,5,0,0,2,0
2021-03-07,4815,8,20,4790,5,0,0,2,0
2021-03-08,4817,8,20,4792,5,0,0,2,0
2021-03-09,4819,7,20,4794,5,0,0,2,0
2021-03-10,4820,7,19,4796,5,0,0,2,0
2021-03-11,4821,7,19,4797,5,0,0,2,0
2021-03-12,4823,7,19,4799,5,0,0,2,0
2021-03-13,4824,7,18,4801,5,0,0,2,0
2021-03-14,4826,7,18,4803,5,0,0,2,0
2021-03-15,4827,7,18,4804,5,0,0,2,0
2021-03-16,4828,7,17,4806,5,0,0,2,0
2021-03-17,4829,6,17,4807,5,0,0,2,0
2021-03-18,4831,6,17,4809,5,0,0,2,0
2021-03-19,4832,6,17,4810,5,0,0,1,0
2021-03-20,4833,6,16,4812,5,0,0,1,0
2021-03-21,4834,6,16,4813,5,0,0,1,0
2021-03-22,4836,6,16,4815,5,0,0,1,0
2021-03-23,4836,6,15,4816,5,0,0,1,0
2021-03-24,4838,6,15,4818,5,0,0,1,0
2021-03-25,4839,6,15,4819,5,0,0,1,0
2021-03-26,4840,6,15,4820,5,0,0,1,0
2021-03-27,4841,5,14,4822,5,0,0,1,0
2021-03-28,4842,5,14,4823,5,0,0,1,0
2021-03-29,4843,5,14,4824,5,0,0,1,0
2021-03-30,4844,5,14,4825,5,0,0,1,0
2021-03-31,4846,5,14,4827,5,0,0,1,0
2021-04-01,4846,5,13,4828,5,0,0,1,0
2021-04-02,4847,5,13,4829,5,0,0,1,0
2021-04-03,4848,5,13,4830,5,0,0,1,0
2021-04-04,4849,5,13,4831,5,0,0,1,0
2021-04-05,4850,5,12,4833,5,0,0,1,0
2021-04-06,4851,5,12,4834,5,0,0,1,0
2021-04-07,4852,5,12,4835,5,0,0,1,0
2021-04-08,4853,4,12,4836,5,0,0,1,0
2021-04-09,4854,4,12,4837,5,0,0,1,0
2021-04-10,4854,4,11,4838,5,0,0,1,0
2021-04-11,4855,4,11,4839,5,0,0,1,0
2021-04-12,4856,4,11,4840,5,0,0,1,0
2021-04-13,4857,4,11,4841,5,0,0,1,0
2021-04-14,4858,4,11,4842,5,0,0,1,0
2021-04-15,4859,4,11,4843,5,0,0,1,0
2021-04-16,4859,4,10,4844,5,0,0,1,0
2021-04-17,4860,4,10,4845,5,0,0,1,0
2021-04-18,4861,4,10,4846,5,0,0,1,0
2021-04-19,4862,4,10,4847,5,0,0,1,0
2021-04-20,4863,4,10,4848,5,0,0,1,0
2021-04-21,4862,4,9,4848,5,0,0,1,0
2021-04-22,4863,4,9,4849,5,0,0,1,0
2021-04-23,4864,3,9,4850,5,0,0,1,0
2021-04-24,4865,3,9,4851,5,0,0,1,0
2021-04-25,4866,3,9,4852,5,0,0,1,0
2021-04-26,4867,3,9,4853,5,0,0,1,0
2021-04-27,4867,3,9,4853,5,0,0,1,0
2021-04-28,4867,3,8,4854,5,0,0,1,0
2021-04-29,4868,3,8,4855,5,0,0,1,0
2021-04-30,4869,3,8,4856,5,0,0,1,0
2021-05-01,4869,3,8,4856,5,0,0,1,0
2021-05-02,4870,3,8,4857,5,0,0,1,0
2021-05-03,4871,3,8,4858,5,0,0,1,0
2021-05-04,4872,3,8,4859,5,0,0,1,0
2021-05-05,4871,3,7,4859,5,0,0,1,0
2021-05-06,4872,3,7,4860,5,0,0,1,0
2021-05-07,4873,3,7,4861,5,0,0,1,0
2021-05-08,4873,3,7,4861,5,0,0,1,0
2021-05-09,4874,3,7,4862,5,0,0,1,0
2021-05-10,4875,3,7,4863,5,0,0,1,0
2021-05-11,4875,3,7,4863,5,0,0,1,0
2021-05-12,4876,3,7,4864,5,0,0,1,0
2021-05-13,4876,2,7,4864,5,0,0,1,0
2021-05-14,4876,2,6,4865,5,0,0,1,0
2021-05-15,4877,2,6,4866,5,0,0,1,0
2021-05-16,4877,2,6,4866,5,0,0,1,0
2021-05-17,4878,2,6,4867,5,0,0,1,0
2021-05-18,4878,2,6,4867,5,0,0,1,0
2021-05-19,4879,2,6,4868,5,0,0,1,0
2021-05-20,4879,2,6,4868,5,0,0,1,0
2021-05-21,4880,2,6,4869,5,0,0,1,0
2021-05-22,4880,2,6,4869,5,0,0,1,0
2021-05-23,4881,2,6,4870,5,0,0,1,0
2021-05-24,4880,2,5,4870,5,0,0,0,0
2021-05-25,4881,2,5,4871,5,0,0,0,0
2021-05-26,4881,2,5,4871,5,0,0,0,0
2021-05-27,4882,2,5,4872,5,0,0,0,0
2021-05-28,4882,2,5,4872,5,0,0,0,0
2021-05-29,4883,2,5,4873,5,0,0,0,0
2021-05-30,4883,2,5,4873,5,0,0,0,0
2021-05-31,4884,2,5,4874,5,0,0,0,0
2021-06-01,4884,2,5,4874,5,0,0,0,0
2021-06-02,4884,2,5,4874,5,0,0,0,0
2021-06-03,4885,2,5,4875,5,0,0,0,0
2021-06-04,4885,2,5,4875,5,0,0,0,0
2021-06-05,4885,2,4,4876,5,0,0,0,0
2021-06-06,4885,2,4,4876,5,0,0,0,0
2021-06-07,4885,2,4,4876,5,0,0,0,0
2021-06-08,4886,2,4,4877,5,0,0,0,0
2021-06-09,4886,2,4,4877,5,0,0,0,0
2021-06-10,4887,2,4,4878,5,0,0,0,0
2021-06-11,4887,2,4,4878,5,0,0,0,0
2021-06-12,4887,1,4,4878,5,0,0,0,0
2021-06-13,4888,1,4,4879,5,0,0,0,0
2021-06-14,4888,1,4,4879,5,0,0,0,0
2021-06-15,4888,1,4,4879,5,0,0,0,0
