Date,Infected,Exposed,Active,Recovered,Deaths,Diff Exposed,Diff Active,Diff Recovered,Diff Deaths
2020-07-20,204,24,32,171,1,8,2,3,0
2020-07-21,209,31,34,174,1,7,3,3,0
2020-07-22,215,37,37,177,1,6,4,3,0
2020-07-23,224,44,42,181,1,6,5,4,0
2020-07-24,233,50,47,185,1,7,6,4,0
2020-07-25,243,57,53,189,1,7,6,5,0
2020-07-26,254,64,59,194,1,7,7,5,0
2020-07-27,268,72,67,200,1,8,8,6,0
2020-07-28,282,79,75,206,1,8,9,7,0
2020-07-29,298,87,84,213,1,8,9,8,0
2020-07-30,316,96,94,221,1,8,10,9,0
2020-07-31,335,104,104,230,1,8,11,9,0
2020-08-01,356,112,115,240,1,8,11,10,0
2020-08-02,379,119,127,251,1,7,12,12,0
2020-08-03,403,127,139,263,1,7,12,13,0
2020-08-04,428,133,151,276,1,6,12,14,0
2020-08-05,455,138,164,290,1,5,12,15,0
2020-08-06,482,142,176,305,1,3,12,16,0
2020-08-07,510,145,188,321,1,2,11,17,0
2020-08-08,539,146,199,339,1,0,11,18,0
2020-08-09,568,146,209,357,2,0,10,19,0
2020-08-10,596,145,218,376,2,0,9,20,0
2020-08-11,624,141,226,396,2,0,7,20,0
2020-08-12,652,137,233,417,2,0,6,21,0
2020-08-13,678,131,238,438,2,0,4,22,0
2020-08-14,704,125,242,460,2,0,3,22,0
2020-08-15,727,118,243,482,2,0,1,22,0
2020-08-16,750,110,244,504,2,0,0,22,0
2020-08-17,771,102,243,526,2,0,0,22,0
2020-08-18,790,94,240,548,2,0,0,22,0
2020-08-19,808,86,236,570,2,0,0,21,0
2020-08-20,826,79,232,591,3,0,0,21,0
2020-08-21,841,71,226,612,3,0,0,20,0
2020-08-22,854,64,219,632,3,0,0,20,0
2020-08-23,865,58,211,651,3,0,0,19,0
2020-08-24,876,52,203,670,3,0,0,18,0
2020-08-25,886,46,195,688,3,0,0,18,0
2020-08-26,895,41,186,706,3,0,0,17,0
2020-08-27,902,37,177,722,3,0,0,16,0
2020-08-28,909,32,168,738,3,0,0,15,0
2020-08-29,915,29,159,753,3,0,0,14,0
2020-08-30,921,25,151,767,3,0,0,14,0
2020-08-31,925,22,142,780,3,0,0,13,0
2020-09-01,929,20,133,793,3,0,0,12,0
2020-09-02,933,17,125,805,3,0,0,11,0
2020-09-03,937,15,117,816,4,0,0,11,0
2020-09-04,940,14,110,826,4,0,0,10,0
2020-09-05,943,12,103,836,4,0,0,9,0
2020-09-06,945,11,96,845,4,0,0,9,0
2020-09-07,946,9,89,853,4,0,0,8,0
2020-09-08,948,8,83,861,4,0,0,8,0
2020-09-09,950,7,77,869,4,0,0,7,0
2020-09-10,951,6,72,875,4,0,0,7,0
2020-09-11,953,6,67,882,4,0,0,6,0
2020-09-12,954,5,62,888,4,0,0,6,0
2020-09-13,954,4,57,893,4,0,0,5,0
2020-09-14,955,4,53,898,4,0,0,5,0
2020-09-15,956,4,49,903,4,0,0,4,0
2020-09-16,956,3,45,907,4,0,0,4,0
2020-09-17,957,3,42,911,4,0,0,4,0
2020-09-18,958,2,39,915,4,0,0,4,0
2020-09-19,958,2,36,918,4,0,0,3,0
2020-09-20,958,2,33,921,4,0,0,3,0
2020-09-21,959,2,31,924,4,0,0,3,0
2020-09-22,959,2,28,927,4,0,0,3,0
2020-09-23,959,1,26,929,4,0,0,2,0
2020-09-24,960,1,24,932,4,0,0,2,0
2020-09-25,960,1,22,934,4,0,0,2,0
2020-09-26,960,1,20,936,4,0,0,2,0
2020-09-27,961,1,19,938,4,0,0,2,0
2020-09-28,960,1,17,939,4,0,0,2,0
2020-09-29,961,1,16,941,4,0,0,1,0
2020-09-30,961,1,15,942,4,0,0,1,0
2020-10-01,961,1,14,943,4,0,0,1,0
2020-10-02,961,1,12,945,4,0,0,1,0
2020-10-03,961,1,11,946,4,0,0,1,0
2020-10-04,962,0,11,947,4,0,0,1,0
2020-10-05,962,0,10,948,4,0,0,1,0
2020-10-06,962,0,9,949,4,0,0,1,0
2020-10-07,961,0,8,949,4,0,0,1,0
2020-10-08,962,0,8,950,4,0,0,1,0
2020-10-09,962,0,7,951,4,0,0,1,0
2020-10-10,961,0,6,951,4,0,0,1,0
2020-10-11,962,0,6,952,4,0,0,1,0
2020-10-12,961,0,5,952,4,0,0,0,0
2020-10-13,962,0,5,953,4,0,0,0,0
2020-10-14,962,0,5,953,4,0,0,0,0
2020-10-15,962,0,4,954,4,0,0,0,0
2020-10-16,962,0,4,954,4,0,0,0,0
2020-10-17,962,0,4,954,4,0,0,0,0
2020-10-18,962,0,3,955,4,0,0,0,0
2020-10-19,962,0,3,955,4,0,0,0,0
2020-10-20,962,0,3,955,4,0,0,0,0
2020-10-21,963,0,3,956,4,0,0,0,0
2020-10-22,962,0,2,956,4,0,0,0,0
2020-10-23,962,0,2,956,4,0,0,0,0
2020-10-24,962,0,2,956,4,0,0,0,0
2020-10-25,962,0,2,956,4,0,0,0,0
2020-10-26,962,0,2,956,4,0,0,0,0
2020-10-27,963,0,2,957,4,0,0,0,0
2020-10-28,962,0,1,957,4,0,0,0,0
2020-10-29,962,0,1,957,4,0,0,0,0
2020-10-30,962,0,1,957,4,0,0,0,0
2020-10-31,962,0,1,957,4,0,0,0,0
2020-11-01,962,0,1,957,4,0,0,0,0
2020-11-02,962,0,1,957,4,0,0,0,0
2020-11-03,962,0,1,957,4,0,0,0,0
2020-11-04,962,0,1,957,4,0,0,0,0
2020-11-05,963,0,1,958,4,0,0,0,0
2020-11-06,963,0,1,958,4,0,0,0,0
2020-11-07,963,0,1,958,4,0,0,0,0
2020-11-08,963,0,1,958,4,0,0,0,0
2020-11-09,963,0,1,958,4,0,0,0,0
2020-11-10,962,0,0,958,4,0,0,0,0
2020-11-11,962,0,0,958,4,0,0,0,0
2020-11-12,962,0,0,958,4,0,0,0,0
2020-11-13,962,0,0,958,4,0,0,0,0
2020-11-14,962,0,0,958,4,0,0,0,0
2020-11-15,962,0,0,958,4,0,0,0,0
2020-11-16,962,0,0,958,4,0,0,0,0
2020-11-17,962,0,0,958,4,0,0,0,0
2020-11-18,962,0,0,958,4,0,0,0,0
2020-11-19,962,0,0,958,4,0,0,0,0
2020-11-20,962,0,0,958,4,0,0,0,0
2020-11-21,962,0,0,958,4,0,0,0,0
2020-11-22,962,0,0,958,4,0,0,0,0
2020-11-23,962,0,0,958,4,0,0,0,0
2020-11-24,962,0,0,958,4,0,0,0,0
2020-11-25,962,0,0,958,4,0,0,0,0
2020-11-26,962,0,0,958,4,0,0,0,0
2020-11-27,962,0,0,958,4,0,0,0,0
2020-11-28,962,0,0,958,4,0,0,0,0
2020-11-29,962,0,0,958,4,0,0,0,0
2020-11-30,962,0,0,958,4,0,0,0,0
2020-12-01,962,0,0,958,4,0,0,0,0
2020-12-02,962,0,0,958,4,0,0,0,0
2020-12-03,962,0,0,958,4,0,0,0,0
2020-12-04,962,0,0,958,4,0,0,0,0
2020-12-05,962,0,0,958,4,0,0,0,0
2020-12-06,962,0,0,958,4,0,0,0,0
2020-12-07,962,0,0,958,4,0,0,0,0
2020-12-08,962,0,0,958,4,0,0,0,0
2020-12-09,962,0,0,958,4,0,0,0,0
2020-12-10,962,0,0,958,4,0,0,0,0
2020-12-11,962,0,0,958,4,0,0,0,0
2020-12-12,962,0,0,958,4,0,0,0,0
2020-12-13,962,0,0,958,4,0,0,0,0
2020-12-14,962,0,0,958,4,0,0,0,0
2020-12-15,962,0,0,958,4,0,0,0,0
2020-12-16,962,0,0,958,4,0,0,0,0
2020-12-17,962,0,0,958,4,0,0,0,0
2020-12-18,962,0,0,958,4,0,0,0,0
2020-12-19,962,0,0,958,4,0,0,0,0
2020-12-20,962,0,0,958,4,0,0,0,0
2020-12-21,962,0,0,958,4,0,0,0,0
2020-12-22,962,0,0,958,4,0,0,0,0
2020-12-23,962,0,0,958,4,0,0,0,0
2020-12-24,962,0,0,958,4,0,0,0,0
2020-12-25,962,0,0,958,4,0,0,0,0
2020-12-26,962,0,0,958,4,0,0,0,0
2020-12-27,962,0,0,958,4,0,0,0,0
2020-12-28,962,0,0,958,4,0,0,0,0
2020-12-29,962,0,0,958,4,0,0,0,0
2020-12-30,962,0,0,958,4,0,0,0,0
2020-12-31,962,0,0,958,4,0,0,0,0
2021-01-01,962,0,0,958,4,0,0,0,0
2021-01-02,962,0,0,958,4,0,0,0,0
2021-01-03,962,0,0,958,4,0,0,0,0
2021-01-04,962,0,0,958,4,0,0,0,0
2021-01-05,962,0,0,958,4,0,0,0,0
2021-01-06,962,0,0,958,4,0,0,0,0
2021-01-07,962,0,0,958,4,0,0,0,0
2021-01-08,962,0,0,958,4,0,0,0,0
2021-01-09,962,0,0,958,4,0,0,0,0
2021-01-10,962,0,0,958,4,0,0,0,0
2021-01-11,962,0,0,958,4,0,0,0,0
2021-01-12,962,0,0,958,4,0,0,0,0
2021-01-13,962,0,0,958,4,0,0,0,0
2021-01-14,962,0,0,958,4,0,0,0,0
2021-01-15,962,0,0,958,4,0,0,0,0
2021-01-16,962,0,0,958,4,0,0,0,0
2021-01-17,962,0,0,958,4,0,0,0,0
2021-01-18,962,0,0,958,4,0,0,0,0
2021-01-19,962,0,0,958,4,0,0,0,0
2021-01-20,962,0,0,958,4,0,0,0,0
2021-01-21,962,0,0,958,4,0,0,0,0
2021-01-22,962,0,0,958,4,0,0,0,0
2021-01-23,962,0,0,958,4,0,0,0,0
2021-01-24,962,0,0,958,4,0,0,0,0
2021-01-25,962,0,0,958,4,0,0,0,0
2021-01-26,962,0,0,958,4,0,0,0,0
2021-01-27,962,0,0,958,4,0,0,0,0
2021-01-28,962,0,0,958,4,0,0,0,0
2021-01-29,962,0,0,958,4,0,0,0,0
2021-01-30,962,0,0,958,4,0,0,0,0
2021-01-31,962,0,0,958,4,0,0,0,0
2021-02-01,962,0,0,958,4,0,0,0,0
2021-02-02,962,0,0,958,4,0,0,0,0
2021-02-03,962,0,0,958,4,0,0,0,0
2021-02-04,962,0,0,958,4,0,0,0,0
2021-02-05,962,0,0,958,4,0,0,0,0
2021-02-06,962,0,0,958,4,0,0,0,0
2021-02-07,962,0,0,958,4,0,0,0,0
2021-02-08,962,0,0,958,4,0,0,0,0
2021-02-09,962,0,0,958,4,0,0,0,0
2021-02-10,962,0,0,958,4,0,0,0,0
2021-02-11,962,0,0,958,4,0,0,0,0
2021-02-12,962,0,0,958,4,0,0,0,0
2021-02-13,962,0,0,958,4,0,0,0,0
2021-02-14,962,0,0,958,4,0,0,0,0
2021-02-15,962,0,0,958,4,0,0,0,0
2021-02-16,962,0,0,958,4,0,0,0,0
2021-02-17,962,0,0,958,4,0,0,0,0
2021-02-18,962,0,0,958,4,0,0,0,0
2021-02-19,962,0,0,958,4,0,0,0,0
2021-02-20,962,0,0,958,4,0,0,0,0
2021-02-21,962,0,0,958,4,0,0,0,0
2021-02-22,962,0,0,958,4,0,0,0,0
2021-02-23,962,0,0,958,4,0,0,0,0
2021-02-24,962,0,0,958,4,0,0,0,0
2021-02-25,962,0,0,958,4,0,0,0,0
2021-02-26,962,0,0,958,4,0,0,0,0
2021-02-27,962,0,0,958,4,0,0,0,0
2021-02-28,962,0,0,958,4,0,0,0,0
2021-03-01,962,0,0,958,4,0,0,0,0
2021-03-02,962,0,0,958,4,0,0,0,0
2021-03-03,962,0,0,958,4,0,0,0,0
2021-03-04,962,0,0,958,4,0,0,0,0
2021-03-05,962,0,0,958,4,0,0,0,0
2021-03-06,962,0,0,958,4,0,0,0,0
2021-03-07,962,0,0,958,4,0,0,0,0
2021-03-08,962,0,0,958,4,0,0,0,0
2021-03-09,962,0,0,958,4,0,0,0,0
2021-03-10,962,0,0,958,4,0,0,0,0
2021-03-11,962,0,0,958,4,0,0,0,0
2021-03-12,962,0,0,958,4,0,0,0,0
2021-03-13,962,0,0,958,4,0,0,0,0
2021-03-14,962,0,0,958,4,0,0,0,0
2021-03-15,962,0,0,958,4,0,0,0,0
2021-03-16,962,0,0,958,4,0,0,0,0
2021-03-17,962,0,0,958,4,0,0,0,0
2021-03-18,962,0,0,958,4,0,0,0,0
2021-03-19,962,0,0,958,4,0,0,0,0
2021-03-20,962,0,0,958,4,0,0,0,0
2021-03-21,962,0,0,958,4,0,0,0,0
2021-03-22,962,0,0,958,4,0,0,0,0
2021-03-23,962,0,0,958,4,0,0,0,0
2021-03-24,962,0,0,958,4,0,0,0,0
2021-03-25,962,0,0,958,4,0,0,0,0
2021-03-26,962,0,0,958,4,0,0,0,0
2021-03-27,962,0,0,958,4,0,0,0,0
2021-03-28,962,0,0,958,4,0,0,0,0
2021-03-29,962,0,0,958,4,0,0,0,0
2021-03-30,962,0,0,958,4,0,0,0,0
2021-03-31,962,0,0,958,4,0,0,0,0
2021-04-01,962,0,0,958,4,0,0,0,0
2021-04-02,962,0,0,958,4,0,0,0,0
2021-04-03,962,0,0,958,4,0,0,0,0
2021-04-04,962,0,0,958,4,0,0,0,0
2021-04-05,962,0,0,958,4,0,0,0,0
2021-04-06,962,0,0,958,4,0,0,0,0
2021-04-07,962,0,0,958,4,0,0,0,0
2021-04-08,962,0,0,958,4,0,0,0,0
2021-04-09,962,0,0,958,4,0,0,0,0
2021-04-10,962,0,0,958,4,0,0,0,0
2021-04-11,962,0,0,958,4,0,0,0,0
2021-04-12,962,0,0,958,4,0,0,0,0
2021-04-13,962,0,0,958,4,0,0,0,0
2021-04-14,962,0,0,958,4,0,0,0,0
2021-04-15,962,0,0,958,4,0,0,0,0
2021-04-16,962,0,0,958,4,0,0,0,0
2021-04-17,962,0,0,958,4,0,0,0,0
2021-04-18,962,0,0,958,4,0,0,0,0
2021-04-19,962,0,0,958,4,0,0,0,0
2021-04-20,962,0,0,958,4,0,0,0,0
2021-04-21,962,0,0,958,4,0,0,0,0
2021-04-22,962,0,0,958,4,0,0,0,0
2021-04-23,962,0,0,958,4,0,0,0,0
2021-04-24,962,0,0,958,4,0,0,0,0
2021-04-25,962,0,0,958,4,0,0,0,0
2021-04-26,962,0,0,958,4,0,0,0,0
2021-04-27,962,0,0,958,4,0,0,0,0
2021-04-28,962,0,0,958,4,0,0,0,0
2021-04-29,962,0,0,958,4,0,0,0,0
2021-04-30,962,0,0,958,4,0,0,0,0
2021-05-01,962,0,0,958,4,0,0,0,0
2021-05-02,962,0,0,958,4,0,0,0,0
2021-05-03,962,0,0,958,4,0,0,0,0
2021-05-04,962,0,0,958,4,0,0,0,0
2021-05-05,962,0,0,958,4,0,0,0,0
2021-05-06,962,0,0,958,4,0,0,0,0
2021-05-07,962,0,0,958,4,0,0,0,0
2021-05-08,962,0,0,958,4,0,0,0,0
2021-05-09,962,0,0,958,4,0,0,0,0
2021-05-10,962,0,0,958,4,0,0,0,0
2021-05-11,962,0,0,958,4,0,0,0,0
2021-05-12,962,0,0,958,4,0,0,0,0
2021-05-13,962,0,0,958,4,0,0,0,0
2021-05-14,962,0,0,958,4,0,0,0,0
2021-05-15,962,0,0,958,4,0,0,0,0
2021-05-16,962,0,0,958,4,0,0,0,0
2021-05-17,962,0,0,958,4,0,0,0,0
2021-05-18,962,0,0,958,4,0,0,0,0
2021-05-19,962,0,0,958,4,0,0,0,0
2021-05-20,962,0,0,958,4,0,0,0,0
2021-05-21,962,0,0,958,4,0,0,0,0
2021-05-22,962,0,0,958,4,0,0,0,0
2021-05-23,962,0,0,958,4,0,0,0,0
2021-05-24,962,0,0,958,4,0,0,0,0
2021-05-25,962,0,0,958,4,0,0,0,0
2021-05-26,962,0,0,958,4,0,0,0,0
2021-05-27,962,0,0,958,4,0,0,0,0
2021-05-28,962,0,0,958,4,0,0,0,0
2021-05-29,962,0,0,958,4,0,0,0,0
2021-05-30,962,0,0,958,4,0,0,0,0
2021-05-31,962,0,0,958,4,0,0,0,0
2021-06-01,962,0,0,958,4,0,0,0,0
2021-06-02,962,0,0,958,4,0,0,0,0
2021-06-03,962,0,0,958,4,0,0,0,0
2021-06-04,962,0,0,958,4,0,0,0,0
2021-06-05,962,0,0,958,4,0,0,0,0
2021-06-06,962,0,0,958,4,0,0,0,0
2021-06-07,962,0,0,958,4,0,0,0,0
2021-06-08,962,0,0,958,4,0,0,0,0
2021-06-09,962,0,0,958,4,0,0,0,0
2021-06-10,962,0,0,958,4,0,0,0,0
2021-06-11,962,0,0,958,4,0,0,0,0
2021-06-12,962,0,0,958,4,0,0,0,0
2021-06-13,962,0,0,958,4,0,0,0,0
2021-06-14,962,0,0,958,4,0,0,0,0
2021-06-15,962,0,0,958,4,0,0,0,0
2021-06-16,962,0,0,958,4,0,0,0,0
2021-06-17,962,0,0,958,4,0,0,0,0
2021-06-18,962,0,0,958,4,0,0,0,0
2021-06-19,962,0,0,958,4,0,0,0,0
2021-06-20,962,0,0,958,4,0,0,0,0
2021-06-21,962,0,0,958,4,0,0,0,0
2021-06-22,962,0,0,958,4,0,0,0,0
2021-06-23,962,0,0,958,4,0,0,0,0
2021-06-24,962,0,0,958,4,0,0,0,0
2021-06-25,962,0,0,958,4,0,0,0,0
2021-06-26,962,0,0,958,4,0,0,0,0
2021-06-27,962,0,0,958,4,0,0,0,0
2021-06-28,962,0,0,958,4,0,0,0,0
2021-06-29,962,0,0,958,4,0,0,0,0
2021-06-30,962,0,0,958,4,0,0,0,0
2021-07-01,962,0,0,958,4,0,0,0,0
2021-07-02,962,0,0,958,4,0,0,0,0
2021-07-03,962,0,0,958,4,0,0,0,0
2021-07-04,962,0,0,958,4,0,0,0,0
2021-07-05,962,0,0,958,4,0,0,0,0
2021-07-06,962,0,0,958,4,0,0,0,0
2021-07-07,962,0,0,958,4,0,0,0,0
2021-07-08,962,0,0,958,4,0,0,0,0
2021-07-09,962,0,0,958,4,0,0,0,0
2021-07-10,962,0,0,958,4,0,0,0,0
2021-07-11,962,0,0,958,4,0,0,0,0
2021-07-12,962,0,0,958,4,0,0,0,0
2021-07-13,962,0,0,958,4,0,0,0,0
2021-07-14,962,0,0,958,4,0,0,0,0
2021-07-15,962,0,0,958,4,0,0,0,0
