Date,Infected,Exposed,Active,Recovered,Deaths,Diff Exposed,Diff Active,Diff Recovered,Diff Deaths
2020-07-11,498,79,109,386,3,0,6,10,0
2020-07-12,514,77,114,397,3,0,5,10,0
2020-07-13,529,76,119,407,3,0,4,11,0
2020-07-14,543,75,122,418,3,0,4,11,0
2020-07-15,558,75,126,429,3,0,3,11,0
2020-07-16,572,75,129,440,3,0,3,12,0
2020-07-17,587,76,132,452,3,1,3,12,0
2020-07-18,602,76,135,464,3,1,3,12,0
2020-07-19,617,77,137,477,3,1,3,12,0
2020-07-20,632,78,140,489,3,1,3,13,0
2020-07-21,648,79,143,502,3,1,3,13,0
2020-07-22,663,80,145,515,3,1,3,13,0
2020-07-23,679,81,148,528,3,1,3,13,0
2020-07-24,695,82,150,541,4,1,3,14,0
2020-07-25,712,84,153,555,4,1,3,14,0
2020-07-26,728,85,155,569,4,1,3,14,0
2020-07-27,745,86,158,583,4,1,3,14,0
2020-07-28,761,87,160,597,4,1,3,14,0
2020-07-29,779,88,163,612,4,1,3,15,0
2020-07-30,796,90,165,627,4,1,3,15,0
2020-07-31,814,91,168,642,4,1,3,15,0
2020-08-01,831,92,170,657,4,1,3,15,0
2020-08-02,849,93,173,672,4,1,3,16,0
2020-08-03,867,94,175,688,4,1,3,16,0
2020-08-04,887,96,178,704,5,1,3,16,0
2020-08-05,906,97,181,720,5,1,3,16,0
2020-08-06,925,98,183,737,5,1,3,17,0
2020-08-07,944,99,186,753,5,1,3,17,0
2020-08-08,963,101,188,770,5,1,3,17,0
2020-08-09,983,102,191,787,5,1,3,17,0
2020-08-10,1003,103,194,804,5,1,3,17,0
2020-08-11,1023,104,196,822,5,1,3,18,0
2020-08-12,1044,105,199,840,5,1,3,18,0
2020-08-13,1065,106,201,858,6,1,3,18,0
2020-08-14,1086,108,204,876,6,1,3,18,0
2020-08-15,1107,109,206,895,6,1,3,19,0
2020-08-16,1128,110,209,913,6,1,3,19,0
2020-08-17,1150,111,212,932,6,1,3,19,0
2020-08-18,1172,112,214,952,6,1,3,19,0
2020-08-19,1194,113,217,971,6,1,3,20,0
2020-08-20,1216,114,219,991,6,1,2,20,0
2020-08-21,1240,115,222,1011,7,1,2,20,0
2020-08-22,1262,116,224,1031,7,1,2,20,0
2020-08-23,1285,117,227,1051,7,1,2,20,0
2020-08-24,1307,118,229,1071,7,1,2,21,0
2020-08-25,1330,119,231,1092,7,1,2,21,0
2020-08-26,1354,120,234,1113,7,1,2,21,0
2020-08-27,1377,121,236,1134,7,1,2,21,0
2020-08-28,1402,122,238,1156,8,1,2,22,0
2020-08-29,1426,123,241,1177,8,1,2,22,0
2020-08-30,1450,124,243,1199,8,1,2,22,0
2020-08-31,1474,125,245,1221,8,1,2,22,0
2020-09-01,1498,125,247,1243,8,1,2,22,0
2020-09-02,1523,126,249,1266,8,1,2,23,0
2020-09-03,1547,127,251,1288,8,1,2,23,0
2020-09-04,1573,128,253,1311,9,1,2,23,0
2020-09-05,1598,128,255,1334,9,1,2,23,0
2020-09-06,1623,129,257,1357,9,1,2,23,0
2020-09-07,1649,130,259,1381,9,1,2,23,0
2020-09-08,1674,130,261,1404,9,1,2,24,0
2020-09-09,1700,131,263,1428,9,1,2,24,0
2020-09-10,1725,131,265,1451,9,1,2,24,0
2020-09-11,1751,132,266,1475,10,0,2,24,0
2020-09-12,1777,132,268,1499,10,0,2,24,0
2020-09-13,1803,133,269,1524,10,0,2,24,0
2020-09-14,1829,133,271,1548,10,0,1,24,0
2020-09-15,1855,133,272,1573,10,0,1,25,0
2020-09-16,1881,134,274,1597,10,0,1,25,0
2020-09-17,1908,134,275,1622,11,0,1,25,0
2020-09-18,1934,134,276,1647,11,0,1,25,0
2020-09-19,1960,134,277,1672,11,0,1,25,0
2020-09-20,1987,135,279,1697,11,0,1,25,0
2020-09-21,2013,135,280,1722,11,0,1,25,0
2020-09-22,2039,135,281,1747,11,0,1,25,0
2020-09-23,2066,135,281,1773,12,0,1,25,0
2020-09-24,2092,135,282,1798,12,0,1,25,0
2020-09-25,2119,135,283,1824,12,0,1,26,0
2020-09-26,2145,135,284,1849,12,0,1,26,0
2020-09-27,2171,135,284,1875,12,0,1,26,0
2020-09-28,2198,135,285,1901,12,0,0,26,0
2020-09-29,2224,134,285,1926,13,0,0,26,0
2020-09-30,2251,134,286,1952,13,0,0,26,0
2020-10-01,2277,134,286,1978,13,0,0,26,0
2020-10-02,2303,134,286,2004,13,0,0,26,0
2020-10-03,2329,133,286,2030,13,0,0,26,0
2020-10-04,2356,133,287,2056,13,0,0,26,0
2020-10-05,2383,133,287,2082,14,0,0,26,0
2020-10-06,2407,132,286,2107,14,0,0,26,0
2020-10-07,2433,132,286,2133,14,0,0,26,0
2020-10-08,2459,131,286,2159,14,0,0,26,0
2020-10-09,2485,131,286,2185,14,0,0,26,0
2020-10-10,2510,130,285,2211,14,0,0,26,0
2020-10-11,2537,130,285,2237,15,0,0,26,0
2020-10-12,2562,129,285,2262,15,0,0,26,0
2020-10-13,2587,128,284,2288,15,0,0,26,0
2020-10-14,2612,128,283,2314,15,0,0,26,0
2020-10-15,2637,127,283,2339,15,0,0,26,0
2020-10-16,2662,126,282,2365,15,0,0,25,0
2020-10-17,2687,126,281,2390,16,0,0,25,0
2020-10-18,2711,125,280,2415,16,0,0,25,0
2020-10-19,2736,124,279,2441,16,0,0,25,0
2020-10-20,2760,123,278,2466,16,0,0,25,0
2020-10-21,2784,122,277,2491,16,0,0,25,0
2020-10-22,2808,121,276,2516,16,0,0,25,0
2020-10-23,2832,121,274,2541,17,0,0,25,0
2020-10-24,2855,120,273,2565,17,0,0,25,0
2020-10-25,2879,119,272,2590,17,0,0,25,0
2020-10-26,2901,118,270,2614,17,0,0,24,0
2020-10-27,2925,117,269,2639,17,0,0,24,0
2020-10-28,2947,116,267,2663,17,0,0,24,0
2020-10-29,2970,115,265,2687,18,0,0,24,0
2020-10-30,2993,114,264,2711,18,0,0,24,0
2020-10-31,3015,113,262,2735,18,0,0,24,0
2020-11-01,3036,112,260,2758,18,0,0,24,0
2020-11-02,3059,111,259,2782,18,0,0,23,0
2020-11-03,3080,109,257,2805,18,0,0,23,0
2020-11-04,3101,108,255,2828,18,0,0,23,0
2020-11-05,3123,107,253,2851,19,0,0,23,0
2020-11-06,3144,106,251,2874,19,0,0,23,0
2020-11-07,3165,105,249,2897,19,0,0,22,0
2020-11-08,3185,104,247,2919,19,0,0,22,0
2020-11-09,3205,103,245,2941,19,0,0,22,0
2020-11-10,3225,101,243,2963,19,0,0,22,0
2020-11-11,3244,100,240,2985,19,0,0,22,0
2020-11-12,3265,99,238,3007,20,0,0,22,0
2020-11-13,3284,98,236,3028,20,0,0,21,0
2020-11-14,3303,97,234,3049,20,0,0,21,0
2020-11-15,3321,96,231,3070,20,0,0,21,0
2020-11-16,3340,94,229,3091,20,0,0,21,0
2020-11-17,3359,93,227,3112,20,0,0,20,0
2020-11-18,3376,92,224,3132,20,0,0,20,0
2020-11-19,3395,91,222,3152,21,0,0,20,0
2020-11-20,3413,90,220,3172,21,0,0,20,0
2020-11-21,3430,88,217,3192,21,0,0,20,0
2020-11-22,3448,87,215,3212,21,0,0,19,0
2020-11-23,3464,86,212,3231,21,0,0,19,0
2020-11-24,3481,85,210,3250,21,0,0,19,0
2020-11-25,3498,84,208,3269,21,0,0,19,0
2020-11-26,3514,83,205,3288,21,0,0,19,0
2020-11-27,3531,81,203,3306,22,0,0,18,0
2020-11-28,3546,80,200,3324,22,0,0,18,0
2020-11-29,3562,79,198,3342,22,0,0,18,0
2020-11-30,3577,78,195,3360,22,0,0,18,0
2020-12-01,3593,77,193,3378,22,0,0,17,0
2020-12-02,3607,76,190,3395,22,0,0,17,0
2020-12-03,3622,74,188,3412,22,0,0,17,0
2020-12-04,3636,73,185,3429,22,0,0,17,0
2020-12-05,3651,72,183,3446,22,0,0,17,0
2020-12-06,3665,71,180,3462,23,0,0,16,0
2020-12-07,3679,70,178,3478,23,0,0,16,0
2020-12-08,3693,69,176,3494,23,0,0,16,0
2020-12-09,3706,68,173,3510,23,0,0,16,0
2020-12-10,3720,67,171,3526,23,0,0,15,0
2020-12-11,3732,66,168,3541,23,0,0,15,0
2020-12-12,3745,65,166,3556,23,0,0,15,0
2020-12-13,3757,64,163,3571,23,0,0,15,0
2020-12-14,3770,63,161,3586,23,0,0,15,0
2020-12-15,3782,61,159,3600,23,0,0,14,0
2020-12-16,3794,60,156,3614,24,0,0,14,0
2020-12-17,3806,59,154,3628,24,0,0,14,0
2020-12-18,3818,58,152,3642,24,0,0,14,0
2020-12-19,3829,57,149,3656,24,0,0,13,0
2020-12-20,3840,56,147,3669,24,0,0,13,0
2020-12-21,3852,56,145,3683,24,0,0,13,0
2020-12-22,3862,55,142,3696,24,0,0,13,0
2020-12-23,3872,54,140,3708,24,0,0,13,0
2020-12-24,3883,53,138,3721,24,0,0,12,0
2020-12-25,3893,52,136,3733,24,0,0,12,0
2020-12-26,3904,51,134,3746,24,0,0,12,0
2020-12-27,3912,50,131,3757,24,0,0,12,0
2020-12-28,3923,49,129,3769,25,0,0,12,0
2020-12-29,3933,48,127,3781,25,0,0,11,0
2020-12-30,3942,47,125,3792,25,0,0,11,0
2020-12-31,3952,46,123,3804,25,0,0,11,0
2021-01-01,3961,46,121,3815,25,0,0,11,0
2021-01-02,3969,45,119,3825,25,0,0,11,0
2021-01-03,3978,44,117,3836,25,0,0,11,0
2021-01-04,3987,43,115,3847,25,0,0,10,0
2021-01-05,3995,42,113,3857,25,0,0,10,0
2021-01-06,4003,42,111,3867,25,0,0,10,0
2021-01-07,4011,41,109,3877,25,0,0,10,0
2021-01-08,4019,40,107,3887,25,0,0,10,0
2021-01-09,4026,39,105,3896,25,0,0,10,0
2021-01-10,4034,39,103,3906,25,0,0,9,0
2021-01-11,4043,38,102,3915,26,0,0,9,0
2021-01-12,4050,37,100,3924,26,0,0,9,0
2021-01-13,4057,36,98,3933,26,0,0,9,0
2021-01-14,4064,36,96,3942,26,0,0,9,0
2021-01-15,4072,35,95,3951,26,0,0,9,0
2021-01-16,4078,34,93,3959,26,0,0,8,0
2021-01-17,4084,34,91,3967,26,0,0,8,0
2021-01-18,4091,33,89,3976,26,0,0,8,0
2021-01-19,4098,32,88,3984,26,0,0,8,0
2021-01-20,4103,32,86,3991,26,0,0,8,0
2021-01-21,4110,31,85,3999,26,0,0,8,0
2021-01-22,4116,31,83,4007,26,0,0,8,0
2021-01-23,4122,30,82,4014,26,0,0,7,0
2021-01-24,4128,29,80,4022,26,0,0,7,0
2021-01-25,4133,29,78,4029,26,0,0,7,0
2021-01-26,4139,28,77,4036,26,0,0,7,0
2021-01-27,4145,28,76,4043,26,0,0,7,0
2021-01-28,4149,27,74,4049,26,0,0,7,0
2021-01-29,4155,27,73,4056,26,0,0,7,0
2021-01-30,4160,26,71,4063,26,0,0,6,0
2021-01-31,4166,26,70,4069,27,0,0,6,0
2021-02-01,4171,25,69,4075,27,0,0,6,0
2021-02-02,4175,25,67,4081,27,0,0,6,0
2021-02-03,4180,24,66,4087,27,0,0,6,0
2021-02-04,4185,24,65,4093,27,0,0,6,0
2021-02-05,4190,23,64,4099,27,0,0,6,0
2021-02-06,4194,23,62,4105,27,0,0,6,0
2021-02-07,4198,22,61,4110,27,0,0,6,0
2021-02-08,4203,22,60,4116,27,0,0,5,0
2021-02-09,4207,21,59,4121,27,0,0,5,0
2021-02-10,4212,21,58,4127,27,0,0,5,0
2021-02-11,4215,20,56,4132,27,0,0,5,0
2021-02-12,4219,20,55,4137,27,0,0,5,0
2021-02-13,4223,20,54,4142,27,0,0,5,0
2021-02-14,4227,19,53,4147,27,0,0,5,0
2021-02-15,4230,19,52,4151,27,0,0,5,0
2021-02-16,4234,18,51,4156,27,0,0,5,0
2021-02-17,4238,18,50,4161,27,0,0,5,0
2021-02-18,4241,18,49,4165,27,0,0,4,0
2021-02-19,4245,17,48,4170,27,0,0,4,0
2021-02-20,4248,17,47,4174,27,0,0,4,0
2021-02-21,4251,17,46,4178,27,0,0,4,0
2021-02-22,4254,16,45,4182,27,0,0,4,0
2021-02-23,4257,16,44,4186,27,0,0,4,0
2021-02-24,4260,16,43,4190,27,0,0,4,0
2021-02-25,4264,15,43,4194,27,0,0,4,0
2021-02-26,4267,15,42,4198,27,0,0,4,0
2021-02-27,4270,15,41,4202,27,0,0,4,0
2021-02-28,4272,14,40,4205,27,0,0,4,0
2021-03-01,4275,14,39,4209,27,0,0,4,0
2021-03-02,4277,14,38,4212,27,0,0,3,0
2021-03-03,4281,13,38,4216,27,0,0,3,0
2021-03-04,4283,13,37,4219,27,0,0,3,0
2021-03-05,4287,13,36,4223,28,0,0,3,0
2021-03-06,4289,13,35,4226,28,0,0,3,0
2021-03-07,4292,12,35,4229,28,0,0,3,0
2021-03-08,4294,12,34,4232,28,0,0,3,0
2021-03-09,4296,12,33,4235,28,0,0,3,0
2021-03-10,4299,12,33,4238,28,0,0,3,0
2021-03-11,4301,11,32,4241,28,0,0,3,0
2021-03-12,4303,11,31,4244,28,0,0,3,0
2021-03-13,4306,11,31,4247,28,0,0,3,0
2021-03-14,4307,11,30,4249,28,0,0,3,0
2021-03-15,4309,10,29,4252,28,0,0,3,0
2021-03-16,4312,10,29,4255,28,0,0,3,0
2021-03-17,4313,10,28,4257,28,0,0,3,0
2021-03-18,4316,10,28,4260,28,0,0,2,0
2021-03-19,4317,10,27,4262,28,0,0,2,0
2021-03-20,4319,9,26,4265,28,0,0,2,0
2021-03-21,4321,9,26,4267,28,0,0,2,0
2021-03-22,4322,9,25,4269,28,0,0,2,0
2021-03-23,4325,9,25,4272,28,0,0,2,0
2021-03-24,4326,9,24,4274,28,0,0,2,0
2021-03-25,4328,8,24,4276,28,0,0,2,0
2021-03-26,4329,8,23,4278,28,0,0,2,0
2021-03-27,4331,8,23,4280,28,0,0,2,0
2021-03-28,4332,8,22,4282,28,0,0,2,0
2021-03-29,4334,8,22,4284,28,0,0,2,0
2021-03-30,4335,8,21,4286,28,0,0,2,0
2021-03-31,4337,7,21,4288,28,0,0,2,0
2021-04-01,4338,7,20,4290,28,0,0,2,0
2021-04-02,4340,7,20,4292,28,0,0,2,0
2021-04-03,4342,7,20,4294,28,0,0,2,0
2021-04-04,4342,7,19,4295,28,0,0,2,0
2021-04-05,4344,7,19,4297,28,0,0,2,0
2021-04-06,4345,7,18,4299,28,0,0,2,0
2021-04-07,4346,6,18,4300,28,0,0,2,0
2021-04-08,4348,6,18,4302,28,0,0,2,0
2021-04-09,4349,6,17,4304,28,0,0,2,0
2021-04-10,4350,6,17,4305,28,0,0,2,0
2021-04-11,4352,6,17,4307,28,0,0,1,0
2021-04-12,4352,6,16,4308,28,0,0,1,0
2021-04-13,4354,6,16,4310,28,0,0,1,0
2021-04-14,4354,5,15,4311,28,0,0,1,0
2021-04-15,4355,5,15,4312,28,0,0,1,0
2021-04-16,4357,5,15,4314,28,0,0,1,0
2021-04-17,4358,5,15,4315,28,0,0,1,0
2021-04-18,4358,5,14,4316,28,0,0,1,0
2021-04-19,4360,5,14,4318,28,0,0,1,0
2021-04-20,4361,5,14,4319,28,0,0,1,0
2021-04-21,4361,5,13,4320,28,0,0,1,0
2021-04-22,4362,5,13,4321,28,0,0,1,0
2021-04-23,4363,5,13,4322,28,0,0,1,0
2021-04-24,4364,4,12,4324,28,0,0,1,0
2021-04-25,4365,4,12,4325,28,0,0,1,0
2021-04-26,4366,4,12,4326,28,0,0,1,0
2021-04-27,4367,4,12,4327,28,0,0,1,0
2021-04-28,4367,4,11,4328,28,0,0,1,0
2021-04-29,4368,4,11,4329,28,0,0,1,0
2021-04-30,4369,4,11,4330,28,0,0,1,0
2021-05-01,4370,4,11,4331,28,0,0,1,0
2021-05-02,4370,4,10,4332,28,0,0,1,0
2021-05-03,4371,4,10,4333,28,0,0,1,0
2021-05-04,4372,4,10,4334,28,0,0,1,0
2021-05-05,4373,3,10,4335,28,0,0,1,0
2021-05-06,4374,3,10,4336,28,0,0,1,0
2021-05-07,4373,3,9,4336,28,0,0,1,0
2021-05-08,4374,3,9,4337,28,0,0,1,0
2021-05-09,4375,3,9,4338,28,0,0,1,0
2021-05-10,4376,3,9,4339,28,0,0,1,0
2021-05-11,4377,3,9,4340,28,0,0,1,0
2021-05-12,4376,3,8,4340,28,0,0,1,0
2021-05-13,4377,3,8,4341,28,0,0,1,0
2021-05-14,4378,3,8,4342,28,0,0,1,0
2021-05-15,4379,3,8,4343,28,0,0,1,0
2021-05-16,4379,3,8,4343,28,0,0,1,0
2021-05-17,4380,3,8,4344,28,0,0,1,0
2021-05-18,4380,3,7,4345,28,0,0,1,0
2021-05-19,4380,3,7,4345,28,0,0,1,0
2021-05-20,4381,3,7,4346,28,0,0,1,0
2021-05-21,4382,2,7,4347,28,0,0,1,0
2021-05-22,4382,2,7,4347,28,0,0,1,0
2021-05-23,4383,2,7,4348,28,0,0,1,0
2021-05-24,4383,2,7,4348,28,0,0,1,0
2021-05-25,4383,2,6,4349,28,0,0,1,0
2021-05-26,4384,2,6,4350,28,0,0,1,0
2021-05-27,4384,2,6,4350,28,0,0,1,0
2021-05-28,4385,2,6,4351,28,0,0,1,0
2021-05-29,4385,2,6,4351,28,0,0,1,0
2021-05-30,4386,2,6,4352,28,0,0,1,0
2021-05-31,4386,2,6,4352,28,0,0,1,0
2021-06-01,4386,2,5,4353,28,0,0,0,0
2021-06-02,4386,2,5,4353,28,0,0,0,0
2021-06-03,4387,2,5,4354,28,0,0,0,0
2021-06-04,4387,2,5,4354,28,0,0,0,0
2021-06-05,4388,2,5,4355,28,0,0,0,0
2021-06-06,4388,2,5,4355,28,0,0,0,0
2021-06-07,4389,2,5,4356,28,0,0,0,0
2021-06-08,4389,2,5,4356,28,0,0,0,0
2021-06-09,4389,2,5,4356,28,0,0,0,0
2021-06-10,4389,2,4,4357,28,0,0,0,0
2021-06-11,4389,2,4,4357,28,0,0,0,0
2021-06-12,4390,2,4,4358,28,0,0,0,0
2021-06-13,4390,1,4,4358,28,0,0,0,0
2021-06-14,4390,1,4,4358,28,0,0,0,0
2021-06-15,4391,1,4,4359,28,0,0,0,0
2021-06-16,4391,1,4,4359,28,0,0,0,0
2021-06-17,4391,1,4,4359,28,0,0,0,0
2021-06-18,4392,1,4,4360,28,0,0,0,0
2021-06-19,4392,1,4,4360,28,0,0,0,0
2021-06-20,4392,1,4,4360,28,0,0,0,0
2021-06-21,4393,1,4,4361,28,0,0,0,0
2021-06-22,4392,1,3,4361,28,0,0,0,0
2021-06-23,4392,1,3,4361,28,0,0,0,0
2021-06-24,4393,1,3,4362,28,0,0,0,0
2021-06-25,4393,1,3,4362,28,0,0,0,0
2021-06-26,4393,1,3,4362,28,0,0,0,0
2021-06-27,4394,1,3,4363,28,0,0,0,0
2021-06-28,4394,1,3,4363,28,0,0,0,0
2021-06-29,4394,1,3,4363,28,0,0,0,0
2021-06-30,4394,1,3,4363,28,0,0,0,0
2021-07-01,4395,1,3,4364,28,0,0,0,0
2021-07-02,4395,1,3,4364,28,0,0,0,0
2021-07-03,4395,1,3,4364,28,0,0,0,0
2021-07-04,4395,1,3,4364,28,0,0,0,0
2021-07-05,4396,1,3,4365,28,0,0,0,0
2021-07-06,4396,1,3,4365,28,0,0,0,0
