Date,Infected,Exposed,Active,Recovered,Deaths,Diff Exposed,Diff Active,Diff Recovered,Diff Deaths
2020-07-17,314,12,60,251,3,5,0,5,0
2020-07-18,317,16,57,257,3,4,0,5,0
2020-07-19,321,20,56,262,3,3,0,5,0
2020-07-20,325,22,55,267,3,2,0,5,0
2020-07-21,329,25,54,272,3,2,0,5,0
2020-07-22,333,26,54,276,3,1,0,5,0
2020-07-23,339,28,55,281,3,1,0,5,0
2020-07-24,344,29,55,286,3,1,1,5,0
2020-07-25,350,30,56,291,3,1,1,5,0
2020-07-26,356,30,57,296,3,1,1,5,0
2020-07-27,361,31,57,301,3,1,1,5,0
2020-07-28,368,32,58,307,3,1,1,5,0
2020-07-29,374,33,59,312,3,1,1,5,0
2020-07-30,380,33,60,317,3,1,1,5,0
2020-07-31,388,34,61,323,4,1,1,6,0
2020-08-01,395,35,63,328,4,1,1,6,0
2020-08-02,402,35,64,334,4,1,1,6,0
2020-08-03,409,36,65,340,4,1,1,6,0
2020-08-04,416,37,66,346,4,1,1,6,0
2020-08-05,422,37,67,351,4,1,1,6,0
2020-08-06,430,38,68,358,4,1,1,6,0
2020-08-07,438,39,70,364,4,1,1,6,0
2020-08-08,445,39,71,370,4,1,1,6,0
2020-08-09,452,40,72,376,4,1,1,6,0
2020-08-10,460,40,73,383,4,1,1,7,0
2020-08-11,469,41,75,390,4,1,1,7,0
2020-08-12,476,42,76,396,4,1,1,7,0
2020-08-13,484,42,77,403,4,1,1,7,0
2020-08-14,493,43,78,410,5,1,1,7,0
2020-08-15,502,44,80,417,5,1,1,7,0
2020-08-16,511,44,81,425,5,1,1,7,0
2020-08-17,519,45,82,432,5,1,1,7,0
2020-08-18,528,46,84,439,5,1,1,8,0
2020-08-19,537,46,85,447,5,1,1,8,0
2020-08-20,547,47,87,455,5,1,1,8,0
2020-08-21,555,48,88,462,5,1,1,8,0
2020-08-22,564,48,89,470,5,1,1,8,0
2020-08-23,574,49,91,478,5,1,1,8,0
2020-08-24,584,50,92,487,5,1,1,8,0
2020-08-25,593,50,93,495,5,1,1,8,0
2020-08-26,604,51,95,503,6,1,1,9,0
2020-08-27,614,52,96,512,6,1,1,9,0
2020-08-28,625,53,98,521,6,1,1,9,0
2020-08-29,635,53,99,530,6,1,1,9,0
2020-08-30,646,54,101,539,6,1,1,9,0
2020-08-31,656,55,102,548,6,1,1,9,0
2020-09-01,666,55,103,557,6,1,1,9,0
2020-09-02,677,56,105,566,6,1,1,9,0
2020-09-03,688,57,106,576,6,1,1,10,0
2020-09-04,699,57,108,585,6,1,1,10,0
2020-09-05,711,58,109,595,7,1,1,10,0
2020-09-06,722,58,110,605,7,1,1,10,0
2020-09-07,734,59,112,615,7,1,1,10,0
2020-09-08,745,60,113,625,7,1,1,10,0
2020-09-09,757,60,115,635,7,1,1,10,0
2020-09-10,768,61,116,645,7,1,1,10,0
2020-09-11,780,62,117,656,7,1,1,11,0
2020-09-12,793,62,119,667,7,1,1,11,0
2020-09-13,804,63,120,677,7,1,1,11,0
2020-09-14,818,63,122,688,8,1,1,11,0
2020-09-15,830,64,123,699,8,1,1,11,0
2020-09-16,842,64,124,710,8,1,1,11,0
2020-09-17,855,65,126,721,8,1,1,11,0
2020-09-18,868,66,127,733,8,1,1,11,0
2020-09-19,880,66,128,744,8,1,1,12,0
2020-09-20,894,67,130,756,8,1,1,12,0
2020-09-21,907,67,131,768,8,0,1,12,0
2020-09-22,920,68,132,779,9,0,1,12,0
2020-09-23,933,68,133,791,9,0,1,12,0
2020-09-24,947,68,135,803,9,0,1,12,0
2020-09-25,960,69,136,815,9,0,1,12,0
2020-09-26,974,69,137,828,9,0,1,12,0
2020-09-27,987,70,138,840,9,0,1,12,0
2020-09-28,1000,70,139,852,9,0,1,13,0
2020-09-29,1015,71,140,865,10,0,1,13,0
2020-09-30,1029,71,141,878,10,0,1,13,0
2020-10-01,1042,71,142,890,10,0,1,13,0
2020-10-02,1056,72,143,903,10,0,1,13,0
2020-10-03,1070,72,144,916,10,0,1,13,0
2020-10-04,1084,72,145,929,10,0,1,13,0
2020-10-05,1098,72,146,942,10,0,1,13,0
2020-10-06,1113,73,147,955,11,0,1,13,0
2020-10-07,1128,73,148,969,11,0,1,13,0
2020-10-08,1142,73,149,982,11,0,1,13,0
2020-10-09,1156,73,150,995,11,0,1,13,0
2020-10-10,1170,74,150,1009,11,0,1,14,0
2020-10-11,1185,74,151,1023,11,0,1,14,0
2020-10-12,1199,74,152,1036,11,0,1,14,0
2020-10-13,1215,74,153,1050,12,0,1,14,0
2020-10-14,1229,74,153,1064,12,0,1,14,0
2020-10-15,1243,74,154,1077,12,0,1,14,0
2020-10-16,1257,74,154,1091,12,0,1,14,0
2020-10-17,1272,74,155,1105,12,0,0,14,0
2020-10-18,1286,74,155,1119,12,0,0,14,0
2020-10-19,1301,74,156,1133,12,0,0,14,0
2020-10-20,1316,74,156,1147,13,0,0,14,0
2020-10-21,1330,74,156,1161,13,0,0,14,0
2020-10-22,1345,74,157,1175,13,0,0,14,0
2020-10-23,1359,74,157,1189,13,0,0,14,0
2020-10-24,1373,74,157,1203,13,0,0,14,0
2020-10-25,1387,74,157,1217,13,0,0,14,0
2020-10-26,1404,74,158,1232,14,0,0,14,0
2020-10-27,1418,74,158,1246,14,0,0,14,0
2020-10-28,1432,73,158,1260,14,0,0,14,0
2020-10-29,1446,73,158,1274,14,0,0,14,0
2020-10-30,1460,73,158,1288,14,0,0,14,0
2020-10-31,1475,73,158,1303,14,0,0,14,0
2020-11-01,1490,72,158,1317,15,0,0,14,0
2020-11-02,1503,72,157,1331,15,0,0,14,0
2020-11-03,1517,72,157,1345,15,0,0,14,0
2020-11-04,1531,72,157,1359,15,0,0,14,0
2020-11-05,1545,71,157,1373,15,0,0,14,0
2020-11-06,1558,71,156,1387,15,0,0,14,0
2020-11-07,1572,71,156,1401,15,0,0,14,0
2020-11-08,1587,70,156,1415,16,0,0,14,0
2020-11-09,1600,70,155,1429,16,0,0,14,0
2020-11-10,1614,69,155,1443,16,0,0,14,0
2020-11-11,1627,69,154,1457,16,0,0,14,0
2020-11-12,1641,68,154,1471,16,0,0,14,0
2020-11-13,1654,68,153,1485,16,0,0,14,0
2020-11-14,1669,68,153,1499,17,0,0,14,0
2020-11-15,1681,67,152,1512,17,0,0,14,0
2020-11-16,1694,67,151,1526,17,0,0,14,0
2020-11-17,1708,66,151,1540,17,0,0,14,0
2020-11-18,1720,66,150,1553,17,0,0,13,0
2020-11-19,1733,65,149,1567,17,0,0,13,0
2020-11-20,1745,65,148,1580,17,0,0,13,0
2020-11-21,1758,64,147,1593,18,0,0,13,0
2020-11-22,1772,63,147,1607,18,0,0,13,0
2020-11-23,1784,63,146,1620,18,0,0,13,0
2020-11-24,1796,62,145,1633,18,0,0,13,0
2020-11-25,1808,62,144,1646,18,0,0,13,0
2020-11-26,1820,61,143,1659,18,0,0,13,0
2020-11-27,1831,61,142,1671,18,0,0,13,0
2020-11-28,1844,60,141,1684,19,0,0,13,0
2020-11-29,1856,59,140,1697,19,0,0,13,0
2020-11-30,1867,59,139,1709,19,0,0,12,0
2020-12-01,1879,58,138,1722,19,0,0,12,0
2020-12-02,1889,57,136,1734,19,0,0,12,0
2020-12-03,1900,57,135,1746,19,0,0,12,0
2020-12-04,1911,56,134,1758,19,0,0,12,0
2020-12-05,1923,56,133,1770,20,0,0,12,0
2020-12-06,1934,55,132,1782,20,0,0,12,0
2020-12-07,1945,54,131,1794,20,0,0,12,0
2020-12-08,1955,54,129,1806,20,0,0,12,0
2020-12-09,1965,53,128,1817,20,0,0,12,0
2020-12-10,1976,52,127,1829,20,0,0,11,0
2020-12-11,1986,52,126,1840,20,0,0,11,0
2020-12-12,1996,51,124,1852,20,0,0,11,0
2020-12-13,2007,50,123,1863,21,0,0,11,0
2020-12-14,2017,50,122,1874,21,0,0,11,0
2020-12-15,2026,49,120,1885,21,0,0,11,0
2020-12-16,2035,48,119,1895,21,0,0,11,0
2020-12-17,2045,48,118,1906,21,0,0,11,0
2020-12-18,2054,47,116,1917,21,0,0,10,0
2020-12-19,2063,46,115,1927,21,0,0,10,0
2020-12-20,2072,46,114,1937,21,0,0,10,0
2020-12-21,2080,45,112,1947,21,0,0,10,0
2020-12-22,2091,45,111,1958,22,0,0,10,0
2020-12-23,2099,44,110,1967,22,0,0,10,0
2020-12-24,2107,43,108,1977,22,0,0,10,0
2020-12-25,2116,43,107,1987,22,0,0,10,0
2020-12-26,2125,42,106,1997,22,0,0,9,0
2020-12-27,2132,41,104,2006,22,0,0,9,0
2020-12-28,2140,41,103,2015,22,0,0,9,0
2020-12-29,2147,40,101,2024,22,0,0,9,0
2020-12-30,2156,40,100,2034,22,0,0,9,0
2020-12-31,2165,39,99,2043,23,0,0,9,0
2021-01-01,2171,38,97,2051,23,0,0,9,0
2021-01-02,2179,38,96,2060,23,0,0,9,0
2021-01-03,2187,37,95,2069,23,0,0,9,0
2021-01-04,2193,37,93,2077,23,0,0,8,0
2021-01-05,2200,36,92,2085,23,0,0,8,0
2021-01-06,2208,35,91,2094,23,0,0,8,0
2021-01-07,2214,35,89,2102,23,0,0,8,0
2021-01-08,2221,34,88,2110,23,0,0,8,0
2021-01-09,2228,34,87,2118,23,0,0,8,0
2021-01-10,2234,33,86,2125,23,0,0,8,0
2021-01-11,2241,33,84,2133,24,0,0,8,0
2021-01-12,2248,32,83,2141,24,0,0,7,0
2021-01-13,2254,31,82,2148,24,0,0,7,0
2021-01-14,2259,31,80,2155,24,0,0,7,0
2021-01-15,2266,30,79,2163,24,0,0,7,0
2021-01-16,2272,30,78,2170,24,0,0,7,0
2021-01-17,2278,29,77,2177,24,0,0,7,0
2021-01-18,2282,29,75,2183,24,0,0,7,0
2021-01-19,2288,28,74,2190,24,0,0,7,0
2021-01-20,2294,28,73,2197,24,0,0,7,0
2021-01-21,2299,27,72,2203,24,0,0,6,0
2021-01-22,2305,27,71,2210,24,0,0,6,0
2021-01-23,2310,26,70,2216,24,0,0,6,0
2021-01-24,2314,26,68,2222,24,0,0,6,0
2021-01-25,2320,25,67,2228,25,0,0,6,0
2021-01-26,2325,25,66,2234,25,0,0,6,0
2021-01-27,2330,25,65,2240,25,0,0,6,0
2021-01-28,2335,24,64,2246,25,0,0,6,0
2021-01-29,2340,24,63,2252,25,0,0,6,0
2021-01-30,2344,23,62,2257,25,0,0,6,0
2021-01-31,2349,23,61,2263,25,0,0,5,0
2021-02-01,2353,22,60,2268,25,0,0,5,0
2021-02-02,2358,22,59,2274,25,0,0,5,0
2021-02-03,2362,22,58,2279,25,0,0,5,0
2021-02-04,2366,21,57,2284,25,0,0,5,0
2021-02-05,2370,21,56,2289,25,0,0,5,0
2021-02-06,2374,20,55,2294,25,0,0,5,0
2021-02-07,2378,20,54,2299,25,0,0,5,0
2021-02-08,2382,20,53,2304,25,0,0,5,0
2021-02-09,2386,19,52,2309,25,0,0,5,0
2021-02-10,2390,19,51,2313,26,0,0,5,0
2021-02-11,2394,18,50,2318,26,0,0,4,0
2021-02-12,2397,18,49,2322,26,0,0,4,0
2021-02-13,2401,18,48,2327,26,0,0,4,0
2021-02-14,2404,17,47,2331,26,0,0,4,0
2021-02-15,2407,17,46,2335,26,0,0,4,0
2021-02-16,2410,17,45,2339,26,0,0,4,0
2021-02-17,2414,16,45,2343,26,0,0,4,0
2021-02-18,2417,16,44,2347,26,0,0,4,0
2021-02-19,2420,16,43,2351,26,0,0,4,0
2021-02-20,2423,15,42,2355,26,0,0,4,0
2021-02-21,2426,15,41,2359,26,0,0,4,0
2021-02-22,2429,15,41,2362,26,0,0,4,0
2021-02-23,2432,15,40,2366,26,0,0,4,0
2021-02-24,2435,14,39,2370,26,0,0,4,0
2021-02-25,2437,14,38,2373,26,0,0,3,0
2021-02-26,2440,14,38,2376,26,0,0,3,0
2021-02-27,2443,13,37,2380,26,0,0,3,0
2021-02-28,2445,13,36,2383,26,0,0,3,0
2021-03-01,2447,13,35,2386,26,0,0,3,0
2021-03-02,2450,13,35,2389,26,0,0,3,0
2021-03-03,2453,12,34,2393,26,0,0,3,0
2021-03-04,2455,12,33,2396,26,0,0,3,0
2021-03-05,2458,12,33,2399,26,0,0,3,0
2021-03-06,2460,12,32,2402,26,0,0,3,0
2021-03-07,2463,11,32,2404,27,0,0,3,0
2021-03-08,2465,11,31,2407,27,0,0,3,0
2021-03-09,2467,11,30,2410,27,0,0,3,0
2021-03-10,2470,11,30,2413,27,0,0,3,0
2021-03-11,2471,11,29,2415,27,0,0,3,0
2021-03-12,2474,10,29,2418,27,0,0,3,0
2021-03-13,2475,10,28,2420,27,0,0,3,0
2021-03-14,2477,10,27,2423,27,0,0,2,0
2021-03-15,2479,10,27,2425,27,0,0,2,0
2021-03-16,2481,10,26,2428,27,0,0,2,0
2021-03-17,2483,9,26,2430,27,0,0,2,0
2021-03-18,2484,9,25,2432,27,0,0,2,0
2021-03-19,2487,9,25,2435,27,0,0,2,0
2021-03-20,2488,9,24,2437,27,0,0,2,0
2021-03-21,2490,9,24,2439,27,0,0,2,0
2021-03-22,2491,8,23,2441,27,0,0,2,0
2021-03-23,2493,8,23,2443,27,0,0,2,0
2021-03-24,2494,8,22,2445,27,0,0,2,0
2021-03-25,2496,8,22,2447,27,0,0,2,0
2021-03-26,2497,8,21,2449,27,0,0,2,0
2021-03-27,2499,8,21,2451,27,0,0,2,0
2021-03-28,2501,7,21,2453,27,0,0,2,0
2021-03-29,2502,7,20,2455,27,0,0,2,0
2021-03-30,2504,7,20,2457,27,0,0,2,0
2021-03-31,2504,7,19,2458,27,0,0,2,0
2021-04-01,2506,7,19,2460,27,0,0,2,0
2021-04-02,2508,7,19,2462,27,0,0,2,0
2021-04-03,2509,7,18,2464,27,0,0,2,0
2021-04-04,2510,6,18,2465,27,0,0,2,0
2021-04-05,2511,6,17,2467,27,0,0,2,0
2021-04-06,2512,6,17,2468,27,0,0,2,0
2021-04-07,2514,6,17,2470,27,0,0,2,0
2021-04-08,2514,6,16,2471,27,0,0,1,0
2021-04-09,2516,6,16,2473,27,0,0,1,0
2021-04-10,2517,6,16,2474,27,0,0,1,0
2021-04-11,2518,5,15,2476,27,0,0,1,0
2021-04-12,2519,5,15,2477,27,0,0,1,0
2021-04-13,2520,5,15,2478,27,0,0,1,0
2021-04-14,2521,5,14,2480,27,0,0,1,0
2021-04-15,2522,5,14,2481,27,0,0,1,0
2021-04-16,2523,5,14,2482,27,0,0,1,0
2021-04-17,2524,5,14,2483,27,0,0,1,0
2021-04-18,2525,5,13,2485,27,0,0,1,0
2021-04-19,2526,5,13,2486,27,0,0,1,0
2021-04-20,2527,5,13,2487,27,0,0,1,0
2021-04-21,2527,4,12,2488,27,0,0,1,0
2021-04-22,2528,4,12,2489,27,0,0,1,0
2021-04-23,2529,4,12,2490,27,0,0,1,0
2021-04-24,2530,4,12,2491,27,0,0,1,0
2021-04-25,2530,4,11,2492,27,0,0,1,0
2021-04-26,2532,4,11,2494,27,0,0,1,0
2021-04-27,2534,4,11,2495,28,0,0,1,0
2021-04-28,2535,4,11,2496,28,0,0,1,0
2021-04-29,2535,4,11,2496,28,0,0,1,0
2021-04-30,2535,4,10,2497,28,0,0,1,0
2021-05-01,2536,4,10,2498,28,0,0,1,0
2021-05-02,2537,4,10,2499,28,0,0,1,0
2021-05-03,2538,3,10,2500,28,0,0,1,0
2021-05-04,2538,3,9,2501,28,0,0,1,0
2021-05-05,2539,3,9,2502,28,0,0,1,0
2021-05-06,2540,3,9,2503,28,0,0,1,0
2021-05-07,2540,3,9,2503,28,0,0,1,0
2021-05-08,2541,3,9,2504,28,0,0,1,0
2021-05-09,2542,3,9,2505,28,0,0,1,0
2021-05-10,2542,3,8,2506,28,0,0,1,0
2021-05-11,2543,3,8,2507,28,0,0,1,0
2021-05-12,2543,3,8,2507,28,0,0,1,0
2021-05-13,2544,3,8,2508,28,0,0,1,0
2021-05-14,2545,3,8,2509,28,0,0,1,0
2021-05-15,2544,3,7,2509,28,0,0,1,0
2021-05-16,2545,3,7,2510,28,0,0,1,0
2021-05-17,2546,3,7,2511,28,0,0,1,0
2021-05-18,2546,2,7,2511,28,0,0,1,0
2021-05-19,2547,2,7,2512,28,0,0,1,0
2021-05-20,2548,2,7,2513,28,0,0,1,0
2021-05-21,2548,2,7,2513,28,0,0,1,0
2021-05-22,2548,2,6,2514,28,0,0,1,0
2021-05-23,2548,2,6,2514,28,0,0,1,0
2021-05-24,2549,2,6,2515,28,0,0,1,0
2021-05-25,2549,2,6,2515,28,0,0,1,0
2021-05-26,2550,2,6,2516,28,0,0,1,0
2021-05-27,2550,2,6,2516,28,0,0,1,0
2021-05-28,2551,2,6,2517,28,0,0,1,0
2021-05-29,2551,2,6,2517,28,0,0,0,0
2021-05-30,2551,2,5,2518,28,0,0,0,0
2021-05-31,2551,2,5,2518,28,0,0,0,0
2021-06-01,2552,2,5,2519,28,0,0,0,0
2021-06-02,2552,2,5,2519,28,0,0,0,0
2021-06-03,2553,2,5,2520,28,0,0,0,0
2021-06-04,2553,2,5,2520,28,0,0,0,0
2021-06-05,2554,2,5,2521,28,0,0,0,0
2021-06-06,2554,2,5,2521,28,0,0,0,0
2021-06-07,2555,2,5,2522,28,0,0,0,0
2021-06-08,2554,2,4,2522,28,0,0,0,0
2021-06-09,2554,2,4,2522,28,0,0,0,0
2021-06-10,2555,2,4,2523,28,0,0,0,0
2021-06-11,2555,1,4,2523,28,0,0,0,0
2021-06-12,2555,1,4,2523,28,0,0,0,0
2021-06-13,2556,1,4,2524,28,0,0,0,0
2021-06-14,2556,1,4,2524,28,0,0,0,0
2021-06-15,2557,1,4,2525,28,0,0,0,0
2021-06-16,2557,1,4,2525,28,0,0,0,0
2021-06-17,2557,1,4,2525,28,0,0,0,0
2021-06-18,2558,1,4,2526,28,0,0,0,0
2021-06-19,2557,1,3,2526,28,0,0,0,0
2021-06-20,2557,1,3,2526,28,0,0,0,0
2021-06-21,2557,1,3,2526,28,0,0,0,0
2021-06-22,2558,1,3,2527,28,0,0,0,0
2021-06-23,2558,1,3,2527,28,0,0,0,0
2021-06-24,2558,1,3,2527,28,0,0,0,0
2021-06-25,2559,1,3,2528,28,0,0,0,0
2021-06-26,2559,1,3,2528,28,0,0,0,0
2021-06-27,2559,1,3,2528,28,0,0,0,0
2021-06-28,2559,1,3,2528,28,0,0,0,0
2021-06-29,2560,1,3,2529,28,0,0,0,0
2021-06-30,2560,1,3,2529,28,0,0,0,0
2021-07-01,2560,1,3,2529,28,0,0,0,0
2021-07-02,2560,1,3,2529,28,0,0,0,0
2021-07-03,2561,1,3,2530,28,0,0,0,0
2021-07-04,2561,1,3,2530,28,0,0,0,0
2021-07-05,2560,1,2,2530,28,0,0,0,0
2021-07-06,2560,1,2,2530,28,0,0,0,0
2021-07-07,2561,1,2,2531,28,0,0,0,0
2021-07-08,2561,1,2,2531,28,0,0,0,0
2021-07-09,2561,1,2,2531,28,0,0,0,0
2021-07-10,2561,1,2,2531,28,0,0,0,0
2021-07-11,2561,1,2,2531,28,0,0,0,0
2021-07-12,2562,1,2,2532,28,0,0,0,0
