Date,Infected,Exposed,Active,Recovered,Deaths,Diff Exposed,Diff Active,Diff Recovered,Diff Deaths
2020-07-08,133,6,28,103,2,3,0,2,0
2020-07-09,134,9,27,105,2,2,0,2,0
2020-07-10,136,11,26,108,2,2,0,2,0
2020-07-11,138,13,26,110,2,1,0,2,0
2020-07-12,140,14,26,112,2,1,0,2,0
2020-07-13,144,15,27,115,2,1,1,2,0
2020-07-14,146,16,27,117,2,1,1,2,0
2020-07-15,150,17,28,120,2,1,1,3,0
2020-07-16,153,18,29,122,2,1,1,3,0
2020-07-17,158,19,30,125,3,1,1,3,0
2020-07-18,161,19,31,127,3,1,1,3,0
2020-07-19,165,20,32,130,3,1,1,3,0
2020-07-20,169,21,33,133,3,1,1,3,0
2020-07-21,173,22,34,136,3,1,1,3,0
2020-07-22,177,22,35,139,3,1,1,3,0
2020-07-23,181,23,36,142,3,1,1,3,0
2020-07-24,187,24,38,146,3,1,1,3,0
2020-07-25,191,25,39,149,3,1,1,3,0
2020-07-26,195,26,40,152,3,1,1,4,0
2020-07-27,201,27,42,156,3,1,1,4,0
2020-07-28,206,28,43,160,3,1,1,4,0
2020-07-29,212,28,45,164,3,1,2,4,0
2020-07-30,217,29,46,168,3,1,2,4,0
2020-07-31,223,30,48,172,3,1,2,4,0
2020-08-01,229,31,49,176,4,1,2,4,0
2020-08-02,236,32,51,181,4,1,2,5,0
2020-08-03,242,34,53,185,4,1,2,5,0
2020-08-04,249,35,55,190,4,1,2,5,0
2020-08-05,255,36,56,195,4,1,2,5,0
2020-08-06,262,37,58,200,4,1,2,5,0
2020-08-07,269,38,60,205,4,1,2,5,0
2020-08-08,277,39,62,211,4,1,2,6,0
2020-08-09,284,41,64,216,4,1,2,6,0
2020-08-10,292,42,66,222,4,1,2,6,0
2020-08-11,302,43,69,228,5,1,2,6,0
2020-08-12,310,44,71,234,5,1,2,6,0
2020-08-13,319,46,73,241,5,1,2,7,0
2020-08-14,328,47,76,247,5,1,2,7,0
2020-08-15,337,49,78,254,5,1,2,7,0
2020-08-16,346,50,80,261,5,1,3,7,0
2020-08-17,357,52,83,269,5,2,3,7,0
2020-08-18,368,53,86,276,6,2,3,8,0
2020-08-19,378,55,88,284,6,2,3,8,0
2020-08-20,389,56,91,292,6,2,3,8,0
2020-08-21,400,58,94,300,6,2,3,8,0
2020-08-22,410,59,96,308,6,2,3,9,0
2020-08-23,422,61,99,317,6,2,3,9,0
2020-08-24,435,63,102,326,7,2,3,9,0
2020-08-25,447,64,105,335,7,2,3,9,0
2020-08-26,460,66,108,345,7,2,3,10,0
2020-08-27,473,68,112,354,7,2,3,10,0
2020-08-28,486,70,115,364,7,2,3,10,0
2020-08-29,501,71,118,375,8,2,3,11,0
2020-08-30,514,73,121,385,8,2,3,11,0
2020-08-31,529,75,125,396,8,2,3,11,0
2020-09-01,544,77,128,408,8,2,3,11,0
2020-09-02,559,79,132,419,8,2,3,12,0
2020-09-03,575,81,135,431,9,2,4,12,0
2020-09-04,591,83,139,443,9,2,4,12,0
2020-09-05,607,84,142,456,9,2,4,13,0
2020-09-06,623,86,146,468,9,2,4,13,0
2020-09-07,640,88,149,481,10,2,4,13,0
2020-09-08,658,90,153,495,10,2,4,14,0
2020-09-09,676,92,157,509,10,2,4,14,0
2020-09-10,695,94,161,523,11,2,4,14,0
2020-09-11,712,96,164,537,11,2,4,15,0
2020-09-12,731,97,168,552,11,2,4,15,0
2020-09-13,750,99,172,567,11,2,4,15,0
2020-09-14,771,101,176,583,12,2,4,16,0
2020-09-15,790,103,180,598,12,2,4,16,0
2020-09-16,811,105,184,615,12,2,4,16,0
2020-09-17,831,106,187,631,13,2,4,17,0
2020-09-18,852,108,191,648,13,2,4,17,0
2020-09-19,873,110,195,665,13,2,4,17,0
2020-09-20,896,111,199,683,14,2,4,18,0
2020-09-21,917,113,203,700,14,2,4,18,0
2020-09-22,940,115,206,719,15,2,4,18,0
2020-09-23,962,116,210,737,15,1,4,19,0
2020-09-24,985,117,214,756,15,1,4,19,0
2020-09-25,1008,119,217,775,16,1,4,19,0
2020-09-26,1032,120,221,795,16,1,3,20,0
2020-09-27,1054,121,224,814,16,1,3,20,0
2020-09-28,1079,123,228,834,17,1,3,20,0
2020-09-29,1103,124,231,855,17,1,3,21,0
2020-09-30,1127,125,234,875,18,1,3,21,0
2020-10-01,1151,126,237,896,18,1,3,21,0
2020-10-02,1177,127,240,918,19,1,3,21,0
2020-10-03,1201,128,243,939,19,1,3,22,0
2020-10-04,1226,128,246,961,19,1,3,22,0
2020-10-05,1252,129,249,983,20,1,3,22,0
2020-10-06,1277,130,252,1005,20,1,3,22,0
2020-10-07,1303,130,254,1028,21,0,2,23,0
2020-10-08,1327,130,256,1050,21,0,2,23,0
2020-10-09,1354,131,259,1073,22,0,2,23,0
2020-10-10,1380,131,261,1097,22,0,2,23,0
2020-10-11,1406,131,263,1120,23,0,2,23,0
2020-10-12,1430,131,264,1143,23,0,2,24,0
2020-10-13,1457,131,266,1167,24,0,2,24,0
2020-10-14,1483,131,268,1191,24,0,1,24,0
2020-10-15,1509,131,269,1215,25,0,1,24,0
2020-10-16,1534,131,270,1239,25,0,1,24,0
2020-10-17,1560,130,271,1263,26,0,1,24,0
2020-10-18,1585,130,272,1287,26,0,1,24,0
2020-10-19,1610,129,273,1311,26,0,1,24,0
2020-10-20,1635,129,273,1335,27,0,0,24,0
2020-10-21,1660,128,273,1360,27,0,0,24,0
2020-10-22,1686,127,274,1384,28,0,0,24,0
2020-10-23,1710,126,274,1408,28,0,0,24,0
2020-10-24,1735,125,273,1433,29,0,0,24,0
2020-10-25,1759,124,273,1457,29,0,0,24,0
2020-10-26,1785,123,273,1482,30,0,0,24,0
2020-10-27,1808,122,272,1506,30,0,0,24,0
2020-10-28,1832,121,271,1530,31,0,0,24,0
2020-10-29,1855,120,270,1554,31,0,0,24,0
2020-10-30,1879,118,269,1578,32,0,0,24,0
2020-10-31,1902,117,268,1602,32,0,0,24,0
2020-11-01,1925,116,266,1626,33,0,0,24,0
2020-11-02,1948,114,265,1650,33,0,0,24,0
2020-11-03,1970,113,263,1673,34,0,0,23,0
2020-11-04,1991,111,261,1696,34,0,0,23,0
2020-11-05,2014,109,259,1720,35,0,0,23,0
2020-11-06,2035,108,257,1743,35,0,0,23,0
2020-11-07,2056,106,255,1765,36,0,0,23,0
2020-11-08,2076,105,252,1788,36,0,0,22,0
2020-11-09,2097,103,250,1810,37,0,0,22,0
2020-11-10,2117,101,247,1833,37,0,0,22,0
2020-11-11,2137,99,245,1855,37,0,0,22,0
2020-11-12,2156,98,242,1876,38,0,0,22,0
2020-11-13,2175,96,239,1898,38,0,0,21,0
2020-11-14,2194,94,236,1919,39,0,0,21,0
2020-11-15,2212,92,233,1940,39,0,0,21,0
2020-11-16,2230,90,230,1960,40,0,0,20,0
2020-11-17,2248,89,227,1981,40,0,0,20,0
2020-11-18,2264,87,223,2001,40,0,0,20,0
2020-11-19,2282,85,220,2021,41,0,0,20,0
2020-11-20,2298,83,217,2040,41,0,0,19,0
2020-11-21,2314,81,213,2059,42,0,0,19,0
2020-11-22,2330,80,210,2078,42,0,0,19,0
2020-11-23,2345,78,206,2097,42,0,0,18,0
2020-11-24,2361,76,203,2115,43,0,0,18,0
2020-11-25,2375,74,199,2133,43,0,0,18,0
2020-11-26,2390,73,196,2151,43,0,0,17,0
2020-11-27,2404,71,192,2168,44,0,0,17,0
2020-11-28,2418,69,189,2185,44,0,0,17,0
2020-11-29,2431,68,185,2202,44,0,0,17,0
2020-11-30,2445,66,182,2218,45,0,0,16,0
2020-12-01,2457,64,178,2234,45,0,0,16,0
2020-12-02,2470,63,175,2250,45,0,0,16,0
2020-12-03,2482,61,171,2265,46,0,0,15,0
2020-12-04,2494,60,167,2281,46,0,0,15,0
2020-12-05,2505,58,164,2295,46,0,0,15,0
2020-12-06,2517,57,160,2310,47,0,0,14,0
2020-12-07,2528,55,157,2324,47,0,0,14,0
2020-12-08,2539,54,154,2338,47,0,0,14,0
2020-12-09,2549,52,150,2352,47,0,0,13,0
2020-12-10,2560,51,147,2365,48,0,0,13,0
2020-12-11,2569,50,143,2378,48,0,0,13,0
2020-12-12,2578,48,140,2390,48,0,0,12,0
2020-12-13,2589,47,137,2403,49,0,0,12,0
2020-12-14,2598,46,134,2415,49,0,0,12,0
2020-12-15,2606,44,130,2427,49,0,0,12,0
2020-12-16,2614,43,127,2438,49,0,0,11,0
2020-12-17,2622,42,124,2449,49,0,0,11,0
2020-12-18,2631,41,121,2460,50,0,0,11,0
2020-12-19,2639,40,118,2471,50,0,0,11,0
2020-12-20,2647,38,115,2482,50,0,0,10,0
2020-12-21,2654,37,112,2492,50,0,0,10,0
2020-12-22,2662,36,109,2502,51,0,0,10,0
2020-12-23,2669,35,107,2511,51,0,0,9,0
2020-12-24,2676,34,104,2521,51,0,0,9,0
2020-12-25,2682,33,101,2530,51,0,0,9,0
2020-12-26,2688,32,98,2539,51,0,0,9,0
2020-12-27,2694,31,96,2547,51,0,0,9,0
2020-12-28,2701,30,93,2556,52,0,0,8,0
2020-12-29,2707,30,91,2564,52,0,0,8,0
2020-12-30,2712,29,88,2572,52,0,0,8,0
2020-12-31,2718,28,86,2580,52,0,0,8,0
2021-01-01,2723,27,84,2587,52,0,0,7,0
2021-01-02,2728,26,81,2595,52,0,0,7,0
2021-01-03,2734,25,79,2602,53,0,0,7,0
2021-01-04,2739,25,77,2609,53,0,0,7,0
2021-01-05,2744,24,75,2616,53,0,0,7,0
2021-01-06,2748,23,73,2622,53,0,0,6,0
2021-01-07,2753,22,71,2629,53,0,0,6,0
2021-01-08,2757,22,69,2635,53,0,0,6,0
2021-01-09,2761,21,67,2641,53,0,0,6,0
2021-01-10,2765,20,65,2647,53,0,0,6,0
2021-01-11,2770,20,63,2653,54,0,0,6,0
2021-01-12,2773,19,61,2658,54,0,0,5,0
2021-01-13,2777,19,59,2664,54,0,0,5,0
2021-01-14,2781,18,58,2669,54,0,0,5,0
2021-01-15,2784,17,56,2674,54,0,0,5,0
2021-01-16,2787,17,54,2679,54,0,0,5,0
2021-01-17,2791,16,53,2684,54,0,0,5,0
2021-01-18,2793,16,51,2688,54,0,0,5,0
2021-01-19,2797,15,50,2693,54,0,0,4,0
2021-01-20,2799,15,48,2697,54,0,0,4,0
2021-01-21,2803,14,47,2701,55,0,0,4,0
2021-01-22,2805,14,45,2705,55,0,0,4,0
2021-01-23,2808,14,44,2709,55,0,0,4,0
2021-01-24,2811,13,43,2713,55,0,0,4,0
2021-01-25,2813,13,41,2717,55,0,0,4,0
2021-01-26,2816,12,40,2721,55,0,0,4,0
2021-01-27,2818,12,39,2724,55,0,0,3,0
2021-01-28,2821,12,38,2728,55,0,0,3,0
2021-01-29,2823,11,37,2731,55,0,0,3,0
2021-01-30,2824,11,35,2734,55,0,0,3,0
2021-01-31,2826,11,34,2737,55,0,0,3,0
2021-02-01,2828,10,33,2740,55,0,0,3,0
2021-02-02,2830,10,32,2743,55,0,0,3,0
2021-02-03,2832,10,31,2746,55,0,0,3,0
2021-02-04,2835,9,30,2749,56,0,0,3,0
2021-02-05,2837,9,29,2752,56,0,0,3,0
2021-02-06,2839,9,29,2754,56,0,0,3,0
2021-02-07,2841,8,28,2757,56,0,0,2,0
2021-02-08,2842,8,27,2759,56,0,0,2,0
2021-02-09,2843,8,26,2761,56,0,0,2,0
2021-02-10,2845,8,25,2764,56,0,0,2,0
2021-02-11,2846,7,24,2766,56,0,0,2,0
2021-02-12,2848,7,24,2768,56,0,0,2,0
2021-02-13,2849,7,23,2770,56,0,0,2,0
2021-02-14,2850,7,22,2772,56,0,0,2,0
2021-02-15,2851,6,21,2774,56,0,0,2,0
2021-02-16,2853,6,21,2776,56,0,0,2,0
2021-02-17,2854,6,20,2778,56,0,0,2,0
2021-02-18,2856,6,20,2780,56,0,0,2,0
2021-02-19,2856,6,19,2781,56,0,0,2,0
2021-02-20,2857,6,18,2783,56,0,0,2,0
2021-02-21,2859,5,18,2785,56,0,0,2,0
2021-02-22,2859,5,17,2786,56,0,0,2,0
2021-02-23,2861,5,17,2788,56,0,0,1,0
2021-02-24,2861,5,16,2789,56,0,0,1,0
2021-02-25,2863,5,16,2791,56,0,0,1,0
2021-02-26,2863,5,15,2792,56,0,0,1,0
2021-02-27,2864,4,15,2793,56,0,0,1,0
2021-02-28,2865,4,14,2795,56,0,0,1,0
2021-03-01,2866,4,14,2796,56,0,0,1,0
2021-03-02,2866,4,13,2797,56,0,0,1,0
2021-03-03,2868,4,13,2798,57,0,0,1,0
2021-03-04,2868,4,12,2799,57,0,0,1,0
2021-03-05,2869,4,12,2800,57,0,0,1,0
2021-03-06,2870,3,12,2801,57,0,0,1,0
2021-03-07,2870,3,11,2802,57,0,0,1,0
2021-03-08,2871,3,11,2803,57,0,0,1,0
2021-03-09,2872,3,11,2804,57,0,0,1,0
2021-03-10,2872,3,10,2805,57,0,0,1,0
2021-03-11,2873,3,10,2806,57,0,0,1,0
2021-03-12,2874,3,10,2807,57,0,0,1,0
2021-03-13,2874,3,9,2808,57,0,0,1,0
2021-03-14,2875,3,9,2809,57,0,0,1,0
2021-03-15,2876,3,9,2810,57,0,0,1,0
2021-03-16,2875,3,8,2810,57,0,0,1,0
2021-03-17,2876,2,8,2811,57,0,0,1,0
2021-03-18,2877,2,8,2812,57,0,0,1,0
2021-03-19,2878,2,8,2813,57,0,0,1,0
2021-03-20,2877,2,7,2813,57,0,0,1,0
2021-03-21,2878,2,7,2814,57,0,0,1,0
2021-03-22,2878,2,7,2814,57,0,0,1,0
2021-03-23,2879,2,7,2815,57,0,0,1,0
2021-03-24,2879,2,6,2816,57,0,0,1,0
2021-03-25,2879,2,6,2816,57,0,0,1,0
2021-03-26,2880,2,6,2817,57,0,0,1,0
2021-03-27,2880,2,6,2817,57,0,0,1,0
2021-03-28,2881,2,6,2818,57,0,0,1,0
2021-03-29,2881,2,6,2818,57,0,0,0,0
2021-03-30,2881,2,5,2819,57,0,0,0,0
2021-03-31,2881,2,5,2819,57,0,0,0,0
2021-04-01,2882,1,5,2820,57,0,0,0,0
2021-04-02,2882,1,5,2820,57,0,0,0,0
2021-04-03,2883,1,5,2821,57,0,0,0,0
2021-04-04,2883,1,5,2821,57,0,0,0,0
2021-04-05,2882,1,4,2821,57,0,0,0,0
2021-04-06,2883,1,4,2822,57,0,0,0,0
2021-04-07,2883,1,4,2822,57,0,0,0,0
2021-04-08,2884,1,4,2823,57,0,0,0,0
2021-04-09,2884,1,4,2823,57,0,0,0,0
2021-04-10,2884,1,4,2823,57,0,0,0,0
2021-04-11,2885,1,4,2824,57,0,0,0,0
2021-04-12,2884,1,3,2824,57,0,0,0,0
2021-04-13,2884,1,3,2824,57,0,0,0,0
2021-04-14,2884,1,3,2824,57,0,0,0,0
2021-04-15,2885,1,3,2825,57,0,0,0,0
2021-04-16,2885,1,3,2825,57,0,0,0,0
2021-04-17,2885,1,3,2825,57,0,0,0,0
2021-04-18,2886,1,3,2826,57,0,0,0,0
2021-04-19,2886,1,3,2826,57,0,0,0,0
2021-04-20,2886,1,3,2826,57,0,0,0,0
2021-04-21,2886,1,3,2826,57,0,0,0,0
2021-04-22,2887,1,3,2827,57,0,0,0,0
2021-04-23,2886,1,2,2827,57,0,0,0,0
2021-04-24,2886,1,2,2827,57,0,0,0,0
2021-04-25,2886,1,2,2827,57,0,0,0,0
2021-04-26,2886,1,2,2827,57,0,0,0,0
2021-04-27,2887,1,2,2828,57,0,0,0,0
2021-04-28,2887,1,2,2828,57,0,0,0,0
2021-04-29,2887,1,2,2828,57,0,0,0,0
2021-04-30,2887,1,2,2828,57,0,0,0,0
2021-05-01,2887,1,2,2828,57,0,0,0,0
2021-05-02,2887,1,2,2828,57,0,0,0,0
2021-05-03,2888,1,2,2829,57,0,0,0,0
2021-05-04,2888,1,2,2829,57,0,0,0,0
2021-05-05,2888,0,2,2829,57,0,0,0,0
2021-05-06,2888,0,2,2829,57,0,0,0,0
2021-05-07,2888,0,2,2829,57,0,0,0,0
2021-05-08,2887,0,1,2829,57,0,0,0,0
2021-05-09,2887,0,1,2829,57,0,0,0,0
2021-05-10,2888,0,1,2830,57,0,0,0,0
2021-05-11,2888,0,1,2830,57,0,0,0,0
2021-05-12,2888,0,1,2830,57,0,0,0,0
2021-05-13,2888,0,1,2830,57,0,0,0,0
2021-05-14,2888,0,1,2830,57,0,0,0,0
2021-05-15,2888,0,1,2830,57,0,0,0,0
2021-05-16,2888,0,1,2830,57,0,0,0,0
2021-05-17,2888,0,1,2830,57,0,0,0,0
2021-05-18,2888,0,1,2830,57,0,0,0,0
2021-05-19,2889,0,1,2831,57,0,0,0,0
2021-05-20,2889,0,1,2831,57,0,0,0,0
2021-05-21,2889,0,1,2831,57,0,0,0,0
2021-05-22,2889,0,1,2831,57,0,0,0,0
2021-05-23,2889,0,1,2831,57,0,0,0,0
2021-05-24,2889,0,1,2831,57,0,0,0,0
2021-05-25,2889,0,1,2831,57,0,0,0,0
2021-05-26,2889,0,1,2831,57,0,0,0,0
2021-05-27,2889,0,1,2831,57,0,0,0,0
2021-05-28,2889,0,1,2831,57,0,0,0,0
2021-05-29,2889,0,1,2831,57,0,0,0,0
2021-05-30,2889,0,1,2831,57,0,0,0,0
2021-05-31,2889,0,1,2831,57,0,0,0,0
2021-06-01,2890,0,1,2832,57,0,0,0,0
2021-06-02,2890,0,1,2832,57,0,0,0,0
2021-06-03,2890,0,1,2832,57,0,0,0,0
2021-06-04,2890,0,1,2832,57,0,0,0,0
2021-06-05,2890,0,1,2832,57,0,0,0,0
2021-06-06,2890,0,1,2832,57,0,0,0,0
2021-06-07,2890,0,1,2832,57,0,0,0,0
2021-06-08,2890,0,1,2832,57,0,0,0,0
2021-06-09,2890,0,1,2832,57,0,0,0,0
2021-06-10,2889,0,0,2832,57,0,0,0,0
2021-06-11,2889,0,0,2832,57,0,0,0,0
2021-06-12,2889,0,0,2832,57,0,0,0,0
2021-06-13,2889,0,0,2832,57,0,0,0,0
2021-06-14,2889,0,0,2832,57,0,0,0,0
2021-06-15,2889,0,0,2832,57,0,0,0,0
2021-06-16,2889,0,0,2832,57,0,0,0,0
2021-06-17,2889,0,0,2832,57,0,0,0,0
2021-06-18,2889,0,0,2832,57,0,0,0,0
2021-06-19,2889,0,0,2832,57,0,0,0,0
2021-06-20,2889,0,0,2832,57,0,0,0,0
2021-06-21,2889,0,0,2832,57,0,0,0,0
2021-06-22,2889,0,0,2832,57,0,0,0,0
2021-06-23,2889,0,0,2832,57,0,0,0,0
2021-06-24,2889,0,0,2832,57,0,0,0,0
2021-06-25,2890,0,0,2833,57,0,0,0,0
2021-06-26,2890,0,0,2833,57,0,0,0,0
2021-06-27,2890,0,0,2833,57,0,0,0,0
2021-06-28,2890,0,0,2833,57,0,0,0,0
2021-06-29,2890,0,0,2833,57,0,0,0,0
2021-06-30,2890,0,0,2833,57,0,0,0,0
2021-07-01,2890,0,0,2833,57,0,0,0,0
2021-07-02,2890,0,0,2833,57,0,0,0,0
2021-07-03,2890,0,0,2833,57,0,0,0,0
