Date,Infected,Exposed,Active,Recovered,Deaths,Diff Exposed,Diff Active,Diff Recovered,Diff Deaths
2020-07-12,190,18,40,149,1,1,0,4,0
2020-07-13,194,19,40,153,1,1,0,4,0
2020-07-14,197,20,40,156,1,1,0,4,0
2020-07-15,201,20,40,160,1,0,0,4,0
2020-07-16,205,21,41,163,1,0,0,4,0
2020-07-17,209,21,41,167,1,0,0,4,0
2020-07-18,213,21,41,171,1,0,0,4,0
2020-07-19,218,22,42,175,1,0,0,4,0
2020-07-20,221,22,42,178,1,0,0,4,0
2020-07-21,226,22,43,182,1,0,0,4,0
2020-07-22,230,23,43,186,1,0,1,4,0
2020-07-23,235,23,44,190,1,0,1,4,0
2020-07-24,239,23,44,194,1,0,1,4,0
2020-07-25,244,24,45,198,1,0,1,4,0
2020-07-26,248,24,45,202,1,0,1,4,0
2020-07-27,253,24,46,206,1,0,1,4,0
2020-07-28,258,24,47,210,1,0,1,4,0
2020-07-29,264,25,47,215,2,0,1,4,0
2020-07-30,269,25,48,219,2,0,1,4,0
2020-07-31,273,25,48,223,2,0,1,4,0
2020-08-01,279,26,49,228,2,0,1,4,0
2020-08-02,283,26,49,232,2,0,1,4,0
2020-08-03,288,26,50,236,2,0,1,5,0
2020-08-04,294,26,51,241,2,0,1,5,0
2020-08-05,299,27,51,246,2,0,1,5,0
2020-08-06,304,27,52,250,2,0,1,5,0
2020-08-07,309,27,52,255,2,0,1,5,0
2020-08-08,315,28,53,260,2,0,1,5,0
2020-08-09,320,28,54,264,2,0,1,5,0
2020-08-10,325,28,54,269,2,0,1,5,0
2020-08-11,331,29,55,274,2,0,1,5,0
2020-08-12,337,29,56,279,2,0,1,5,0
2020-08-13,342,29,56,284,2,0,1,5,0
2020-08-14,348,30,57,289,2,0,1,5,0
2020-08-15,354,30,57,295,2,0,1,5,0
2020-08-16,360,30,58,300,2,0,1,5,0
2020-08-17,366,31,59,305,2,0,1,5,0
2020-08-18,371,31,59,310,2,0,1,5,0
2020-08-19,378,31,60,316,2,0,1,5,0
2020-08-20,384,32,61,321,2,0,1,5,0
2020-08-21,391,32,62,327,2,0,1,6,0
2020-08-22,396,32,62,332,2,0,1,6,0
2020-08-23,403,33,63,338,2,0,1,6,0
2020-08-24,410,33,64,344,2,0,1,6,0
2020-08-25,415,34,64,349,2,0,1,6,0
2020-08-26,423,34,65,355,3,0,1,6,0
2020-08-27,430,34,66,361,3,0,1,6,0
2020-08-28,437,35,67,367,3,0,1,6,0
2020-08-29,443,35,67,373,3,0,1,6,0
2020-08-30,450,35,68,379,3,0,1,6,0
2020-08-31,457,36,69,385,3,0,1,6,0
2020-09-01,465,36,70,392,3,0,1,6,0
2020-09-02,471,36,70,398,3,0,1,6,0
2020-09-03,478,37,71,404,3,0,1,6,0
2020-09-04,486,37,72,411,3,0,1,6,0
2020-09-05,493,38,73,417,3,0,1,7,0
2020-09-06,500,38,73,424,3,0,1,7,0
2020-09-07,508,38,74,431,3,0,1,7,0
2020-09-08,515,39,75,437,3,0,1,7,0
2020-09-09,523,39,76,444,3,0,1,7,0
2020-09-10,531,40,77,451,3,0,1,7,0
2020-09-11,538,40,77,458,3,0,1,7,0
2020-09-12,546,40,78,465,3,0,1,7,0
2020-09-13,554,41,79,472,3,0,1,7,0
2020-09-14,562,41,80,479,3,0,1,7,0
2020-09-15,570,42,81,486,3,0,1,7,0
2020-09-16,579,42,82,494,3,0,1,7,0
2020-09-17,587,42,82,501,4,0,1,7,0
2020-09-18,596,43,83,509,4,0,1,8,0
2020-09-19,604,43,84,516,4,0,1,8,0
2020-09-20,613,44,85,524,4,0,1,8,0
2020-09-21,621,44,86,531,4,0,1,8,0
2020-09-22,630,45,87,539,4,0,1,8,0
2020-09-23,638,45,87,547,4,0,1,8,0
2020-09-24,647,45,88,555,4,0,1,8,0
2020-09-25,656,46,89,563,4,0,1,8,0
2020-09-26,665,46,90,571,4,0,1,8,0
2020-09-27,674,47,91,579,4,0,1,8,0
2020-09-28,683,47,92,587,4,0,1,8,0
2020-09-29,693,48,93,596,4,0,1,8,0
2020-09-30,702,48,94,604,4,0,1,8,0
2020-10-01,712,48,95,613,4,0,1,9,0
2020-10-02,720,49,95,621,4,0,1,9,0
2020-10-03,730,49,96,630,4,0,1,9,0
2020-10-04,741,50,97,639,5,0,1,9,0
2020-10-05,750,50,98,647,5,0,1,9,0
2020-10-06,760,51,99,656,5,0,1,9,0
2020-10-07,770,51,100,665,5,0,1,9,0
2020-10-08,780,52,101,674,5,0,1,9,0
2020-10-09,790,52,102,683,5,0,1,9,0
2020-10-10,801,52,103,693,5,0,1,9,0
2020-10-11,811,53,104,702,5,0,1,9,0
2020-10-12,821,53,105,711,5,0,1,9,0
2020-10-13,832,54,106,721,5,0,1,10,0
2020-10-14,842,54,107,730,5,0,1,10,0
2020-10-15,852,55,107,740,5,0,1,10,0
2020-10-16,863,55,108,750,5,0,1,10,0
2020-10-17,874,55,109,760,5,0,1,10,0
2020-10-18,885,56,110,770,5,0,1,10,0
2020-10-19,897,56,111,780,6,0,1,10,0
2020-10-20,908,57,112,790,6,0,1,10,0
2020-10-21,919,57,113,800,6,0,1,10,0
2020-10-22,930,58,114,810,6,0,1,10,0
2020-10-23,941,58,115,820,6,0,1,10,0
2020-10-24,953,59,116,831,6,0,1,10,0
2020-10-25,964,59,117,841,6,0,1,11,0
2020-10-26,976,59,118,852,6,0,1,11,0
2020-10-27,987,60,119,862,6,0,1,11,0
2020-10-28,999,60,120,873,6,0,1,11,0
2020-10-29,1011,61,121,884,6,0,1,11,0
2020-10-30,1023,61,122,895,6,0,1,11,0
2020-10-31,1035,62,123,906,6,0,1,11,0
2020-11-01,1046,62,123,917,6,0,1,11,0
2020-11-02,1059,62,124,928,7,0,1,11,0
2020-11-03,1072,63,125,940,7,0,1,11,0
2020-11-04,1084,63,126,951,7,0,1,11,0
2020-11-05,1096,64,127,962,7,0,1,11,0
2020-11-06,1109,64,128,974,7,0,1,12,0
2020-11-07,1121,65,129,985,7,0,1,12,0
2020-11-08,1134,65,130,997,7,0,1,12,0
2020-11-09,1147,65,131,1009,7,0,1,12,0
2020-11-10,1160,66,132,1021,7,0,1,12,0
2020-11-11,1173,66,133,1033,7,0,1,12,0
2020-11-12,1186,67,134,1045,7,0,1,12,0
2020-11-13,1199,67,135,1057,7,0,1,12,0
2020-11-14,1213,67,136,1069,8,0,1,12,0
2020-11-15,1225,68,136,1081,8,0,1,12,0
2020-11-16,1239,68,137,1094,8,0,1,12,0
2020-11-17,1252,69,138,1106,8,0,1,12,0
2020-11-18,1266,69,139,1119,8,0,1,13,0
2020-11-19,1279,69,140,1131,8,0,1,13,0
2020-11-20,1293,70,141,1144,8,0,1,13,0
2020-11-21,1307,70,142,1157,8,0,1,13,0
2020-11-22,1320,71,143,1169,8,0,1,13,0
2020-11-23,1333,71,143,1182,8,0,1,13,0
2020-11-24,1347,71,144,1195,8,0,1,13,0
2020-11-25,1362,72,145,1208,9,0,1,13,0
2020-11-26,1376,72,146,1221,9,0,1,13,0
2020-11-27,1391,72,147,1235,9,0,1,13,0
2020-11-28,1405,73,148,1248,9,0,1,13,0
2020-11-29,1419,73,149,1261,9,0,1,13,0
2020-11-30,1433,73,149,1275,9,0,1,13,0
2020-12-01,1447,74,150,1288,9,0,1,14,0
2020-12-02,1462,74,151,1302,9,0,1,14,0
2020-12-03,1476,74,152,1315,9,0,1,14,0
2020-12-04,1491,75,153,1329,9,0,1,14,0
2020-12-05,1505,75,153,1343,9,0,1,14,0
2020-12-06,1521,75,154,1357,10,0,1,14,0
2020-12-07,1536,76,155,1371,10,0,1,14,0
2020-12-08,1551,76,156,1385,10,0,1,14,0
2020-12-09,1565,76,156,1399,10,0,1,14,0
2020-12-10,1580,76,157,1413,10,0,1,14,0
2020-12-11,1595,77,158,1427,10,0,1,14,0
2020-12-12,1609,77,158,1441,10,0,1,14,0
2020-12-13,1625,77,159,1456,10,0,1,14,0
2020-12-14,1640,78,160,1470,10,0,1,14,0
2020-12-15,1656,78,160,1485,11,0,1,14,0
2020-12-16,1671,78,161,1499,11,0,1,15,0
2020-12-17,1687,78,162,1514,11,0,1,15,0
2020-12-18,1701,79,162,1528,11,0,1,15,0
2020-12-19,1717,79,163,1543,11,0,1,15,0
2020-12-20,1733,79,164,1558,11,0,1,15,0
2020-12-21,1748,79,164,1573,11,0,1,15,0
2020-12-22,1763,79,165,1587,11,0,1,15,0
2020-12-23,1778,80,165,1602,11,0,1,15,0
2020-12-24,1794,80,166,1617,11,0,1,15,0
2020-12-25,1811,80,167,1632,12,0,1,15,0
2020-12-26,1826,80,167,1647,12,0,1,15,0
2020-12-27,1842,80,168,1662,12,0,1,15,0
2020-12-28,1857,80,168,1677,12,0,0,15,0
2020-12-29,1874,81,169,1693,12,0,0,15,0
2020-12-30,1889,81,169,1708,12,0,0,15,0
2020-12-31,1905,81,170,1723,12,0,0,15,0
2021-01-01,1921,81,170,1739,12,0,0,15,0
2021-01-02,1936,81,170,1754,12,0,0,15,0
2021-01-03,1953,81,171,1769,13,0,0,15,0
2021-01-04,1969,81,171,1785,13,0,0,15,0
2021-01-05,1985,82,172,1800,13,0,0,15,0
2021-01-06,2001,82,172,1816,13,0,0,16,0
2021-01-07,2016,82,172,1831,13,0,0,16,0
2021-01-08,2033,82,173,1847,13,0,0,16,0
2021-01-09,2048,82,173,1862,13,0,0,16,0
2021-01-10,2064,82,173,1878,13,0,0,16,0
2021-01-11,2081,82,174,1894,13,0,0,16,0
2021-01-12,2097,82,174,1909,14,0,0,16,0
2021-01-13,2113,82,174,1925,14,0,0,16,0
2021-01-14,2129,82,174,1941,14,0,0,16,0
2021-01-15,2146,82,175,1957,14,0,0,16,0
2021-01-16,2161,82,175,1972,14,0,0,16,0
2021-01-17,2177,82,175,1988,14,0,0,16,0
2021-01-18,2193,82,175,2004,14,0,0,16,0
2021-01-19,2209,82,175,2020,14,0,0,16,0
2021-01-20,2226,82,176,2036,14,0,0,16,0
2021-01-21,2242,82,176,2051,15,0,0,16,0
2021-01-22,2258,82,176,2067,15,0,0,16,0
2021-01-23,2274,82,176,2083,15,0,0,16,0
2021-01-24,2290,82,176,2099,15,0,0,16,0
2021-01-25,2306,82,176,2115,15,0,0,16,0
2021-01-26,2322,82,176,2131,15,0,0,16,0
2021-01-27,2338,82,176,2147,15,0,0,16,0
2021-01-28,2354,82,176,2163,15,0,0,16,0
2021-01-29,2370,82,176,2179,15,0,0,16,0
2021-01-30,2387,82,176,2195,16,0,0,16,0
2021-01-31,2402,82,176,2210,16,0,0,16,0
2021-02-01,2418,81,176,2226,16,0,0,16,0
2021-02-02,2434,81,176,2242,16,0,0,16,0
2021-02-03,2450,81,176,2258,16,0,0,16,0
2021-02-04,2466,81,176,2274,16,0,0,16,0
2021-02-05,2482,81,176,2290,16,0,0,16,0
2021-02-06,2498,81,176,2306,16,0,0,16,0
2021-02-07,2514,81,176,2322,16,0,0,16,0
2021-02-08,2530,80,175,2338,17,0,0,16,0
2021-02-09,2545,80,175,2353,17,0,0,16,0
2021-02-10,2561,80,175,2369,17,0,0,16,0
2021-02-11,2577,80,175,2385,17,0,0,16,0
2021-02-12,2593,80,175,2401,17,0,0,16,0
2021-02-13,2607,80,174,2416,17,0,0,16,0
2021-02-14,2623,79,174,2432,17,0,0,16,0
2021-02-15,2639,79,174,2448,17,0,0,16,0
2021-02-16,2655,79,174,2464,17,0,0,16,0
2021-02-17,2670,79,173,2479,18,0,0,16,0
2021-02-18,2686,78,173,2495,18,0,0,16,0
2021-02-19,2702,78,173,2511,18,0,0,16,0
2021-02-20,2716,78,172,2526,18,0,0,16,0
2021-02-21,2732,78,172,2542,18,0,0,16,0
2021-02-22,2746,78,171,2557,18,0,0,15,0
2021-02-23,2762,77,171,2573,18,0,0,15,0
2021-02-24,2777,77,171,2588,18,0,0,15,0
2021-02-25,2791,77,170,2603,18,0,0,15,0
2021-02-26,2808,76,170,2619,19,0,0,15,0
2021-02-27,2822,76,169,2634,19,0,0,15,0
2021-02-28,2837,76,169,2649,19,0,0,15,0
2021-03-01,2852,76,168,2665,19,0,0,15,0
2021-03-02,2867,75,168,2680,19,0,0,15,0
2021-03-03,2881,75,167,2695,19,0,0,15,0
2021-03-04,2896,75,167,2710,19,0,0,15,0
2021-03-05,2910,74,166,2725,19,0,0,15,0
2021-03-06,2925,74,166,2740,19,0,0,15,0
2021-03-07,2939,74,165,2755,19,0,0,15,0
2021-03-08,2955,73,165,2770,20,0,0,15,0
2021-03-09,2969,73,164,2785,20,0,0,15,0
2021-03-10,2984,73,164,2800,20,0,0,15,0
2021-03-11,2997,72,163,2814,20,0,0,15,0
2021-03-12,3011,72,162,2829,20,0,0,15,0
2021-03-13,3026,72,162,2844,20,0,0,15,0
2021-03-14,3039,71,161,2858,20,0,0,15,0
2021-03-15,3053,71,160,2873,20,0,0,14,0
2021-03-16,3067,71,160,2887,20,0,0,14,0
2021-03-17,3082,70,159,2902,21,0,0,14,0
2021-03-18,3095,70,158,2916,21,0,0,14,0
2021-03-19,3109,70,158,2930,21,0,0,14,0
2021-03-20,3122,69,157,2944,21,0,0,14,0
2021-03-21,3136,69,156,2959,21,0,0,14,0
2021-03-22,3150,68,156,2973,21,0,0,14,0
2021-03-23,3163,68,155,2987,21,0,0,14,0
2021-03-24,3176,68,154,3001,21,0,0,14,0
2021-03-25,3188,67,153,3014,21,0,0,14,0
2021-03-26,3202,67,153,3028,21,0,0,14,0
2021-03-27,3216,66,152,3042,22,0,0,14,0
2021-03-28,3229,66,151,3056,22,0,0,14,0
2021-03-29,3241,66,150,3069,22,0,0,14,0
2021-03-30,3254,65,149,3083,22,0,0,13,0
2021-03-31,3267,65,149,3096,22,0,0,13,0
2021-04-01,3280,64,148,3110,22,0,0,13,0
2021-04-02,3292,64,147,3123,22,0,0,13,0
2021-04-03,3304,64,146,3136,22,0,0,13,0
2021-04-04,3316,63,145,3149,22,0,0,13,0
2021-04-05,3330,63,145,3163,22,0,0,13,0
2021-04-06,3342,62,144,3176,22,0,0,13,0
2021-04-07,3355,62,143,3189,23,0,0,13,0
2021-04-08,3366,62,142,3201,23,0,0,13,0
2021-04-09,3378,61,141,3214,23,0,0,13,0
2021-04-10,3390,61,140,3227,23,0,0,13,0
2021-04-11,3402,60,139,3240,23,0,0,13,0
2021-04-12,3414,60,139,3252,23,0,0,13,0
2021-04-13,3426,59,138,3265,23,0,0,12,0
2021-04-14,3437,59,137,3277,23,0,0,12,0
2021-04-15,3448,59,136,3289,23,0,0,12,0
2021-04-16,3460,58,135,3302,23,0,0,12,0
2021-04-17,3471,58,134,3314,23,0,0,12,0
2021-04-18,3483,57,133,3326,24,0,0,12,0
2021-04-19,3494,57,132,3338,24,0,0,12,0
2021-04-20,3505,56,131,3350,24,0,0,12,0
2021-04-21,3517,56,131,3362,24,0,0,12,0
2021-04-22,3527,56,130,3373,24,0,0,12,0
2021-04-23,3538,55,129,3385,24,0,0,12,0
2021-04-24,3549,55,128,3397,24,0,0,12,0
2021-04-25,3559,54,127,3408,24,0,0,11,0
2021-04-26,3569,54,126,3419,24,0,0,11,0
2021-04-27,3580,53,125,3431,24,0,0,11,0
2021-04-28,3590,53,124,3442,24,0,0,11,0
2021-04-29,3600,52,123,3453,24,0,0,11,0
2021-04-30,3611,52,122,3464,25,0,0,11,0
2021-05-01,3621,52,121,3475,25,0,0,11,0
2021-05-02,3632,51,121,3486,25,0,0,11,0
2021-05-03,3642,51,120,3497,25,0,0,11,0
2021-05-04,3652,50,119,3508,25,0,0,11,0
2021-05-05,3662,50,118,3519,25,0,0,11,0
2021-05-06,3671,49,117,3529,25,0,0,11,0
2021-05-07,3681,49,116,3540,25,0,0,10,0
2021-05-08,3690,49,115,3550,25,0,0,10,0
2021-05-09,3700,48,114,3561,25,0,0,10,0
2021-05-10,3709,48,113,3571,25,0,0,10,0
2021-05-11,3718,47,112,3581,25,0,0,10,0
2021-05-12,3727,47,111,3591,25,0,0,10,0
2021-05-13,3736,47,110,3601,25,0,0,10,0
2021-05-14,3747,46,110,3611,26,0,0,10,0
2021-05-15,3756,46,109,3621,26,0,0,10,0
2021-05-16,3765,45,108,3631,26,0,0,10,0
2021-05-17,3773,45,107,3640,26,0,0,10,0
2021-05-18,3782,44,106,3650,26,0,0,10,0
2021-05-19,3791,44,105,3660,26,0,0,9,0
2021-05-20,3799,44,104,3669,26,0,0,9,0
2021-05-21,3807,43,103,3678,26,0,0,9,0
2021-05-22,3816,43,102,3688,26,0,0,9,0
2021-05-23,3824,42,101,3697,26,0,0,9,0
2021-05-24,3832,42,100,3706,26,0,0,9,0
2021-05-25,3841,42,100,3715,26,0,0,9,0
2021-05-26,3849,41,99,3724,26,0,0,9,0
2021-05-27,3857,41,98,3733,26,0,0,9,0
2021-05-28,3865,40,97,3742,26,0,0,9,0
2021-05-29,3873,40,96,3750,27,0,0,9,0
2021-05-30,3881,40,95,3759,27,0,0,9,0
2021-05-31,3889,39,94,3768,27,0,0,9,0
2021-06-01,3896,39,93,3776,27,0,0,8,0
2021-06-02,3904,39,93,3784,27,0,0,8,0
2021-06-03,3912,38,92,3793,27,0,0,8,0
2021-06-04,3919,38,91,3801,27,0,0,8,0
2021-06-05,3926,37,90,3809,27,0,0,8,0
2021-06-06,3933,37,89,3817,27,0,0,8,0
2021-06-07,3940,37,88,3825,27,0,0,8,0
2021-06-08,3947,36,87,3833,27,0,0,8,0
2021-06-09,3955,36,87,3841,27,0,0,8,0
2021-06-10,3962,36,86,3849,27,0,0,8,0
2021-06-11,3969,35,85,3857,27,0,0,8,0
2021-06-12,3975,35,84,3864,27,0,0,8,0
2021-06-13,3982,34,83,3872,27,0,0,8,0
2021-06-14,3989,34,83,3879,27,0,0,7,0
2021-06-15,3996,34,82,3887,27,0,0,7,0
2021-06-16,4003,33,81,3894,28,0,0,7,0
2021-06-17,4009,33,80,3901,28,0,0,7,0
2021-06-18,4016,33,79,3909,28,0,0,7,0
2021-06-19,4023,32,79,3916,28,0,0,7,0
2021-06-20,4029,32,78,3923,28,0,0,7,0
2021-06-21,4035,32,77,3930,28,0,0,7,0
2021-06-22,4041,31,76,3937,28,0,0,7,0
2021-06-23,4047,31,75,3944,28,0,0,7,0
2021-06-24,4053,31,75,3950,28,0,0,7,0
2021-06-25,4059,30,74,3957,28,0,0,7,0
2021-06-26,4065,30,73,3964,28,0,0,7,0
2021-06-27,4070,30,72,3970,28,0,0,7,0
2021-06-28,4077,29,72,3977,28,0,0,6,0
2021-06-29,4082,29,71,3983,28,0,0,6,0
2021-06-30,4088,29,70,3990,28,0,0,6,0
2021-07-01,4093,28,69,3996,28,0,0,6,0
2021-07-02,4099,28,69,4002,28,0,0,6,0
2021-07-03,4104,28,68,4008,28,0,0,6,0
2021-07-04,4109,28,67,4014,28,0,0,6,0
2021-07-05,4115,27,67,4020,28,0,0,6,0
2021-07-06,4120,27,66,4026,28,0,0,6,0
2021-07-07,4126,27,65,4032,29,0,0,6,0
