Date,Infected,Exposed,Active,Recovered,Deaths,Diff Exposed,Diff Active,Diff Recovered,Diff Deaths
2020-07-05,390,0,93,296,1,12,0,8,0
2020-07-06,391,11,86,304,1,9,0,8,0
2020-07-07,394,18,81,312,1,7,0,7,0
2020-07-08,398,24,78,319,1,5,0,7,0
2020-07-09,403,29,76,326,1,4,0,7,0
2020-07-10,409,32,75,333,1,3,0,7,0
2020-07-11,416,35,75,340,1,2,0,7,0
2020-07-12,422,38,75,346,1,2,1,7,0
2020-07-13,430,39,76,353,1,2,1,7,0
2020-07-14,438,41,77,360,1,2,1,7,0
2020-07-15,446,43,78,367,1,1,1,7,0
2020-07-16,454,44,79,374,1,1,1,7,0
2020-07-17,462,45,80,381,1,1,2,7,0
2020-07-18,472,46,82,389,1,1,2,7,0
2020-07-19,481,47,84,396,1,1,2,8,0
2020-07-20,490,49,85,404,1,1,2,8,0
2020-07-21,500,50,87,412,1,1,2,8,0
2020-07-22,510,51,89,420,1,1,2,8,0
2020-07-23,520,52,91,428,1,1,2,8,0
2020-07-24,530,53,93,436,1,1,2,8,0
2020-07-25,540,54,95,444,1,1,2,9,0
2020-07-26,551,55,97,453,1,1,2,9,0
2020-07-27,562,56,99,462,1,1,2,9,0
2020-07-28,573,58,101,471,1,1,2,9,0
2020-07-29,584,59,103,480,1,1,2,9,0
2020-07-30,597,60,105,490,2,1,2,10,0
2020-07-31,608,61,107,499,2,1,2,10,0
2020-08-01,621,62,110,509,2,1,2,10,0
2020-08-02,633,64,112,519,2,1,2,10,0
2020-08-03,645,65,114,529,2,1,2,10,0
2020-08-04,659,66,117,540,2,1,2,11,0
2020-08-05,671,68,119,550,2,1,2,11,0
2020-08-06,684,69,121,561,2,1,2,11,0
2020-08-07,698,70,124,572,2,1,2,11,0
2020-08-08,712,72,126,584,2,1,3,11,0
2020-08-09,726,73,129,595,2,1,3,12,0
2020-08-10,741,74,132,607,2,1,3,12,0
2020-08-11,755,76,134,619,2,1,3,12,0
2020-08-12,770,77,137,631,2,1,3,12,0
2020-08-13,786,79,140,644,2,1,3,13,0
2020-08-14,801,80,142,657,2,1,3,13,0
2020-08-15,817,82,145,670,2,1,3,13,0
2020-08-16,833,83,148,683,2,2,3,13,0
2020-08-17,849,85,151,696,2,2,3,14,0
2020-08-18,866,86,154,710,2,2,3,14,0
2020-08-19,883,88,157,724,2,2,3,14,0
2020-08-20,900,89,160,738,2,2,3,14,0
2020-08-21,917,91,162,753,2,2,3,15,0
2020-08-22,936,92,166,768,2,2,3,15,0
2020-08-23,954,94,169,783,2,2,3,15,0
2020-08-24,972,95,172,798,2,2,3,16,0
2020-08-25,991,97,175,814,2,2,3,16,0
2020-08-26,1011,99,178,830,3,2,3,16,0
2020-08-27,1030,100,181,846,3,2,3,16,0
2020-08-28,1050,102,184,863,3,2,3,17,0
2020-08-29,1070,104,188,879,3,2,3,17,0
2020-08-30,1091,105,191,897,3,2,3,17,0
2020-08-31,1111,107,194,914,3,2,3,18,0
2020-09-01,1133,109,198,932,3,2,3,18,0
2020-09-02,1154,110,201,950,3,2,3,18,0
2020-09-03,1175,112,204,968,3,2,3,19,0
2020-09-04,1198,114,208,987,3,2,3,19,0
2020-09-05,1220,116,211,1006,3,2,3,19,0
2020-09-06,1243,117,215,1025,3,2,3,19,0
2020-09-07,1265,119,218,1044,3,2,4,20,0
2020-09-08,1289,121,222,1064,3,2,4,20,0
2020-09-09,1313,122,225,1085,3,2,4,20,0
2020-09-10,1337,124,229,1105,3,2,4,21,0
2020-09-11,1361,126,232,1126,3,2,4,21,0
2020-09-12,1387,128,236,1147,4,2,4,21,0
2020-09-13,1412,129,239,1169,4,2,4,22,0
2020-09-14,1437,131,243,1190,4,2,4,22,0
2020-09-15,1464,133,247,1213,4,2,4,22,0
2020-09-16,1489,134,250,1235,4,2,4,23,0
2020-09-17,1516,136,254,1258,4,2,4,23,0
2020-09-18,1542,138,257,1281,4,2,4,23,0
2020-09-19,1569,139,261,1304,4,2,4,24,0
2020-09-20,1597,141,265,1328,4,2,4,24,0
2020-09-21,1624,143,268,1352,4,2,4,24,0
2020-09-22,1653,144,272,1377,4,2,4,25,0
2020-09-23,1682,146,276,1402,4,2,4,25,0
2020-09-24,1710,148,279,1427,4,2,4,25,0
2020-09-25,1739,149,283,1452,4,2,4,26,0
2020-09-26,1769,151,286,1478,5,2,4,26,0
2020-09-27,1799,152,290,1504,5,2,4,26,0
2020-09-28,1828,154,293,1530,5,2,4,27,0
2020-09-29,1859,155,297,1557,5,1,3,27,0
2020-09-30,1889,157,300,1584,5,1,3,27,0
2020-10-01,1920,158,304,1611,5,1,3,28,0
2020-10-02,1951,160,307,1639,5,1,3,28,0
2020-10-03,1982,161,310,1667,5,1,3,28,0
2020-10-04,2014,162,314,1695,5,1,3,28,0
2020-10-05,2046,164,317,1724,5,1,3,29,0
2020-10-06,2078,165,320,1753,5,1,3,29,0
2020-10-07,2111,166,324,1782,5,1,3,29,0
2020-10-08,2144,168,327,1811,6,1,3,30,0
2020-10-09,2177,169,330,1841,6,1,3,30,0
2020-10-10,2210,170,333,1871,6,1,3,30,0
2020-10-11,2243,171,336,1901,6,1,3,30,0
2020-10-12,2277,172,339,1932,6,1,3,31,0
2020-10-13,2311,173,342,1963,6,1,3,31,0
2020-10-14,2345,174,345,1994,6,1,3,31,0
2020-10-15,2378,175,347,2025,6,1,3,31,0
2020-10-16,2413,176,350,2057,6,1,3,32,0
2020-10-17,2447,177,353,2088,6,1,3,32,0
2020-10-18,2481,178,355,2120,6,1,3,32,0
2020-10-19,2518,178,358,2153,7,1,2,32,0
2020-10-20,2552,179,360,2185,7,1,2,33,0
2020-10-21,2588,180,363,2218,7,1,2,33,0
2020-10-22,2623,180,365,2251,7,1,2,33,0
2020-10-23,2658,181,367,2284,7,1,2,33,0
2020-10-24,2693,181,369,2317,7,0,2,33,0
2020-10-25,2729,182,371,2351,7,0,2,34,0
2020-10-26,2765,182,373,2385,7,0,2,34,0
2020-10-27,2800,183,375,2418,7,0,2,34,0
2020-10-28,2837,183,377,2452,8,0,2,34,0
2020-10-29,2873,183,378,2487,8,0,2,34,0
2020-10-30,2909,184,380,2521,8,0,1,34,0
2020-10-31,2944,184,381,2555,8,0,1,35,0
2020-11-01,2980,184,382,2590,8,0,1,35,0
2020-11-02,3017,184,384,2625,8,0,1,35,0
2020-11-03,3053,184,385,2660,8,0,1,35,0
2020-11-04,3088,184,386,2694,8,0,1,35,0
2020-11-05,3124,184,387,2729,8,0,1,35,0
2020-11-06,3161,184,388,2765,8,0,1,35,0
2020-11-07,3197,183,388,2800,9,0,1,35,0
2020-11-08,3233,183,389,2835,9,0,1,35,0
2020-11-09,3268,183,389,2870,9,0,0,35,0
2020-11-10,3304,182,390,2905,9,0,0,35,0
2020-11-11,3340,182,390,2941,9,0,0,35,0
2020-11-12,3375,181,390,2976,9,0,0,35,0
2020-11-13,3411,181,390,3012,9,0,0,35,0
2020-11-14,3446,180,390,3047,9,0,0,35,0
2020-11-15,3481,180,390,3082,9,0,0,35,0
2020-11-16,3518,179,390,3118,10,0,0,35,0
2020-11-17,3552,178,389,3153,10,0,0,35,0
2020-11-18,3587,178,389,3188,10,0,0,35,0
2020-11-19,3621,177,388,3223,10,0,0,35,0
2020-11-20,3657,176,388,3259,10,0,0,35,0
2020-11-21,3691,175,387,3294,10,0,0,35,0
2020-11-22,3725,174,386,3329,10,0,0,35,0
2020-11-23,3759,173,385,3364,10,0,0,35,0
2020-11-24,3793,172,384,3399,10,0,0,35,0
2020-11-25,3827,171,383,3433,11,0,0,35,0
2020-11-26,3861,170,382,3468,11,0,0,35,0
2020-11-27,3894,169,380,3503,11,0,0,34,0
2020-11-28,3927,168,379,3537,11,0,0,34,0
2020-11-29,3959,167,377,3571,11,0,0,34,0
2020-11-30,3991,165,375,3605,11,0,0,34,0
2020-12-01,4024,164,374,3639,11,0,0,34,0
2020-12-02,4056,163,372,3673,11,0,0,34,0
2020-12-03,4088,161,370,3707,11,0,0,34,0
2020-12-04,4119,160,368,3740,11,0,0,33,0
2020-12-05,4152,159,366,3774,12,0,0,33,0
2020-12-06,4183,157,364,3807,12,0,0,33,0
2020-12-07,4213,156,361,3840,12,0,0,33,0
2020-12-08,4243,154,359,3872,12,0,0,33,0
2020-12-09,4274,153,357,3905,12,0,0,32,0
2020-12-10,4303,152,354,3937,12,0,0,32,0
2020-12-11,4333,150,352,3969,12,0,0,32,0
2020-12-12,4362,148,349,4001,12,0,0,32,0
2020-12-13,4391,147,347,4032,12,0,0,31,0
2020-12-14,4420,145,344,4064,12,0,0,31,0
2020-12-15,4449,144,341,4095,13,0,0,31,0
2020-12-16,4477,142,338,4126,13,0,0,31,0
2020-12-17,4504,141,335,4156,13,0,0,30,0
2020-12-18,4531,139,332,4186,13,0,0,30,0
2020-12-19,4558,137,329,4216,13,0,0,30,0
2020-12-20,4585,136,326,4246,13,0,0,30,0
2020-12-21,4612,134,323,4276,13,0,0,29,0
2020-12-22,4638,132,320,4305,13,0,0,29,0
2020-12-23,4664,131,317,4334,13,0,0,29,0
2020-12-24,4689,129,314,4362,13,0,0,28,0
2020-12-25,4715,128,311,4391,13,0,0,28,0
2020-12-26,4740,126,307,4419,14,0,0,28,0
2020-12-27,4765,124,304,4447,14,0,0,28,0
2020-12-28,4789,123,301,4474,14,0,0,27,0
2020-12-29,4812,121,297,4501,14,0,0,27,0
2020-12-30,4836,119,294,4528,14,0,0,27,0
2020-12-31,4860,118,291,4555,14,0,0,26,0
2021-01-01,4882,116,287,4581,14,0,0,26,0
2021-01-02,4905,114,284,4607,14,0,0,26,0
2021-01-03,4927,113,281,4632,14,0,0,25,0
2021-01-04,4949,111,277,4658,14,0,0,25,0
2021-01-05,4971,109,274,4683,14,0,0,25,0
2021-01-06,4991,108,270,4707,14,0,0,24,0
2021-01-07,5013,106,267,4732,14,0,0,24,0
2021-01-08,5034,105,263,4756,15,0,0,24,0
2021-01-09,5055,103,260,4780,15,0,0,24,0
2021-01-10,5074,101,256,4803,15,0,0,23,0
2021-01-11,5094,100,253,4826,15,0,0,23,0
2021-01-12,5114,98,250,4849,15,0,0,23,0
2021-01-13,5132,97,246,4871,15,0,0,22,0
2021-01-14,5152,95,243,4894,15,0,0,22,0
2021-01-15,5170,94,239,4916,15,0,0,22,0
2021-01-16,5188,92,236,4937,15,0,0,21,0
2021-01-17,5206,91,233,4958,15,0,0,21,0
2021-01-18,5223,89,229,4979,15,0,0,21,0
2021-01-19,5241,88,226,5000,15,0,0,20,0
2021-01-20,5257,86,222,5020,15,0,0,20,0
2021-01-21,5274,85,219,5040,15,0,0,20,0
2021-01-22,5292,83,216,5060,16,0,0,20,0
2021-01-23,5309,82,213,5080,16,0,0,19,0
2021-01-24,5324,80,209,5099,16,0,0,19,0
2021-01-25,5340,79,206,5118,16,0,0,19,0
2021-01-26,5355,78,203,5136,16,0,0,18,0
2021-01-27,5370,76,200,5154,16,0,0,18,0
2021-01-28,5384,75,196,5172,16,0,0,18,0
2021-01-29,5399,74,193,5190,16,0,0,18,0
2021-01-30,5414,72,190,5208,16,0,0,17,0
2021-01-31,5428,71,187,5225,16,0,0,17,0
2021-02-01,5441,70,184,5241,16,0,0,17,0
2021-02-02,5455,69,181,5258,16,0,0,16,0
2021-02-03,5468,67,178,5274,16,0,0,16,0
2021-02-04,5481,66,175,5290,16,0,0,16,0
2021-02-05,5494,65,172,5306,16,0,0,16,0
2021-02-06,5507,64,169,5322,16,0,0,15,0
2021-02-07,5519,62,166,5337,16,0,0,15,0
2021-02-08,5531,61,163,5352,16,0,0,15,0
2021-02-09,5544,60,161,5367,16,0,0,15,0
2021-02-10,5555,59,158,5381,16,0,0,14,0
2021-02-11,5567,58,155,5395,17,0,0,14,0
2021-02-12,5578,57,152,5409,17,0,0,14,0
2021-02-13,5590,56,150,5423,17,0,0,14,0
2021-02-14,5600,55,147,5436,17,0,0,13,0
2021-02-15,5611,54,144,5450,17,0,0,13,0
2021-02-16,5622,53,142,5463,17,0,0,13,0
2021-02-17,5631,52,139,5475,17,0,0,13,0
2021-02-18,5642,51,137,5488,17,0,0,12,0
2021-02-19,5651,50,134,5500,17,0,0,12,0
2021-02-20,5661,49,132,5512,17,0,0,12,0
2021-02-21,5670,48,129,5524,17,0,0,12,0
2021-02-22,5680,47,127,5536,17,0,0,12,0
2021-02-23,5689,46,125,5547,17,0,0,11,0
2021-02-24,5697,45,122,5558,17,0,0,11,0
2021-02-25,5706,44,120,5569,17,0,0,11,0
2021-02-26,5715,43,118,5580,17,0,0,11,0
2021-02-27,5724,42,116,5591,17,0,0,10,0
2021-02-28,5731,42,113,5601,17,0,0,10,0
2021-03-01,5739,41,111,5611,17,0,0,10,0
2021-03-02,5747,40,109,5621,17,0,0,10,0
2021-03-03,5755,39,107,5631,17,0,0,10,0
2021-03-04,5763,38,105,5641,17,0,0,10,0
2021-03-05,5770,38,103,5650,17,0,0,9,0
2021-03-06,5778,37,101,5660,17,0,0,9,0
2021-03-07,5785,36,99,5669,17,0,0,9,0
2021-03-08,5792,35,97,5678,17,0,0,9,0
2021-03-09,5798,35,95,5686,17,0,0,9,0
2021-03-10,5805,34,93,5695,17,0,0,8,0
2021-03-11,5811,33,91,5703,17,0,0,8,0
2021-03-12,5819,32,90,5711,18,0,0,8,0
2021-03-13,5826,32,88,5720,18,0,0,8,0
2021-03-14,5831,31,86,5727,18,0,0,8,0
2021-03-15,5837,31,84,5735,18,0,0,8,0
2021-03-16,5844,30,83,5743,18,0,0,8,0
2021-03-17,5849,29,81,5750,18,0,0,7,0
2021-03-18,5855,29,79,5758,18,0,0,7,0
2021-03-19,5861,28,78,5765,18,0,0,7,0
2021-03-20,5866,28,76,5772,18,0,0,7,0
2021-03-21,5872,27,75,5779,18,0,0,7,0
2021-03-22,5876,26,73,5785,18,0,0,7,0
2021-03-23,5882,26,72,5792,18,0,0,7,0
2021-03-24,5886,25,70,5798,18,0,0,6,0
2021-03-25,5892,25,69,5805,18,0,0,6,0
2021-03-26,5897,24,68,5811,18,0,0,6,0
2021-03-27,5901,24,66,5817,18,0,0,6,0
2021-03-28,5906,23,65,5823,18,0,0,6,0
2021-03-29,5910,23,63,5829,18,0,0,6,0
2021-03-30,5914,22,62,5834,18,0,0,6,0
2021-03-31,5919,22,61,5840,18,0,0,6,0
2021-04-01,5923,21,60,5845,18,0,0,5,0
2021-04-02,5927,21,58,5851,18,0,0,5,0
2021-04-03,5931,20,57,5856,18,0,0,5,0
2021-04-04,5935,20,56,5861,18,0,0,5,0
2021-04-05,5939,20,55,5866,18,0,0,5,0
2021-04-06,5943,19,54,5871,18,0,0,5,0
2021-04-07,5947,19,53,5876,18,0,0,5,0
2021-04-08,5950,18,51,5881,18,0,0,5,0
2021-04-09,5953,18,50,5885,18,0,0,5,0
2021-04-10,5957,18,49,5890,18,0,0,4,0
2021-04-11,5960,17,48,5894,18,0,0,4,0
2021-04-12,5964,17,47,5899,18,0,0,4,0
2021-04-13,5967,16,46,5903,18,0,0,4,0
2021-04-14,5970,16,45,5907,18,0,0,4,0
2021-04-15,5973,16,44,5911,18,0,0,4,0
2021-04-16,5976,15,43,5915,18,0,0,4,0
2021-04-17,5980,15,43,5919,18,0,0,4,0
2021-04-18,5983,15,42,5923,18,0,0,4,0
2021-04-19,5986,14,41,5927,18,0,0,4,0
2021-04-20,5988,14,40,5930,18,0,0,4,0
2021-04-21,5991,14,39,5934,18,0,0,4,0
2021-04-22,5993,14,38,5937,18,0,0,3,0
2021-04-23,5996,13,37,5941,18,0,0,3,0
2021-04-24,5999,13,37,5944,18,0,0,3,0
2021-04-25,6002,13,36,5948,18,0,0,3,0
2021-04-26,6004,12,35,5951,18,0,0,3,0
2021-04-27,6006,12,34,5954,18,0,0,3,0
2021-04-28,6009,12,34,5957,18,0,0,3,0
2021-04-29,6011,12,33,5960,18,0,0,3,0
2021-04-30,6013,11,32,5963,18,0,0,3,0
2021-05-01,6015,11,31,5966,18,0,0,3,0
2021-05-02,6018,11,31,5969,18,0,0,3,0
2021-05-03,6019,11,30,5971,18,0,0,3,0
2021-05-04,6021,10,29,5974,18,0,0,3,0
2021-05-05,6024,10,29,5977,18,0,0,3,0
2021-05-06,6025,10,28,5979,18,0,0,3,0
2021-05-07,6028,10,28,5982,18,0,0,3,0
2021-05-08,6029,10,27,5984,18,0,0,2,0
2021-05-09,6031,9,26,5987,18,0,0,2,0
2021-05-10,6033,9,26,5989,18,0,0,2,0
2021-05-11,6035,9,25,5992,18,0,0,2,0
2021-05-12,6037,9,25,5994,18,0,0,2,0
2021-05-13,6038,9,24,5996,18,0,0,2,0
2021-05-14,6040,8,24,5998,18,0,0,2,0
2021-05-15,6041,8,23,6000,18,0,0,2,0
2021-05-16,6043,8,23,6002,18,0,0,2,0
2021-05-17,6044,8,22,6004,18,0,0,2,0
2021-05-18,6046,8,22,6006,18,0,0,2,0
2021-05-19,6047,7,21,6008,18,0,0,2,0
2021-05-20,6049,7,21,6010,18,0,0,2,0
2021-05-21,6050,7,20,6012,18,0,0,2,0
2021-05-22,6052,7,20,6014,18,0,0,2,0
2021-05-23,6053,7,19,6016,18,0,0,2,0
2021-05-24,6055,7,19,6018,18,0,0,2,0
2021-05-25,6056,7,19,6019,18,0,0,2,0
2021-05-26,6057,6,18,6021,18,0,0,2,0
2021-05-27,6059,6,18,6023,18,0,0,2,0
2021-05-28,6059,6,17,6024,18,0,0,2,0
2021-05-29,6061,6,17,6026,18,0,0,2,0
2021-05-30,6062,6,17,6027,18,0,0,2,0
2021-05-31,6063,6,16,6029,18,0,0,1,0
2021-06-01,6064,6,16,6030,18,0,0,1,0
2021-06-02,6066,5,16,6032,18,0,0,1,0
2021-06-03,6066,5,15,6033,18,0,0,1,0
2021-06-04,6067,5,15,6034,18,0,0,1,0
2021-06-05,6069,5,15,6036,18,0,0,1,0
2021-06-06,6070,5,14,6037,19,0,0,1,0
2021-06-07,6071,5,14,6038,19,0,0,1,0
2021-06-08,6073,5,14,6040,19,0,0,1,0
2021-06-09,6073,5,13,6041,19,0,0,1,0
2021-06-10,6074,5,13,6042,19,0,0,1,0
2021-06-11,6075,4,13,6043,19,0,0,1,0
2021-06-12,6076,4,13,6044,19,0,0,1,0
2021-06-13,6077,4,12,6046,19,0,0,1,0
2021-06-14,6078,4,12,6047,19,0,0,1,0
2021-06-15,6079,4,12,6048,19,0,0,1,0
2021-06-16,6079,4,11,6049,19,0,0,1,0
2021-06-17,6080,4,11,6050,19,0,0,1,0
2021-06-18,6081,4,11,6051,19,0,0,1,0
2021-06-19,6082,4,11,6052,19,0,0,1,0
2021-06-20,6082,4,10,6053,19,0,0,1,0
2021-06-21,6083,4,10,6054,19,0,0,1,0
2021-06-22,6084,4,10,6055,19,0,0,1,0
2021-06-23,6085,3,10,6056,19,0,0,1,0
2021-06-24,6085,3,10,6056,19,0,0,1,0
2021-06-25,6085,3,9,6057,19,0,0,1,0
2021-06-26,6086,3,9,6058,19,0,0,1,0
2021-06-27,6087,3,9,6059,19,0,0,1,0
2021-06-28,6088,3,9,6060,19,0,0,1,0
2021-06-29,6089,3,9,6061,19,0,0,1,0
2021-06-30,6088,3,8,6061,19,0,0,1,0
