Date,Infected,Exposed,Active,Recovered,Deaths,Diff Exposed,Diff Active,Diff Recovered,Diff Deaths
2020-07-07,870,114,195,668,7,0,5,18,0
2020-07-08,891,113,199,685,7,0,4,18,0
2020-07-09,914,112,203,703,8,0,4,18,0
2020-07-10,937,112,207,722,8,0,3,19,0
2020-07-11,959,112,210,741,8,0,3,19,0
2020-07-12,979,112,212,759,8,1,3,19,0
2020-07-13,1002,113,215,779,8,1,3,19,0
2020-07-14,1025,114,218,798,9,1,3,20,0
2020-07-15,1047,115,220,818,9,1,2,20,0
2020-07-16,1070,116,223,838,9,1,2,20,0
2020-07-17,1092,116,225,858,9,1,2,20,0
2020-07-18,1115,117,227,878,10,1,2,20,0
2020-07-19,1139,119,230,899,10,1,2,21,0
2020-07-20,1161,120,232,919,10,1,2,21,0
2020-07-21,1184,121,234,940,10,1,2,21,0
2020-07-22,1208,122,237,961,10,1,2,21,0
2020-07-23,1233,123,239,983,11,1,2,22,0
2020-07-24,1257,124,242,1004,11,1,2,22,0
2020-07-25,1281,125,244,1026,11,1,2,22,0
2020-07-26,1305,126,246,1048,11,1,2,22,0
2020-07-27,1331,127,249,1070,12,1,2,22,0
2020-07-28,1356,128,251,1093,12,1,2,23,0
2020-07-29,1381,130,253,1116,12,1,2,23,0
2020-07-30,1406,131,256,1138,12,1,2,23,0
2020-07-31,1433,132,258,1162,13,1,2,23,0
2020-08-01,1459,133,261,1185,13,1,2,23,0
2020-08-02,1484,134,263,1208,13,1,2,24,0
2020-08-03,1510,135,265,1232,13,1,2,24,0
2020-08-04,1538,136,268,1256,14,1,2,24,0
2020-08-05,1564,138,270,1280,14,1,2,24,0
2020-08-06,1592,139,273,1305,14,1,2,25,0
2020-08-07,1618,140,275,1329,14,1,2,25,0
2020-08-08,1646,141,277,1354,15,1,2,25,0
2020-08-09,1674,142,280,1379,15,1,2,25,0
2020-08-10,1701,143,282,1404,15,1,2,25,0
2020-08-11,1731,144,285,1430,16,1,2,26,0
2020-08-12,1758,146,287,1455,16,1,2,26,0
2020-08-13,1787,147,290,1481,16,1,2,26,0
2020-08-14,1815,148,292,1507,16,1,2,26,0
2020-08-15,1845,149,294,1534,17,1,2,26,0
2020-08-16,1874,150,297,1560,17,1,2,27,0
2020-08-17,1903,151,299,1587,17,1,2,27,0
2020-08-18,1934,152,302,1614,18,1,2,27,0
2020-08-19,1963,153,304,1641,18,1,2,27,0
2020-08-20,1994,155,307,1669,18,1,2,28,0
2020-08-21,2023,156,309,1696,18,1,2,28,0
2020-08-22,2054,157,311,1724,19,1,2,28,0
2020-08-23,2085,158,314,1752,19,1,2,28,0
2020-08-24,2116,159,316,1781,19,1,2,28,0
2020-08-25,2148,160,319,1809,20,1,2,29,0
2020-08-26,2179,161,321,1838,20,1,2,29,0
2020-08-27,2211,162,324,1867,20,1,2,29,0
2020-08-28,2243,163,326,1896,21,1,2,29,0
2020-08-29,2274,164,328,1925,21,1,2,30,0
2020-08-30,2307,165,331,1955,21,1,2,30,0
2020-08-31,2340,166,333,1985,22,1,2,30,0
2020-09-01,2372,167,335,2015,22,1,2,30,0
2020-09-02,2405,169,338,2045,22,1,2,30,0
2020-09-03,2439,170,340,2076,23,1,2,31,0
2020-09-04,2471,171,342,2106,23,1,2,31,0
2020-09-05,2505,172,345,2137,23,1,2,31,0
2020-09-06,2539,173,347,2168,24,1,2,31,0
2020-09-07,2572,174,349,2199,24,1,2,31,0
2020-09-08,2607,175,352,2231,24,1,2,32,0
2020-09-09,2642,176,354,2263,25,1,2,32,0
2020-09-10,2676,176,356,2295,25,1,2,32,0
2020-09-11,2710,177,358,2327,25,1,2,32,0
2020-09-12,2746,178,361,2359,26,1,2,32,0
2020-09-13,2780,179,363,2391,26,1,2,33,0
2020-09-14,2815,180,365,2424,26,1,2,33,0
2020-09-15,2851,181,367,2457,27,1,2,33,0
2020-09-16,2886,182,369,2490,27,1,2,33,0
2020-09-17,2921,183,371,2523,27,1,2,33,0
2020-09-18,2958,184,373,2557,28,1,2,34,0
2020-09-19,2995,185,376,2591,28,1,2,34,0
2020-09-20,3031,185,378,2624,29,1,2,34,0
2020-09-21,3067,186,380,2658,29,1,2,34,0
2020-09-22,3104,187,382,2693,29,1,2,34,0
2020-09-23,3141,188,384,2727,30,1,2,34,0
2020-09-24,3178,189,386,2762,30,1,2,35,0
2020-09-25,3214,189,388,2796,30,1,2,35,0
2020-09-26,3251,190,389,2831,31,1,2,35,0
2020-09-27,3288,191,391,2866,31,1,2,35,0
2020-09-28,3327,192,393,2902,32,1,2,35,0
2020-09-29,3364,192,395,2937,32,1,2,36,0
2020-09-30,3402,193,397,2973,32,1,2,36,0
2020-10-01,3440,194,399,3008,33,1,2,36,0
2020-10-02,3477,194,400,3044,33,1,2,36,0
2020-10-03,3516,195,402,3080,34,1,2,36,0
2020-10-04,3554,196,404,3116,34,1,2,36,0
2020-10-05,3592,196,405,3153,34,1,2,36,0
2020-10-06,3631,197,407,3189,35,1,2,37,0
2020-10-07,3670,198,409,3226,35,1,2,37,0
2020-10-08,3709,198,410,3263,36,1,2,37,0
2020-10-09,3748,199,412,3300,36,1,2,37,0
2020-10-10,3786,199,413,3337,36,1,1,37,0
2020-10-11,3826,200,415,3374,37,0,1,37,0
2020-10-12,3864,200,416,3411,37,0,1,37,0
2020-10-13,3905,201,418,3449,38,0,1,38,0
2020-10-14,3943,201,419,3486,38,0,1,38,0
2020-10-15,3982,201,420,3524,38,0,1,38,0
2020-10-16,4023,202,422,3562,39,0,1,38,0
2020-10-17,4062,202,423,3600,39,0,1,38,0
2020-10-18,4102,203,424,3638,40,0,1,38,0
2020-10-19,4141,203,425,3676,40,0,1,38,0
2020-10-20,4181,203,426,3715,40,0,1,38,0
2020-10-21,4221,204,427,3753,41,0,1,38,0
2020-10-22,4260,204,428,3791,41,0,1,39,0
2020-10-23,4301,204,429,3830,42,0,1,39,0
2020-10-24,4341,204,430,3869,42,0,1,39,0
2020-10-25,4381,205,431,3907,43,0,1,39,0
2020-10-26,4421,205,432,3946,43,0,1,39,0
2020-10-27,4461,205,433,3985,43,0,1,39,0
2020-10-28,4502,205,434,4024,44,0,1,39,0
2020-10-29,4542,205,435,4063,44,0,1,39,0
2020-10-30,4582,205,435,4102,45,0,1,39,0
2020-10-31,4622,206,436,4141,45,0,1,39,0
2020-11-01,4664,206,437,4181,46,0,1,39,0
2020-11-02,4703,206,437,4220,46,0,1,39,0
2020-11-03,4743,206,438,4259,46,0,1,39,0
2020-11-04,4784,206,438,4299,47,0,0,39,0
2020-11-05,4824,206,439,4338,47,0,0,39,0
2020-11-06,4865,206,439,4378,48,0,0,40,0
2020-11-07,4905,206,440,4417,48,0,0,40,0
2020-11-08,4946,206,440,4457,49,0,0,40,0
2020-11-09,4985,206,440,4496,49,0,0,40,0
2020-11-10,5026,205,441,4536,49,0,0,40,0
2020-11-11,5067,205,441,4576,50,0,0,40,0
2020-11-12,5106,205,441,4615,50,0,0,40,0
2020-11-13,5147,205,441,4655,51,0,0,40,0
2020-11-14,5187,205,441,4695,51,0,0,40,0
2020-11-15,5227,205,441,4734,52,0,0,40,0
2020-11-16,5267,204,441,4774,52,0,0,40,0
2020-11-17,5307,204,441,4814,52,0,0,40,0
2020-11-18,5347,204,441,4853,53,0,0,40,0
2020-11-19,5387,204,441,4893,53,0,0,40,0
2020-11-20,5428,203,441,4933,54,0,0,40,0
2020-11-21,5467,203,441,4972,54,0,0,40,0
2020-11-22,5507,203,440,5012,55,0,0,40,0
2020-11-23,5546,202,440,5051,55,0,0,40,0
2020-11-24,5586,202,440,5091,55,0,0,40,0
2020-11-25,5626,201,439,5131,56,0,0,40,0
2020-11-26,5665,201,439,5170,56,0,0,39,0
2020-11-27,5705,201,438,5210,57,0,0,39,0
2020-11-28,5744,200,438,5249,57,0,0,39,0
2020-11-29,5783,200,437,5288,58,0,0,39,0
2020-11-30,5823,199,437,5328,58,0,0,39,0
2020-12-01,5861,199,436,5367,58,0,0,39,0
2020-12-02,5900,198,435,5406,59,0,0,39,0
2020-12-03,5938,198,434,5445,59,0,0,39,0
2020-12-04,5978,197,434,5484,60,0,0,39,0
2020-12-05,6016,196,433,5523,60,0,0,39,0
2020-12-06,6055,196,432,5562,61,0,0,39,0
2020-12-07,6093,195,431,5601,61,0,0,39,0
2020-12-08,6131,195,430,5640,61,0,0,39,0
2020-12-09,6169,194,429,5678,62,0,0,39,0
2020-12-10,6207,193,428,5717,62,0,0,39,0
2020-12-11,6245,192,427,5755,63,0,0,38,0
2020-12-12,6283,192,426,5794,63,0,0,38,0
2020-12-13,6321,191,425,5832,64,0,0,38,0
2020-12-14,6358,190,424,5870,64,0,0,38,0
2020-12-15,6394,190,422,5908,64,0,0,38,0
2020-12-16,6432,189,421,5946,65,0,0,38,0
2020-12-17,6469,188,420,5984,65,0,0,38,0
2020-12-18,6507,187,419,6022,66,0,0,38,0
2020-12-19,6542,186,417,6059,66,0,0,38,0
2020-12-20,6579,186,416,6097,66,0,0,37,0
2020-12-21,6615,185,414,6134,67,0,0,37,0
2020-12-22,6651,184,413,6171,67,0,0,37,0
2020-12-23,6688,183,412,6208,68,0,0,37,0
2020-12-24,6723,182,410,6245,68,0,0,37,0
2020-12-25,6758,181,408,6282,68,0,0,37,0
2020-12-26,6795,180,407,6319,69,0,0,37,0
2020-12-27,6829,180,405,6355,69,0,0,36,0
2020-12-28,6866,179,404,6392,70,0,0,36,0
2020-12-29,6900,178,402,6428,70,0,0,36,0
2020-12-30,6934,177,400,6464,70,0,0,36,0
2020-12-31,6970,176,399,6500,71,0,0,36,0
2021-01-01,7004,175,397,6536,71,0,0,36,0
2021-01-02,7039,174,395,6572,72,0,0,36,0
2021-01-03,7072,173,393,6607,72,0,0,35,0
2021-01-04,7105,172,391,6642,72,0,0,35,0
2021-01-05,7140,171,390,6677,73,0,0,35,0
2021-01-06,7173,170,388,6712,73,0,0,35,0
2021-01-07,7206,169,386,6747,73,0,0,35,0
2021-01-08,7240,168,384,6782,74,0,0,35,0
2021-01-09,7272,167,382,6816,74,0,0,34,0
2021-01-10,7306,166,380,6851,75,0,0,34,0
2021-01-11,7338,165,378,6885,75,0,0,34,0
2021-01-12,7370,164,376,6919,75,0,0,34,0
2021-01-13,7402,163,374,6952,76,0,0,34,0
2021-01-14,7434,162,372,6986,76,0,0,33,0
2021-01-15,7465,161,370,7019,76,0,0,33,0
2021-01-16,7497,160,368,7052,77,0,0,33,0
2021-01-17,7527,159,365,7085,77,0,0,33,0
2021-01-18,7559,158,363,7118,78,0,0,33,0
2021-01-19,7590,156,361,7151,78,0,0,32,0
2021-01-20,7620,155,359,7183,78,0,0,32,0
2021-01-21,7651,154,357,7215,79,0,0,32,0
2021-01-22,7681,153,355,7247,79,0,0,32,0
2021-01-23,7710,152,352,7279,79,0,0,32,0
2021-01-24,7741,151,350,7311,80,0,0,31,0
2021-01-25,7770,150,348,7342,80,0,0,31,0
2021-01-26,7799,149,346,7373,80,0,0,31,0
2021-01-27,7828,148,343,7404,81,0,0,31,0
2021-01-28,7857,147,341,7435,81,0,0,31,0
2021-01-29,7886,146,339,7466,81,0,0,30,0
2021-01-30,7915,144,337,7496,82,0,0,30,0
2021-01-31,7942,143,334,7526,82,0,0,30,0
2021-02-01,7970,142,332,7556,82,0,0,30,0
2021-02-02,7999,141,330,7586,83,0,0,30,0
2021-02-03,8026,140,327,7616,83,0,0,29,0
2021-02-04,8053,139,325,7645,83,0,0,29,0
2021-02-05,8081,138,323,7674,84,0,0,29,0
2021-02-06,8107,137,320,7703,84,0,0,29,0
2021-02-07,8134,136,318,7732,84,0,0,29,0
2021-02-08,8162,134,316,7761,85,0,0,28,0
2021-02-09,8187,133,313,7789,85,0,0,28,0
2021-02-10,8213,132,311,7817,85,0,0,28,0
2021-02-11,8239,131,309,7845,85,0,0,28,0
2021-02-12,8265,130,306,7873,86,0,0,28,0
2021-02-13,8290,129,304,7900,86,0,0,27,0
2021-02-14,8315,128,302,7927,86,0,0,27,0
2021-02-15,8340,127,299,7954,87,0,0,27,0
2021-02-16,8365,126,297,7981,87,0,0,27,0
2021-02-17,8389,124,294,8008,87,0,0,26,0
2021-02-18,8413,123,292,8034,87,0,0,26,0
2021-02-19,8438,122,290,8060,88,0,0,26,0
2021-02-20,8461,121,287,8086,88,0,0,26,0
2021-02-21,8485,120,285,8112,88,0,0,26,0
2021-02-22,8510,119,283,8138,89,0,0,25,0
2021-02-23,8532,118,280,8163,89,0,0,25,0
2021-02-24,8555,117,278,8188,89,0,0,25,0
2021-02-25,8578,116,276,8213,89,0,0,25,0
2021-02-26,8601,115,273,8238,90,0,0,25,0
2021-02-27,8623,114,271,8262,90,0,0,24,0
2021-02-28,8645,113,269,8286,90,0,0,24,0
2021-03-01,8667,111,266,8311,90,0,0,24,0
2021-03-02,8689,110,264,8334,91,0,0,24,0
2021-03-03,8711,109,262,8358,91,0,0,24,0
2021-03-04,8731,108,259,8381,91,0,0,23,0
2021-03-05,8754,107,257,8405,92,0,0,23,0
2021-03-06,8775,106,255,8428,92,0,0,23,0
2021-03-07,8795,105,252,8451,92,0,0,23,0
2021-03-08,8815,104,250,8473,92,0,0,22,0
2021-03-09,8837,103,248,8496,93,0,0,22,0
2021-03-10,8856,102,245,8518,93,0,0,22,0
2021-03-11,8876,101,243,8540,93,0,0,22,0
2021-03-12,8896,100,241,8562,93,0,0,22,0
2021-03-13,8915,99,239,8583,93,0,0,21,0
2021-03-14,8935,98,236,8605,94,0,0,21,0
2021-03-15,8954,97,234,8626,94,0,0,21,0
2021-03-16,8973,96,232,8647,94,0,0,21,0
2021-03-17,8991,95,230,8667,94,0,0,21,0
2021-03-18,9010,94,227,8688,95,0,0,20,0
2021-03-19,9028,93,225,8708,95,0,0,20,0
2021-03-20,9047,92,223,8729,95,0,0,20,0
2021-03-21,9065,91,221,8749,95,0,0,20,0
2021-03-22,9082,90,219,8768,95,0,0,20,0
2021-03-23,9101,89,217,8788,96,0,0,19,0
2021-03-24,9117,89,214,8807,96,0,0,19,0
2021-03-25,9135,88,212,8827,96,0,0,19,0
2021-03-26,9152,87,210,8846,96,0,0,19,0
2021-03-27,9169,86,208,8864,97,0,0,19,0
2021-03-28,9186,85,206,8883,97,0,0,19,0
2021-03-29,9203,84,204,8902,97,0,0,18,0
2021-03-30,9219,83,202,8920,97,0,0,18,0
2021-03-31,9235,82,200,8938,97,0,0,18,0
2021-04-01,9252,81,198,8956,98,0,0,18,0
2021-04-02,9268,80,196,8974,98,0,0,18,0
2021-04-03,9283,80,194,8991,98,0,0,17,0
2021-04-04,9298,79,192,9008,98,0,0,17,0
2021-04-05,9314,78,190,9026,98,0,0,17,0
2021-04-06,9329,77,188,9043,98,0,0,17,0
2021-04-07,9344,76,186,9059,99,0,0,17,0
2021-04-08,9359,75,184,9076,99,0,0,17,0
2021-04-09,9373,74,182,9092,99,0,0,16,0
2021-04-10,9388,74,180,9109,99,0,0,16,0
2021-04-11,9402,73,178,9125,99,0,0,16,0
2021-04-12,9417,72,176,9141,100,0,0,16,0
2021-04-13,9431,71,174,9157,100,0,0,16,0
2021-04-14,9444,70,172,9172,100,0,0,15,0
2021-04-15,9458,70,170,9188,100,0,0,15,0
2021-04-16,9472,69,169,9203,100,0,0,15,0
2021-04-17,9485,68,167,9218,100,0,0,15,0
2021-04-18,9499,67,165,9233,101,0,0,15,0
2021-04-19,9512,66,163,9248,101,0,0,15,0
2021-04-20,9524,66,161,9262,101,0,0,15,0
2021-04-21,9538,65,160,9277,101,0,0,14,0
2021-04-22,9550,64,158,9291,101,0,0,14,0
2021-04-23,9562,63,156,9305,101,0,0,14,0
2021-04-24,9574,63,154,9319,101,0,0,14,0
2021-04-25,9588,62,153,9333,102,0,0,14,0
2021-04-26,9600,61,151,9347,102,0,0,14,0
2021-04-27,9611,61,149,9360,102,0,0,13,0
2021-04-28,9624,60,148,9374,102,0,0,13,0
2021-04-29,9635,59,146,9387,102,0,0,13,0
2021-04-30,9646,59,144,9400,102,0,0,13,0
2021-05-01,9658,58,143,9413,102,0,0,13,0
2021-05-02,9669,57,141,9425,103,0,0,13,0
2021-05-03,9680,56,139,9438,103,0,0,13,0
2021-05-04,9692,56,138,9451,103,0,0,12,0
2021-05-05,9702,55,136,9463,103,0,0,12,0
2021-05-06,9713,54,135,9475,103,0,0,12,0
2021-05-07,9723,54,133,9487,103,0,0,12,0
2021-05-08,9734,53,132,9499,103,0,0,12,0
2021-05-09,9745,53,130,9511,104,0,0,12,0
2021-05-10,9756,52,129,9523,104,0,0,12,0
2021-05-11,9765,51,127,9534,104,0,0,11,0
2021-05-12,9775,51,126,9545,104,0,0,11,0
2021-05-13,9785,50,124,9557,104,0,0,11,0
2021-05-14,9795,50,123,9568,104,0,0,11,0
2021-05-15,9804,49,121,9579,104,0,0,11,0
2021-05-16,9814,48,120,9590,104,0,0,11,0
2021-05-17,9823,48,118,9600,105,0,0,11,0
2021-05-18,9833,47,117,9611,105,0,0,11,0
2021-05-19,9842,47,116,9621,105,0,0,10,0
2021-05-20,9851,46,114,9632,105,0,0,10,0
2021-05-21,9860,45,113,9642,105,0,0,10,0
2021-05-22,9869,45,112,9652,105,0,0,10,0
2021-05-23,9877,44,110,9662,105,0,0,10,0
2021-05-24,9886,44,109,9672,105,0,0,10,0
2021-05-25,9895,43,108,9682,105,0,0,10,0
2021-05-26,9903,43,106,9691,106,0,0,10,0
2021-05-27,9912,42,105,9701,106,0,0,9,0
2021-05-28,9920,42,104,9710,106,0,0,9,0
2021-05-29,9928,41,103,9719,106,0,0,9,0
2021-05-30,9936,41,101,9729,106,0,0,9,0
2021-05-31,9944,40,100,9738,106,0,0,9,0
2021-06-01,9952,40,99,9747,106,0,0,9,0
2021-06-02,9960,39,98,9756,106,0,0,9,0
2021-06-03,9966,39,96,9764,106,0,0,9,0
2021-06-04,9974,38,95,9773,106,0,0,9,0
2021-06-05,9982,38,94,9781,107,0,0,8,0
2021-06-06,9990,37,93,9790,107,0,0,8,0
2021-06-07,9997,37,92,9798,107,0,0,8,0
2021-06-08,10004,36,91,9806,107,0,0,8,0
2021-06-09,10012,36,90,9815,107,0,0,8,0
2021-06-10,10018,35,88,9823,107,0,0,8,0
2021-06-11,10024,35,87,9830,107,0,0,8,0
2021-06-12,10031,35,86,9838,107,0,0,8,0
2021-06-13,10038,34,85,9846,107,0,0,8,0
2021-06-14,10045,34,84,9854,107,0,0,8,0
2021-06-15,10051,33,83,9861,107,0,0,7,0
2021-06-16,10058,33,82,9869,107,0,0,7,0
2021-06-17,10065,32,81,9876,108,0,0,7,0
2021-06-18,10071,32,80,9883,108,0,0,7,0
2021-06-19,10077,32,79,9890,108,0,0,7,0
2021-06-20,10083,31,78,9897,108,0,0,7,0
2021-06-21,10089,31,77,9904,108,0,0,7,0
2021-06-22,10095,30,76,9911,108,0,0,7,0
2021-06-23,10101,30,75,9918,108,0,0,7,0
2021-06-24,10107,30,74,9925,108,0,0,7,0
2021-06-25,10113,29,73,9932,108,0,0,7,0
2021-06-26,10118,29,72,9938,108,0,0,7,0
2021-06-27,10125,29,72,9945,108,0,0,6,0
2021-06-28,10130,28,71,9951,108,0,0,6,0
2021-06-29,10135,28,70,9957,108,0,0,6,0
2021-06-30,10141,27,69,9964,108,0,0,6,0
2021-07-01,10147,27,68,9970,109,0,0,6,0
2021-07-02,10152,27,67,9976,109,0,0,6,0
