Date,Infected,Exposed,Active,Recovered,Deaths,Diff Exposed,Diff Active,Diff Recovered,Diff Deaths
2020-07-14,415,6,84,330,1,11,0,8,0
2020-07-15,418,16,79,338,1,8,0,7,0
2020-07-16,421,23,75,345,1,6,0,7,0
2020-07-17,425,29,73,351,1,5,0,7,0
2020-07-18,432,33,73,358,1,4,0,7,0
2020-07-19,438,37,73,364,1,3,1,7,0
2020-07-20,446,40,74,371,1,3,1,7,0
2020-07-21,454,42,75,378,1,2,1,7,0
2020-07-22,463,45,77,385,1,2,2,7,0
2020-07-23,472,47,79,392,1,2,2,7,0
2020-07-24,481,49,81,399,1,2,2,7,0
2020-07-25,490,50,83,406,1,2,2,8,0
2020-07-26,500,52,85,414,1,2,2,8,0
2020-07-27,511,54,88,422,1,2,3,8,0
2020-07-28,521,56,90,430,1,2,3,8,0
2020-07-29,532,58,93,438,1,2,3,8,0
2020-07-30,544,59,96,447,1,2,3,9,0
2020-07-31,555,61,99,455,1,2,3,9,0
2020-08-01,567,63,102,464,1,2,3,9,0
2020-08-02,580,65,105,474,1,2,3,10,0
2020-08-03,592,67,108,483,1,2,3,10,0
2020-08-04,606,69,112,493,1,2,3,10,0
2020-08-05,620,71,115,504,1,2,3,10,0
2020-08-06,633,73,118,514,1,2,3,11,0
2020-08-07,648,75,122,525,1,2,4,11,0
2020-08-08,663,77,126,536,1,2,4,11,0
2020-08-09,678,79,129,548,1,2,4,12,0
2020-08-10,695,81,133,560,2,2,4,12,0
2020-08-11,711,83,137,572,2,2,4,12,0
2020-08-12,727,86,141,584,2,2,4,13,0
2020-08-13,744,88,145,597,2,2,4,13,0
2020-08-14,761,90,149,610,2,2,4,13,0
2020-08-15,779,92,153,624,2,2,4,14,0
2020-08-16,797,95,157,638,2,2,4,14,0
2020-08-17,816,97,162,652,2,2,4,15,0
2020-08-18,835,100,166,667,2,2,4,15,0
2020-08-19,856,102,171,683,2,2,5,15,0
2020-08-20,875,105,175,698,2,3,5,16,0
2020-08-21,896,107,180,714,2,3,5,16,0
2020-08-22,917,110,184,731,2,3,5,17,0
2020-08-23,938,112,189,747,2,3,5,17,0
2020-08-24,961,115,194,765,2,3,5,18,0
2020-08-25,984,118,199,783,2,3,5,18,0
2020-08-26,1007,120,204,801,2,3,5,18,0
2020-08-27,1030,123,209,819,2,3,5,19,0
2020-08-28,1055,125,214,839,2,3,5,19,0
2020-08-29,1079,128,219,858,2,3,5,20,0
2020-08-30,1104,131,224,878,2,3,5,20,0
2020-08-31,1131,133,230,899,2,3,5,21,0
2020-09-01,1157,136,235,920,2,3,5,21,0
2020-09-02,1184,139,240,941,3,3,5,22,0
2020-09-03,1212,141,246,963,3,3,5,22,0
2020-09-04,1240,144,251,986,3,3,5,23,0
2020-09-05,1268,147,256,1009,3,3,5,23,0
2020-09-06,1297,149,262,1032,3,3,5,24,0
2020-09-07,1326,152,267,1056,3,3,5,24,0
2020-09-08,1356,154,273,1080,3,3,5,25,0
2020-09-09,1386,157,278,1105,3,2,5,25,0
2020-09-10,1418,159,284,1131,3,2,5,26,0
2020-09-11,1449,162,289,1157,3,2,5,26,0
2020-09-12,1480,164,294,1183,3,2,5,27,0
2020-09-13,1513,166,300,1210,3,2,5,27,0
2020-09-14,1545,169,305,1237,3,2,5,28,0
2020-09-15,1578,171,310,1265,3,2,5,28,0
2020-09-16,1612,173,316,1293,3,2,5,29,0
2020-09-17,1647,175,321,1322,4,2,5,29,0
2020-09-18,1681,177,326,1351,4,2,5,30,0
2020-09-19,1716,179,331,1381,4,2,5,30,0
2020-09-20,1751,181,336,1411,4,2,5,30,0
2020-09-21,1787,183,341,1442,4,2,5,31,0
2020-09-22,1823,184,346,1473,4,2,5,31,0
2020-09-23,1859,186,350,1505,4,2,5,32,0
2020-09-24,1896,187,355,1537,4,1,4,32,0
2020-09-25,1932,189,359,1569,4,1,4,33,0
2020-09-26,1970,190,364,1602,4,1,4,33,0
2020-09-27,2007,191,368,1635,4,1,4,33,0
2020-09-28,2044,192,372,1668,4,1,4,34,0
2020-09-29,2083,193,376,1702,5,1,4,34,0
2020-09-30,2120,194,379,1736,5,1,4,34,0
2020-10-01,2159,195,383,1771,5,1,3,35,0
2020-10-02,2196,196,386,1805,5,1,3,35,0
2020-10-03,2235,196,389,1841,5,0,3,35,0
2020-10-04,2273,197,392,1876,5,0,3,36,0
2020-10-05,2312,197,395,1912,5,0,3,36,0
2020-10-06,2351,197,398,1948,5,0,2,36,0
2020-10-07,2389,197,400,1984,5,0,2,36,0
2020-10-08,2427,197,402,2020,5,0,2,36,0
2020-10-09,2467,197,404,2057,6,0,2,37,0
2020-10-10,2505,197,406,2093,6,0,2,37,0
2020-10-11,2544,196,408,2130,6,0,1,37,0
2020-10-12,2582,196,409,2167,6,0,1,37,0
2020-10-13,2620,195,410,2204,6,0,1,37,0
2020-10-14,2659,194,411,2242,6,0,1,37,0
2020-10-15,2697,194,412,2279,6,0,1,37,0
2020-10-16,2734,193,412,2316,6,0,0,37,0
2020-10-17,2772,192,412,2354,6,0,0,37,0
2020-10-18,2809,190,412,2391,6,0,0,37,0
2020-10-19,2848,189,412,2429,7,0,0,37,0
2020-10-20,2885,188,412,2466,7,0,0,37,0
2020-10-21,2921,186,411,2503,7,0,0,37,0
2020-10-22,2957,185,410,2540,7,0,0,37,0
2020-10-23,2994,183,409,2578,7,0,0,37,0
2020-10-24,3030,182,408,2615,7,0,0,37,0
2020-10-25,3065,180,406,2652,7,0,0,37,0
2020-10-26,3099,178,404,2688,7,0,0,37,0
2020-10-27,3134,176,402,2725,7,0,0,36,0
2020-10-28,3168,174,400,2761,7,0,0,36,0
2020-10-29,3204,172,398,2798,8,0,0,36,0
2020-10-30,3237,170,395,2834,8,0,0,36,0
2020-10-31,3270,168,393,2869,8,0,0,36,0
2020-11-01,3303,165,390,2905,8,0,0,35,0
2020-11-02,3335,163,387,2940,8,0,0,35,0
2020-11-03,3367,161,384,2975,8,0,0,35,0
2020-11-04,3398,158,380,3010,8,0,0,34,0
2020-11-05,3429,156,377,3044,8,0,0,34,0
2020-11-06,3459,154,373,3078,8,0,0,34,0
2020-11-07,3489,151,369,3112,8,0,0,33,0
2020-11-08,3518,149,365,3145,8,0,0,33,0
2020-11-09,3548,146,361,3178,9,0,0,33,0
2020-11-10,3577,144,357,3211,9,0,0,32,0
2020-11-11,3605,141,353,3243,9,0,0,32,0
2020-11-12,3632,139,348,3275,9,0,0,32,0
2020-11-13,3659,136,344,3306,9,0,0,31,0
2020-11-14,3685,134,339,3337,9,0,0,31,0
2020-11-15,3711,131,334,3368,9,0,0,30,0
2020-11-16,3737,129,330,3398,9,0,0,30,0
2020-11-17,3762,126,325,3428,9,0,0,29,0
2020-11-18,3786,123,320,3457,9,0,0,29,0
2020-11-19,3810,121,315,3486,9,0,0,29,0
2020-11-20,3833,118,310,3514,9,0,0,28,0
2020-11-21,3857,116,305,3542,10,0,0,28,0
2020-11-22,3880,114,300,3570,10,0,0,27,0
2020-11-23,3902,111,295,3597,10,0,0,27,0
2020-11-24,3923,109,290,3623,10,0,0,26,0
2020-11-25,3944,106,285,3649,10,0,0,26,0
2020-11-26,3965,104,280,3675,10,0,0,25,0
2020-11-27,3985,102,275,3700,10,0,0,25,0
2020-11-28,4005,99,270,3725,10,0,0,24,0
2020-11-29,4024,97,265,3749,10,0,0,24,0
2020-11-30,4043,95,260,3773,10,0,0,24,0
2020-12-01,4061,92,255,3796,10,0,0,23,0
2020-12-02,4079,90,250,3819,10,0,0,23,0
2020-12-03,4097,88,245,3842,10,0,0,22,0
2020-12-04,4114,86,240,3864,10,0,0,22,0
2020-12-05,4130,84,235,3885,10,0,0,21,0
2020-12-06,4146,82,230,3906,10,0,0,21,0
2020-12-07,4163,80,225,3927,11,0,0,20,0
2020-12-08,4178,78,220,3947,11,0,0,20,0
2020-12-09,4193,76,215,3967,11,0,0,20,0
2020-12-10,4209,74,211,3987,11,0,0,19,0
2020-12-11,4223,72,206,4006,11,0,0,19,0
2020-12-12,4236,70,201,4024,11,0,0,18,0
2020-12-13,4250,68,197,4042,11,0,0,18,0
2020-12-14,4263,66,192,4060,11,0,0,17,0
2020-12-15,4276,65,188,4077,11,0,0,17,0
2020-12-16,4289,63,184,4094,11,0,0,17,0
2020-12-17,4301,61,179,4111,11,0,0,16,0
2020-12-18,4313,60,175,4127,11,0,0,16,0
2020-12-19,4324,58,171,4142,11,0,0,15,0
2020-12-20,4336,57,167,4158,11,0,0,15,0
2020-12-21,4347,55,163,4173,11,0,0,15,0
2020-12-22,4357,54,159,4187,11,0,0,14,0
2020-12-23,4368,52,155,4202,11,0,0,14,0
2020-12-24,4377,51,151,4215,11,0,0,14,0
2020-12-25,4387,49,147,4229,11,0,0,13,0
2020-12-26,4397,48,144,4242,11,0,0,13,0
2020-12-27,4406,47,140,4255,11,0,0,13,0
2020-12-28,4415,45,136,4268,11,0,0,12,0
2020-12-29,4424,44,133,4280,11,0,0,12,0
2020-12-30,4433,43,129,4292,12,0,0,12,0
2020-12-31,4442,42,126,4304,12,0,0,11,0
2021-01-01,4450,40,123,4315,12,0,0,11,0
2021-01-02,4458,39,120,4326,12,0,0,11,0
2021-01-03,4465,38,116,4337,12,0,0,11,0
2021-01-04,4472,37,113,4347,12,0,0,10,0
2021-01-05,4479,36,110,4357,12,0,0,10,0
2021-01-06,4486,35,107,4367,12,0,0,10,0
2021-01-07,4494,34,105,4377,12,0,0,9,0
2021-01-08,4500,33,102,4386,12,0,0,9,0
2021-01-09,4506,32,99,4395,12,0,0,9,0
2021-01-10,4512,31,96,4404,12,0,0,9,0
2021-01-11,4519,30,94,4413,12,0,0,8,0
2021-01-12,4524,29,91,4421,12,0,0,8,0
2021-01-13,4530,29,89,4429,12,0,0,8,0
2021-01-14,4535,28,86,4437,12,0,0,8,0
2021-01-15,4541,27,84,4445,12,0,0,8,0
2021-01-16,4546,26,81,4453,12,0,0,7,0
2021-01-17,4551,25,79,4460,12,0,0,7,0
2021-01-18,4556,25,77,4467,12,0,0,7,0
2021-01-19,4561,24,75,4474,12,0,0,7,0
2021-01-20,4566,23,73,4481,12,0,0,7,0
2021-01-21,4570,22,71,4487,12,0,0,6,0
2021-01-22,4574,22,69,4493,12,0,0,6,0
2021-01-23,4579,21,67,4500,12,0,0,6,0
2021-01-24,4583,21,65,4506,12,0,0,6,0
2021-01-25,4586,20,63,4511,12,0,0,6,0
2021-01-26,4590,19,61,4517,12,0,0,6,0
2021-01-27,4594,19,59,4523,12,0,0,5,0
2021-01-28,4598,18,58,4528,12,0,0,5,0
2021-01-29,4601,18,56,4533,12,0,0,5,0
2021-01-30,4604,17,54,4538,12,0,0,5,0
2021-01-31,4608,17,53,4543,12,0,0,5,0
2021-02-01,4611,16,51,4548,12,0,0,5,0
2021-02-02,4614,16,50,4552,12,0,0,5,0
2021-02-03,4617,15,48,4557,12,0,0,4,0
2021-02-04,4620,15,47,4561,12,0,0,4,0
2021-02-05,4623,14,46,4565,12,0,0,4,0
2021-02-06,4625,14,44,4569,12,0,0,4,0
2021-02-07,4628,13,43,4573,12,0,0,4,0
2021-02-08,4631,13,42,4577,12,0,0,4,0
2021-02-09,4634,13,41,4581,12,0,0,4,0
2021-02-10,4636,12,39,4585,12,0,0,4,0
2021-02-11,4638,12,38,4588,12,0,0,3,0
2021-02-12,4641,12,37,4592,12,0,0,3,0
2021-02-13,4643,11,36,4595,12,0,0,3,0
2021-02-14,4645,11,35,4598,12,0,0,3,0
2021-02-15,4647,11,34,4601,12,0,0,3,0
2021-02-16,4649,10,33,4604,12,0,0,3,0
2021-02-17,4651,10,32,4607,12,0,0,3,0
2021-02-18,4653,10,31,4610,12,0,0,3,0
2021-02-19,4655,9,30,4613,12,0,0,3,0
2021-02-20,4657,9,29,4616,12,0,0,3,0
2021-02-21,4658,9,28,4618,12,0,0,3,0
2021-02-22,4660,8,27,4621,12,0,0,2,0
2021-02-23,4662,8,27,4623,12,0,0,2,0
2021-02-24,4664,8,26,4626,12,0,0,2,0
2021-02-25,4665,8,25,4628,12,0,0,2,0
2021-02-26,4666,8,24,4630,12,0,0,2,0
2021-02-27,4668,7,24,4632,12,0,0,2,0
2021-02-28,4669,7,23,4634,12,0,0,2,0
2021-03-01,4671,7,22,4637,12,0,0,2,0
2021-03-02,4673,7,22,4639,12,0,0,2,0
2021-03-03,4673,6,21,4640,12,0,0,2,0
2021-03-04,4674,6,20,4642,12,0,0,2,0
2021-03-05,4676,6,20,4644,12,0,0,2,0
2021-03-06,4677,6,19,4646,12,0,0,2,0
2021-03-07,4678,6,18,4648,12,0,0,2,0
2021-03-08,4679,6,18,4649,12,0,0,2,0
2021-03-09,4680,5,17,4651,12,0,0,2,0
2021-03-10,4681,5,17,4652,12,0,0,2,0
2021-03-11,4683,5,16,4654,13,0,0,1,0
2021-03-12,4684,5,16,4655,13,0,0,1,0
2021-03-13,4685,5,15,4657,13,0,0,1,0
2021-03-14,4686,5,15,4658,13,0,0,1,0
2021-03-15,4687,4,14,4660,13,0,0,1,0
2021-03-16,4688,4,14,4661,13,0,0,1,0
2021-03-17,4689,4,14,4662,13,0,0,1,0
2021-03-18,4689,4,13,4663,13,0,0,1,0
2021-03-19,4690,4,13,4664,13,0,0,1,0
2021-03-20,4691,4,12,4666,13,0,0,1,0
2021-03-21,4692,4,12,4667,13,0,0,1,0
2021-03-22,4693,4,12,4668,13,0,0,1,0
2021-03-23,4693,3,11,4669,13,0,0,1,0
2021-03-24,4694,3,11,4670,13,0,0,1,0
2021-03-25,4695,3,11,4671,13,0,0,1,0
2021-03-26,4695,3,10,4672,13,0,0,1,0
2021-03-27,4696,3,10,4673,13,0,0,1,0
2021-03-28,4697,3,10,4674,13,0,0,1,0
2021-03-29,4696,3,9,4674,13,0,0,1,0
2021-03-30,4697,3,9,4675,13,0,0,1,0
2021-03-31,4698,3,9,4676,13,0,0,1,0
2021-04-01,4699,3,9,4677,13,0,0,1,0
2021-04-02,4699,3,8,4678,13,0,0,1,0
2021-04-03,4699,2,8,4678,13,0,0,1,0
2021-04-04,4700,2,8,4679,13,0,0,1,0
2021-04-05,4701,2,8,4680,13,0,0,1,0
2021-04-06,4701,2,7,4681,13,0,0,1,0
2021-04-07,4701,2,7,4681,13,0,0,1,0
2021-04-08,4702,2,7,4682,13,0,0,1,0
2021-04-09,4702,2,7,4682,13,0,0,1,0
2021-04-10,4702,2,6,4683,13,0,0,1,0
2021-04-11,4703,2,6,4684,13,0,0,1,0
2021-04-12,4703,2,6,4684,13,0,0,1,0
2021-04-13,4704,2,6,4685,13,0,0,1,0
2021-04-14,4704,2,6,4685,13,0,0,1,0
2021-04-15,4705,2,6,4686,13,0,0,1,0
2021-04-16,4704,2,5,4686,13,0,0,0,0
2021-04-17,4705,2,5,4687,13,0,0,0,0
2021-04-18,4705,2,5,4687,13,0,0,0,0
2021-04-19,4706,1,5,4688,13,0,0,0,0
2021-04-20,4706,1,5,4688,13,0,0,0,0
2021-04-21,4706,1,5,4688,13,0,0,0,0
2021-04-22,4706,1,4,4689,13,0,0,0,0
2021-04-23,4706,1,4,4689,13,0,0,0,0
2021-04-24,4707,1,4,4690,13,0,0,0,0
2021-04-25,4707,1,4,4690,13,0,0,0,0
2021-04-26,4707,1,4,4690,13,0,0,0,0
2021-04-27,4708,1,4,4691,13,0,0,0,0
2021-04-28,4708,1,4,4691,13,0,0,0,0
2021-04-29,4708,1,4,4691,13,0,0,0,0
2021-04-30,4708,1,3,4692,13,0,0,0,0
2021-05-01,4708,1,3,4692,13,0,0,0,0
2021-05-02,4708,1,3,4692,13,0,0,0,0
2021-05-03,4709,1,3,4693,13,0,0,0,0
2021-05-04,4709,1,3,4693,13,0,0,0,0
2021-05-05,4709,1,3,4693,13,0,0,0,0
2021-05-06,4709,1,3,4693,13,0,0,0,0
2021-05-07,4710,1,3,4694,13,0,0,0,0
2021-05-08,4710,1,3,4694,13,0,0,0,0
2021-05-09,4710,1,3,4694,13,0,0,0,0
2021-05-10,4710,1,3,4694,13,0,0,0,0
2021-05-11,4710,1,2,4695,13,0,0,0,0
2021-05-12,4710,1,2,4695,13,0,0,0,0
2021-05-13,4710,1,2,4695,13,0,0,0,0
2021-05-14,4710,1,2,4695,13,0,0,0,0
2021-05-15,4711,1,2,4696,13,0,0,0,0
2021-05-16,4711,1,2,4696,13,0,0,0,0
2021-05-17,4711,1,2,4696,13,0,0,0,0
2021-05-18,4711,1,2,4696,13,0,0,0,0
2021-05-19,4711,1,2,4696,13,0,0,0,0
2021-05-20,4711,1,2,4696,13,0,0,0,0
2021-05-21,4712,1,2,4697,13,0,0,0,0
2021-05-22,4712,1,2,4697,13,0,0,0,0
2021-05-23,4712,1,2,4697,13,0,0,0,0
2021-05-24,4712,1,2,4697,13,0,0,0,0
2021-05-25,4712,0,2,4697,13,0,0,0,0
2021-05-26,4712,0,2,4697,13,0,0,0,0
2021-05-27,4712,0,1,4698,13,0,0,0,0
2021-05-28,4712,0,1,4698,13,0,0,0,0
2021-05-29,4712,0,1,4698,13,0,0,0,0
2021-05-30,4712,0,1,4698,13,0,0,0,0
2021-05-31,4712,0,1,4698,13,0,0,0,0
2021-06-01,4712,0,1,4698,13,0,0,0,0
2021-06-02,4712,0,1,4698,13,0,0,0,0
2021-06-03,4712,0,1,4698,13,0,0,0,0
2021-06-04,4712,0,1,4698,13,0,0,0,0
2021-06-05,4713,0,1,4699,13,0,0,0,0
2021-06-06,4713,0,1,4699,13,0,0,0,0
2021-06-07,4713,0,1,4699,13,0,0,0,0
2021-06-08,4713,0,1,4699,13,0,0,0,0
2021-06-09,4713,0,1,4699,13,0,0,0,0
2021-06-10,4713,0,1,4699,13,0,0,0,0
2021-06-11,4713,0,1,4699,13,0,0,0,0
2021-06-12,4713,0,1,4699,13,0,0,0,0
2021-06-13,4713,0,1,4699,13,0,0,0,0
2021-06-14,4713,0,1,4699,13,0,0,0,0
2021-06-15,4713,0,1,4699,13,0,0,0,0
2021-06-16,4714,0,1,4700,13,0,0,0,0
2021-06-17,4714,0,1,4700,13,0,0,0,0
2021-06-18,4714,0,1,4700,13,0,0,0,0
2021-06-19,4714,0,1,4700,13,0,0,0,0
2021-06-20,4714,0,1,4700,13,0,0,0,0
2021-06-21,4714,0,1,4700,13,0,0,0,0
2021-06-22,4714,0,1,4700,13,0,0,0,0
2021-06-23,4714,0,1,4700,13,0,0,0,0
2021-06-24,4714,0,1,4700,13,0,0,0,0
2021-06-25,4714,0,1,4700,13,0,0,0,0
2021-06-26,4714,0,1,4700,13,0,0,0,0
2021-06-27,4714,0,1,4700,13,0,0,0,0
2021-06-28,4714,0,1,4700,13,0,0,0,0
2021-06-29,4714,0,1,4700,13,0,0,0,0
2021-06-30,4714,0,1,4700,13,0,0,0,0
2021-07-01,4714,0,1,4700,13,0,0,0,0
2021-07-02,4713,0,0,4700,13,0,0,0,0
2021-07-03,4714,0,0,4701,13,0,0,0,0
2021-07-04,4714,0,0,4701,13,0,0,0,0
2021-07-05,4714,0,0,4701,13,0,0,0,0
2021-07-06,4714,0,0,4701,13,0,0,0,0
2021-07-07,4714,0,0,4701,13,0,0,0,0
2021-07-08,4714,0,0,4701,13,0,0,0,0
2021-07-09,4714,0,0,4701,13,0,0,0,0
