Date,Infected,Exposed,Active,Recovered,Deaths,Diff Exposed,Diff Active,Diff Recovered,Diff Deaths
2020-07-14,1228,85,246,977,5,11,0,22,0
2020-07-15,1245,95,241,999,5,8,0,22,0
2020-07-16,1265,102,239,1021,5,6,0,22,0
2020-07-17,1285,108,237,1042,6,5,0,21,0
2020-07-18,1307,113,237,1064,6,4,0,21,0
2020-07-19,1329,116,238,1085,6,3,1,22,0
2020-07-20,1352,120,239,1107,6,3,2,22,0
2020-07-21,1375,122,241,1128,6,3,2,22,0
2020-07-22,1399,125,243,1150,6,2,2,22,0
2020-07-23,1424,127,246,1172,6,2,3,22,0
2020-07-24,1449,129,248,1195,6,2,3,22,0
2020-07-25,1475,131,251,1217,7,2,3,23,0
2020-07-26,1501,133,254,1240,7,2,3,23,0
2020-07-27,1527,134,257,1263,7,2,3,23,0
2020-07-28,1553,136,260,1286,7,2,3,24,0
2020-07-29,1580,138,263,1310,7,2,3,24,0
2020-07-30,1607,139,266,1334,7,2,3,24,0
2020-07-31,1634,141,269,1358,7,2,3,24,0
2020-08-01,1661,143,272,1382,7,2,3,25,0
2020-08-02,1691,144,276,1407,8,2,3,25,0
2020-08-03,1719,146,279,1432,8,2,3,25,0
2020-08-04,1748,147,282,1458,8,2,3,26,0
2020-08-05,1776,149,285,1483,8,2,3,26,0
2020-08-06,1806,151,289,1509,8,2,3,26,0
2020-08-07,1835,152,292,1535,8,2,3,26,0
2020-08-08,1865,154,295,1562,8,2,3,27,0
2020-08-09,1897,155,299,1589,9,2,3,27,0
2020-08-10,1927,157,302,1616,9,2,3,27,0
2020-08-11,1957,159,305,1643,9,2,3,28,0
2020-08-12,1989,160,309,1671,9,2,3,28,0
2020-08-13,2020,162,312,1699,9,2,3,28,0
2020-08-14,2051,163,315,1727,9,2,3,29,0
2020-08-15,2084,165,319,1756,9,2,3,29,0
2020-08-16,2117,167,322,1785,10,2,3,29,0
2020-08-17,2150,168,326,1814,10,2,3,29,0
2020-08-18,2183,170,329,1844,10,2,3,30,0
2020-08-19,2216,171,332,1874,10,2,3,30,0
2020-08-20,2250,173,336,1904,10,2,3,30,0
2020-08-21,2283,175,339,1934,10,2,3,31,0
2020-08-22,2318,176,342,1965,11,2,3,31,0
2020-08-23,2353,178,346,1996,11,2,3,31,0
2020-08-24,2387,179,349,2027,11,2,3,32,0
2020-08-25,2423,181,353,2059,11,2,3,32,0
2020-08-26,2458,182,356,2091,11,2,3,32,0
2020-08-27,2493,184,359,2123,11,2,3,32,0
2020-08-28,2531,185,363,2156,12,2,3,33,0
2020-08-29,2567,187,366,2189,12,2,3,33,0
2020-08-30,2603,188,369,2222,12,1,3,33,0
2020-08-31,2641,190,373,2256,12,1,3,34,0
2020-09-01,2677,191,376,2289,12,1,3,34,0
2020-09-02,2715,193,379,2324,12,1,3,34,0
2020-09-03,2754,194,383,2358,13,1,3,35,0
2020-09-04,2792,196,386,2393,13,1,3,35,0
2020-09-05,2830,197,389,2428,13,1,3,35,0
2020-09-06,2869,199,393,2463,13,1,3,35,0
2020-09-07,2908,200,396,2499,13,1,3,36,0
2020-09-08,2948,201,399,2535,14,1,3,36,0
2020-09-09,2987,203,402,2571,14,1,3,36,0
2020-09-10,3026,204,405,2607,14,1,3,37,0
2020-09-11,3067,205,409,2644,14,1,3,37,0
2020-09-12,3107,207,412,2681,14,1,3,37,0
2020-09-13,3148,208,415,2718,15,1,3,38,0
2020-09-14,3189,209,418,2756,15,1,3,38,0
2020-09-15,3230,211,421,2794,15,1,3,38,0
2020-09-16,3271,212,424,2832,15,1,3,38,0
2020-09-17,3313,213,427,2871,15,1,3,39,0
2020-09-18,3355,214,430,2909,16,1,3,39,0
2020-09-19,3397,215,433,2948,16,1,3,39,0
2020-09-20,3439,217,436,2987,16,1,3,39,0
2020-09-21,3482,218,439,3027,16,1,3,40,0
2020-09-22,3524,219,441,3067,16,1,3,40,0
2020-09-23,3568,220,444,3107,17,1,3,40,0
2020-09-24,3611,221,447,3147,17,1,3,40,0
2020-09-25,3654,222,450,3187,17,1,3,41,0
2020-09-26,3697,223,452,3228,17,1,3,41,0
2020-09-27,3742,224,455,3269,18,1,3,41,0
2020-09-28,3785,225,457,3310,18,1,3,41,0
2020-09-29,3830,226,460,3352,18,1,2,42,0
2020-09-30,3873,227,462,3393,18,1,2,42,0
2020-10-01,3918,228,465,3435,18,1,2,42,0
2020-10-02,3963,228,467,3477,19,1,2,42,0
2020-10-03,4008,229,469,3520,19,1,2,42,0
2020-10-04,4053,230,472,3562,19,1,2,43,0
2020-10-05,4098,231,474,3605,19,1,2,43,0
2020-10-06,4144,232,476,3648,20,1,2,43,0
2020-10-07,4189,232,478,3691,20,1,2,43,0
2020-10-08,4234,233,480,3734,20,1,2,43,0
2020-10-09,4280,233,482,3778,20,1,2,44,0
2020-10-10,4326,234,484,3822,20,1,2,44,0
2020-10-11,4372,235,486,3865,21,1,2,44,0
2020-10-12,4418,235,488,3909,21,1,2,44,0
2020-10-13,4464,236,489,3954,21,0,2,44,0
2020-10-14,4510,236,491,3998,21,0,2,44,0
2020-10-15,4557,236,493,4042,22,0,2,45,0
2020-10-16,4603,237,494,4087,22,0,2,45,0
2020-10-17,4650,237,496,4132,22,0,1,45,0
2020-10-18,4696,238,497,4177,22,0,1,45,0
2020-10-19,4744,238,499,4222,23,0,1,45,0
2020-10-20,4790,238,500,4267,23,0,1,45,0
2020-10-21,4836,238,501,4312,23,0,1,45,0
2020-10-22,4882,238,502,4357,23,0,1,45,0
2020-10-23,4930,239,503,4403,24,0,1,46,0
2020-10-24,4976,239,504,4448,24,0,1,46,0
2020-10-25,5023,239,505,4494,24,0,1,46,0
2020-10-26,5070,239,506,4540,24,0,1,46,0
2020-10-27,5117,239,507,4585,25,0,1,46,0
2020-10-28,5164,239,508,4631,25,0,1,46,0
2020-10-29,5210,239,508,4677,25,0,1,46,0
2020-10-30,5257,239,509,4723,25,0,1,46,0
2020-10-31,5304,238,509,4769,26,0,0,46,0
2020-11-01,5351,238,510,4815,26,0,0,46,0
2020-11-02,5397,238,510,4861,26,0,0,46,0
2020-11-03,5444,238,510,4908,26,0,0,46,0
2020-11-04,5492,238,511,4954,27,0,0,46,0
2020-11-05,5538,237,511,5000,27,0,0,46,0
2020-11-06,5584,237,511,5046,27,0,0,46,0
2020-11-07,5630,237,511,5092,27,0,0,46,0
2020-11-08,5677,236,511,5138,28,0,0,46,0
2020-11-09,5724,236,511,5185,28,0,0,46,0
2020-11-10,5769,235,510,5231,28,0,0,46,0
2020-11-11,5815,235,510,5277,28,0,0,46,0
2020-11-12,5862,234,510,5323,29,0,0,46,0
2020-11-13,5907,234,509,5369,29,0,0,46,0
2020-11-14,5953,233,509,5415,29,0,0,46,0
2020-11-15,5998,232,508,5461,29,0,0,46,0
2020-11-16,6044,232,507,5507,30,0,0,46,0
2020-11-17,6090,231,507,5553,30,0,0,46,0
2020-11-18,6135,230,506,5599,30,0,0,46,0
2020-11-19,6179,229,505,5644,30,0,0,46,0
2020-11-20,6225,229,504,5690,31,0,0,46,0
2020-11-21,6270,228,503,5736,31,0,0,45,0
2020-11-22,6314,227,502,5781,31,0,0,45,0
2020-11-23,6358,226,501,5826,31,0,0,45,0
2020-11-24,6403,225,500,5872,31,0,0,45,0
2020-11-25,6447,224,498,5917,32,0,0,45,0
2020-11-26,6491,223,497,5962,32,0,0,45,0
2020-11-27,6535,222,496,6007,32,0,0,45,0
2020-11-28,6578,221,494,6052,32,0,0,45,0
2020-11-29,6622,220,493,6096,33,0,0,45,0
2020-11-30,6665,219,491,6141,33,0,0,44,0
2020-12-01,6707,218,489,6185,33,0,0,44,0
2020-12-02,6750,217,488,6229,33,0,0,44,0
2020-12-03,6793,216,486,6273,34,0,0,44,0
2020-12-04,6835,215,484,6317,34,0,0,44,0
2020-12-05,6877,214,482,6361,34,0,0,44,0
2020-12-06,6918,212,480,6404,34,0,0,43,0
2020-12-07,6961,211,478,6448,35,0,0,43,0
2020-12-08,7002,210,476,6491,35,0,0,43,0
2020-12-09,7043,209,474,6534,35,0,0,43,0
2020-12-10,7084,208,472,6577,35,0,0,43,0
2020-12-11,7124,206,470,6619,35,0,0,42,0
2020-12-12,7165,205,467,6662,36,0,0,42,0
2020-12-13,7205,204,465,6704,36,0,0,42,0
2020-12-14,7245,202,463,6746,36,0,0,42,0
2020-12-15,7283,201,460,6787,36,0,0,42,0
2020-12-16,7324,200,458,6829,37,0,0,41,0
2020-12-17,7362,198,455,6870,37,0,0,41,0
2020-12-18,7401,197,453,6911,37,0,0,41,0
2020-12-19,7439,195,450,6952,37,0,0,41,0
2020-12-20,7478,194,447,6993,38,0,0,40,0
2020-12-21,7516,193,445,7033,38,0,0,40,0
2020-12-22,7553,191,442,7073,38,0,0,40,0
2020-12-23,7590,190,439,7113,38,0,0,40,0
2020-12-24,7628,188,437,7153,38,0,0,39,0
2020-12-25,7665,187,434,7192,39,0,0,39,0
2020-12-26,7701,185,431,7231,39,0,0,39,0
2020-12-27,7737,184,428,7270,39,0,0,39,0
2020-12-28,7773,182,425,7309,39,0,0,38,0
2020-12-29,7808,181,422,7347,39,0,0,38,0
2020-12-30,7844,179,419,7385,40,0,0,38,0
2020-12-31,7879,178,416,7423,40,0,0,38,0
2021-01-01,7914,176,413,7461,40,0,0,37,0
2021-01-02,7948,175,410,7498,40,0,0,37,0
2021-01-03,7982,173,407,7535,40,0,0,37,0
2021-01-04,8017,172,404,7572,41,0,0,37,0
2021-01-05,8050,170,401,7608,41,0,0,36,0
2021-01-06,8083,169,398,7644,41,0,0,36,0
2021-01-07,8116,167,395,7680,41,0,0,36,0
2021-01-08,8149,165,392,7716,41,0,0,35,0
2021-01-09,8181,164,388,7751,42,0,0,35,0
2021-01-10,8213,162,385,7786,42,0,0,35,0
2021-01-11,8245,161,382,7821,42,0,0,35,0
2021-01-12,8276,159,379,7855,42,0,0,34,0
2021-01-13,8307,158,376,7889,42,0,0,34,0
2021-01-14,8337,156,372,7923,42,0,0,34,0
2021-01-15,8369,155,369,7957,43,0,0,33,0
2021-01-16,8399,153,366,7990,43,0,0,33,0
2021-01-17,8429,151,363,8023,43,0,0,33,0
2021-01-18,8458,150,359,8056,43,0,0,32,0
2021-01-19,8487,148,356,8088,43,0,0,32,0
2021-01-20,8517,147,353,8120,44,0,0,32,0
2021-01-21,8546,145,350,8152,44,0,0,32,0
2021-01-22,8573,144,346,8183,44,0,0,31,0
2021-01-23,8602,142,343,8215,44,0,0,31,0
2021-01-24,8630,141,340,8246,44,0,0,31,0
2021-01-25,8656,139,336,8276,44,0,0,30,0
2021-01-26,8684,138,333,8306,45,0,0,30,0
2021-01-27,8711,136,330,8336,45,0,0,30,0
2021-01-28,8738,135,327,8366,45,0,0,30,0
2021-01-29,8764,133,323,8396,45,0,0,29,0
2021-01-30,8790,132,320,8425,45,0,0,29,0
2021-01-31,8816,130,317,8454,45,0,0,29,0
2021-02-01,8841,129,314,8482,45,0,0,28,0
2021-02-02,8866,127,310,8510,46,0,0,28,0
2021-02-03,8891,126,307,8538,46,0,0,28,0
2021-02-04,8916,124,304,8566,46,0,0,27,0
2021-02-05,8940,123,301,8593,46,0,0,27,0
2021-02-06,8963,122,297,8620,46,0,0,27,0
2021-02-07,8987,120,294,8647,46,0,0,27,0
2021-02-08,9012,119,291,8674,47,0,0,26,0
2021-02-09,9035,117,288,8700,47,0,0,26,0
2021-02-10,9058,116,285,8726,47,0,0,26,0
2021-02-11,9080,115,282,8751,47,0,0,25,0
2021-02-12,9102,113,278,8777,47,0,0,25,0
2021-02-13,9124,112,275,8802,47,0,0,25,0
2021-02-14,9146,110,272,8827,47,0,0,25,0
2021-02-15,9167,109,269,8851,47,0,0,24,0
2021-02-16,9189,108,266,8875,48,0,0,24,0
2021-02-17,9210,106,263,8899,48,0,0,24,0
2021-02-18,9231,105,260,8923,48,0,0,24,0
2021-02-19,9251,104,257,8946,48,0,0,23,0
2021-02-20,9272,103,254,8970,48,0,0,23,0
2021-02-21,9291,101,251,8992,48,0,0,23,0
2021-02-22,9311,100,248,9015,48,0,0,22,0
2021-02-23,9330,99,245,9037,48,0,0,22,0
2021-02-24,9350,97,242,9059,49,0,0,22,0
2021-02-25,9369,96,239,9081,49,0,0,22,0
2021-02-26,9388,95,236,9103,49,0,0,21,0
2021-02-27,9407,94,234,9124,49,0,0,21,0
2021-02-28,9425,92,231,9145,49,0,0,21,0
2021-03-01,9443,91,228,9166,49,0,0,21,0
2021-03-02,9460,90,225,9186,49,0,0,20,0
2021-03-03,9478,89,222,9207,49,0,0,20,0
2021-03-04,9495,88,219,9227,49,0,0,20,0
2021-03-05,9513,87,217,9246,50,0,0,20,0
2021-03-06,9530,85,214,9266,50,0,0,19,0
2021-03-07,9546,84,211,9285,50,0,0,19,0
2021-03-08,9563,83,209,9304,50,0,0,19,0
2021-03-09,9579,82,206,9323,50,0,0,19,0
2021-03-10,9594,81,203,9341,50,0,0,18,0
2021-03-11,9611,80,201,9360,50,0,0,18,0
2021-03-12,9626,79,198,9378,50,0,0,18,0
2021-03-13,9642,78,196,9396,50,0,0,18,0
2021-03-14,9656,77,193,9413,50,0,0,17,0
2021-03-15,9673,76,191,9431,51,0,0,17,0
2021-03-16,9687,75,188,9448,51,0,0,17,0
2021-03-17,9702,74,186,9465,51,0,0,17,0
2021-03-18,9715,73,183,9481,51,0,0,17,0
2021-03-19,9730,72,181,9498,51,0,0,16,0
2021-03-20,9743,71,178,9514,51,0,0,16,0
2021-03-21,9757,70,176,9530,51,0,0,16,0
2021-03-22,9771,69,174,9546,51,0,0,16,0
2021-03-23,9784,68,171,9562,51,0,0,15,0
2021-03-24,9797,67,169,9577,51,0,0,15,0
2021-03-25,9810,66,167,9592,51,0,0,15,0
2021-03-26,9823,65,164,9607,52,0,0,15,0
2021-03-27,9836,64,162,9622,52,0,0,15,0
2021-03-28,9849,63,160,9637,52,0,0,14,0
2021-03-29,9861,62,158,9651,52,0,0,14,0
2021-03-30,9873,61,156,9665,52,0,0,14,0
2021-03-31,9885,60,154,9679,52,0,0,14,0
2021-04-01,9896,60,151,9693,52,0,0,14,0
2021-04-02,9908,59,149,9707,52,0,0,14,0
2021-04-03,9919,58,147,9720,52,0,0,13,0
2021-04-04,9930,57,145,9733,52,0,0,13,0
2021-04-05,9942,56,143,9747,52,0,0,13,0
2021-04-06,9952,55,141,9759,52,0,0,13,0
2021-04-07,9963,55,139,9772,52,0,0,13,0
2021-04-08,9974,54,137,9785,52,0,0,12,0
2021-04-09,9985,53,135,9797,53,0,0,12,0
2021-04-10,9995,52,133,9809,53,0,0,12,0
2021-04-11,10006,51,132,9821,53,0,0,12,0
2021-04-12,10016,51,130,9833,53,0,0,12,0
2021-04-13,10026,50,128,9845,53,0,0,12,0
2021-04-14,10035,49,126,9856,53,0,0,11,0
2021-04-15,10044,49,124,9867,53,0,0,11,0
2021-04-16,10054,48,122,9879,53,0,0,11,0
2021-04-17,10064,47,121,9890,53,0,0,11,0
2021-04-18,10073,46,119,9901,53,0,0,11,0
2021-04-19,10081,46,117,9911,53,0,0,11,0
2021-04-20,10091,45,116,9922,53,0,0,10,0
2021-04-21,10099,44,114,9932,53,0,0,10,0
2021-04-22,10107,44,112,9942,53,0,0,10,0
2021-04-23,10117,43,111,9953,53,0,0,10,0
2021-04-24,10124,42,109,9962,53,0,0,10,0
2021-04-25,10132,42,107,9972,53,0,0,10,0
2021-04-26,10142,41,106,9982,54,0,0,10,0
2021-04-27,10149,41,104,9991,54,0,0,9,0
2021-04-28,10158,40,103,10001,54,0,0,9,0
2021-04-29,10165,39,101,10010,54,0,0,9,0
2021-04-30,10173,39,100,10019,54,0,0,9,0
2021-05-01,10180,38,98,10028,54,0,0,9,0
2021-05-02,10188,38,97,10037,54,0,0,9,0
2021-05-03,10195,37,95,10046,54,0,0,9,0
2021-05-04,10202,36,94,10054,54,0,0,9,0
2021-05-05,10210,36,93,10063,54,0,0,8,0
2021-05-06,10216,35,91,10071,54,0,0,8,0
2021-05-07,10223,35,90,10079,54,0,0,8,0
2021-05-08,10230,34,89,10087,54,0,0,8,0
2021-05-09,10236,34,87,10095,54,0,0,8,0
2021-05-10,10243,33,86,10103,54,0,0,8,0
2021-05-11,10250,33,85,10111,54,0,0,8,0
2021-05-12,10255,32,83,10118,54,0,0,8,0
2021-05-13,10262,32,82,10126,54,0,0,7,0
2021-05-14,10268,31,81,10133,54,0,0,7,0
2021-05-15,10275,31,80,10141,54,0,0,7,0
2021-05-16,10280,30,78,10148,54,0,0,7,0
2021-05-17,10286,30,77,10155,54,0,0,7,0
2021-05-18,10292,29,76,10162,54,0,0,7,0
2021-05-19,10299,29,75,10169,55,0,0,7,0
2021-05-20,10304,28,74,10175,55,0,0,7,0
2021-05-21,10310,28,73,10182,55,0,0,7,0
2021-05-22,10316,28,72,10189,55,0,0,6,0
2021-05-23,10321,27,71,10195,55,0,0,6,0
2021-05-24,10325,27,69,10201,55,0,0,6,0
2021-05-25,10331,26,68,10208,55,0,0,6,0
2021-05-26,10336,26,67,10214,55,0,0,6,0
2021-05-27,10341,26,66,10220,55,0,0,6,0
2021-05-28,10346,25,65,10226,55,0,0,6,0
2021-05-29,10351,25,64,10232,55,0,0,6,0
2021-05-30,10355,24,63,10237,55,0,0,6,0
2021-05-31,10360,24,62,10243,55,0,0,6,0
2021-06-01,10365,24,61,10249,55,0,0,6,0
2021-06-02,10369,23,60,10254,55,0,0,5,0
2021-06-03,10375,23,60,10260,55,0,0,5,0
2021-06-04,10379,23,59,10265,55,0,0,5,0
2021-06-05,10383,22,58,10270,55,0,0,5,0
2021-06-06,10387,22,57,10275,55,0,0,5,0
2021-06-07,10392,21,56,10281,55,0,0,5,0
2021-06-08,10396,21,55,10286,55,0,0,5,0
2021-06-09,10400,21,54,10291,55,0,0,5,0
2021-06-10,10403,21,53,10295,55,0,0,5,0
2021-06-11,10408,20,53,10300,55,0,0,5,0
2021-06-12,10412,20,52,10305,55,0,0,5,0
2021-06-13,10416,20,51,10310,55,0,0,5,0
2021-06-14,10419,19,50,10314,55,0,0,5,0
2021-06-15,10423,19,49,10319,55,0,0,4,0
2021-06-16,10427,19,49,10323,55,0,0,4,0
2021-06-17,10430,18,48,10327,55,0,0,4,0
2021-06-18,10434,18,47,10332,55,0,0,4,0
2021-06-19,10437,18,46,10336,55,0,0,4,0
2021-06-20,10441,17,46,10340,55,0,0,4,0
2021-06-21,10444,17,45,10344,55,0,0,4,0
2021-06-22,10447,17,44,10348,55,0,0,4,0
2021-06-23,10452,17,44,10352,56,0,0,4,0
2021-06-24,10455,16,43,10356,56,0,0,4,0
2021-06-25,10458,16,42,10360,56,0,0,4,0
2021-06-26,10462,16,42,10364,56,0,0,4,0
2021-06-27,10465,16,41,10368,56,0,0,4,0
2021-06-28,10467,15,40,10371,56,0,0,4,0
2021-06-29,10471,15,40,10375,56,0,0,4,0
2021-06-30,10473,15,39,10378,56,0,0,4,0
2021-07-01,10476,15,38,10382,56,0,0,3,0
2021-07-02,10479,14,38,10385,56,0,0,3,0
2021-07-03,10482,14,37,10389,56,0,0,3,0
2021-07-04,10485,14,37,10392,56,0,0,3,0
2021-07-05,10487,14,36,10395,56,0,0,3,0
2021-07-06,10490,14,35,10399,56,0,0,3,0
2021-07-07,10493,13,35,10402,56,0,0,3,0
2021-07-08,10495,13,34,10405,56,0,0,3,0
2021-07-09,10498,13,34,10408,56,0,0,3,0
