Date,Infected,Exposed,Active,Recovered,Deaths,Diff Exposed,Diff Active,Diff Recovered,Diff Deaths
2020-07-07,206,15,46,159,1,3,0,4,0
2020-07-08,209,18,45,163,1,2,0,4,0
2020-07-09,213,20,45,167,1,2,0,4,0
2020-07-10,217,22,45,171,1,2,0,4,0
2020-07-11,221,23,45,175,1,1,1,4,0
2020-07-12,227,25,46,180,1,1,1,4,0
2020-07-13,231,26,46,184,1,1,1,4,0
2020-07-14,236,27,47,188,1,1,1,4,0
2020-07-15,241,28,48,192,1,1,1,4,0
2020-07-16,247,29,49,197,1,1,1,4,0
2020-07-17,252,29,50,201,1,1,1,5,0
2020-07-18,259,30,52,206,1,1,1,5,0
2020-07-19,264,31,53,210,1,1,1,5,0
2020-07-20,270,32,54,215,1,1,1,5,0
2020-07-21,277,33,56,220,1,1,1,5,0
2020-07-22,283,34,57,225,1,1,1,5,0
2020-07-23,290,34,58,231,1,1,1,5,0
2020-07-24,297,35,60,236,1,1,1,5,0
2020-07-25,303,36,61,241,1,1,2,6,0
2020-07-26,311,37,63,247,1,1,2,6,0
2020-07-27,318,38,64,253,1,1,2,6,0
2020-07-28,326,39,66,259,1,1,2,6,0
2020-07-29,334,40,68,265,1,1,2,6,0
2020-07-30,341,41,69,271,1,1,2,6,0
2020-07-31,349,42,71,277,1,1,2,6,0
2020-08-01,358,43,73,284,1,1,2,7,0
2020-08-02,365,44,74,290,1,1,2,7,0
2020-08-03,374,45,76,297,1,1,2,7,0
2020-08-04,383,46,78,304,1,1,2,7,0
2020-08-05,393,47,80,311,2,1,2,7,0
2020-08-06,402,48,82,318,2,1,2,7,0
2020-08-07,412,49,84,326,2,1,2,8,0
2020-08-08,422,50,86,334,2,1,2,8,0
2020-08-09,431,51,88,341,2,1,2,8,0
2020-08-10,441,52,90,349,2,1,2,8,0
2020-08-11,452,53,92,358,2,1,2,8,0
2020-08-12,462,54,94,366,2,1,2,8,0
2020-08-13,472,55,96,374,2,1,2,9,0
2020-08-14,483,56,98,383,2,1,2,9,0
2020-08-15,494,58,100,392,2,1,2,9,0
2020-08-16,505,59,102,401,2,1,2,9,0
2020-08-17,518,60,105,411,2,1,2,9,0
2020-08-18,529,61,107,420,2,1,2,10,0
2020-08-19,541,62,109,430,2,1,2,10,0
2020-08-20,554,64,112,440,2,1,2,10,0
2020-08-21,566,65,114,450,2,1,2,10,0
2020-08-22,578,66,116,460,2,1,2,11,0
2020-08-23,592,67,119,471,2,1,2,11,0
2020-08-24,605,69,121,482,2,1,2,11,0
2020-08-25,619,70,124,493,2,1,2,11,0
2020-08-26,632,71,126,504,2,1,2,11,0
2020-08-27,646,72,128,516,2,1,3,12,0
2020-08-28,661,74,131,527,3,1,3,12,0
2020-08-29,676,75,134,539,3,1,3,12,0
2020-08-30,690,76,136,551,3,1,3,12,0
2020-08-31,706,78,139,564,3,1,3,13,0
2020-09-01,720,79,141,576,3,1,3,13,0
2020-09-02,736,80,144,589,3,1,3,13,0
2020-09-03,752,81,147,602,3,1,3,13,0
2020-09-04,768,83,149,616,3,1,3,13,0
2020-09-05,784,84,152,629,3,1,3,14,0
2020-09-06,800,85,154,643,3,1,3,14,0
2020-09-07,817,86,157,657,3,1,3,14,0
2020-09-08,835,88,160,672,3,1,3,14,0
2020-09-09,852,89,163,686,3,1,3,15,0
2020-09-10,869,90,165,701,3,1,3,15,0
2020-09-11,887,91,168,716,3,1,3,15,0
2020-09-12,906,93,171,731,4,1,3,15,0
2020-09-13,924,94,173,747,4,1,3,16,0
2020-09-14,943,95,176,763,4,1,3,16,0
2020-09-15,961,96,178,779,4,1,3,16,0
2020-09-16,980,97,181,795,4,1,3,16,0
2020-09-17,999,98,184,811,4,1,3,17,0
2020-09-18,1018,100,186,828,4,1,3,17,0
2020-09-19,1038,101,189,845,4,1,3,17,0
2020-09-20,1057,102,191,862,4,1,3,17,0
2020-09-21,1077,103,194,879,4,1,3,18,0
2020-09-22,1098,104,197,897,4,1,2,18,0
2020-09-23,1118,105,199,915,4,1,2,18,0
2020-09-24,1139,106,201,933,5,1,2,18,0
2020-09-25,1160,107,204,951,5,1,2,18,0
2020-09-26,1181,108,206,970,5,1,2,19,0
2020-09-27,1203,108,209,989,5,1,2,19,0
2020-09-28,1224,109,211,1008,5,1,2,19,0
2020-09-29,1245,110,213,1027,5,1,2,19,0
2020-09-30,1266,111,215,1046,5,1,2,19,0
2020-10-01,1288,112,217,1066,5,1,2,20,0
2020-10-02,1309,112,219,1085,5,1,2,20,0
2020-10-03,1332,113,222,1105,5,1,2,20,0
2020-10-04,1353,113,223,1125,5,1,2,20,0
2020-10-05,1377,114,225,1146,6,1,2,20,0
2020-10-06,1399,115,227,1166,6,0,2,21,0
2020-10-07,1422,115,229,1187,6,0,2,21,0
2020-10-08,1445,115,231,1208,6,0,2,21,0
2020-10-09,1466,116,232,1228,6,0,2,21,0
2020-10-10,1490,116,234,1250,6,0,2,21,0
2020-10-11,1512,117,235,1271,6,0,1,21,0
2020-10-12,1535,117,237,1292,6,0,1,21,0
2020-10-13,1558,117,238,1314,6,0,1,22,0
2020-10-14,1580,117,239,1335,6,0,1,22,0
2020-10-15,1605,117,241,1357,7,0,1,22,0
2020-10-16,1628,117,242,1379,7,0,1,22,0
2020-10-17,1651,117,243,1401,7,0,1,22,0
2020-10-18,1674,117,244,1423,7,0,1,22,0
2020-10-19,1696,117,244,1445,7,0,1,22,0
2020-10-20,1719,117,245,1467,7,0,1,22,0
2020-10-21,1742,117,246,1489,7,0,1,22,0
2020-10-22,1764,117,246,1511,7,0,1,22,0
2020-10-23,1788,117,247,1534,7,0,0,22,0
2020-10-24,1811,116,247,1556,8,0,0,22,0
2020-10-25,1834,116,248,1578,8,0,0,22,0
2020-10-26,1857,116,248,1601,8,0,0,22,0
2020-10-27,1879,115,248,1623,8,0,0,22,0
2020-10-28,1902,115,248,1646,8,0,0,22,0
2020-10-29,1924,114,248,1668,8,0,0,22,0
2020-10-30,1946,114,248,1690,8,0,0,22,0
2020-10-31,1968,113,247,1713,8,0,0,22,0
2020-11-01,1990,112,247,1735,8,0,0,22,0
2020-11-02,2013,112,247,1758,8,0,0,22,0
2020-11-03,2035,111,246,1780,9,0,0,22,0
2020-11-04,2056,110,245,1802,9,0,0,22,0
2020-11-05,2078,110,245,1824,9,0,0,22,0
2020-11-06,2099,109,244,1846,9,0,0,22,0
2020-11-07,2120,108,243,1868,9,0,0,22,0
2020-11-08,2141,107,242,1890,9,0,0,22,0
2020-11-09,2162,106,241,1912,9,0,0,22,0
2020-11-10,2183,105,240,1934,9,0,0,22,0
2020-11-11,2204,104,239,1956,9,0,0,22,0
2020-11-12,2225,103,238,1977,10,0,0,21,0
2020-11-13,2245,102,236,1999,10,0,0,21,0
2020-11-14,2265,101,235,2020,10,0,0,21,0
2020-11-15,2284,100,233,2041,10,0,0,21,0
2020-11-16,2304,99,232,2062,10,0,0,21,0
2020-11-17,2323,98,230,2083,10,0,0,21,0
2020-11-18,2342,97,228,2104,10,0,0,21,0
2020-11-19,2362,96,227,2125,10,0,0,21,0
2020-11-20,2380,95,225,2145,10,0,0,20,0
2020-11-21,2398,94,223,2165,10,0,0,20,0
2020-11-22,2417,92,221,2185,11,0,0,20,0
2020-11-23,2435,91,219,2205,11,0,0,20,0
2020-11-24,2453,90,217,2225,11,0,0,20,0
2020-11-25,2471,89,215,2245,11,0,0,19,0
2020-11-26,2488,88,213,2264,11,0,0,19,0
2020-11-27,2505,86,211,2283,11,0,0,19,0
2020-11-28,2521,85,208,2302,11,0,0,19,0
2020-11-29,2538,84,206,2321,11,0,0,19,0
2020-11-30,2555,83,204,2340,11,0,0,18,0
2020-12-01,2571,82,202,2358,11,0,0,18,0
2020-12-02,2586,80,199,2376,11,0,0,18,0
2020-12-03,2603,79,197,2394,12,0,0,18,0
2020-12-04,2619,78,195,2412,12,0,0,18,0
2020-12-05,2633,77,192,2429,12,0,0,17,0
2020-12-06,2649,75,190,2447,12,0,0,17,0
2020-12-07,2663,74,187,2464,12,0,0,17,0
2020-12-08,2677,73,185,2480,12,0,0,17,0
2020-12-09,2691,72,182,2497,12,0,0,16,0
2020-12-10,2706,71,180,2514,12,0,0,16,0
2020-12-11,2719,69,177,2530,12,0,0,16,0
2020-12-12,2733,68,175,2546,12,0,0,16,0
2020-12-13,2745,67,172,2561,12,0,0,16,0
2020-12-14,2759,66,170,2577,12,0,0,15,0
2020-12-15,2772,65,167,2592,13,0,0,15,0
2020-12-16,2785,63,165,2607,13,0,0,15,0
2020-12-17,2797,62,162,2622,13,0,0,15,0
2020-12-18,2810,61,160,2637,13,0,0,14,0
2020-12-19,2821,60,157,2651,13,0,0,14,0
2020-12-20,2833,59,155,2665,13,0,0,14,0
2020-12-21,2844,58,152,2679,13,0,0,14,0
2020-12-22,2856,57,150,2693,13,0,0,14,0
2020-12-23,2866,56,147,2706,13,0,0,13,0
2020-12-24,2877,54,145,2719,13,0,0,13,0
2020-12-25,2887,53,142,2732,13,0,0,13,0
2020-12-26,2898,52,140,2745,13,0,0,13,0
2020-12-27,2908,51,137,2758,13,0,0,12,0
2020-12-28,2918,50,135,2770,13,0,0,12,0
2020-12-29,2927,49,132,2782,13,0,0,12,0
2020-12-30,2937,48,130,2794,13,0,0,12,0
2020-12-31,2948,47,128,2806,14,0,0,12,0
2021-01-01,2956,46,125,2817,14,0,0,11,0
2021-01-02,2965,45,123,2828,14,0,0,11,0
2021-01-03,2974,44,121,2839,14,0,0,11,0
2021-01-04,2982,43,118,2850,14,0,0,11,0
2021-01-05,2991,43,116,2861,14,0,0,11,0
2021-01-06,2999,42,114,2871,14,0,0,10,0
2021-01-07,3008,41,112,2882,14,0,0,10,0
2021-01-08,3016,40,110,2892,14,0,0,10,0
2021-01-09,3023,39,108,2901,14,0,0,10,0
2021-01-10,3030,38,105,2911,14,0,0,10,0
2021-01-11,3038,37,103,2921,14,0,0,9,0
2021-01-12,3045,37,101,2930,14,0,0,9,0
2021-01-13,3052,36,99,2939,14,0,0,9,0
2021-01-14,3059,35,97,2948,14,0,0,9,0
2021-01-15,3066,34,95,2957,14,0,0,9,0
2021-01-16,3072,33,93,2965,14,0,0,8,0
2021-01-17,3079,33,91,2974,14,0,0,8,0
2021-01-18,3086,32,90,2982,14,0,0,8,0
2021-01-19,3092,31,88,2990,14,0,0,8,0
2021-01-20,3098,31,86,2998,14,0,0,8,0
2021-01-21,3104,30,84,3005,15,0,0,8,0
2021-01-22,3110,29,82,3013,15,0,0,7,0
2021-01-23,3115,28,80,3020,15,0,0,7,0
2021-01-24,3121,28,79,3027,15,0,0,7,0
2021-01-25,3127,27,77,3035,15,0,0,7,0
2021-01-26,3131,27,75,3041,15,0,0,7,0
2021-01-27,3137,26,74,3048,15,0,0,7,0
2021-01-28,3142,25,72,3055,15,0,0,7,0
2021-01-29,3147,25,71,3061,15,0,0,6,0
2021-01-30,3152,24,69,3068,15,0,0,6,0
2021-01-31,3157,24,68,3074,15,0,0,6,0
2021-02-01,3161,23,66,3080,15,0,0,6,0
2021-02-02,3166,23,65,3086,15,0,0,6,0
2021-02-03,3170,22,63,3092,15,0,0,6,0
2021-02-04,3174,21,62,3097,15,0,0,6,0
2021-02-05,3178,21,60,3103,15,0,0,5,0
2021-02-06,3182,20,59,3108,15,0,0,5,0
2021-02-07,3187,20,58,3114,15,0,0,5,0
2021-02-08,3190,20,56,3119,15,0,0,5,0
2021-02-09,3194,19,55,3124,15,0,0,5,0
2021-02-10,3198,19,54,3129,15,0,0,5,0
2021-02-11,3202,18,53,3134,15,0,0,5,0
2021-02-12,3204,18,51,3138,15,0,0,5,0
2021-02-13,3208,17,50,3143,15,0,0,5,0
2021-02-14,3211,17,49,3147,15,0,0,4,0
2021-02-15,3215,16,48,3152,15,0,0,4,0
2021-02-16,3218,16,47,3156,15,0,0,4,0
2021-02-17,3221,16,46,3160,15,0,0,4,0
2021-02-18,3224,15,45,3164,15,0,0,4,0
2021-02-19,3227,15,44,3168,15,0,0,4,0
2021-02-20,3230,15,43,3172,15,0,0,4,0
2021-02-21,3233,14,42,3176,15,0,0,4,0
2021-02-22,3236,14,41,3180,15,0,0,4,0
2021-02-23,3238,14,40,3183,15,0,0,4,0
2021-02-24,3241,13,39,3187,15,0,0,3,0
2021-02-25,3243,13,38,3190,15,0,0,3,0
2021-02-26,3246,13,37,3194,15,0,0,3,0
2021-02-27,3248,12,36,3197,15,0,0,3,0
2021-02-28,3250,12,35,3200,15,0,0,3,0
2021-03-01,3252,12,34,3203,15,0,0,3,0
2021-03-02,3255,11,33,3207,15,0,0,3,0
2021-03-03,3258,11,33,3210,15,0,0,3,0
2021-03-04,3260,11,32,3212,16,0,0,3,0
2021-03-05,3262,11,31,3215,16,0,0,3,0
2021-03-06,3264,10,30,3218,16,0,0,3,0
2021-03-07,3267,10,30,3221,16,0,0,3,0
2021-03-08,3268,10,29,3223,16,0,0,3,0
2021-03-09,3270,10,28,3226,16,0,0,3,0
2021-03-10,3273,9,28,3229,16,0,0,2,0
2021-03-11,3274,9,27,3231,16,0,0,2,0
2021-03-12,3275,9,26,3233,16,0,0,2,0
2021-03-13,3278,9,26,3236,16,0,0,2,0
2021-03-14,3279,8,25,3238,16,0,0,2,0
2021-03-15,3280,8,24,3240,16,0,0,2,0
2021-03-16,3283,8,24,3243,16,0,0,2,0
2021-03-17,3284,8,23,3245,16,0,0,2,0
2021-03-18,3286,8,23,3247,16,0,0,2,0
2021-03-19,3287,7,22,3249,16,0,0,2,0
2021-03-20,3288,7,21,3251,16,0,0,2,0
2021-03-21,3290,7,21,3253,16,0,0,2,0
2021-03-22,3291,7,20,3255,16,0,0,2,0
2021-03-23,3292,7,20,3256,16,0,0,2,0
2021-03-24,3293,7,19,3258,16,0,0,2,0
2021-03-25,3295,6,19,3260,16,0,0,2,0
2021-03-26,3296,6,18,3262,16,0,0,2,0
2021-03-27,3297,6,18,3263,16,0,0,2,0
2021-03-28,3299,6,18,3265,16,0,0,2,0
2021-03-29,3299,6,17,3266,16,0,0,2,0
2021-03-30,3301,6,17,3268,16,0,0,2,0
2021-03-31,3301,5,16,3269,16,0,0,1,0
2021-04-01,3303,5,16,3271,16,0,0,1,0
2021-04-02,3304,5,16,3272,16,0,0,1,0
2021-04-03,3305,5,15,3274,16,0,0,1,0
2021-04-04,3306,5,15,3275,16,0,0,1,0
2021-04-05,3306,5,14,3276,16,0,0,1,0
2021-04-06,3308,5,14,3278,16,0,0,1,0
2021-04-07,3309,5,14,3279,16,0,0,1,0
2021-04-08,3309,4,13,3280,16,0,0,1,0
2021-04-09,3310,4,13,3281,16,0,0,1,0
2021-04-10,3312,4,13,3283,16,0,0,1,0
2021-04-11,3312,4,12,3284,16,0,0,1,0
2021-04-12,3313,4,12,3285,16,0,0,1,0
2021-04-13,3314,4,12,3286,16,0,0,1,0
2021-04-14,3314,4,11,3287,16,0,0,1,0
2021-04-15,3315,4,11,3288,16,0,0,1,0
2021-04-16,3316,4,11,3289,16,0,0,1,0
2021-04-17,3317,4,11,3290,16,0,0,1,0
2021-04-18,3317,3,10,3291,16,0,0,1,0
2021-04-19,3318,3,10,3292,16,0,0,1,0
2021-04-20,3319,3,10,3293,16,0,0,1,0
2021-04-21,3320,3,10,3294,16,0,0,1,0
2021-04-22,3319,3,9,3294,16,0,0,1,0
2021-04-23,3320,3,9,3295,16,0,0,1,0
2021-04-24,3321,3,9,3296,16,0,0,1,0
2021-04-25,3322,3,9,3297,16,0,0,1,0
2021-04-26,3322,3,8,3298,16,0,0,1,0
2021-04-27,3322,3,8,3298,16,0,0,1,0
2021-04-28,3323,3,8,3299,16,0,0,1,0
2021-04-29,3324,3,8,3300,16,0,0,1,0
2021-04-30,3325,3,8,3301,16,0,0,1,0
2021-05-01,3324,2,7,3301,16,0,0,1,0
2021-05-02,3325,2,7,3302,16,0,0,1,0
2021-05-03,3326,2,7,3303,16,0,0,1,0
2021-05-04,3326,2,7,3303,16,0,0,1,0
2021-05-05,3327,2,7,3304,16,0,0,1,0
2021-05-06,3327,2,7,3304,16,0,0,1,0
2021-05-07,3327,2,6,3305,16,0,0,1,0
2021-05-08,3328,2,6,3306,16,0,0,1,0
2021-05-09,3328,2,6,3306,16,0,0,1,0
2021-05-10,3329,2,6,3307,16,0,0,1,0
2021-05-11,3329,2,6,3307,16,0,0,1,0
2021-05-12,3330,2,6,3308,16,0,0,1,0
2021-05-13,3329,2,5,3308,16,0,0,0,0
2021-05-14,3330,2,5,3309,16,0,0,0,0
2021-05-15,3330,2,5,3309,16,0,0,0,0
2021-05-16,3331,2,5,3310,16,0,0,0,0
2021-05-17,3331,2,5,3310,16,0,0,0,0
2021-05-18,3332,2,5,3311,16,0,0,0,0
2021-05-19,3332,2,5,3311,16,0,0,0,0
2021-05-20,3332,2,5,3311,16,0,0,0,0
2021-05-21,3332,1,4,3312,16,0,0,0,0
2021-05-22,3332,1,4,3312,16,0,0,0,0
2021-05-23,3333,1,4,3313,16,0,0,0,0
2021-05-24,3333,1,4,3313,16,0,0,0,0
2021-05-25,3333,1,4,3313,16,0,0,0,0
2021-05-26,3334,1,4,3314,16,0,0,0,0
2021-05-27,3334,1,4,3314,16,0,0,0,0
2021-05-28,3334,1,4,3314,16,0,0,0,0
2021-05-29,3335,1,4,3315,16,0,0,0,0
2021-05-30,3335,1,4,3315,16,0,0,0,0
2021-05-31,3334,1,3,3315,16,0,0,0,0
2021-06-01,3335,1,3,3316,16,0,0,0,0
2021-06-02,3335,1,3,3316,16,0,0,0,0
2021-06-03,3335,1,3,3316,16,0,0,0,0
2021-06-04,3335,1,3,3316,16,0,0,0,0
2021-06-05,3336,1,3,3317,16,0,0,0,0
2021-06-06,3336,1,3,3317,16,0,0,0,0
2021-06-07,3336,1,3,3317,16,0,0,0,0
2021-06-08,3337,1,3,3318,16,0,0,0,0
2021-06-09,3337,1,3,3318,16,0,0,0,0
2021-06-10,3337,1,3,3318,16,0,0,0,0
2021-06-11,3337,1,3,3318,16,0,0,0,0
2021-06-12,3338,1,3,3319,16,0,0,0,0
2021-06-13,3337,1,2,3319,16,0,0,0,0
2021-06-14,3337,1,2,3319,16,0,0,0,0
2021-06-15,3337,1,2,3319,16,0,0,0,0
2021-06-16,3337,1,2,3319,16,0,0,0,0
2021-06-17,3338,1,2,3320,16,0,0,0,0
2021-06-18,3338,1,2,3320,16,0,0,0,0
2021-06-19,3338,1,2,3320,16,0,0,0,0
2021-06-20,3338,1,2,3320,16,0,0,0,0
2021-06-21,3338,1,2,3320,16,0,0,0,0
2021-06-22,3339,1,2,3321,16,0,0,0,0
2021-06-23,3339,1,2,3321,16,0,0,0,0
2021-06-24,3339,1,2,3321,16,0,0,0,0
2021-06-25,3339,1,2,3321,16,0,0,0,0
2021-06-26,3339,1,2,3321,16,0,0,0,0
2021-06-27,3339,1,2,3321,16,0,0,0,0
2021-06-28,3340,1,2,3322,16,0,0,0,0
2021-06-29,3340,1,2,3322,16,0,0,0,0
2021-06-30,3340,1,2,3322,16,0,0,0,0
2021-07-01,3340,1,2,3322,16,0,0,0,0
2021-07-02,3339,0,1,3322,16,0,0,0,0
