Date,Infected,Exposed,Active,Recovered,Deaths,Diff Exposed,Diff Active,Diff Recovered,Diff Deaths
2020-06-24,374,31,102,271,1,6,0,9,0
2020-06-25,380,36,99,280,1,4,0,9,0
2020-06-26,388,40,98,289,1,3,0,9,0
2020-06-27,396,43,97,298,1,3,0,9,0
2020-06-28,405,46,97,307,1,2,0,9,0
2020-06-29,414,48,97,316,1,2,1,9,0
2020-06-30,423,49,98,324,1,2,1,9,0
2020-07-01,433,51,99,333,1,1,1,9,0
2020-07-02,443,52,100,342,1,1,1,9,0
2020-07-03,453,53,101,351,1,1,1,9,0
2020-07-04,464,54,102,361,1,1,1,9,0
2020-07-05,474,55,103,370,1,1,1,9,0
2020-07-06,485,56,105,379,1,1,1,10,0
2020-07-07,496,57,106,389,1,1,1,10,0
2020-07-08,508,58,108,399,1,1,2,10,0
2020-07-09,518,59,109,408,1,1,2,10,0
2020-07-10,530,59,111,418,1,1,2,10,0
2020-07-11,542,60,113,428,1,1,2,10,0
2020-07-12,554,61,114,439,1,1,2,10,0
2020-07-13,566,62,116,449,1,1,2,10,0
2020-07-14,578,63,117,460,1,1,2,11,0
2020-07-15,590,64,119,470,1,1,2,11,0
2020-07-16,603,65,121,481,1,1,2,11,0
2020-07-17,615,65,122,492,1,1,2,11,0
2020-07-18,629,66,124,503,2,1,2,11,0
2020-07-19,643,67,126,515,2,1,2,11,0
2020-07-20,656,68,128,526,2,1,2,12,0
2020-07-21,669,69,129,538,2,1,2,12,0
2020-07-22,682,70,131,549,2,1,2,12,0
2020-07-23,696,70,133,561,2,1,2,12,0
2020-07-24,711,71,135,574,2,1,2,12,0
2020-07-25,724,72,136,586,2,1,2,12,0
2020-07-26,738,73,138,598,2,1,2,13,0
2020-07-27,753,74,140,611,2,1,2,13,0
2020-07-28,767,75,142,623,2,1,2,13,0
2020-07-29,781,76,143,636,2,1,2,13,0
2020-07-30,796,76,145,649,2,1,2,13,0
2020-07-31,812,77,147,663,2,1,2,13,0
2020-08-01,827,78,149,676,2,1,2,13,0
2020-08-02,843,79,151,690,2,1,2,14,0
2020-08-03,857,80,152,703,2,1,2,14,0
2020-08-04,873,81,154,717,2,1,2,14,0
2020-08-05,889,82,156,731,2,1,2,14,0
2020-08-06,905,82,158,745,2,1,2,14,0
2020-08-07,922,83,160,760,2,1,2,14,0
2020-08-08,938,84,162,774,2,1,2,15,0
2020-08-09,954,85,163,789,2,1,2,15,0
2020-08-10,971,86,165,804,2,1,2,15,0
2020-08-11,988,87,167,819,2,1,2,15,0
2020-08-12,1006,87,169,834,3,1,2,15,0
2020-08-13,1023,88,171,849,3,1,2,15,0
2020-08-14,1040,89,172,865,3,1,2,16,0
2020-08-15,1058,90,174,881,3,1,2,16,0
2020-08-16,1076,91,176,897,3,1,2,16,0
2020-08-17,1094,91,178,913,3,1,2,16,0
2020-08-18,1112,92,180,929,3,1,2,16,0
2020-08-19,1129,93,181,945,3,1,2,16,0
2020-08-20,1148,94,183,962,3,1,2,17,0
2020-08-21,1166,95,185,978,3,1,2,17,0
2020-08-22,1185,95,187,995,3,1,2,17,0
2020-08-23,1203,96,188,1012,3,1,2,17,0
2020-08-24,1222,97,190,1029,3,1,2,17,0
2020-08-25,1241,97,192,1046,3,1,2,17,0
2020-08-26,1260,98,193,1064,3,1,2,18,0
2020-08-27,1279,99,195,1081,3,1,2,18,0
2020-08-28,1299,99,197,1099,3,1,2,18,0
2020-08-29,1318,100,198,1117,3,1,2,18,0
2020-08-30,1338,101,200,1135,3,1,2,18,0
2020-08-31,1357,101,201,1153,3,1,2,18,0
2020-09-01,1378,102,203,1171,4,1,2,18,0
2020-09-02,1399,103,205,1190,4,1,2,19,0
2020-09-03,1418,103,206,1208,4,1,2,19,0
2020-09-04,1439,104,208,1227,4,1,1,19,0
2020-09-05,1459,104,209,1246,4,1,1,19,0
2020-09-06,1480,105,211,1265,4,1,1,19,0
2020-09-07,1500,105,212,1284,4,1,1,19,0
2020-09-08,1520,106,213,1303,4,0,1,19,0
2020-09-09,1542,106,215,1323,4,0,1,19,0
2020-09-10,1562,107,216,1342,4,0,1,20,0
2020-09-11,1583,107,217,1362,4,0,1,20,0
2020-09-12,1605,108,219,1382,4,0,1,20,0
2020-09-13,1626,108,220,1402,4,0,1,20,0
2020-09-14,1647,109,221,1422,4,0,1,20,0
2020-09-15,1668,109,222,1442,4,0,1,20,0
2020-09-16,1689,109,223,1462,4,0,1,20,0
2020-09-17,1711,110,225,1482,4,0,1,20,0
2020-09-18,1734,110,226,1503,5,0,1,20,0
2020-09-19,1755,110,227,1523,5,0,1,21,0
2020-09-20,1777,111,228,1544,5,0,1,21,0
2020-09-21,1798,111,229,1564,5,0,1,21,0
2020-09-22,1820,111,230,1585,5,0,1,21,0
2020-09-23,1842,111,231,1606,5,0,1,21,0
2020-09-24,1863,112,231,1627,5,0,1,21,0
2020-09-25,1885,112,232,1648,5,0,1,21,0
2020-09-26,1907,112,233,1669,5,0,1,21,0
2020-09-27,1929,112,234,1690,5,0,1,21,0
2020-09-28,1951,112,235,1711,5,0,1,21,0
2020-09-29,1973,112,235,1733,5,0,1,21,0
2020-09-30,1995,112,236,1754,5,0,1,21,0
2020-10-01,2016,112,236,1775,5,0,1,21,0
2020-10-02,2039,112,237,1797,5,0,1,21,0
2020-10-03,2060,112,237,1818,5,0,0,22,0
2020-10-04,2084,112,238,1840,6,0,0,22,0
2020-10-05,2105,112,238,1861,6,0,0,22,0
2020-10-06,2128,112,239,1883,6,0,0,22,0
2020-10-07,2150,112,239,1905,6,0,0,22,0
2020-10-08,2171,112,239,1926,6,0,0,22,0
2020-10-09,2193,112,239,1948,6,0,0,22,0
2020-10-10,2216,112,240,1970,6,0,0,22,0
2020-10-11,2237,112,240,1991,6,0,0,22,0
2020-10-12,2259,112,240,2013,6,0,0,22,0
2020-10-13,2281,111,240,2035,6,0,0,22,0
2020-10-14,2303,111,240,2057,6,0,0,22,0
2020-10-15,2324,111,240,2078,6,0,0,22,0
2020-10-16,2346,111,240,2100,6,0,0,22,0
2020-10-17,2368,110,240,2122,6,0,0,22,0
2020-10-18,2390,110,240,2144,6,0,0,22,0
2020-10-19,2411,110,239,2165,7,0,0,22,0
2020-10-20,2433,109,239,2187,7,0,0,22,0
2020-10-21,2455,109,239,2209,7,0,0,22,0
2020-10-22,2475,109,238,2230,7,0,0,22,0
2020-10-23,2497,108,238,2252,7,0,0,22,0
2020-10-24,2518,108,238,2273,7,0,0,22,0
2020-10-25,2539,107,237,2295,7,0,0,21,0
2020-10-26,2560,107,237,2316,7,0,0,21,0
2020-10-27,2581,106,236,2338,7,0,0,21,0
2020-10-28,2601,106,235,2359,7,0,0,21,0
2020-10-29,2622,105,235,2380,7,0,0,21,0
2020-10-30,2643,105,234,2402,7,0,0,21,0
2020-10-31,2663,104,233,2423,7,0,0,21,0
2020-11-01,2684,104,233,2444,7,0,0,21,0
2020-11-02,2704,103,232,2465,7,0,0,21,0
2020-11-03,2724,103,231,2486,7,0,0,21,0
2020-11-04,2745,102,230,2507,8,0,0,21,0
2020-11-05,2765,102,229,2528,8,0,0,21,0
2020-11-06,2785,101,228,2549,8,0,0,21,0
2020-11-07,2804,100,227,2569,8,0,0,21,0
2020-11-08,2824,100,226,2590,8,0,0,21,0
2020-11-09,2843,99,225,2610,8,0,0,20,0
2020-11-10,2863,98,224,2631,8,0,0,20,0
2020-11-11,2882,98,223,2651,8,0,0,20,0
2020-11-12,2901,97,222,2671,8,0,0,20,0
2020-11-13,2920,96,221,2691,8,0,0,20,0
2020-11-14,2938,95,219,2711,8,0,0,20,0
2020-11-15,2957,95,218,2731,8,0,0,20,0
2020-11-16,2976,94,217,2751,8,0,0,20,0
2020-11-17,2994,93,216,2770,8,0,0,20,0
2020-11-18,3012,93,214,2790,8,0,0,19,0
2020-11-19,3030,92,213,2809,8,0,0,19,0
2020-11-20,3048,91,212,2828,8,0,0,19,0
2020-11-21,3067,90,210,2848,9,0,0,19,0
2020-11-22,3085,89,209,2867,9,0,0,19,0
2020-11-23,3101,89,207,2885,9,0,0,19,0
2020-11-24,3119,88,206,2904,9,0,0,19,0
2020-11-25,3136,87,204,2923,9,0,0,19,0
2020-11-26,3153,86,203,2941,9,0,0,18,0
2020-11-27,3170,85,201,2960,9,0,0,18,0
2020-11-28,3187,85,200,2978,9,0,0,18,0
2020-11-29,3203,84,198,2996,9,0,0,18,0
2020-11-30,3220,83,197,3014,9,0,0,18,0
2020-12-01,3236,82,195,3032,9,0,0,18,0
2020-12-02,3251,81,193,3049,9,0,0,18,0
2020-12-03,3268,81,192,3067,9,0,0,17,0
2020-12-04,3283,80,190,3084,9,0,0,17,0
2020-12-05,3299,79,189,3101,9,0,0,17,0
2020-12-06,3314,78,187,3118,9,0,0,17,0
2020-12-07,3329,77,185,3135,9,0,0,17,0
2020-12-08,3344,76,183,3152,9,0,0,17,0
2020-12-09,3360,76,182,3168,10,0,0,16,0
2020-12-10,3375,75,180,3185,10,0,0,16,0
2020-12-11,3389,74,178,3201,10,0,0,16,0
2020-12-12,3404,73,177,3217,10,0,0,16,0
2020-12-13,3418,72,175,3233,10,0,0,16,0
2020-12-14,3432,71,173,3249,10,0,0,16,0
2020-12-15,3446,71,171,3265,10,0,0,16,0
2020-12-16,3460,70,170,3280,10,0,0,15,0
2020-12-17,3473,69,168,3295,10,0,0,15,0
2020-12-18,3487,68,166,3311,10,0,0,15,0
2020-12-19,3501,67,165,3326,10,0,0,15,0
2020-12-20,3513,67,163,3340,10,0,0,15,0
2020-12-21,3526,66,161,3355,10,0,0,15,0
2020-12-22,3539,65,159,3370,10,0,0,14,0
2020-12-23,3552,64,158,3384,10,0,0,14,0
2020-12-24,3564,63,156,3398,10,0,0,14,0
2020-12-25,3576,63,154,3412,10,0,0,14,0
2020-12-26,3588,62,152,3426,10,0,0,14,0
2020-12-27,3601,61,151,3440,10,0,0,14,0
2020-12-28,3613,60,149,3454,10,0,0,13,0
2020-12-29,3624,59,147,3467,10,0,0,13,0
2020-12-30,3635,59,145,3480,10,0,0,13,0
2020-12-31,3647,58,144,3493,10,0,0,13,0
2021-01-01,3659,57,142,3506,11,0,0,13,0
2021-01-02,3670,56,140,3519,11,0,0,13,0
2021-01-03,3681,56,138,3532,11,0,0,13,0
2021-01-04,3692,55,137,3544,11,0,0,12,0
2021-01-05,3703,54,135,3557,11,0,0,12,0
2021-01-06,3713,53,133,3569,11,0,0,12,0
2021-01-07,3724,53,132,3581,11,0,0,12,0
2021-01-08,3734,52,130,3593,11,0,0,12,0
2021-01-09,3743,51,128,3604,11,0,0,12,0
2021-01-10,3754,50,127,3616,11,0,0,11,0
2021-01-11,3763,50,125,3627,11,0,0,11,0
2021-01-12,3773,49,123,3639,11,0,0,11,0
2021-01-13,3783,48,122,3650,11,0,0,11,0
2021-01-14,3792,48,120,3661,11,0,0,11,0
2021-01-15,3802,47,119,3672,11,0,0,11,0
2021-01-16,3810,46,117,3682,11,0,0,11,0
2021-01-17,3820,46,116,3693,11,0,0,10,0
2021-01-18,3828,45,114,3703,11,0,0,10,0
2021-01-19,3837,44,112,3714,11,0,0,10,0
2021-01-20,3846,44,111,3724,11,0,0,10,0
2021-01-21,3854,43,109,3734,11,0,0,10,0
2021-01-22,3863,42,108,3744,11,0,0,10,0
2021-01-23,3870,42,106,3753,11,0,0,10,0
2021-01-24,3879,41,105,3763,11,0,0,10,0
2021-01-25,3886,40,103,3772,11,0,0,9,0
2021-01-26,3895,40,102,3782,11,0,0,9,0
2021-01-27,3902,39,100,3791,11,0,0,9,0
2021-01-28,3910,39,99,3800,11,0,0,9,0
2021-01-29,3918,38,98,3809,11,0,0,9,0
2021-01-30,3925,37,96,3818,11,0,0,9,0
2021-01-31,3932,37,95,3826,11,0,0,9,0
2021-02-01,3940,36,93,3835,12,0,0,8,0
2021-02-02,3947,36,92,3843,12,0,0,8,0
2021-02-03,3955,35,91,3852,12,0,0,8,0
2021-02-04,3961,35,89,3860,12,0,0,8,0
2021-02-05,3968,34,88,3868,12,0,0,8,0
2021-02-06,3975,34,87,3876,12,0,0,8,0
2021-02-07,3981,33,85,3884,12,0,0,8,0
2021-02-08,3987,33,84,3891,12,0,0,8,0
2021-02-09,3994,32,83,3899,12,0,0,8,0
2021-02-10,4000,31,82,3906,12,0,0,7,0
2021-02-11,4006,31,80,3914,12,0,0,7,0
2021-02-12,4012,30,79,3921,12,0,0,7,0
2021-02-13,4018,30,78,3928,12,0,0,7,0
2021-02-14,4024,30,77,3935,12,0,0,7,0
2021-02-15,4030,29,76,3942,12,0,0,7,0
2021-02-16,4035,29,74,3949,12,0,0,7,0
2021-02-17,4041,28,73,3956,12,0,0,7,0
2021-02-18,4046,28,72,3962,12,0,0,7,0
2021-02-19,4052,27,71,3969,12,0,0,6,0
2021-02-20,4057,27,70,3975,12,0,0,6,0
2021-02-21,4062,26,69,3981,12,0,0,6,0
2021-02-22,4068,26,68,3988,12,0,0,6,0
2021-02-23,4073,25,67,3994,12,0,0,6,0
2021-02-24,4078,25,66,4000,12,0,0,6,0
2021-02-25,4083,25,65,4006,12,0,0,6,0
2021-02-26,4086,24,63,4011,12,0,0,6,0
2021-02-27,4091,24,62,4017,12,0,0,6,0
2021-02-28,4096,23,61,4023,12,0,0,6,0
2021-03-01,4100,23,60,4028,12,0,0,5,0
2021-03-02,4106,23,60,4034,12,0,0,5,0
2021-03-03,4110,22,59,4039,12,0,0,5,0
2021-03-04,4114,22,58,4044,12,0,0,5,0
2021-03-05,4119,22,57,4050,12,0,0,5,0
2021-03-06,4123,21,56,4055,12,0,0,5,0
2021-03-07,4127,21,55,4060,12,0,0,5,0
2021-03-08,4131,20,54,4065,12,0,0,5,0
2021-03-09,4134,20,53,4069,12,0,0,5,0
2021-03-10,4138,20,52,4074,12,0,0,5,0
2021-03-11,4142,19,51,4079,12,0,0,5,0
2021-03-12,4146,19,50,4084,12,0,0,5,0
2021-03-13,4150,19,50,4088,12,0,0,4,0
2021-03-14,4154,18,49,4093,12,0,0,4,0
2021-03-15,4157,18,48,4097,12,0,0,4,0
2021-03-16,4160,18,47,4101,12,0,0,4,0
2021-03-17,4164,18,46,4106,12,0,0,4,0
2021-03-18,4168,17,46,4110,12,0,0,4,0
2021-03-19,4171,17,45,4114,12,0,0,4,0
2021-03-20,4174,17,44,4118,12,0,0,4,0
2021-03-21,4177,16,43,4122,12,0,0,4,0
2021-03-22,4181,16,43,4126,12,0,0,4,0
2021-03-23,4184,16,42,4130,12,0,0,4,0
2021-03-24,4186,16,41,4133,12,0,0,4,0
2021-03-25,4190,15,41,4137,12,0,0,4,0
2021-03-26,4193,15,40,4141,12,0,0,4,0
2021-03-27,4195,15,39,4144,12,0,0,4,0
2021-03-28,4199,14,39,4148,12,0,0,3,0
2021-03-29,4201,14,38,4151,12,0,0,3,0
2021-03-30,4204,14,37,4155,12,0,0,3,0
2021-03-31,4207,14,37,4158,12,0,0,3,0
2021-04-01,4210,14,36,4161,13,0,0,3,0
2021-04-02,4213,13,35,4165,13,0,0,3,0
2021-04-03,4216,13,35,4168,13,0,0,3,0
2021-04-04,4218,13,34,4171,13,0,0,3,0
2021-04-05,4221,13,34,4174,13,0,0,3,0
2021-04-06,4223,12,33,4177,13,0,0,3,0
2021-04-07,4225,12,32,4180,13,0,0,3,0
2021-04-08,4228,12,32,4183,13,0,0,3,0
2021-04-09,4230,12,31,4186,13,0,0,3,0
2021-04-10,4233,12,31,4189,13,0,0,3,0
2021-04-11,4234,11,30,4191,13,0,0,3,0
2021-04-12,4237,11,30,4194,13,0,0,3,0
2021-04-13,4239,11,29,4197,13,0,0,3,0
2021-04-14,4241,11,29,4199,13,0,0,3,0
2021-04-15,4243,11,28,4202,13,0,0,3,0
2021-04-16,4245,10,28,4204,13,0,0,3,0
2021-04-17,4247,10,27,4207,13,0,0,2,0
2021-04-18,4249,10,27,4209,13,0,0,2,0
2021-04-19,4251,10,26,4212,13,0,0,2,0
2021-04-20,4253,10,26,4214,13,0,0,2,0
2021-04-21,4254,9,25,4216,13,0,0,2,0
2021-04-22,4257,9,25,4219,13,0,0,2,0
2021-04-23,4258,9,24,4221,13,0,0,2,0
2021-04-24,4260,9,24,4223,13,0,0,2,0
2021-04-25,4262,9,24,4225,13,0,0,2,0
2021-04-26,4263,9,23,4227,13,0,0,2,0
2021-04-27,4266,8,23,4230,13,0,0,2,0
2021-04-28,4267,8,22,4232,13,0,0,2,0
2021-04-29,4269,8,22,4234,13,0,0,2,0
2021-04-30,4271,8,22,4236,13,0,0,2,0
2021-05-01,4272,8,21,4238,13,0,0,2,0
2021-05-02,4273,8,21,4239,13,0,0,2,0
2021-05-03,4274,8,20,4241,13,0,0,2,0
2021-05-04,4276,7,20,4243,13,0,0,2,0
2021-05-05,4278,7,20,4245,13,0,0,2,0
2021-05-06,4279,7,19,4247,13,0,0,2,0
2021-05-07,4281,7,19,4249,13,0,0,2,0
2021-05-08,4282,7,19,4250,13,0,0,2,0
2021-05-09,4283,7,18,4252,13,0,0,2,0
2021-05-10,4285,7,18,4254,13,0,0,2,0
2021-05-11,4286,7,18,4255,13,0,0,2,0
2021-05-12,4287,6,17,4257,13,0,0,2,0
2021-05-13,4288,6,17,4258,13,0,0,2,0
2021-05-14,4290,6,17,4260,13,0,0,2,0
2021-05-15,4290,6,16,4261,13,0,0,1,0
2021-05-16,4292,6,16,4263,13,0,0,1,0
2021-05-17,4293,6,16,4264,13,0,0,1,0
2021-05-18,4295,6,16,4266,13,0,0,1,0
2021-05-19,4295,6,15,4267,13,0,0,1,0
2021-05-20,4297,6,15,4269,13,0,0,1,0
2021-05-21,4298,5,15,4270,13,0,0,1,0
2021-05-22,4299,5,15,4271,13,0,0,1,0
2021-05-23,4300,5,14,4273,13,0,0,1,0
2021-05-24,4301,5,14,4274,13,0,0,1,0
2021-05-25,4302,5,14,4275,13,0,0,1,0
2021-05-26,4303,5,14,4276,13,0,0,1,0
2021-05-27,4304,5,13,4278,13,0,0,1,0
2021-05-28,4305,5,13,4279,13,0,0,1,0
2021-05-29,4306,5,13,4280,13,0,0,1,0
2021-05-30,4307,5,13,4281,13,0,0,1,0
2021-05-31,4307,5,12,4282,13,0,0,1,0
2021-06-01,4308,4,12,4283,13,0,0,1,0
2021-06-02,4309,4,12,4284,13,0,0,1,0
2021-06-03,4310,4,12,4285,13,0,0,1,0
2021-06-04,4311,4,11,4287,13,0,0,1,0
2021-06-05,4312,4,11,4288,13,0,0,1,0
2021-06-06,4313,4,11,4289,13,0,0,1,0
2021-06-07,4314,4,11,4290,13,0,0,1,0
2021-06-08,4315,4,11,4291,13,0,0,1,0
2021-06-09,4315,4,10,4292,13,0,0,1,0
2021-06-10,4315,4,10,4292,13,0,0,1,0
2021-06-11,4316,4,10,4293,13,0,0,1,0
2021-06-12,4317,4,10,4294,13,0,0,1,0
2021-06-13,4318,4,10,4295,13,0,0,1,0
2021-06-14,4319,4,10,4296,13,0,0,1,0
2021-06-15,4319,3,9,4297,13,0,0,1,0
2021-06-16,4320,3,9,4298,13,0,0,1,0
2021-06-17,4321,3,9,4299,13,0,0,1,0
2021-06-18,4321,3,9,4299,13,0,0,1,0
2021-06-19,4322,3,9,4300,13,0,0,1,0
