Date,Infected,Exposed,Active,Recovered,Deaths,Diff Exposed,Diff Active,Diff Recovered,Diff Deaths
2020-07-12,1727,262,372,1353,2,0,18,34,0
2020-07-13,1777,247,388,1387,2,0,13,35,0
2020-07-14,1826,237,400,1423,3,0,10,36,0
2020-07-15,1871,229,409,1459,3,0,8,37,0
2020-07-16,1916,223,416,1497,3,0,6,38,0
2020-07-17,1958,219,421,1534,3,0,5,38,0
2020-07-18,2001,215,425,1573,3,0,4,39,0
2020-07-19,2044,213,429,1612,3,0,3,39,0
2020-07-20,2085,211,431,1651,3,0,2,39,0
2020-07-21,2126,210,433,1690,3,0,2,39,0
2020-07-22,2167,209,435,1729,3,0,1,39,0
2020-07-23,2208,208,436,1769,3,0,1,40,0
2020-07-24,2248,208,437,1808,3,0,1,40,0
2020-07-25,2289,207,438,1848,3,0,1,40,0
2020-07-26,2330,207,439,1888,3,0,1,40,0
2020-07-27,2370,206,439,1928,3,0,0,40,0
2020-07-28,2412,206,440,1968,4,0,0,40,0
2020-07-29,2452,205,440,2008,4,0,0,40,0
2020-07-30,2491,205,440,2047,4,0,0,40,0
2020-07-31,2532,205,441,2087,4,0,0,40,0
2020-08-01,2572,204,441,2127,4,0,0,40,0
2020-08-02,2612,204,441,2167,4,0,0,40,0
2020-08-03,2651,203,440,2207,4,0,0,40,0
2020-08-04,2691,203,440,2247,4,0,0,40,0
2020-08-05,2731,202,440,2287,4,0,0,40,0
2020-08-06,2771,202,440,2327,4,0,0,40,0
2020-08-07,2810,201,439,2367,4,0,0,40,0
2020-08-08,2850,201,439,2407,4,0,0,40,0
2020-08-09,2889,200,438,2447,4,0,0,40,0
2020-08-10,2927,199,437,2486,4,0,0,40,0
2020-08-11,2968,199,437,2526,5,0,0,40,0
2020-08-12,3007,198,436,2566,5,0,0,40,0
2020-08-13,3045,197,435,2605,5,0,0,39,0
2020-08-14,3084,197,434,2645,5,0,0,39,0
2020-08-15,3122,196,433,2684,5,0,0,39,0
2020-08-16,3160,195,432,2723,5,0,0,39,0
2020-08-17,3198,194,431,2762,5,0,0,39,0
2020-08-18,3237,193,430,2802,5,0,0,39,0
2020-08-19,3275,192,429,2841,5,0,0,39,0
2020-08-20,3311,191,427,2879,5,0,0,39,0
2020-08-21,3349,191,426,2918,5,0,0,39,0
2020-08-22,3387,190,425,2957,5,0,0,39,0
2020-08-23,3423,189,423,2995,5,0,0,38,0
2020-08-24,3461,188,422,3034,5,0,0,38,0
2020-08-25,3497,187,420,3072,5,0,0,38,0
2020-08-26,3535,186,419,3110,6,0,0,38,0
2020-08-27,3571,185,417,3148,6,0,0,38,0
2020-08-28,3607,184,415,3186,6,0,0,38,0
2020-08-29,3642,182,413,3223,6,0,0,38,0
2020-08-30,3679,181,412,3261,6,0,0,37,0
2020-08-31,3714,180,410,3298,6,0,0,37,0
2020-09-01,3749,179,408,3335,6,0,0,37,0
2020-09-02,3784,178,406,3372,6,0,0,37,0
2020-09-03,3819,177,404,3409,6,0,0,37,0
2020-09-04,3853,176,402,3445,6,0,0,36,0
2020-09-05,3888,174,400,3482,6,0,0,36,0
2020-09-06,3921,173,397,3518,6,0,0,36,0
2020-09-07,3955,172,395,3554,6,0,0,36,0
2020-09-08,3989,171,393,3590,6,0,0,36,0
2020-09-09,4022,169,391,3625,6,0,0,35,0
2020-09-10,4056,168,388,3661,7,0,0,35,0
2020-09-11,4089,167,386,3696,7,0,0,35,0
2020-09-12,4122,165,384,3731,7,0,0,35,0
2020-09-13,4153,164,381,3765,7,0,0,35,0
2020-09-14,4186,163,379,3800,7,0,0,34,0
2020-09-15,4217,162,376,3834,7,0,0,34,0
2020-09-16,4249,160,374,3868,7,0,0,34,0
2020-09-17,4280,159,371,3902,7,0,0,34,0
2020-09-18,4311,158,368,3936,7,0,0,33,0
2020-09-19,4342,156,366,3969,7,0,0,33,0
2020-09-20,4372,155,363,4002,7,0,0,33,0
2020-09-21,4403,153,361,4035,7,0,0,33,0
2020-09-22,4433,152,358,4068,7,0,0,32,0
2020-09-23,4462,151,355,4100,7,0,0,32,0
2020-09-24,4491,149,352,4132,7,0,0,32,0
2020-09-25,4521,148,350,4164,7,0,0,32,0
2020-09-26,4551,147,347,4196,8,0,0,31,0
2020-09-27,4579,145,344,4227,8,0,0,31,0
2020-09-28,4607,144,341,4258,8,0,0,31,0
2020-09-29,4635,142,338,4289,8,0,0,31,0
2020-09-30,4663,141,335,4320,8,0,0,30,0
2020-10-01,4691,140,333,4350,8,0,0,30,0
2020-10-02,4718,138,330,4380,8,0,0,30,0
2020-10-03,4745,137,327,4410,8,0,0,30,0
2020-10-04,4771,135,324,4439,8,0,0,29,0
2020-10-05,4798,134,321,4469,8,0,0,29,0
2020-10-06,4824,133,318,4498,8,0,0,29,0
2020-10-07,4850,131,315,4527,8,0,0,29,0
2020-10-08,4875,130,312,4555,8,0,0,28,0
2020-10-09,4900,128,309,4583,8,0,0,28,0
2020-10-10,4925,127,306,4611,8,0,0,28,0
2020-10-11,4950,126,303,4639,8,0,0,28,0
2020-10-12,4975,124,301,4666,8,0,0,27,0
2020-10-13,5000,123,298,4694,8,0,0,27,0
2020-10-14,5023,122,295,4720,8,0,0,27,0
2020-10-15,5047,120,292,4747,8,0,0,26,0
2020-10-16,5071,119,289,4773,9,0,0,26,0
2020-10-17,5095,117,286,4800,9,0,0,26,0
2020-10-18,5117,116,283,4825,9,0,0,26,0
2020-10-19,5140,115,280,4851,9,0,0,25,0
2020-10-20,5162,113,277,4876,9,0,0,25,0
2020-10-21,5184,112,274,4901,9,0,0,25,0
2020-10-22,5206,111,271,4926,9,0,0,25,0
2020-10-23,5228,109,268,4951,9,0,0,24,0
2020-10-24,5249,108,265,4975,9,0,0,24,0
2020-10-25,5270,107,262,4999,9,0,0,24,0
2020-10-26,5291,106,259,5023,9,0,0,24,0
2020-10-27,5312,104,257,5046,9,0,0,23,0
2020-10-28,5332,103,254,5069,9,0,0,23,0
2020-10-29,5352,102,251,5092,9,0,0,23,0
2020-10-30,5372,100,248,5115,9,0,0,23,0
2020-10-31,5391,99,245,5137,9,0,0,22,0
2020-11-01,5410,98,242,5159,9,0,0,22,0
2020-11-02,5430,97,240,5181,9,0,0,22,0
2020-11-03,5449,96,237,5203,9,0,0,21,0
2020-11-04,5467,94,234,5224,9,0,0,21,0
2020-11-05,5485,93,231,5245,9,0,0,21,0
2020-11-06,5503,92,228,5266,9,0,0,21,0
2020-11-07,5522,91,226,5287,9,0,0,20,0
2020-11-08,5539,90,223,5307,9,0,0,20,0
2020-11-09,5557,88,220,5327,10,0,0,20,0
2020-11-10,5575,87,218,5347,10,0,0,20,0
2020-11-11,5592,86,215,5367,10,0,0,19,0
2020-11-12,5608,85,212,5386,10,0,0,19,0
2020-11-13,5626,84,210,5406,10,0,0,19,0
2020-11-14,5641,83,207,5424,10,0,0,19,0
2020-11-15,5657,82,204,5443,10,0,0,19,0
2020-11-16,5674,80,202,5462,10,0,0,18,0
2020-11-17,5689,79,199,5480,10,0,0,18,0
2020-11-18,5705,78,197,5498,10,0,0,18,0
2020-11-19,5720,77,194,5516,10,0,0,18,0
2020-11-20,5735,76,192,5533,10,0,0,17,0
2020-11-21,5749,75,189,5550,10,0,0,17,0
2020-11-22,5765,74,187,5568,10,0,0,17,0
2020-11-23,5778,73,184,5584,10,0,0,17,0
2020-11-24,5793,72,182,5601,10,0,0,17,0
2020-11-25,5806,71,179,5617,10,0,0,16,0
2020-11-26,5821,70,177,5634,10,0,0,16,0
2020-11-27,5835,69,175,5650,10,0,0,16,0
2020-11-28,5847,68,172,5665,10,0,0,16,0
2020-11-29,5861,67,170,5681,10,0,0,15,0
2020-11-30,5874,66,168,5696,10,0,0,15,0
2020-12-01,5887,65,166,5711,10,0,0,15,0
2020-12-02,5899,64,163,5726,10,0,0,15,0
2020-12-03,5912,63,161,5741,10,0,0,15,0
2020-12-04,5925,62,159,5756,10,0,0,14,0
2020-12-05,5937,62,157,5770,10,0,0,14,0
2020-12-06,5948,61,154,5784,10,0,0,14,0
2020-12-07,5960,60,152,5798,10,0,0,14,0
2020-12-08,5972,59,150,5812,10,0,0,14,0
2020-12-09,5983,58,148,5825,10,0,0,13,0
2020-12-10,5995,57,146,5839,10,0,0,13,0
2020-12-11,6006,56,144,5852,10,0,0,13,0
2020-12-12,6017,56,142,5865,10,0,0,13,0
2020-12-13,6029,55,140,5878,11,0,0,13,0
2020-12-14,6039,54,138,5890,11,0,0,13,0
2020-12-15,6050,53,136,5903,11,0,0,12,0
2020-12-16,6060,52,134,5915,11,0,0,12,0
2020-12-17,6070,52,132,5927,11,0,0,12,0
2020-12-18,6080,51,130,5939,11,0,0,12,0
2020-12-19,6090,50,128,5951,11,0,0,12,0
2020-12-20,6101,49,127,5963,11,0,0,11,0
2020-12-21,6110,49,125,5974,11,0,0,11,0
2020-12-22,6119,48,123,5985,11,0,0,11,0
2020-12-23,6128,47,121,5996,11,0,0,11,0
2020-12-24,6137,46,119,6007,11,0,0,11,0
2020-12-25,6147,46,118,6018,11,0,0,11,0
2020-12-26,6156,45,116,6029,11,0,0,11,0
2020-12-27,6164,44,114,6039,11,0,0,10,0
2020-12-28,6172,44,112,6049,11,0,0,10,0
2020-12-29,6182,43,111,6060,11,0,0,10,0
2020-12-30,6190,42,109,6070,11,0,0,10,0
2020-12-31,6198,42,108,6079,11,0,0,10,0
2021-01-01,6206,41,106,6089,11,0,0,10,0
2021-01-02,6214,40,104,6099,11,0,0,9,0
2021-01-03,6222,40,103,6108,11,0,0,9,0
2021-01-04,6229,39,101,6117,11,0,0,9,0
2021-01-05,6237,39,100,6126,11,0,0,9,0
2021-01-06,6244,38,98,6135,11,0,0,9,0
2021-01-07,6252,37,97,6144,11,0,0,9,0
2021-01-08,6259,37,95,6153,11,0,0,9,0
2021-01-09,6267,36,94,6162,11,0,0,9,0
2021-01-10,6273,36,92,6170,11,0,0,8,0
2021-01-11,6280,35,91,6178,11,0,0,8,0
2021-01-12,6288,35,90,6187,11,0,0,8,0
2021-01-13,6294,34,88,6195,11,0,0,8,0
2021-01-14,6301,33,87,6203,11,0,0,8,0
2021-01-15,6308,33,86,6211,11,0,0,8,0
2021-01-16,6313,32,84,6218,11,0,0,8,0
2021-01-17,6320,32,83,6226,11,0,0,8,0
2021-01-18,6326,31,82,6233,11,0,0,7,0
2021-01-19,6332,31,80,6241,11,0,0,7,0
2021-01-20,6338,30,79,6248,11,0,0,7,0
2021-01-21,6344,30,78,6255,11,0,0,7,0
2021-01-22,6350,29,77,6262,11,0,0,7,0
2021-01-23,6356,29,76,6269,11,0,0,7,0
2021-01-24,6361,29,74,6276,11,0,0,7,0
2021-01-25,6367,28,73,6283,11,0,0,7,0
2021-01-26,6372,28,72,6289,11,0,0,7,0
2021-01-27,6378,27,71,6296,11,0,0,6,0
2021-01-28,6383,27,70,6302,11,0,0,6,0
2021-01-29,6388,26,69,6308,11,0,0,6,0
2021-01-30,6394,26,68,6315,11,0,0,6,0
2021-01-31,6399,25,67,6321,11,0,0,6,0
2021-02-01,6404,25,66,6327,11,0,0,6,0
2021-02-02,6409,25,65,6333,11,0,0,6,0
2021-02-03,6412,24,63,6338,11,0,0,6,0
2021-02-04,6417,24,62,6344,11,0,0,6,0
2021-02-05,6423,24,62,6350,11,0,0,6,0
2021-02-06,6427,23,61,6355,11,0,0,5,0
2021-02-07,6432,23,60,6361,11,0,0,5,0
2021-02-08,6436,22,59,6366,11,0,0,5,0
2021-02-09,6440,22,58,6371,11,0,0,5,0
2021-02-10,6445,22,57,6377,11,0,0,5,0
2021-02-11,6449,21,56,6382,11,0,0,5,0
2021-02-12,6453,21,55,6387,11,0,0,5,0
2021-02-13,6457,21,54,6392,11,0,0,5,0
2021-02-14,6461,20,53,6397,11,0,0,5,0
2021-02-15,6465,20,52,6402,11,0,0,5,0
2021-02-16,6469,20,52,6406,11,0,0,5,0
2021-02-17,6473,19,51,6411,11,0,0,5,0
2021-02-18,6476,19,50,6415,11,0,0,5,0
2021-02-19,6480,19,49,6420,11,0,0,4,0
2021-02-20,6483,18,48,6424,11,0,0,4,0
2021-02-21,6489,18,48,6429,12,0,0,4,0
2021-02-22,6492,18,47,6433,12,0,0,4,0
2021-02-23,6495,18,46,6437,12,0,0,4,0
2021-02-24,6498,17,45,6441,12,0,0,4,0
2021-02-25,6502,17,45,6445,12,0,0,4,0
2021-02-26,6505,17,44,6449,12,0,0,4,0
2021-02-27,6508,16,43,6453,12,0,0,4,0
2021-02-28,6511,16,42,6457,12,0,0,4,0
2021-03-01,6515,16,42,6461,12,0,0,4,0
2021-03-02,6518,16,41,6465,12,0,0,4,0
2021-03-03,6521,15,40,6469,12,0,0,4,0
2021-03-04,6524,15,40,6472,12,0,0,4,0
2021-03-05,6527,15,39,6476,12,0,0,4,0
2021-03-06,6529,15,38,6479,12,0,0,3,0
2021-03-07,6533,14,38,6483,12,0,0,3,0
2021-03-08,6535,14,37,6486,12,0,0,3,0
2021-03-09,6539,14,37,6490,12,0,0,3,0
2021-03-10,6541,14,36,6493,12,0,0,3,0
2021-03-11,6543,13,35,6496,12,0,0,3,0
2021-03-12,6546,13,35,6499,12,0,0,3,0
2021-03-13,6548,13,34,6502,12,0,0,3,0
2021-03-14,6552,13,34,6506,12,0,0,3,0
2021-03-15,6554,13,33,6509,12,0,0,3,0
2021-03-16,6557,12,33,6512,12,0,0,3,0
2021-03-17,6559,12,32,6515,12,0,0,3,0
2021-03-18,6561,12,32,6517,12,0,0,3,0
2021-03-19,6563,12,31,6520,12,0,0,3,0
2021-03-20,6565,12,30,6523,12,0,0,3,0
2021-03-21,6568,11,30,6526,12,0,0,3,0
2021-03-22,6571,11,30,6529,12,0,0,3,0
2021-03-23,6572,11,29,6531,12,0,0,3,0
2021-03-24,6575,11,29,6534,12,0,0,3,0
2021-03-25,6576,11,28,6536,12,0,0,3,0
2021-03-26,6579,10,28,6539,12,0,0,3,0
2021-03-27,6580,10,27,6541,12,0,0,2,0
2021-03-28,6583,10,27,6544,12,0,0,2,0
2021-03-29,6584,10,26,6546,12,0,0,2,0
2021-03-30,6587,10,26,6549,12,0,0,2,0
2021-03-31,6588,10,25,6551,12,0,0,2,0
2021-04-01,6590,9,25,6553,12,0,0,2,0
2021-04-02,6592,9,25,6555,12,0,0,2,0
2021-04-03,6594,9,24,6558,12,0,0,2,0
2021-04-04,6596,9,24,6560,12,0,0,2,0
2021-04-05,6597,9,23,6562,12,0,0,2,0
2021-04-06,6599,9,23,6564,12,0,0,2,0
2021-04-07,6601,9,23,6566,12,0,0,2,0
2021-04-08,6602,8,22,6568,12,0,0,2,0
2021-04-09,6604,8,22,6570,12,0,0,2,0
2021-04-10,6605,8,21,6572,12,0,0,2,0
2021-04-11,6607,8,21,6574,12,0,0,2,0
2021-04-12,6609,8,21,6576,12,0,0,2,0
2021-04-13,6610,8,20,6578,12,0,0,2,0
2021-04-14,6612,8,20,6580,12,0,0,2,0
2021-04-15,6614,7,20,6582,12,0,0,2,0
2021-04-16,6614,7,19,6583,12,0,0,2,0
2021-04-17,6616,7,19,6585,12,0,0,2,0
2021-04-18,6618,7,19,6587,12,0,0,2,0
2021-04-19,6619,7,18,6589,12,0,0,2,0
2021-04-20,6620,7,18,6590,12,0,0,2,0
2021-04-21,6622,7,18,6592,12,0,0,2,0
2021-04-22,6623,7,18,6593,12,0,0,2,0
2021-04-23,6624,7,17,6595,12,0,0,2,0
2021-04-24,6626,6,17,6597,12,0,0,2,0
2021-04-25,6627,6,17,6598,12,0,0,2,0
2021-04-26,6628,6,16,6600,12,0,0,1,0
2021-04-27,6629,6,16,6601,12,0,0,1,0
2021-04-28,6631,6,16,6603,12,0,0,1,0
2021-04-29,6632,6,16,6604,12,0,0,1,0
2021-04-30,6632,6,15,6605,12,0,0,1,0
2021-05-01,6634,6,15,6607,12,0,0,1,0
2021-05-02,6635,6,15,6608,12,0,0,1,0
2021-05-03,6636,6,15,6609,12,0,0,1,0
2021-05-04,6637,5,14,6611,12,0,0,1,0
2021-05-05,6638,5,14,6612,12,0,0,1,0
2021-05-06,6639,5,14,6613,12,0,0,1,0
2021-05-07,6641,5,14,6615,12,0,0,1,0
2021-05-08,6641,5,13,6616,12,0,0,1,0
2021-05-09,6642,5,13,6617,12,0,0,1,0
2021-05-10,6643,5,13,6618,12,0,0,1,0
2021-05-11,6644,5,13,6619,12,0,0,1,0
2021-05-12,6646,5,13,6621,12,0,0,1,0
2021-05-13,6646,5,12,6622,12,0,0,1,0
2021-05-14,6647,5,12,6623,12,0,0,1,0
2021-05-15,6648,4,12,6624,12,0,0,1,0
2021-05-16,6649,4,12,6625,12,0,0,1,0
2021-05-17,6650,4,12,6626,12,0,0,1,0
2021-05-18,6650,4,11,6627,12,0,0,1,0
2021-05-19,6651,4,11,6628,12,0,0,1,0
2021-05-20,6652,4,11,6629,12,0,0,1,0
2021-05-21,6653,4,11,6630,12,0,0,1,0
2021-05-22,6654,4,11,6631,12,0,0,1,0
2021-05-23,6654,4,10,6632,12,0,0,1,0
2021-05-24,6655,4,10,6633,12,0,0,1,0
2021-05-25,6656,4,10,6634,12,0,0,1,0
2021-05-26,6657,4,10,6635,12,0,0,1,0
2021-05-27,6658,4,10,6636,12,0,0,1,0
2021-05-28,6659,4,10,6637,12,0,0,1,0
2021-05-29,6658,4,9,6637,12,0,0,1,0
2021-05-30,6659,3,9,6638,12,0,0,1,0
2021-05-31,6660,3,9,6639,12,0,0,1,0
2021-06-01,6661,3,9,6640,12,0,0,1,0
2021-06-02,6662,3,9,6641,12,0,0,1,0
2021-06-03,6662,3,9,6641,12,0,0,1,0
2021-06-04,6662,3,8,6642,12,0,0,1,0
2021-06-05,6663,3,8,6643,12,0,0,1,0
2021-06-06,6664,3,8,6644,12,0,0,1,0
2021-06-07,6665,3,8,6645,12,0,0,1,0
2021-06-08,6665,3,8,6645,12,0,0,1,0
2021-06-09,6666,3,8,6646,12,0,0,1,0
2021-06-10,6667,3,8,6647,12,0,0,1,0
2021-06-11,6667,3,8,6647,12,0,0,1,0
2021-06-12,6667,3,7,6648,12,0,0,1,0
2021-06-13,6668,3,7,6649,12,0,0,1,0
2021-06-14,6668,3,7,6649,12,0,0,1,0
2021-06-15,6669,3,7,6650,12,0,0,1,0
2021-06-16,6670,3,7,6651,12,0,0,1,0
2021-06-17,6670,3,7,6651,12,0,0,1,0
2021-06-18,6671,3,7,6652,12,0,0,1,0
2021-06-19,6671,2,7,6652,12,0,0,1,0
2021-06-20,6671,2,6,6653,12,0,0,1,0
2021-06-21,6672,2,6,6654,12,0,0,1,0
2021-06-22,6672,2,6,6654,12,0,0,1,0
2021-06-23,6673,2,6,6655,12,0,0,1,0
2021-06-24,6673,2,6,6655,12,0,0,1,0
2021-06-25,6674,2,6,6656,12,0,0,1,0
2021-06-26,6674,2,6,6656,12,0,0,1,0
2021-06-27,6675,2,6,6657,12,0,0,1,0
2021-06-28,6675,2,6,6657,12,0,0,1,0
2021-06-29,6676,2,6,6658,12,0,0,1,0
2021-06-30,6675,2,5,6658,12,0,0,0,0
2021-07-01,6676,2,5,6659,12,0,0,0,0
2021-07-02,6676,2,5,6659,12,0,0,0,0
2021-07-03,6677,2,5,6660,12,0,0,0,0
2021-07-04,6677,2,5,6660,12,0,0,0,0
2021-07-05,6678,2,5,6661,12,0,0,0,0
2021-07-06,6678,2,5,6661,12,0,0,0,0
2021-07-07,6679,2,5,6662,12,0,0,0,0
