Date,Infected,Exposed,Active,Recovered,Deaths,Diff Exposed,Diff Active,Diff Recovered,Diff Deaths
2020-06-16,1785,321,512,1267,6,0,16,46,0
2020-06-17,1847,314,527,1314,6,0,14,48,0
2020-06-18,1908,309,540,1362,6,0,11,49,0
2020-06-19,1969,306,551,1411,7,0,10,50,0
2020-06-20,2029,304,560,1462,7,0,9,51,0
2020-06-21,2089,304,569,1513,7,0,8,51,0
2020-06-22,2147,304,576,1564,7,1,7,52,0
2020-06-23,2207,305,583,1617,7,1,7,53,0
2020-06-24,2268,307,590,1670,8,1,6,53,0
2020-06-25,2328,308,597,1723,8,2,6,54,0
2020-06-26,2389,310,603,1778,8,2,6,55,0
2020-06-27,2449,312,609,1832,8,2,6,55,0
2020-06-28,2511,314,614,1888,9,2,6,56,0
2020-06-29,2572,316,620,1943,9,2,6,56,0
2020-06-30,2635,318,626,2000,9,2,6,57,0
2020-07-01,2697,320,631,2056,10,2,5,57,0
2020-07-02,2760,322,636,2114,10,2,5,58,0
2020-07-03,2823,325,642,2171,10,2,5,58,0
2020-07-04,2887,327,647,2230,10,2,5,59,0
2020-07-05,2951,329,652,2288,11,2,5,59,0
2020-07-06,3016,331,657,2348,11,2,5,59,0
2020-07-07,3081,333,663,2407,11,2,5,60,0
2020-07-08,3146,335,668,2467,11,2,5,60,0
2020-07-09,3212,337,672,2528,12,2,5,61,0
2020-07-10,3278,339,677,2589,12,2,5,61,0
2020-07-11,3345,341,682,2651,12,2,5,62,0
2020-07-12,3412,342,687,2712,13,2,5,62,0
2020-07-13,3480,344,692,2775,13,2,5,63,0
2020-07-14,3546,346,696,2837,13,2,5,63,0
2020-07-15,3615,348,701,2901,13,2,4,63,0
2020-07-16,3683,349,705,2964,14,2,4,64,0
2020-07-17,3751,351,709,3028,14,2,4,64,0
2020-07-18,3820,352,714,3092,14,2,4,65,0
2020-07-19,3890,354,718,3157,15,1,4,65,0
2020-07-20,3959,355,722,3222,15,1,4,65,0
2020-07-21,4029,357,726,3288,15,1,4,66,0
2020-07-22,4100,358,730,3354,16,1,4,66,0
2020-07-23,4170,359,734,3420,16,1,4,66,0
2020-07-24,4240,361,738,3486,16,1,4,67,0
2020-07-25,4310,362,741,3553,16,1,4,67,0
2020-07-26,4382,363,745,3620,17,1,3,67,0
2020-07-27,4453,364,748,3688,17,1,3,68,0
2020-07-28,4524,365,751,3756,17,1,3,68,0
2020-07-29,4597,366,755,3824,18,1,3,68,0
2020-07-30,4668,367,758,3892,18,1,3,69,0
2020-07-31,4740,367,761,3961,18,1,3,69,0
2020-08-01,4813,368,764,4030,19,1,3,69,0
2020-08-02,4884,369,766,4099,19,1,3,69,0
2020-08-03,4956,370,769,4168,19,1,3,70,0
2020-08-04,5029,370,771,4238,20,1,2,70,0
2020-08-05,5102,371,774,4308,20,0,2,70,0
2020-08-06,5174,371,776,4378,20,0,2,70,0
2020-08-07,5247,371,778,4448,21,0,2,70,0
2020-08-08,5320,372,780,4519,21,0,2,71,0
2020-08-09,5393,372,782,4590,21,0,2,71,0
2020-08-10,5466,372,784,4660,22,0,2,71,0
2020-08-11,5539,372,786,4731,22,0,2,71,0
2020-08-12,5611,372,787,4802,22,0,1,71,0
2020-08-13,5685,372,788,4874,23,0,1,71,0
2020-08-14,5758,372,790,4945,23,0,1,71,0
2020-08-15,5831,372,791,5017,23,0,1,72,0
2020-08-16,5904,372,792,5088,24,0,1,72,0
2020-08-17,5977,371,793,5160,24,0,1,72,0
2020-08-18,6049,371,793,5232,24,0,1,72,0
2020-08-19,6122,371,794,5303,25,0,1,72,0
2020-08-20,6194,370,794,5375,25,0,0,72,0
2020-08-21,6267,370,795,5447,25,0,0,72,0
2020-08-22,6340,369,795,5519,26,0,0,72,0
2020-08-23,6412,368,795,5591,26,0,0,72,0
2020-08-24,6484,368,795,5663,26,0,0,72,0
2020-08-25,6557,367,795,5735,27,0,0,72,0
2020-08-26,6628,366,794,5807,27,0,0,72,0
2020-08-27,6700,365,794,5879,27,0,0,72,0
2020-08-28,6772,364,793,5951,28,0,0,72,0
2020-08-29,6843,363,793,6022,28,0,0,72,0
2020-08-30,6914,362,792,6094,28,0,0,72,0
2020-08-31,6985,361,791,6166,28,0,0,72,0
2020-09-01,7056,360,790,6237,29,0,0,71,0
2020-09-02,7126,359,788,6309,29,0,0,71,0
2020-09-03,7196,357,787,6380,29,0,0,71,0
2020-09-04,7266,356,785,6451,30,0,0,71,0
2020-09-05,7336,355,784,6522,30,0,0,71,0
2020-09-06,7405,353,782,6593,30,0,0,71,0
2020-09-07,7475,352,780,6664,31,0,0,71,0
2020-09-08,7543,350,778,6734,31,0,0,70,0
2020-09-09,7611,348,776,6804,31,0,0,70,0
2020-09-10,7681,347,774,6875,32,0,0,70,0
2020-09-11,7747,345,771,6944,32,0,0,70,0
2020-09-12,7815,343,769,7014,32,0,0,70,0
2020-09-13,7883,342,766,7084,33,0,0,69,0
2020-09-14,7949,340,763,7153,33,0,0,69,0
2020-09-15,8016,338,761,7222,33,0,0,69,0
2020-09-16,8083,336,758,7291,34,0,0,69,0
2020-09-17,8148,334,755,7359,34,0,0,68,0
2020-09-18,8213,332,752,7427,34,0,0,68,0
2020-09-19,8278,330,748,7495,35,0,0,68,0
2020-09-20,8343,328,745,7563,35,0,0,67,0
2020-09-21,8406,326,741,7630,35,0,0,67,0
2020-09-22,8471,324,738,7697,36,0,0,67,0
2020-09-23,8534,322,734,7764,36,0,0,66,0
2020-09-24,8597,319,731,7830,36,0,0,66,0
2020-09-25,8659,317,727,7896,36,0,0,66,0
2020-09-26,8722,315,723,7962,37,0,0,65,0
2020-09-27,8783,313,719,8027,37,0,0,65,0
2020-09-28,8844,310,715,8092,37,0,0,65,0
2020-09-29,8905,308,711,8156,38,0,0,64,0
2020-09-30,8964,306,706,8220,38,0,0,64,0
2020-10-01,9024,303,702,8284,38,0,0,64,0
2020-10-02,9085,301,698,8348,39,0,0,63,0
2020-10-03,9143,298,693,8411,39,0,0,63,0
2020-10-04,9201,296,689,8473,39,0,0,62,0
2020-10-05,9258,293,684,8535,39,0,0,62,0
2020-10-06,9316,291,679,8597,40,0,0,61,0
2020-10-07,9373,288,675,8658,40,0,0,61,0
2020-10-08,9429,286,670,8719,40,0,0,61,0
2020-10-09,9486,283,665,8780,41,0,0,60,0
2020-10-10,9541,281,660,8840,41,0,0,60,0
2020-10-11,9595,278,655,8899,41,0,0,59,0
2020-10-12,9649,276,650,8958,41,0,0,59,0
2020-10-13,9704,273,645,9017,42,0,0,58,0
2020-10-14,9757,271,640,9075,42,0,0,58,0
2020-10-15,9810,268,635,9133,42,0,0,57,0
2020-10-16,9862,265,630,9190,42,0,0,57,0
2020-10-17,9914,263,624,9247,43,0,0,57,0
2020-10-18,9965,260,619,9303,43,0,0,56,0
2020-10-19,10016,258,614,9359,43,0,0,56,0
2020-10-20,10067,255,609,9414,44,0,0,55,0
2020-10-21,10116,252,603,9469,44,0,0,55,0
2020-10-22,10166,250,598,9524,44,0,0,54,0
2020-10-23,10214,247,592,9578,44,0,0,54,0
2020-10-24,10263,245,587,9631,45,0,0,53,0
2020-10-25,10311,242,582,9684,45,0,0,53,0
2020-10-26,10358,239,576,9737,45,0,0,52,0
2020-10-27,10404,237,571,9788,45,0,0,52,0
2020-10-28,10450,234,565,9840,45,0,0,51,0
2020-10-29,10497,232,560,9891,46,0,0,51,0
2020-10-30,10541,229,554,9941,46,0,0,50,0
2020-10-31,10586,226,549,9991,46,0,0,50,0
2020-11-01,10630,224,543,10041,46,0,0,49,0
2020-11-02,10675,221,538,10090,47,0,0,49,0
2020-11-03,10717,219,532,10138,47,0,0,48,0
2020-11-04,10760,216,527,10186,47,0,0,48,0
2020-11-05,10802,214,521,10234,47,0,0,47,0
2020-11-06,10845,211,516,10281,48,0,0,47,0
2020-11-07,10885,209,510,10327,48,0,0,46,0
2020-11-08,10926,206,505,10373,48,0,0,46,0
2020-11-09,10966,204,499,10419,48,0,0,45,0
2020-11-10,11006,201,494,10464,48,0,0,45,0
2020-11-11,11045,199,488,10508,49,0,0,44,0
2020-11-12,11084,196,483,10552,49,0,0,44,0
2020-11-13,11122,194,477,10596,49,0,0,43,0
2020-11-14,11160,191,472,10639,49,0,0,43,0
2020-11-15,11197,189,467,10681,49,0,0,42,0
2020-11-16,11234,186,461,10723,50,0,0,42,0
2020-11-17,11271,184,456,10765,50,0,0,41,0
2020-11-18,11306,182,450,10806,50,0,0,41,0
2020-11-19,11341,179,445,10846,50,0,0,40,0
2020-11-20,11376,177,440,10886,50,0,0,40,0
2020-11-21,11412,175,435,10926,51,0,0,39,0
2020-11-22,11445,172,429,10965,51,0,0,39,0
2020-11-23,11479,170,424,11004,51,0,0,38,0
2020-11-24,11512,168,419,11042,51,0,0,38,0
2020-11-25,11545,166,414,11080,51,0,0,37,0
2020-11-26,11577,163,409,11117,51,0,0,37,0
2020-11-27,11610,161,404,11154,52,0,0,37,0
2020-11-28,11640,159,398,11190,52,0,0,36,0
2020-11-29,11671,157,393,11226,52,0,0,36,0
2020-11-30,11702,155,388,11262,52,0,0,35,0
2020-12-01,11732,153,383,11297,52,0,0,35,0
2020-12-02,11762,150,379,11331,52,0,0,34,0
2020-12-03,11792,148,374,11365,53,0,0,34,0
2020-12-04,11821,146,369,11399,53,0,0,33,0
2020-12-05,11849,144,364,11432,53,0,0,33,0
2020-12-06,11877,142,359,11465,53,0,0,33,0
2020-12-07,11904,140,354,11497,53,0,0,32,0
2020-12-08,11932,138,350,11529,53,0,0,32,0
2020-12-09,11959,136,345,11561,53,0,0,31,0
2020-12-10,11986,134,340,11592,54,0,0,31,0
2020-12-11,12012,132,336,11622,54,0,0,30,0
2020-12-12,12038,131,331,11653,54,0,0,30,0
2020-12-13,12063,129,327,11682,54,0,0,30,0
2020-12-14,12088,127,322,11712,54,0,0,29,0
2020-12-15,12113,125,318,11741,54,0,0,29,0
2020-12-16,12136,123,313,11769,54,0,0,28,0
2020-12-17,12162,121,309,11798,55,0,0,28,0
2020-12-18,12185,119,305,11825,55,0,0,28,0
2020-12-19,12209,118,301,11853,55,0,0,27,0
2020-12-20,12231,116,296,11880,55,0,0,27,0
2020-12-21,12254,114,292,11907,55,0,0,26,0
2020-12-22,12276,113,288,11933,55,0,0,26,0
2020-12-23,12298,111,284,11959,55,0,0,26,0
2020-12-24,12319,109,280,11984,55,0,0,25,0
2020-12-25,12342,108,276,12010,56,0,0,25,0
2020-12-26,12362,106,272,12034,56,0,0,25,0
2020-12-27,12383,104,268,12059,56,0,0,24,0
2020-12-28,12403,103,264,12083,56,0,0,24,0
2020-12-29,12423,101,260,12107,56,0,0,24,0
2020-12-30,12442,100,256,12130,56,0,0,23,0
2020-12-31,12462,98,253,12153,56,0,0,23,0
2021-01-01,12481,97,249,12176,56,0,0,23,0
2021-01-02,12499,95,245,12198,56,0,0,22,0
2021-01-03,12518,94,242,12220,56,0,0,22,0
2021-01-04,12537,92,238,12242,57,0,0,22,0
2021-01-05,12556,91,235,12264,57,0,0,21,0
2021-01-06,12573,89,231,12285,57,0,0,21,0
2021-01-07,12591,88,228,12306,57,0,0,21,0
2021-01-08,12607,87,224,12326,57,0,0,20,0
2021-01-09,12624,85,221,12346,57,0,0,20,0
2021-01-10,12640,84,217,12366,57,0,0,20,0
2021-01-11,12657,83,214,12386,57,0,0,19,0
2021-01-12,12673,81,211,12405,57,0,0,19,0
2021-01-13,12689,80,208,12424,57,0,0,19,0
2021-01-14,12706,79,205,12443,58,0,0,19,0
2021-01-15,12720,78,201,12461,58,0,0,18,0
2021-01-16,12735,76,198,12479,58,0,0,18,0
2021-01-17,12750,75,195,12497,58,0,0,18,0
2021-01-18,12765,74,192,12515,58,0,0,17,0
2021-01-19,12779,73,189,12532,58,0,0,17,0
2021-01-20,12793,72,186,12549,58,0,0,17,0
2021-01-21,12808,70,184,12566,58,0,0,17,0
2021-01-22,12821,69,181,12582,58,0,0,16,0
2021-01-23,12834,68,178,12598,58,0,0,16,0
2021-01-24,12847,67,175,12614,58,0,0,16,0
2021-01-25,12860,66,172,12630,58,0,0,16,0
2021-01-26,12874,65,170,12646,58,0,0,15,0
2021-01-27,12887,64,167,12661,59,0,0,15,0
2021-01-28,12899,63,164,12676,59,0,0,15,0
2021-01-29,12912,62,162,12691,59,0,0,15,0
2021-01-30,12923,61,159,12705,59,0,0,14,0
2021-01-31,12936,60,157,12720,59,0,0,14,0
2021-02-01,12947,59,154,12734,59,0,0,14,0
2021-02-02,12959,58,152,12748,59,0,0,14,0
2021-02-03,12969,57,149,12761,59,0,0,14,0
2021-02-04,12981,56,147,12775,59,0,0,13,0
2021-02-05,12992,55,145,12788,59,0,0,13,0
2021-02-06,13002,54,142,12801,59,0,0,13,0
2021-02-07,13013,53,140,12814,59,0,0,13,0
2021-02-08,13023,52,138,12826,59,0,0,12,0
2021-02-09,13033,52,135,12839,59,0,0,12,0
2021-02-10,13043,51,133,12851,59,0,0,12,0
2021-02-11,13053,50,131,12863,59,0,0,12,0
2021-02-12,13064,49,129,12875,60,0,0,12,0
2021-02-13,13073,48,127,12886,60,0,0,11,0
2021-02-14,13083,47,125,12898,60,0,0,11,0
2021-02-15,13092,47,123,12909,60,0,0,11,0
2021-02-16,13101,46,121,12920,60,0,0,11,0
2021-02-17,13110,45,119,12931,60,0,0,11,0
2021-02-18,13118,44,117,12941,60,0,0,11,0
2021-02-19,13127,44,115,12952,60,0,0,10,0
2021-02-20,13135,43,113,12962,60,0,0,10,0
2021-02-21,13143,42,111,12972,60,0,0,10,0
2021-02-22,13151,42,109,12982,60,0,0,10,0
2021-02-23,13160,41,108,12992,60,0,0,10,0
2021-02-24,13168,40,106,13002,60,0,0,10,0
2021-02-25,13175,39,104,13011,60,0,0,9,0
2021-02-26,13183,39,102,13021,60,0,0,9,0
2021-02-27,13191,38,101,13030,60,0,0,9,0
2021-02-28,13198,38,99,13039,60,0,0,9,0
2021-03-01,13205,37,97,13048,60,0,0,9,0
2021-03-02,13213,36,96,13057,60,0,0,9,0
2021-03-03,13219,36,94,13065,60,0,0,9,0
2021-03-04,13227,35,93,13074,60,0,0,8,0
2021-03-05,13233,34,91,13082,60,0,0,8,0
2021-03-06,13241,34,90,13090,61,0,0,8,0
2021-03-07,13247,33,88,13098,61,0,0,8,0
2021-03-08,13254,33,87,13106,61,0,0,8,0
2021-03-09,13260,32,85,13114,61,0,0,8,0
2021-03-10,13267,32,84,13122,61,0,0,8,0
2021-03-11,13272,31,82,13129,61,0,0,7,0
2021-03-12,13279,31,81,13137,61,0,0,7,0
2021-03-13,13285,30,80,13144,61,0,0,7,0
2021-03-14,13290,30,78,13151,61,0,0,7,0
2021-03-15,13296,29,77,13158,61,0,0,7,0
2021-03-16,13302,29,76,13165,61,0,0,7,0
2021-03-17,13307,28,74,13172,61,0,0,7,0
2021-03-18,13313,28,73,13179,61,0,0,7,0
2021-03-19,13318,27,72,13185,61,0,0,7,0
2021-03-20,13324,27,71,13192,61,0,0,6,0
2021-03-21,13329,26,70,13198,61,0,0,6,0
2021-03-22,13333,26,68,13204,61,0,0,6,0
2021-03-23,13339,25,67,13211,61,0,0,6,0
2021-03-24,13344,25,66,13217,61,0,0,6,0
2021-03-25,13349,24,65,13223,61,0,0,6,0
2021-03-26,13353,24,64,13228,61,0,0,6,0
2021-03-27,13358,24,63,13234,61,0,0,6,0
2021-03-28,13363,23,62,13240,61,0,0,6,0
2021-03-29,13367,23,61,13245,61,0,0,5,0
2021-03-30,13372,22,60,13251,61,0,0,5,0
2021-03-31,13376,22,59,13256,61,0,0,5,0
2021-04-01,13380,22,58,13261,61,0,0,5,0
2021-04-02,13385,21,57,13267,61,0,0,5,0
2021-04-03,13389,21,56,13272,61,0,0,5,0
2021-04-04,13393,21,55,13277,61,0,0,5,0
2021-04-05,13397,20,54,13282,61,0,0,5,0
2021-04-06,13400,20,53,13286,61,0,0,5,0
2021-04-07,13404,20,52,13291,61,0,0,5,0
2021-04-08,13408,19,51,13296,61,0,0,5,0
2021-04-09,13411,19,50,13300,61,0,0,5,0
2021-04-10,13416,19,49,13305,62,0,0,4,0
2021-04-11,13420,18,49,13309,62,0,0,4,0
2021-04-12,13424,18,48,13314,62,0,0,4,0
2021-04-13,13427,18,47,13318,62,0,0,4,0
2021-04-14,13430,17,46,13322,62,0,0,4,0
2021-04-15,13433,17,45,13326,62,0,0,4,0
2021-04-16,13437,17,45,13330,62,0,0,4,0
2021-04-17,13440,16,44,13334,62,0,0,4,0
2021-04-18,13443,16,43,13338,62,0,0,4,0
2021-04-19,13446,16,42,13342,62,0,0,4,0
2021-04-20,13450,16,42,13346,62,0,0,4,0
2021-04-21,13453,15,41,13350,62,0,0,4,0
2021-04-22,13455,15,40,13353,62,0,0,4,0
2021-04-23,13458,15,39,13357,62,0,0,4,0
2021-04-24,13462,15,39,13361,62,0,0,4,0
2021-04-25,13464,14,38,13364,62,0,0,3,0
2021-04-26,13467,14,37,13368,62,0,0,3,0
2021-04-27,13470,14,37,13371,62,0,0,3,0
2021-04-28,13472,14,36,13374,62,0,0,3,0
2021-04-29,13475,13,36,13377,62,0,0,3,0
2021-04-30,13478,13,35,13381,62,0,0,3,0
2021-05-01,13480,13,34,13384,62,0,0,3,0
2021-05-02,13483,13,34,13387,62,0,0,3,0
2021-05-03,13485,12,33,13390,62,0,0,3,0
2021-05-04,13488,12,33,13393,62,0,0,3,0
2021-05-05,13490,12,32,13396,62,0,0,3,0
2021-05-06,13492,12,31,13399,62,0,0,3,0
2021-05-07,13495,12,31,13402,62,0,0,3,0
2021-05-08,13496,11,30,13404,62,0,0,3,0
2021-05-09,13499,11,30,13407,62,0,0,3,0
2021-05-10,13501,11,29,13410,62,0,0,3,0
2021-05-11,13503,11,29,13412,62,0,0,3,0
2021-05-12,13505,11,28,13415,62,0,0,3,0
2021-05-13,13507,10,28,13417,62,0,0,3,0
2021-05-14,13509,10,27,13420,62,0,0,2,0
2021-05-15,13511,10,27,13422,62,0,0,2,0
2021-05-16,13513,10,26,13425,62,0,0,2,0
2021-05-17,13515,10,26,13427,62,0,0,2,0
2021-05-18,13517,10,25,13430,62,0,0,2,0
2021-05-19,13519,9,25,13432,62,0,0,2,0
2021-05-20,13521,9,25,13434,62,0,0,2,0
2021-05-21,13522,9,24,13436,62,0,0,2,0
2021-05-22,13525,9,24,13439,62,0,0,2,0
2021-05-23,13526,9,23,13441,62,0,0,2,0
2021-05-24,13528,9,23,13443,62,0,0,2,0
2021-05-25,13530,8,23,13445,62,0,0,2,0
2021-05-26,13531,8,22,13447,62,0,0,2,0
2021-05-27,13533,8,22,13449,62,0,0,2,0
2021-05-28,13534,8,21,13451,62,0,0,2,0
2021-05-29,13536,8,21,13453,62,0,0,2,0
2021-05-30,13538,8,21,13455,62,0,0,2,0
2021-05-31,13538,8,20,13456,62,0,0,2,0
2021-06-01,13540,7,20,13458,62,0,0,2,0
2021-06-02,13542,7,20,13460,62,0,0,2,0
2021-06-03,13543,7,19,13462,62,0,0,2,0
2021-06-04,13545,7,19,13464,62,0,0,2,0
2021-06-05,13546,7,19,13465,62,0,0,2,0
2021-06-06,13547,7,18,13467,62,0,0,2,0
2021-06-07,13549,7,18,13469,62,0,0,2,0
2021-06-08,13550,7,18,13470,62,0,0,2,0
2021-06-09,13551,6,17,13472,62,0,0,2,0
2021-06-10,13552,6,17,13473,62,0,0,2,0
2021-06-11,13554,6,17,13475,62,0,0,2,0
