Date,Infected,Exposed,Active,Recovered,Deaths,Diff Exposed,Diff Active,Diff Recovered,Diff Deaths
2020-07-20,913,79,145,755,13,2,2,13,0
2020-07-21,928,81,147,768,13,2,3,13,0
2020-07-22,944,83,150,781,13,2,3,13,0
2020-07-23,962,85,153,795,14,2,3,14,0
2020-07-24,979,87,156,809,14,2,3,14,0
2020-07-25,996,89,159,823,14,2,3,14,0
2020-07-26,1013,91,162,837,14,2,3,14,0
2020-07-27,1031,93,165,851,15,2,3,15,0
2020-07-28,1049,95,168,866,15,2,3,15,0
2020-07-29,1068,97,172,881,15,2,3,15,0
2020-07-30,1087,99,175,897,15,2,3,16,0
2020-07-31,1108,101,179,913,16,2,4,16,0
2020-08-01,1127,103,182,929,16,2,4,16,0
2020-08-02,1147,105,186,945,16,2,4,17,0
2020-08-03,1168,107,189,962,17,2,4,17,0
2020-08-04,1189,109,193,979,17,2,4,17,0
2020-08-05,1210,111,197,996,17,2,4,18,0
2020-08-06,1232,113,201,1014,17,2,4,18,0
2020-08-07,1255,115,205,1032,18,2,4,18,0
2020-08-08,1278,118,209,1051,18,2,4,19,0
2020-08-09,1300,120,213,1069,18,2,4,19,0
2020-08-10,1324,122,217,1088,19,2,4,19,0
2020-08-11,1348,124,221,1108,19,2,4,20,0
2020-08-12,1373,127,226,1128,19,2,4,20,0
2020-08-13,1398,129,230,1148,20,2,4,21,0
2020-08-14,1423,131,234,1169,20,2,4,21,0
2020-08-15,1449,134,239,1190,20,2,5,21,0
2020-08-16,1476,136,243,1212,21,2,5,22,0
2020-08-17,1502,139,248,1233,21,3,5,22,0
2020-08-18,1531,141,253,1256,22,3,5,23,0
2020-08-19,1557,144,257,1278,22,3,5,23,0
2020-08-20,1586,147,262,1302,22,3,5,23,0
2020-08-21,1615,149,267,1325,23,3,5,24,0
2020-08-22,1644,152,272,1349,23,3,5,24,0
2020-08-23,1675,155,277,1374,24,3,5,25,0
2020-08-24,1705,157,282,1399,24,3,5,25,0
2020-08-25,1736,160,288,1424,24,3,5,26,0
2020-08-26,1768,163,293,1450,25,3,5,26,0
2020-08-27,1799,166,298,1476,25,3,5,27,0
2020-08-28,1833,169,304,1503,26,3,5,27,0
2020-08-29,1866,172,309,1531,26,3,6,28,0
2020-08-30,1900,174,315,1558,27,3,6,28,0
2020-08-31,1934,177,320,1587,27,3,6,29,0
2020-09-01,1970,180,326,1616,28,3,6,29,1
2020-09-02,2005,183,332,1645,28,3,6,30,1
2020-09-03,2042,187,338,1675,29,3,6,30,1
2020-09-04,2078,190,344,1705,29,3,6,31,1
2020-09-05,2115,193,349,1736,30,3,6,31,1
2020-09-06,2153,196,356,1767,30,3,6,32,1
2020-09-07,2192,199,362,1799,31,3,6,32,1
2020-09-08,2231,202,368,1832,31,3,6,33,1
2020-09-09,2271,205,374,1865,32,3,6,33,1
2020-09-10,2312,209,380,1899,33,3,6,34,1
2020-09-11,2353,212,387,1933,33,3,6,35,1
2020-09-12,2395,215,393,1968,34,3,6,35,1
2020-09-13,2437,219,400,2003,34,3,7,36,1
2020-09-14,2480,222,406,2039,35,3,7,36,1
2020-09-15,2524,225,413,2075,36,3,7,37,1
2020-09-16,2569,229,420,2113,36,3,7,37,1
2020-09-17,2613,232,426,2150,37,3,7,38,1
2020-09-18,2660,236,433,2189,38,3,7,39,1
2020-09-19,2706,239,440,2228,38,3,7,39,1
2020-09-20,2753,242,447,2267,39,3,7,40,1
2020-09-21,2801,246,454,2307,40,3,7,41,1
2020-09-22,2849,249,461,2348,40,3,7,41,1
2020-09-23,2898,253,468,2389,41,4,7,42,1
2020-09-24,2948,256,475,2431,42,4,7,42,1
2020-09-25,2999,260,482,2474,43,4,7,43,1
2020-09-26,3049,263,489,2517,43,4,7,44,1
2020-09-27,3101,267,496,2561,44,4,7,44,1
2020-09-28,3155,271,504,2606,45,4,7,45,1
2020-09-29,3208,274,511,2651,46,4,7,46,1
2020-09-30,3261,278,518,2697,46,4,7,46,1
2020-10-01,3316,281,525,2744,47,4,7,47,1
2020-10-02,3372,285,533,2791,48,4,7,48,1
2020-10-03,3428,288,540,2839,49,4,7,48,1
2020-10-04,3485,292,548,2887,50,4,7,49,1
2020-10-05,3542,295,555,2937,50,3,7,50,1
2020-10-06,3599,299,562,2986,51,3,7,50,1
2020-10-07,3659,302,570,3037,52,3,7,51,1
2020-10-08,3718,306,577,3088,53,3,7,52,1
2020-10-09,3779,309,585,3140,54,3,7,52,1
2020-10-10,3839,312,592,3192,55,3,7,53,1
2020-10-11,3902,316,600,3246,56,3,7,54,1
2020-10-12,3963,319,607,3299,57,3,7,54,1
2020-10-13,4026,323,614,3354,58,3,7,55,1
2020-10-14,4090,326,622,3409,59,3,7,56,1
2020-10-15,4154,329,629,3465,60,3,7,56,1
2020-10-16,4219,333,637,3521,61,3,7,57,1
2020-10-17,4285,336,644,3579,62,3,7,58,1
2020-10-18,4350,339,651,3636,63,3,7,58,1
2020-10-19,4417,342,658,3695,64,3,7,59,1
2020-10-20,4485,345,666,3754,65,3,7,59,1
2020-10-21,4553,348,673,3814,66,3,7,60,1
2020-10-22,4621,351,680,3874,67,3,7,61,1
2020-10-23,4690,354,687,3935,68,3,7,61,1
2020-10-24,4760,357,694,3997,69,3,7,62,1
2020-10-25,4830,360,701,4059,70,3,7,63,1
2020-10-26,4901,363,708,4122,71,3,7,63,1
2020-10-27,4972,366,715,4185,72,3,7,64,1
2020-10-28,5043,368,721,4249,73,3,7,64,1
2020-10-29,5116,371,728,4314,74,3,7,65,1
2020-10-30,5189,374,735,4379,75,3,6,66,1
2020-10-31,5262,376,741,4445,76,2,6,66,1
2020-11-01,5337,379,747,4512,78,2,6,67,1
2020-11-02,5412,381,754,4579,79,2,6,67,1
2020-11-03,5486,383,760,4646,80,2,6,68,1
2020-11-04,5561,386,766,4714,81,2,6,68,1
2020-11-05,5637,388,772,4783,82,2,6,69,1
2020-11-06,5713,390,778,4852,83,2,6,69,1
2020-11-07,5790,392,783,4922,85,2,6,70,1
2020-11-08,5867,394,789,4992,86,2,5,71,1
2020-11-09,5944,396,794,5063,87,2,5,71,1
2020-11-10,6022,397,800,5134,88,2,5,71,1
2020-11-11,6100,399,805,5206,89,2,5,72,1
2020-11-12,6179,401,810,5278,91,2,5,72,1
2020-11-13,6257,402,815,5350,92,1,5,73,1
2020-11-14,6335,404,819,5423,93,1,5,73,1
2020-11-15,6415,405,824,5497,94,1,4,74,1
2020-11-16,6494,406,828,5570,96,1,4,74,1
2020-11-17,6574,407,833,5644,97,1,4,74,1
2020-11-18,6654,408,837,5719,98,1,4,75,1
2020-11-19,6735,409,841,5794,100,1,4,75,1
2020-11-20,6814,410,844,5869,101,1,4,75,1
2020-11-21,6895,411,848,5945,102,1,3,76,1
2020-11-22,6976,411,851,6021,104,1,3,76,1
2020-11-23,7057,412,855,6097,105,0,3,76,1
2020-11-24,7137,412,858,6173,106,0,3,77,1
2020-11-25,7217,413,860,6250,107,0,3,77,1
2020-11-26,7299,413,863,6327,109,0,3,77,1
2020-11-27,7379,413,865,6404,110,0,2,77,1
2020-11-28,7461,413,868,6482,111,0,2,78,1
2020-11-29,7542,413,870,6559,113,0,2,78,1
2020-11-30,7623,413,872,6637,114,0,2,78,1
2020-12-01,7703,413,873,6715,115,0,2,78,1
2020-12-02,7785,412,875,6793,117,0,1,78,1
2020-12-03,7865,412,876,6871,118,0,1,78,1
2020-12-04,7946,411,877,6950,119,0,1,78,1
2020-12-05,8027,411,878,7028,121,0,1,78,1
2020-12-06,8108,410,879,7107,122,0,1,79,1
2020-12-07,8188,409,879,7185,124,0,0,79,1
2020-12-08,8268,408,879,7264,125,0,0,79,1
2020-12-09,8347,407,879,7342,126,0,0,79,1
2020-12-10,8428,406,879,7421,128,0,0,79,1
2020-12-11,8508,405,879,7500,129,0,0,79,1
2020-12-12,8586,404,878,7578,130,0,0,79,1
2020-12-13,8667,402,878,7657,132,0,0,78,1
2020-12-14,8745,401,877,7735,133,0,0,78,1
2020-12-15,8823,399,876,7813,134,0,0,78,1
2020-12-16,8902,398,874,7892,136,0,0,78,1
2020-12-17,8980,396,873,7970,137,0,0,78,1
2020-12-18,9057,394,871,8048,138,0,0,78,1
2020-12-19,9134,392,869,8125,140,0,0,78,1
2020-12-20,9211,390,867,8203,141,0,0,77,1
2020-12-21,9286,388,864,8280,142,0,0,77,1
2020-12-22,9363,386,862,8357,144,0,0,77,1
2020-12-23,9438,384,859,8434,145,0,0,77,1
2020-12-24,9513,382,856,8511,146,0,0,77,1
2020-12-25,9589,379,853,8588,148,0,0,76,1
2020-12-26,9663,377,850,8664,149,0,0,76,1
2020-12-27,9737,375,847,8740,150,0,0,76,1
2020-12-28,9810,372,843,8815,152,0,0,75,1
2020-12-29,9882,370,839,8890,153,0,0,75,1
2020-12-30,9954,367,835,8965,154,0,0,75,1
2020-12-31,10026,364,831,9040,155,0,0,74,1
2021-01-01,10098,362,827,9114,157,0,0,74,1
2021-01-02,10169,359,823,9188,158,0,0,74,1
2021-01-03,10238,356,818,9261,159,0,0,73,1
2021-01-04,10308,353,814,9334,160,0,0,73,1
2021-01-05,10378,350,809,9407,162,0,0,72,1
2021-01-06,10446,347,804,9479,163,0,0,72,1
2021-01-07,10513,344,799,9550,164,0,0,71,1
2021-01-08,10581,341,794,9622,165,0,0,71,1
2021-01-09,10647,338,788,9692,167,0,0,70,1
2021-01-10,10714,335,783,9763,168,0,0,70,1
2021-01-11,10778,332,777,9832,169,0,0,69,1
2021-01-12,10844,328,772,9902,170,0,0,69,1
2021-01-13,10907,325,766,9970,171,0,0,68,1
2021-01-14,10972,322,760,10039,173,0,0,68,1
2021-01-15,11034,319,754,10106,174,0,0,67,1
2021-01-16,11097,315,748,10174,175,0,0,67,1
2021-01-17,11158,312,742,10240,176,0,0,66,1
2021-01-18,11218,309,735,10306,177,0,0,66,1
2021-01-19,11279,305,729,10372,178,0,0,65,1
2021-01-20,11339,302,723,10437,179,0,0,65,1
2021-01-21,11398,299,716,10501,181,0,0,64,1
2021-01-22,11457,295,710,10565,182,0,0,63,1
2021-01-23,11514,292,703,10628,183,0,0,63,1
2021-01-24,11571,289,696,10691,184,0,0,62,1
2021-01-25,11628,285,690,10753,185,0,0,62,1
2021-01-26,11683,282,683,10814,186,0,0,61,1
2021-01-27,11738,278,676,10875,187,0,0,60,1
2021-01-28,11792,275,669,10935,188,0,0,60,1
2021-01-29,11846,271,662,10995,189,0,0,59,1
2021-01-30,11899,268,655,11054,190,0,0,59,1
2021-01-31,11951,265,648,11112,191,0,0,58,1
2021-02-01,12003,261,641,11170,192,0,0,57,1
2021-02-02,12054,258,634,11227,193,0,0,57,1
2021-02-03,12104,255,627,11283,194,0,0,56,1
2021-02-04,12154,251,620,11339,195,0,0,55,1
2021-02-05,12203,248,613,11394,196,0,0,55,1
2021-02-06,12252,244,606,11449,197,0,0,54,1
2021-02-07,12299,241,599,11502,198,0,0,53,1
2021-02-08,12346,238,591,11556,199,0,0,53,1
2021-02-09,12392,235,584,11608,200,0,0,52,1
2021-02-10,12437,231,577,11660,200,0,0,52,1
2021-02-11,12483,228,570,11712,201,0,0,51,1
2021-02-12,12527,225,563,11762,202,0,0,50,1
2021-02-13,12571,222,556,11812,203,0,0,50,1
2021-02-14,12615,218,549,11862,204,0,0,49,1
2021-02-15,12658,215,542,11911,205,0,0,48,1
2021-02-16,12700,212,535,11959,206,0,0,48,1
2021-02-17,12740,209,528,12006,206,0,0,47,1
2021-02-18,12781,206,521,12053,207,0,0,47,1
2021-02-19,12822,203,514,12100,208,0,0,46,1
2021-02-20,12861,200,507,12145,209,0,0,45,1
2021-02-21,12900,197,500,12190,210,0,0,45,1
2021-02-22,12938,194,493,12235,210,0,0,44,1
2021-02-23,12976,191,486,12279,211,0,0,43,1
2021-02-24,13013,188,479,12322,212,0,0,43,1
2021-02-25,13050,185,473,12364,213,0,0,42,1
2021-02-26,13085,182,466,12406,213,0,0,42,1
2021-02-27,13121,179,459,12448,214,0,0,41,1
2021-02-28,13157,176,453,12489,215,0,0,40,1
2021-03-01,13190,173,446,12529,215,0,0,40,1
2021-03-02,13223,171,439,12568,216,0,0,39,1
2021-03-03,13258,168,433,12608,217,0,0,39,1
2021-03-04,13289,165,426,12646,217,0,0,38,1
2021-03-05,13322,162,420,12684,218,0,0,38,1
2021-03-06,13354,160,414,12721,219,0,0,37,1
2021-03-07,13384,157,407,12758,219,0,0,36,1
2021-03-08,13415,155,401,12794,220,0,0,36,1
2021-03-09,13446,152,395,12830,221,0,0,35,1
2021-03-10,13475,149,389,12865,221,0,0,35,1
2021-03-11,13505,147,383,12900,222,0,0,34,1
2021-03-12,13533,144,377,12934,222,0,0,34,1
2021-03-13,13561,142,371,12967,223,0,0,33,1
2021-03-14,13588,140,365,13000,223,0,0,33,1
2021-03-15,13615,137,359,13032,224,0,0,32,1
2021-03-16,13643,135,354,13064,225,0,0,32,1
2021-03-17,13669,133,348,13096,225,0,0,31,1
2021-03-18,13695,130,342,13127,226,0,0,31,1
2021-03-19,13720,128,337,13157,226,0,0,30,1
2021-03-20,13745,126,331,13187,227,0,0,30,1
2021-03-21,13769,124,326,13216,227,0,0,29,1
2021-03-22,13793,121,320,13245,228,0,0,29,0
2021-03-23,13817,119,315,13274,228,0,0,28,0
2021-03-24,13841,117,310,13302,229,0,0,28,0
2021-03-25,13863,115,305,13329,229,0,0,27,0
2021-03-26,13886,113,300,13356,230,0,0,27,0
2021-03-27,13908,111,295,13383,230,0,0,26,0
2021-03-28,13930,109,290,13409,231,0,0,26,0
2021-03-29,13951,107,285,13435,231,0,0,25,0
2021-03-30,13971,105,280,13460,231,0,0,25,0
2021-03-31,13992,103,275,13485,232,0,0,25,0
2021-04-01,14012,101,270,13510,232,0,0,24,0
2021-04-02,14033,100,266,13534,233,0,0,24,0
2021-04-03,14051,98,261,13557,233,0,0,23,0
2021-04-04,14070,96,257,13580,233,0,0,23,0
2021-04-05,14089,94,252,13603,234,0,0,23,0
2021-04-06,14107,93,248,13625,234,0,0,22,0
2021-04-07,14125,91,243,13647,235,0,0,22,0
2021-04-08,14143,89,239,13669,235,0,0,21,0
2021-04-09,14160,88,235,13690,235,0,0,21,0
2021-04-10,14178,86,231,13711,236,0,0,21,0
2021-04-11,14195,84,227,13732,236,0,0,20,0
2021-04-12,14211,83,223,13752,236,0,0,20,0
2021-04-13,14227,81,219,13771,237,0,0,20,0
2021-04-14,14243,80,215,13791,237,0,0,19,0
2021-04-15,14258,78,211,13810,237,0,0,19,0
2021-04-16,14274,77,207,13829,238,0,0,19,0
2021-04-17,14288,75,203,13847,238,0,0,18,0
2021-04-18,14303,74,200,13865,238,0,0,18,0
2021-04-19,14318,73,196,13883,239,0,0,18,0
2021-04-20,14331,71,192,13900,239,0,0,17,0
2021-04-21,14345,70,189,13917,239,0,0,17,0
2021-04-22,14359,69,185,13934,240,0,0,17,0
2021-04-23,14372,67,182,13950,240,0,0,16,0
2021-04-24,14386,66,179,13967,240,0,0,16,0
2021-04-25,14397,65,175,13982,240,0,0,16,0
2021-04-26,14411,63,172,13998,241,0,0,15,0
2021-04-27,14423,62,169,14013,241,0,0,15,0
2021-04-28,14435,61,166,14028,241,0,0,15,0
2021-04-29,14447,60,163,14043,241,0,0,15,0
2021-04-30,14459,59,160,14057,242,0,0,14,0
2021-05-01,14471,58,157,14072,242,0,0,14,0
2021-05-02,14482,57,154,14086,242,0,0,14,0
2021-05-03,14492,55,151,14099,242,0,0,13,0
2021-05-04,14504,54,148,14113,243,0,0,13,0
2021-05-05,14514,53,145,14126,243,0,0,13,0
2021-05-06,14525,52,143,14139,243,0,0,13,0
2021-05-07,14534,51,140,14151,243,0,0,13,0
2021-05-08,14545,50,137,14164,244,0,0,12,0
2021-05-09,14555,49,135,14176,244,0,0,12,0
2021-05-10,14564,48,132,14188,244,0,0,12,0
2021-05-11,14574,47,130,14200,244,0,0,12,0
2021-05-12,14582,46,127,14211,244,0,0,11,0
2021-05-13,14592,46,125,14222,245,0,0,11,0
2021-05-14,14600,45,122,14233,245,0,0,11,0
2021-05-15,14609,44,120,14244,245,0,0,11,0
2021-05-16,14618,43,118,14255,245,0,0,11,0
2021-05-17,14625,42,115,14265,245,0,0,10,0
2021-05-18,14634,41,113,14276,245,0,0,10,0
2021-05-19,14643,41,111,14286,246,0,0,10,0
2021-05-20,14650,40,109,14295,246,0,0,10,0
2021-05-21,14658,39,107,14305,246,0,0,10,0
2021-05-22,14666,38,105,14315,246,0,0,9,0
2021-05-23,14673,37,103,14324,246,0,0,9,0
2021-05-24,14680,37,101,14333,246,0,0,9,0
2021-05-25,14688,36,99,14342,247,0,0,9,0
2021-05-26,14695,35,97,14351,247,0,0,9,0
2021-05-27,14701,35,95,14359,247,0,0,8,0
2021-05-28,14708,34,93,14368,247,0,0,8,0
2021-05-29,14714,33,91,14376,247,0,0,8,0
2021-05-30,14721,33,90,14384,247,0,0,8,0
2021-05-31,14727,32,88,14392,247,0,0,8,0
2021-06-01,14734,31,86,14400,248,0,0,8,0
2021-06-02,14739,31,84,14407,248,0,0,8,0
2021-06-03,14746,30,83,14415,248,0,0,7,0
2021-06-04,14751,29,81,14422,248,0,0,7,0
2021-06-05,14757,29,80,14429,248,0,0,7,0
2021-06-06,14763,28,78,14437,248,0,0,7,0
2021-06-07,14767,28,76,14443,248,0,0,7,0
2021-06-08,14773,27,75,14450,248,0,0,7,0
2021-06-09,14779,27,73,14457,249,0,0,7,0
2021-06-10,14784,26,72,14463,249,0,0,6,0
2021-06-11,14790,26,71,14470,249,0,0,6,0
2021-06-12,14794,25,69,14476,249,0,0,6,0
2021-06-13,14799,25,68,14482,249,0,0,6,0
2021-06-14,14804,24,67,14488,249,0,0,6,0
2021-06-15,14808,24,65,14494,249,0,0,6,0
2021-06-16,14813,23,64,14500,249,0,0,6,0
2021-06-17,14818,23,63,14506,249,0,0,6,0
2021-06-18,14821,22,61,14511,249,0,0,5,0
2021-06-19,14827,22,60,14517,250,0,0,5,0
2021-06-20,14831,21,59,14522,250,0,0,5,0
2021-06-21,14835,21,58,14527,250,0,0,5,0
2021-06-22,14839,20,57,14532,250,0,0,5,0
2021-06-23,14843,20,56,14537,250,0,0,5,0
2021-06-24,14846,20,54,14542,250,0,0,5,0
2021-06-25,14850,19,53,14547,250,0,0,5,0
2021-06-26,14854,19,52,14552,250,0,0,5,0
2021-06-27,14857,19,51,14556,250,0,0,5,0
2021-06-28,14861,18,50,14561,250,0,0,4,0
2021-06-29,14864,18,49,14565,250,0,0,4,0
2021-06-30,14868,17,48,14570,250,0,0,4,0
2021-07-01,14872,17,47,14574,251,0,0,4,0
2021-07-02,14875,17,46,14578,251,0,0,4,0
2021-07-03,14878,16,45,14582,251,0,0,4,0
2021-07-04,14881,16,44,14586,251,0,0,4,0
2021-07-05,14885,16,44,14590,251,0,0,4,0
2021-07-06,14888,15,43,14594,251,0,0,4,0
2021-07-07,14891,15,42,14598,251,0,0,4,0
2021-07-08,14894,15,41,14602,251,0,0,4,0
2021-07-09,14896,14,40,14605,251,0,0,4,0
2021-07-10,14899,14,39,14609,251,0,0,4,0
2021-07-11,14902,14,39,14612,251,0,0,3,0
2021-07-12,14905,14,38,14616,251,0,0,3,0
2021-07-13,14907,13,37,14619,251,0,0,3,0
2021-07-14,14909,13,36,14622,251,0,0,3,0
2021-07-15,14913,13,36,14626,251,0,0,3,0
