Date,Infected,Exposed,Active,Recovered,Deaths,Diff Exposed,Diff Active,Diff Recovered,Diff Deaths
2020-06-24,672,60,181,488,3,13,0,16,0
2020-06-25,684,72,177,504,3,10,0,16,0
2020-06-26,699,81,176,520,3,8,0,16,0
2020-06-27,715,88,176,536,3,6,1,16,0
2020-06-28,734,94,178,552,4,5,2,16,0
2020-06-29,752,99,180,568,4,5,3,16,0
2020-06-30,773,103,184,585,4,4,4,17,0
2020-07-01,792,107,187,601,4,4,4,17,0
2020-07-02,813,111,191,618,4,3,4,17,0
2020-07-03,836,114,196,636,4,3,5,18,0
2020-07-04,859,117,201,654,4,3,5,18,0
2020-07-05,881,121,205,672,4,3,5,19,0
2020-07-06,905,124,210,691,4,3,5,19,0
2020-07-07,931,127,216,710,5,3,5,19,0
2020-07-08,955,130,221,729,5,3,5,20,0
2020-07-09,981,133,226,750,5,3,5,20,0
2020-07-10,1007,136,232,770,5,3,6,21,0
2020-07-11,1033,139,237,791,5,3,6,21,0
2020-07-12,1061,142,243,813,5,3,6,22,0
2020-07-13,1089,145,249,835,5,3,6,22,0
2020-07-14,1118,148,255,858,5,3,6,23,0
2020-07-15,1148,151,261,881,6,3,6,24,0
2020-07-16,1177,154,266,905,6,3,6,24,0
2020-07-17,1207,157,272,929,6,3,6,25,0
2020-07-18,1238,160,278,954,6,3,6,25,0
2020-07-19,1270,163,285,979,6,3,6,26,0
2020-07-20,1302,166,291,1005,6,3,6,26,0
2020-07-21,1336,169,297,1032,7,3,6,27,0
2020-07-22,1369,172,303,1059,7,3,6,27,0
2020-07-23,1402,175,309,1086,7,3,6,28,0
2020-07-24,1436,178,315,1114,7,3,6,28,0
2020-07-25,1471,181,321,1143,7,3,6,29,0
2020-07-26,1507,183,328,1172,7,3,6,30,0
2020-07-27,1544,186,334,1202,8,3,6,30,0
2020-07-28,1580,189,340,1232,8,3,6,31,0
2020-07-29,1617,192,346,1263,8,3,6,31,0
2020-07-30,1655,194,352,1295,8,3,6,32,0
2020-07-31,1693,197,358,1327,8,3,6,32,0
2020-08-01,1732,199,364,1359,9,2,6,33,0
2020-08-02,1772,202,370,1393,9,2,6,33,0
2020-08-03,1811,204,376,1426,9,2,6,34,0
2020-08-04,1851,207,382,1460,9,2,6,35,0
2020-08-05,1892,209,388,1495,9,2,6,35,0
2020-08-06,1933,211,393,1530,10,2,6,36,0
2020-08-07,1975,213,399,1566,10,2,6,36,0
2020-08-08,2017,215,405,1602,10,2,5,37,0
2020-08-09,2059,217,410,1639,10,2,5,37,0
2020-08-10,2102,219,415,1676,11,2,5,37,0
2020-08-11,2145,220,420,1714,11,2,5,38,0
2020-08-12,2188,222,425,1752,11,1,5,38,0
2020-08-13,2232,223,430,1791,11,1,5,39,0
2020-08-14,2277,225,435,1830,12,1,5,39,0
2020-08-15,2320,226,439,1869,12,1,4,40,0
2020-08-16,2364,227,443,1909,12,1,4,40,0
2020-08-17,2409,228,448,1949,12,1,4,40,0
2020-08-18,2455,229,452,1990,13,1,4,41,0
2020-08-19,2499,230,455,2031,13,1,4,41,0
2020-08-20,2544,230,459,2072,13,1,3,41,0
2020-08-21,2588,231,462,2113,13,0,3,42,0
2020-08-22,2634,231,465,2155,14,0,3,42,0
2020-08-23,2679,231,468,2197,14,0,3,42,0
2020-08-24,2725,232,471,2240,14,0,3,43,0
2020-08-25,2770,231,474,2282,14,0,2,43,0
2020-08-26,2816,231,476,2325,15,0,2,43,0
2020-08-27,2861,231,478,2368,15,0,2,43,0
2020-08-28,2907,231,480,2412,15,0,2,43,0
2020-08-29,2952,230,481,2455,16,0,1,43,0
2020-08-30,2996,229,482,2498,16,0,1,44,0
2020-08-31,3041,229,483,2542,16,0,1,44,0
2020-09-01,3086,228,484,2586,16,0,1,44,0
2020-09-02,3132,227,485,2630,17,0,0,44,0
2020-09-03,3175,226,485,2673,17,0,0,44,0
2020-09-04,3219,224,485,2717,17,0,0,44,0
2020-09-05,3264,223,485,2761,18,0,0,44,0
2020-09-06,3308,222,485,2805,18,0,0,44,0
2020-09-07,3351,220,484,2849,18,0,0,44,0
2020-09-08,3393,218,483,2892,18,0,0,44,0
2020-09-09,3437,217,482,2936,19,0,0,44,0
2020-09-10,3478,215,480,2979,19,0,0,43,0
2020-09-11,3521,213,479,3023,19,0,0,43,0
2020-09-12,3562,211,477,3066,19,0,0,43,0
2020-09-13,3604,209,475,3109,20,0,0,43,0
2020-09-14,3644,206,472,3152,20,0,0,43,0
2020-09-15,3684,204,470,3194,20,0,0,42,0
2020-09-16,3724,202,467,3236,21,0,0,42,0
2020-09-17,3764,199,464,3279,21,0,0,42,0
2020-09-18,3802,197,461,3320,21,0,0,42,0
2020-09-19,3840,194,457,3362,21,0,0,41,0
2020-09-20,3879,192,454,3403,22,0,0,41,0
2020-09-21,3916,189,450,3444,22,0,0,41,0
2020-09-22,3953,187,446,3485,22,0,0,40,0
2020-09-23,3989,184,442,3525,22,0,0,40,0
2020-09-24,4026,181,438,3565,23,0,0,40,0
2020-09-25,4061,178,434,3604,23,0,0,39,0
2020-09-26,4095,176,429,3643,23,0,0,39,0
2020-09-27,4129,173,424,3682,23,0,0,38,0
2020-09-28,4164,170,420,3720,24,0,0,38,0
2020-09-29,4197,167,415,3758,24,0,0,37,0
2020-09-30,4229,164,410,3795,24,0,0,37,0
2020-10-01,4261,161,405,3832,24,0,0,37,0
2020-10-02,4292,158,399,3868,25,0,0,36,0
2020-10-03,4323,155,394,3904,25,0,0,36,0
2020-10-04,4353,153,389,3939,25,0,0,35,0
2020-10-05,4382,150,383,3974,25,0,0,35,0
2020-10-06,4412,147,378,4009,25,0,0,34,0
2020-10-07,4441,144,372,4043,26,0,0,34,0
2020-10-08,4469,141,367,4076,26,0,0,33,0
2020-10-09,4496,138,361,4109,26,0,0,33,0
2020-10-10,4523,136,355,4142,26,0,0,32,0
2020-10-11,4550,133,350,4173,27,0,0,32,0
2020-10-12,4576,130,344,4205,27,0,0,31,0
2020-10-13,4601,127,338,4236,27,0,0,31,0
2020-10-14,4625,124,332,4266,27,0,0,30,0
2020-10-15,4649,122,326,4296,27,0,0,29,0
2020-10-16,4673,119,321,4325,27,0,0,29,0
2020-10-17,4697,116,315,4354,28,0,0,28,0
2020-10-18,4719,114,309,4382,28,0,0,28,0
2020-10-19,4741,111,303,4410,28,0,0,27,0
2020-10-20,4763,109,298,4437,28,0,0,27,0
2020-10-21,4784,106,292,4464,28,0,0,26,0
2020-10-22,4805,104,286,4490,29,0,0,26,0
2020-10-23,4826,101,281,4516,29,0,0,25,0
2020-10-24,4845,99,275,4541,29,0,0,25,0
2020-10-25,4863,97,269,4565,29,0,0,24,0
2020-10-26,4883,94,264,4590,29,0,0,24,0
2020-10-27,4900,92,258,4613,29,0,0,23,0
2020-10-28,4918,90,253,4636,29,0,0,23,0
2020-10-29,4937,88,248,4659,30,0,0,22,0
2020-10-30,4953,85,242,4681,30,0,0,22,0
2020-10-31,4970,83,237,4703,30,0,0,21,0
2020-11-01,4986,81,232,4724,30,0,0,21,0
2020-11-02,5002,79,227,4745,30,0,0,20,0
2020-11-03,5017,77,222,4765,30,0,0,20,0
2020-11-04,5032,75,217,4785,30,0,0,20,0
2020-11-05,5047,73,212,4804,31,0,0,19,0
2020-11-06,5061,71,207,4823,31,0,0,19,0
2020-11-07,5075,70,202,4842,31,0,0,18,0
2020-11-08,5088,68,197,4860,31,0,0,18,0
2020-11-09,5102,66,193,4878,31,0,0,17,0
2020-11-10,5114,64,188,4895,31,0,0,17,0
2020-11-11,5127,63,184,4912,31,0,0,17,0
2020-11-12,5138,61,179,4928,31,0,0,16,0
2020-11-13,5150,59,175,4944,31,0,0,16,0
2020-11-14,5162,58,171,4960,31,0,0,15,0
2020-11-15,5174,56,167,4975,32,0,0,15,0
2020-11-16,5184,55,162,4990,32,0,0,15,0
2020-11-17,5195,53,158,5005,32,0,0,14,0
2020-11-18,5206,52,155,5019,32,0,0,14,0
2020-11-19,5216,50,151,5033,32,0,0,14,0
2020-11-20,5225,49,147,5046,32,0,0,13,0
2020-11-21,5234,48,143,5059,32,0,0,13,0
2020-11-22,5244,46,140,5072,32,0,0,13,0
2020-11-23,5253,45,136,5085,32,0,0,12,0
2020-11-24,5261,44,132,5097,32,0,0,12,0
2020-11-25,5270,43,129,5109,32,0,0,12,0
2020-11-26,5279,41,126,5120,33,0,0,11,0
2020-11-27,5286,40,122,5131,33,0,0,11,0
2020-11-28,5294,39,119,5142,33,0,0,11,0
2020-11-29,5302,38,116,5153,33,0,0,10,0
2020-11-30,5309,37,113,5163,33,0,0,10,0
2020-12-01,5317,36,110,5174,33,0,0,10,0
2020-12-02,5323,35,107,5183,33,0,0,10,0
2020-12-03,5330,34,104,5193,33,0,0,9,0
2020-12-04,5336,33,101,5202,33,0,0,9,0
2020-12-05,5343,32,99,5211,33,0,0,9,0
2020-12-06,5349,31,96,5220,33,0,0,9,0
2020-12-07,5356,30,94,5229,33,0,0,8,0
2020-12-08,5361,29,91,5237,33,0,0,8,0
2020-12-09,5367,29,89,5245,33,0,0,8,0
2020-12-10,5372,28,86,5253,33,0,0,8,0
2020-12-11,5378,27,84,5261,33,0,0,8,0
2020-12-12,5382,26,81,5268,33,0,0,7,0
2020-12-13,5389,26,79,5276,34,0,0,7,0
2020-12-14,5394,25,77,5283,34,0,0,7,0
2020-12-15,5399,24,75,5290,34,0,0,7,0
2020-12-16,5403,23,73,5296,34,0,0,7,0
2020-12-17,5408,23,71,5303,34,0,0,6,0
2020-12-18,5412,22,69,5309,34,0,0,6,0
2020-12-19,5416,21,67,5315,34,0,0,6,0
2020-12-20,5420,21,65,5321,34,0,0,6,0
2020-12-21,5424,20,63,5327,34,0,0,6,0
2020-12-22,5428,20,61,5333,34,0,0,6,0
2020-12-23,5432,19,60,5338,34,0,0,5,0
2020-12-24,5436,18,58,5344,34,0,0,5,0
2020-12-25,5439,18,56,5349,34,0,0,5,0
2020-12-26,5443,17,55,5354,34,0,0,5,0
2020-12-27,5446,17,53,5359,34,0,0,5,0
2020-12-28,5449,16,52,5363,34,0,0,5,0
2020-12-29,5452,16,50,5368,34,0,0,5,0
2020-12-30,5456,15,49,5373,34,0,0,4,0
2020-12-31,5458,15,47,5377,34,0,0,4,0
2021-01-01,5461,15,46,5381,34,0,0,4,0
2021-01-02,5464,14,45,5385,34,0,0,4,0
2021-01-03,5467,14,44,5389,34,0,0,4,0
2021-01-04,5469,13,42,5393,34,0,0,4,0
2021-01-05,5472,13,41,5397,34,0,0,4,0
2021-01-06,5475,13,40,5401,34,0,0,4,0
2021-01-07,5477,12,39,5404,34,0,0,4,0
2021-01-08,5480,12,38,5408,34,0,0,3,0
2021-01-09,5482,12,37,5411,34,0,0,3,0
2021-01-10,5484,11,36,5414,34,0,0,3,0
2021-01-11,5486,11,34,5418,34,0,0,3,0
2021-01-12,5488,11,33,5421,34,0,0,3,0
2021-01-13,5491,10,33,5424,34,0,0,3,0
2021-01-14,5493,10,32,5427,34,0,0,3,0
2021-01-15,5494,10,31,5429,34,0,0,3,0
2021-01-16,5496,9,30,5432,34,0,0,3,0
2021-01-17,5499,9,29,5435,35,0,0,3,0
2021-01-18,5500,9,28,5437,35,0,0,3,0
2021-01-19,5502,9,27,5440,35,0,0,2,0
2021-01-20,5503,8,26,5442,35,0,0,2,0
2021-01-21,5506,8,26,5445,35,0,0,2,0
2021-01-22,5507,8,25,5447,35,0,0,2,0
2021-01-23,5508,8,24,5449,35,0,0,2,0
2021-01-24,5510,7,24,5451,35,0,0,2,0
2021-01-25,5511,7,23,5453,35,0,0,2,0
2021-01-26,5512,7,22,5455,35,0,0,2,0
2021-01-27,5514,7,22,5457,35,0,0,2,0
2021-01-28,5515,7,21,5459,35,0,0,2,0
2021-01-29,5516,6,20,5461,35,0,0,2,0
2021-01-30,5518,6,20,5463,35,0,0,2,0
2021-01-31,5519,6,19,5465,35,0,0,2,0
2021-02-01,5520,6,19,5466,35,0,0,2,0
2021-02-02,5521,6,18,5468,35,0,0,2,0
2021-02-03,5522,5,17,5470,35,0,0,2,0
2021-02-04,5523,5,17,5471,35,0,0,2,0
2021-02-05,5524,5,16,5473,35,0,0,1,0
2021-02-06,5525,5,16,5474,35,0,0,1,0
2021-02-07,5526,5,15,5476,35,0,0,1,0
2021-02-08,5527,5,15,5477,35,0,0,1,0
2021-02-09,5528,5,15,5478,35,0,0,1,0
2021-02-10,5529,4,14,5480,35,0,0,1,0
2021-02-11,5530,4,14,5481,35,0,0,1,0
2021-02-12,5530,4,13,5482,35,0,0,1,0
2021-02-13,5531,4,13,5483,35,0,0,1,0
2021-02-14,5533,4,13,5485,35,0,0,1,0
2021-02-15,5533,4,12,5486,35,0,0,1,0
2021-02-16,5534,4,12,5487,35,0,0,1,0
2021-02-17,5534,4,11,5488,35,0,0,1,0
2021-02-18,5535,3,11,5489,35,0,0,1,0
2021-02-19,5536,3,11,5490,35,0,0,1,0
2021-02-20,5536,3,10,5491,35,0,0,1,0
2021-02-21,5537,3,10,5492,35,0,0,1,0
2021-02-22,5538,3,10,5493,35,0,0,1,0
2021-02-23,5539,3,10,5494,35,0,0,1,0
2021-02-24,5538,3,9,5494,35,0,0,1,0
2021-02-25,5539,3,9,5495,35,0,0,1,0
2021-02-26,5540,3,9,5496,35,0,0,1,0
2021-02-27,5541,3,9,5497,35,0,0,1,0
2021-02-28,5541,3,8,5498,35,0,0,1,0
2021-03-01,5541,2,8,5498,35,0,0,1,0
2021-03-02,5542,2,8,5499,35,0,0,1,0
2021-03-03,5543,2,8,5500,35,0,0,1,0
2021-03-04,5542,2,7,5500,35,0,0,1,0
2021-03-05,5543,2,7,5501,35,0,0,1,0
2021-03-06,5544,2,7,5502,35,0,0,1,0
2021-03-07,5544,2,7,5502,35,0,0,1,0
2021-03-08,5544,2,6,5503,35,0,0,1,0
2021-03-09,5545,2,6,5504,35,0,0,1,0
2021-03-10,5545,2,6,5504,35,0,0,1,0
2021-03-11,5546,2,6,5505,35,0,0,1,0
2021-03-12,5546,2,6,5505,35,0,0,1,0
2021-03-13,5547,2,6,5506,35,0,0,1,0
2021-03-14,5546,2,5,5506,35,0,0,0,0
2021-03-15,5547,2,5,5507,35,0,0,0,0
2021-03-16,5547,2,5,5507,35,0,0,0,0
2021-03-17,5548,2,5,5508,35,0,0,0,0
2021-03-18,5548,1,5,5508,35,0,0,0,0
2021-03-19,5548,1,5,5508,35,0,0,0,0
2021-03-20,5549,1,5,5509,35,0,0,0,0
2021-03-21,5548,1,4,5509,35,0,0,0,0
2021-03-22,5549,1,4,5510,35,0,0,0,0
2021-03-23,5549,1,4,5510,35,0,0,0,0
2021-03-24,5549,1,4,5510,35,0,0,0,0
2021-03-25,5550,1,4,5511,35,0,0,0,0
2021-03-26,5550,1,4,5511,35,0,0,0,0
2021-03-27,5550,1,4,5511,35,0,0,0,0
2021-03-28,5551,1,4,5512,35,0,0,0,0
2021-03-29,5550,1,3,5512,35,0,0,0,0
2021-03-30,5550,1,3,5512,35,0,0,0,0
2021-03-31,5551,1,3,5513,35,0,0,0,0
2021-04-01,5551,1,3,5513,35,0,0,0,0
2021-04-02,5551,1,3,5513,35,0,0,0,0
2021-04-03,5552,1,3,5514,35,0,0,0,0
2021-04-04,5552,1,3,5514,35,0,0,0,0
2021-04-05,5552,1,3,5514,35,0,0,0,0
2021-04-06,5552,1,3,5514,35,0,0,0,0
2021-04-07,5553,1,3,5515,35,0,0,0,0
2021-04-08,5553,1,3,5515,35,0,0,0,0
2021-04-09,5552,1,2,5515,35,0,0,0,0
2021-04-10,5552,1,2,5515,35,0,0,0,0
2021-04-11,5552,1,2,5515,35,0,0,0,0
2021-04-12,5553,1,2,5516,35,0,0,0,0
2021-04-13,5553,1,2,5516,35,0,0,0,0
2021-04-14,5553,1,2,5516,35,0,0,0,0
2021-04-15,5553,1,2,5516,35,0,0,0,0
2021-04-16,5553,1,2,5516,35,0,0,0,0
2021-04-17,5554,1,2,5517,35,0,0,0,0
2021-04-18,5554,1,2,5517,35,0,0,0,0
2021-04-19,5554,1,2,5517,35,0,0,0,0
2021-04-20,5554,1,2,5517,35,0,0,0,0
2021-04-21,5554,1,2,5517,35,0,0,0,0
2021-04-22,5554,1,2,5517,35,0,0,0,0
2021-04-23,5555,0,2,5518,35,0,0,0,0
2021-04-24,5555,0,2,5518,35,0,0,0,0
2021-04-25,5555,0,2,5518,35,0,0,0,0
2021-04-26,5554,0,1,5518,35,0,0,0,0
2021-04-27,5554,0,1,5518,35,0,0,0,0
2021-04-28,5554,0,1,5518,35,0,0,0,0
2021-04-29,5554,0,1,5518,35,0,0,0,0
2021-04-30,5554,0,1,5518,35,0,0,0,0
2021-05-01,5555,0,1,5519,35,0,0,0,0
2021-05-02,5555,0,1,5519,35,0,0,0,0
2021-05-03,5555,0,1,5519,35,0,0,0,0
2021-05-04,5555,0,1,5519,35,0,0,0,0
2021-05-05,5555,0,1,5519,35,0,0,0,0
2021-05-06,5555,0,1,5519,35,0,0,0,0
2021-05-07,5555,0,1,5519,35,0,0,0,0
2021-05-08,5555,0,1,5519,35,0,0,0,0
2021-05-09,5555,0,1,5519,35,0,0,0,0
2021-05-10,5556,0,1,5520,35,0,0,0,0
2021-05-11,5556,0,1,5520,35,0,0,0,0
2021-05-12,5556,0,1,5520,35,0,0,0,0
2021-05-13,5556,0,1,5520,35,0,0,0,0
2021-05-14,5556,0,1,5520,35,0,0,0,0
2021-05-15,5556,0,1,5520,35,0,0,0,0
2021-05-16,5556,0,1,5520,35,0,0,0,0
2021-05-17,5556,0,1,5520,35,0,0,0,0
2021-05-18,5556,0,1,5520,35,0,0,0,0
2021-05-19,5556,0,1,5520,35,0,0,0,0
2021-05-20,5556,0,1,5520,35,0,0,0,0
2021-05-21,5556,0,1,5520,35,0,0,0,0
2021-05-22,5556,0,1,5520,35,0,0,0,0
2021-05-23,5556,0,1,5520,35,0,0,0,0
2021-05-24,5557,0,1,5521,35,0,0,0,0
2021-05-25,5557,0,1,5521,35,0,0,0,0
2021-05-26,5557,0,1,5521,35,0,0,0,0
2021-05-27,5557,0,1,5521,35,0,0,0,0
2021-05-28,5557,0,1,5521,35,0,0,0,0
2021-05-29,5557,0,1,5521,35,0,0,0,0
2021-05-30,5557,0,1,5521,35,0,0,0,0
2021-05-31,5557,0,1,5521,35,0,0,0,0
2021-06-01,5556,0,0,5521,35,0,0,0,0
2021-06-02,5556,0,0,5521,35,0,0,0,0
2021-06-03,5556,0,0,5521,35,0,0,0,0
2021-06-04,5556,0,0,5521,35,0,0,0,0
2021-06-05,5556,0,0,5521,35,0,0,0,0
2021-06-06,5556,0,0,5521,35,0,0,0,0
2021-06-07,5556,0,0,5521,35,0,0,0,0
2021-06-08,5556,0,0,5521,35,0,0,0,0
2021-06-09,5556,0,0,5521,35,0,0,0,0
2021-06-10,5556,0,0,5521,35,0,0,0,0
2021-06-11,5556,0,0,5521,35,0,0,0,0
2021-06-12,5556,0,0,5521,35,0,0,0,0
2021-06-13,5556,0,0,5521,35,0,0,0,0
2021-06-14,5556,0,0,5521,35,0,0,0,0
2021-06-15,5556,0,0,5521,35,0,0,0,0
2021-06-16,5556,0,0,5521,35,0,0,0,0
2021-06-17,5556,0,0,5521,35,0,0,0,0
2021-06-18,5557,0,0,5522,35,0,0,0,0
2021-06-19,5557,0,0,5522,35,0,0,0,0
