Date,Infected,Exposed,Active,Recovered,Deaths,Diff Exposed,Diff Active,Diff Recovered,Diff Deaths
2020-07-12,2210,25,473,1729,8,44,0,43,0
2020-07-13,2217,65,439,1770,8,33,0,40,0
2020-07-14,2232,94,415,1809,8,25,0,38,0
2020-07-15,2253,117,398,1846,9,18,0,36,0
2020-07-16,2278,133,387,1882,9,14,0,35,0
2020-07-17,2305,146,379,1917,9,10,0,34,0
2020-07-18,2334,155,374,1951,9,8,0,34,0
2020-07-19,2364,162,371,1984,9,6,0,34,0
2020-07-20,2397,168,370,2018,9,5,0,33,0
2020-07-21,2430,172,369,2051,10,4,0,33,0
2020-07-22,2465,176,370,2085,10,3,1,33,0
2020-07-23,2499,179,371,2118,10,3,1,34,0
2020-07-24,2534,181,372,2152,10,2,2,34,0
2020-07-25,2570,183,374,2186,10,2,2,34,0
2020-07-26,2606,185,376,2220,10,2,2,34,0
2020-07-27,2643,186,378,2254,11,1,2,34,0
2020-07-28,2679,187,380,2288,11,1,2,34,0
2020-07-29,2715,189,382,2322,11,1,2,35,0
2020-07-30,2753,190,385,2357,11,1,2,35,0
2020-07-31,2790,191,387,2392,11,1,2,35,0
2020-08-01,2827,192,389,2427,11,1,2,35,0
2020-08-02,2865,192,391,2462,12,1,2,35,0
2020-08-03,2903,193,393,2498,12,1,2,36,0
2020-08-04,2940,194,395,2533,12,1,2,36,0
2020-08-05,2978,195,397,2569,12,1,2,36,0
2020-08-06,3016,195,399,2605,12,1,2,36,0
2020-08-07,3054,196,401,2641,12,1,2,36,0
2020-08-08,3094,197,403,2678,13,1,2,36,0
2020-08-09,3132,197,405,2714,13,1,2,37,0
2020-08-10,3171,198,407,2751,13,0,2,37,0
2020-08-11,3210,198,409,2788,13,0,2,37,0
2020-08-12,3248,198,410,2825,13,0,2,37,0
2020-08-13,3287,199,412,2862,13,0,2,37,0
2020-08-14,3327,199,413,2900,14,0,1,37,0
2020-08-15,3366,199,415,2937,14,0,1,38,0
2020-08-16,3405,200,416,2975,14,0,1,38,0
2020-08-17,3444,200,418,3012,14,0,1,38,0
2020-08-18,3483,200,419,3050,14,0,1,38,0
2020-08-19,3522,200,420,3088,14,0,1,38,0
2020-08-20,3562,200,421,3126,15,0,1,38,0
2020-08-21,3601,201,422,3164,15,0,1,38,0
2020-08-22,3640,201,423,3202,15,0,1,38,0
2020-08-23,3680,201,424,3241,15,0,1,38,0
2020-08-24,3719,201,425,3279,15,0,1,38,0
2020-08-25,3759,200,425,3318,16,0,1,38,0
2020-08-26,3798,200,426,3356,16,0,1,39,0
2020-08-27,3837,200,426,3395,16,0,0,39,0
2020-08-28,3876,200,427,3433,16,0,0,39,0
2020-08-29,3915,200,427,3472,16,0,0,39,0
2020-08-30,3955,199,428,3511,16,0,0,39,0
2020-08-31,3994,199,428,3549,17,0,0,39,0
2020-09-01,4033,199,428,3588,17,0,0,39,0
2020-09-02,4072,198,428,3627,17,0,0,39,0
2020-09-03,4110,198,428,3665,17,0,0,39,0
2020-09-04,4149,198,428,3704,17,0,0,39,0
2020-09-05,4189,197,428,3743,18,0,0,39,0
2020-09-06,4226,197,427,3781,18,0,0,39,0
2020-09-07,4265,196,427,3820,18,0,0,39,0
2020-09-08,4304,195,427,3859,18,0,0,39,0
2020-09-09,4341,195,426,3897,18,0,0,39,0
2020-09-10,4380,194,426,3936,18,0,0,39,0
2020-09-11,4418,193,425,3974,19,0,0,38,0
2020-09-12,4456,193,424,4013,19,0,0,38,0
2020-09-13,4493,192,423,4051,19,0,0,38,0
2020-09-14,4530,191,422,4089,19,0,0,38,0
2020-09-15,4568,190,421,4128,19,0,0,38,0
2020-09-16,4605,189,420,4166,19,0,0,38,0
2020-09-17,4643,189,419,4204,20,0,0,38,0
2020-09-18,4680,188,418,4242,20,0,0,38,0
2020-09-19,4716,187,417,4279,20,0,0,38,0
2020-09-20,4753,186,416,4317,20,0,0,38,0
2020-09-21,4789,185,414,4355,20,0,0,37,0
2020-09-22,4826,184,413,4392,21,0,0,37,0
2020-09-23,4861,183,411,4429,21,0,0,37,0
2020-09-24,4898,182,410,4467,21,0,0,37,0
2020-09-25,4933,180,408,4504,21,0,0,37,0
2020-09-26,4967,179,406,4540,21,0,0,37,0
2020-09-27,5002,178,404,4577,21,0,0,37,0
2020-09-28,5039,177,403,4614,22,0,0,36,0
2020-09-29,5073,176,401,4650,22,0,0,36,0
2020-09-30,5107,175,399,4686,22,0,0,36,0
2020-10-01,5141,173,397,4722,22,0,0,36,0
2020-10-02,5175,172,395,4758,22,0,0,36,0
2020-10-03,5209,171,393,4794,22,0,0,36,0
2020-10-04,5242,170,390,4829,23,0,0,35,0
2020-10-05,5275,168,388,4864,23,0,0,35,0
2020-10-06,5308,167,386,4899,23,0,0,35,0
2020-10-07,5340,166,383,4934,23,0,0,35,0
2020-10-08,5373,164,381,4969,23,0,0,34,0
2020-10-09,5405,163,379,5003,23,0,0,34,0
2020-10-10,5437,162,376,5037,24,0,0,34,0
2020-10-11,5469,160,374,5071,24,0,0,34,0
2020-10-12,5500,159,371,5105,24,0,0,34,0
2020-10-13,5531,157,368,5139,24,0,0,33,0
2020-10-14,5562,156,366,5172,24,0,0,33,0
2020-10-15,5592,155,363,5205,24,0,0,33,0
2020-10-16,5623,153,360,5238,25,0,0,33,0
2020-10-17,5653,152,358,5270,25,0,0,32,0
2020-10-18,5682,150,355,5302,25,0,0,32,0
2020-10-19,5711,149,352,5334,25,0,0,32,0
2020-10-20,5740,147,349,5366,25,0,0,32,0
2020-10-21,5769,146,346,5398,25,0,0,31,0
2020-10-22,5798,144,344,5429,25,0,0,31,0
2020-10-23,5827,143,341,5460,26,0,0,31,0
2020-10-24,5855,141,338,5491,26,0,0,31,0
2020-10-25,5882,140,335,5521,26,0,0,30,0
2020-10-26,5909,139,332,5551,26,0,0,30,0
2020-10-27,5936,137,329,5581,26,0,0,30,0
2020-10-28,5963,136,326,5611,26,0,0,29,0
2020-10-29,5989,134,323,5640,26,0,0,29,0
2020-10-30,6016,133,320,5669,27,0,0,29,0
2020-10-31,6042,131,317,5698,27,0,0,29,0
2020-11-01,6067,130,313,5727,27,0,0,28,0
2020-11-02,6092,128,310,5755,27,0,0,28,0
2020-11-03,6117,127,307,5783,27,0,0,28,0
2020-11-04,6142,125,304,5811,27,0,0,28,0
2020-11-05,6166,124,301,5838,27,0,0,27,0
2020-11-06,6190,122,298,5865,27,0,0,27,0
2020-11-07,6215,121,295,5892,28,0,0,27,0
2020-11-08,6239,119,292,5919,28,0,0,26,0
2020-11-09,6262,118,289,5945,28,0,0,26,0
2020-11-10,6284,116,285,5971,28,0,0,26,0
2020-11-11,6307,115,282,5997,28,0,0,26,0
2020-11-12,6329,114,279,6022,28,0,0,25,0
2020-11-13,6351,112,276,6047,28,0,0,25,0
2020-11-14,6373,111,273,6072,28,0,0,25,0
2020-11-15,6396,109,270,6097,29,0,0,24,0
2020-11-16,6417,108,267,6121,29,0,0,24,0
2020-11-17,6438,106,264,6145,29,0,0,24,0
2020-11-18,6459,105,261,6169,29,0,0,24,0
2020-11-19,6479,104,258,6192,29,0,0,23,0
2020-11-20,6498,102,254,6215,29,0,0,23,0
2020-11-21,6518,101,251,6238,29,0,0,23,0
2020-11-22,6538,100,248,6261,29,0,0,22,0
2020-11-23,6557,98,245,6283,29,0,0,22,0
2020-11-24,6578,97,242,6306,30,0,0,22,0
2020-11-25,6596,96,239,6327,30,0,0,22,0
2020-11-26,6615,94,236,6349,30,0,0,21,0
2020-11-27,6633,93,233,6370,30,0,0,21,0
2020-11-28,6651,92,230,6391,30,0,0,21,0
2020-11-29,6669,90,227,6412,30,0,0,21,0
2020-11-30,6686,89,224,6432,30,0,0,20,0
2020-12-01,6705,88,222,6453,30,0,0,20,0
2020-12-02,6722,87,219,6473,30,0,0,20,0
2020-12-03,6738,85,216,6492,30,0,0,20,0
2020-12-04,6755,84,213,6512,30,0,0,19,0
2020-12-05,6772,83,210,6531,31,0,0,19,0
2020-12-06,6788,82,207,6550,31,0,0,19,0
2020-12-07,6803,81,204,6568,31,0,0,18,0
2020-12-08,6820,79,202,6587,31,0,0,18,0
2020-12-09,6835,78,199,6605,31,0,0,18,0
2020-12-10,6850,77,196,6623,31,0,0,18,0
2020-12-11,6865,76,193,6641,31,0,0,18,0
2020-12-12,6880,75,191,6658,31,0,0,17,0
2020-12-13,6894,74,188,6675,31,0,0,17,0
2020-12-14,6908,73,185,6692,31,0,0,17,0
2020-12-15,6923,71,183,6709,31,0,0,17,0
2020-12-16,6936,70,180,6725,31,0,0,16,0
2020-12-17,6951,69,178,6741,32,0,0,16,0
2020-12-18,6964,68,175,6757,32,0,0,16,0
2020-12-19,6978,67,173,6773,32,0,0,16,0
2020-12-20,6991,66,170,6789,32,0,0,15,0
2020-12-21,7004,65,168,6804,32,0,0,15,0
2020-12-22,7016,64,165,6819,32,0,0,15,0
2020-12-23,7029,63,163,6834,32,0,0,15,0
2020-12-24,7041,62,160,6849,32,0,0,15,0
2020-12-25,7053,61,158,6863,32,0,0,14,0
2020-12-26,7065,60,156,6877,32,0,0,14,0
2020-12-27,7076,59,153,6891,32,0,0,14,0
2020-12-28,7088,58,151,6905,32,0,0,14,0
2020-12-29,7100,57,149,6919,32,0,0,13,0
2020-12-30,7110,57,146,6932,32,0,0,13,0
2020-12-31,7122,56,144,6945,33,0,0,13,0
2021-01-01,7133,55,142,6958,33,0,0,13,0
2021-01-02,7144,54,140,6971,33,0,0,13,0
2021-01-03,7155,53,138,6984,33,0,0,12,0
2021-01-04,7165,52,136,6996,33,0,0,12,0
2021-01-05,7175,51,134,7008,33,0,0,12,0
2021-01-06,7184,50,131,7020,33,0,0,12,0
2021-01-07,7194,50,129,7032,33,0,0,12,0
2021-01-08,7204,49,127,7044,33,0,0,12,0
2021-01-09,7213,48,125,7055,33,0,0,11,0
2021-01-10,7222,47,123,7066,33,0,0,11,0
2021-01-11,7231,46,121,7077,33,0,0,11,0
2021-01-12,7241,46,120,7088,33,0,0,11,0
2021-01-13,7250,45,118,7099,33,0,0,11,0
2021-01-14,7259,44,116,7110,33,0,0,10,0
2021-01-15,7267,44,114,7120,33,0,0,10,0
2021-01-16,7275,43,112,7130,33,0,0,10,0
2021-01-17,7283,42,110,7140,33,0,0,10,0
2021-01-18,7292,41,109,7150,33,0,0,10,0
2021-01-19,7301,41,107,7160,34,0,0,10,0
2021-01-20,7309,40,105,7170,34,0,0,10,0
2021-01-21,7316,39,103,7179,34,0,0,9,0
2021-01-22,7325,39,102,7189,34,0,0,9,0
2021-01-23,7332,38,100,7198,34,0,0,9,0
2021-01-24,7339,37,98,7207,34,0,0,9,0
2021-01-25,7347,37,97,7216,34,0,0,9,0
2021-01-26,7353,36,95,7224,34,0,0,9,0
2021-01-27,7361,36,94,7233,34,0,0,8,0
2021-01-28,7367,35,92,7241,34,0,0,8,0
2021-01-29,7375,34,91,7250,34,0,0,8,0
2021-01-30,7381,34,89,7258,34,0,0,8,0
2021-01-31,7388,33,88,7266,34,0,0,8,0
2021-02-01,7394,33,86,7274,34,0,0,8,0
2021-02-02,7400,32,85,7281,34,0,0,8,0
2021-02-03,7406,31,83,7289,34,0,0,8,0
2021-02-04,7412,31,82,7296,34,0,0,7,0
2021-02-05,7419,30,81,7304,34,0,0,7,0
2021-02-06,7424,30,79,7311,34,0,0,7,0
2021-02-07,7430,29,78,7318,34,0,0,7,0
2021-02-08,7436,29,77,7325,34,0,0,7,0
2021-02-09,7441,28,75,7332,34,0,0,7,0
2021-02-10,7447,28,74,7339,34,0,0,7,0
2021-02-11,7452,27,73,7345,34,0,0,7,0
2021-02-12,7458,27,72,7352,34,0,0,6,0
2021-02-13,7462,26,70,7358,34,0,0,6,0
2021-02-14,7468,26,69,7365,34,0,0,6,0
2021-02-15,7474,26,68,7371,35,0,0,6,0
2021-02-16,7479,25,67,7377,35,0,0,6,0
2021-02-17,7484,25,66,7383,35,0,0,6,0
2021-02-18,7488,24,64,7389,35,0,0,6,0
2021-02-19,7493,24,63,7395,35,0,0,6,0
2021-02-20,7497,23,62,7400,35,0,0,6,0
2021-02-21,7502,23,61,7406,35,0,0,6,0
2021-02-22,7507,23,60,7412,35,0,0,5,0
2021-02-23,7511,22,59,7417,35,0,0,5,0
2021-02-24,7515,22,58,7422,35,0,0,5,0
2021-02-25,7520,21,57,7428,35,0,0,5,0
2021-02-26,7524,21,56,7433,35,0,0,5,0
2021-02-27,7528,21,55,7438,35,0,0,5,0
2021-02-28,7532,20,54,7443,35,0,0,5,0
2021-03-01,7536,20,53,7448,35,0,0,5,0
2021-03-02,7539,20,52,7452,35,0,0,5,0
2021-03-03,7543,19,51,7457,35,0,0,5,0
2021-03-04,7548,19,51,7462,35,0,0,5,0
2021-03-05,7551,19,50,7466,35,0,0,4,0
2021-03-06,7555,18,49,7471,35,0,0,4,0
2021-03-07,7558,18,48,7475,35,0,0,4,0
2021-03-08,7561,18,47,7479,35,0,0,4,0
2021-03-09,7565,17,46,7484,35,0,0,4,0
2021-03-10,7568,17,45,7488,35,0,0,4,0
2021-03-11,7572,17,45,7492,35,0,0,4,0
2021-03-12,7575,16,44,7496,35,0,0,4,0
2021-03-13,7578,16,43,7500,35,0,0,4,0
2021-03-14,7581,16,42,7504,35,0,0,4,0
2021-03-15,7584,16,42,7507,35,0,0,4,0
2021-03-16,7587,15,41,7511,35,0,0,4,0
2021-03-17,7590,15,40,7515,35,0,0,4,0
2021-03-18,7592,15,39,7518,35,0,0,4,0
2021-03-19,7596,14,39,7522,35,0,0,4,0
2021-03-20,7598,14,38,7525,35,0,0,3,0
2021-03-21,7601,14,37,7529,35,0,0,3,0
2021-03-22,7604,14,37,7532,35,0,0,3,0
2021-03-23,7607,13,36,7536,35,0,0,3,0
2021-03-24,7609,13,35,7539,35,0,0,3,0
2021-03-25,7612,13,35,7542,35,0,0,3,0
2021-03-26,7614,13,34,7545,35,0,0,3,0
2021-03-27,7617,12,34,7548,35,0,0,3,0
2021-03-28,7619,12,33,7551,35,0,0,3,0
2021-03-29,7621,12,32,7554,35,0,0,3,0
2021-03-30,7624,12,32,7557,35,0,0,3,0
2021-03-31,7626,12,31,7560,35,0,0,3,0
2021-04-01,7629,11,31,7563,35,0,0,3,0
2021-04-02,7630,11,30,7565,35,0,0,3,0
2021-04-03,7633,11,30,7568,35,0,0,3,0
2021-04-04,7635,11,29,7571,35,0,0,3,0
2021-04-05,7637,11,29,7573,35,0,0,3,0
2021-04-06,7639,10,28,7576,35,0,0,3,0
2021-04-07,7642,10,28,7579,35,0,0,2,0
2021-04-08,7643,10,27,7581,35,0,0,2,0
2021-04-09,7645,10,27,7583,35,0,0,2,0
2021-04-10,7648,10,26,7586,36,0,0,2,0
2021-04-11,7650,9,26,7588,36,0,0,2,0
2021-04-12,7651,9,25,7590,36,0,0,2,0
2021-04-13,7654,9,25,7593,36,0,0,2,0
2021-04-14,7655,9,24,7595,36,0,0,2,0
2021-04-15,7657,9,24,7597,36,0,0,2,0
2021-04-16,7658,9,23,7599,36,0,0,2,0
2021-04-17,7660,9,23,7601,36,0,0,2,0
2021-04-18,7662,8,23,7603,36,0,0,2,0
2021-04-19,7663,8,22,7605,36,0,0,2,0
2021-04-20,7665,8,22,7607,36,0,0,2,0
2021-04-21,7666,8,21,7609,36,0,0,2,0
2021-04-22,7668,8,21,7611,36,0,0,2,0
2021-04-23,7670,8,21,7613,36,0,0,2,0
2021-04-24,7671,7,20,7615,36,0,0,2,0
2021-04-25,7673,7,20,7617,36,0,0,2,0
2021-04-26,7674,7,19,7619,36,0,0,2,0
2021-04-27,7675,7,19,7620,36,0,0,2,0
2021-04-28,7677,7,19,7622,36,0,0,2,0
2021-04-29,7678,7,18,7624,36,0,0,2,0
2021-04-30,7679,7,18,7625,36,0,0,2,0
2021-05-01,7681,7,18,7627,36,0,0,2,0
2021-05-02,7682,6,17,7629,36,0,0,2,0
2021-05-03,7683,6,17,7630,36,0,0,2,0
2021-05-04,7685,6,17,7632,36,0,0,2,0
2021-05-05,7686,6,17,7633,36,0,0,1,0
2021-05-06,7687,6,16,7635,36,0,0,1,0
2021-05-07,7688,6,16,7636,36,0,0,1,0
2021-05-08,7690,6,16,7638,36,0,0,1,0
2021-05-09,7690,6,15,7639,36,0,0,1,0
2021-05-10,7691,6,15,7640,36,0,0,1,0
2021-05-11,7693,5,15,7642,36,0,0,1,0
2021-05-12,7694,5,15,7643,36,0,0,1,0
2021-05-13,7694,5,14,7644,36,0,0,1,0
2021-05-14,7696,5,14,7646,36,0,0,1,0
2021-05-15,7697,5,14,7647,36,0,0,1,0
2021-05-16,7697,5,13,7648,36,0,0,1,0
2021-05-17,7698,5,13,7649,36,0,0,1,0
2021-05-18,7700,5,13,7651,36,0,0,1,0
2021-05-19,7701,5,13,7652,36,0,0,1,0
2021-05-20,7702,5,13,7653,36,0,0,1,0
2021-05-21,7702,5,12,7654,36,0,0,1,0
2021-05-22,7703,4,12,7655,36,0,0,1,0
2021-05-23,7704,4,12,7656,36,0,0,1,0
2021-05-24,7705,4,12,7657,36,0,0,1,0
2021-05-25,7705,4,11,7658,36,0,0,1,0
2021-05-26,7706,4,11,7659,36,0,0,1,0
2021-05-27,7707,4,11,7660,36,0,0,1,0
2021-05-28,7708,4,11,7661,36,0,0,1,0
2021-05-29,7709,4,11,7662,36,0,0,1,0
2021-05-30,7709,4,10,7663,36,0,0,1,0
2021-05-31,7710,4,10,7664,36,0,0,1,0
2021-06-01,7711,4,10,7665,36,0,0,1,0
2021-06-02,7712,4,10,7666,36,0,0,1,0
2021-06-03,7713,4,10,7667,36,0,0,1,0
2021-06-04,7713,4,9,7668,36,0,0,1,0
2021-06-05,7714,3,9,7669,36,0,0,1,0
2021-06-06,7714,3,9,7669,36,0,0,1,0
2021-06-07,7715,3,9,7670,36,0,0,1,0
2021-06-08,7716,3,9,7671,36,0,0,1,0
2021-06-09,7717,3,9,7672,36,0,0,1,0
2021-06-10,7717,3,8,7673,36,0,0,1,0
2021-06-11,7717,3,8,7673,36,0,0,1,0
2021-06-12,7718,3,8,7674,36,0,0,1,0
2021-06-13,7719,3,8,7675,36,0,0,1,0
2021-06-14,7720,3,8,7676,36,0,0,1,0
2021-06-15,7720,3,8,7676,36,0,0,1,0
2021-06-16,7721,3,8,7677,36,0,0,1,0
2021-06-17,7721,3,7,7678,36,0,0,1,0
2021-06-18,7721,3,7,7678,36,0,0,1,0
2021-06-19,7722,3,7,7679,36,0,0,1,0
2021-06-20,7723,3,7,7680,36,0,0,1,0
2021-06-21,7723,3,7,7680,36,0,0,1,0
2021-06-22,7724,3,7,7681,36,0,0,1,0
2021-06-23,7725,2,7,7682,36,0,0,1,0
2021-06-24,7725,2,7,7682,36,0,0,1,0
2021-06-25,7725,2,6,7683,36,0,0,1,0
2021-06-26,7725,2,6,7683,36,0,0,1,0
2021-06-27,7726,2,6,7684,36,0,0,1,0
2021-06-28,7726,2,6,7684,36,0,0,1,0
2021-06-29,7727,2,6,7685,36,0,0,1,0
2021-06-30,7728,2,6,7686,36,0,0,1,0
2021-07-01,7728,2,6,7686,36,0,0,1,0
2021-07-02,7729,2,6,7687,36,0,0,1,0
2021-07-03,7729,2,6,7687,36,0,0,1,0
2021-07-04,7729,2,5,7688,36,0,0,0,0
2021-07-05,7729,2,5,7688,36,0,0,0,0
2021-07-06,7730,2,5,7689,36,0,0,0,0
2021-07-07,7730,2,5,7689,36,0,0,0,0
