Date,Infected,Exposed,Active,Recovered,Deaths,Diff Exposed,Diff Active,Diff Recovered,Diff Deaths
2020-07-20,2686,458,476,2207,3,0,46,43,0
2020-07-21,2773,415,518,2252,3,0,34,47,0
2020-07-22,2851,383,548,2300,3,0,25,50,0
2020-07-23,2925,358,571,2351,3,0,18,52,0
2020-07-24,2993,340,587,2403,3,0,13,53,0
2020-07-25,3059,325,599,2457,3,0,9,54,0
2020-07-26,3122,314,607,2512,3,0,6,55,0
2020-07-27,3182,305,612,2567,3,0,4,56,0
2020-07-28,3242,298,616,2623,3,0,2,56,0
2020-07-29,3300,292,618,2679,3,0,1,56,0
2020-07-30,3357,287,619,2735,3,0,0,56,0
2020-07-31,3412,283,618,2791,3,0,0,56,0
2020-08-01,3467,279,617,2847,3,0,0,56,0
2020-08-02,3523,275,616,2903,4,0,0,56,0
2020-08-03,3576,272,613,2959,4,0,0,56,0
2020-08-04,3629,269,611,3014,4,0,0,55,0
2020-08-05,3682,266,608,3070,4,0,0,55,0
2020-08-06,3734,263,605,3125,4,0,0,55,0
2020-08-07,3785,260,601,3180,4,0,0,55,0
2020-08-08,3835,257,597,3234,4,0,0,54,0
2020-08-09,3885,253,593,3288,4,0,0,54,0
2020-08-10,3935,250,589,3342,4,0,0,53,0
2020-08-11,3983,247,584,3395,4,0,0,53,0
2020-08-12,4032,244,580,3448,4,0,0,53,0
2020-08-13,4080,241,575,3501,4,0,0,52,0
2020-08-14,4127,238,570,3553,4,0,0,52,0
2020-08-15,4173,235,565,3604,4,0,0,51,0
2020-08-16,4218,232,559,3655,4,0,0,51,0
2020-08-17,4264,229,554,3706,4,0,0,50,0
2020-08-18,4309,226,548,3756,5,0,0,50,0
2020-08-19,4354,222,543,3806,5,0,0,49,0
2020-08-20,4397,219,537,3855,5,0,0,49,0
2020-08-21,4439,216,531,3903,5,0,0,48,0
2020-08-22,4481,213,525,3951,5,0,0,48,0
2020-08-23,4523,209,519,3999,5,0,0,47,0
2020-08-24,4564,206,513,4046,5,0,0,47,0
2020-08-25,4604,203,507,4092,5,0,0,46,0
2020-08-26,4643,200,500,4138,5,0,0,45,0
2020-08-27,4682,196,494,4183,5,0,0,45,0
2020-08-28,4721,193,488,4228,5,0,0,44,0
2020-08-29,4758,190,481,4272,5,0,0,44,0
2020-08-30,4795,187,475,4315,5,0,0,43,0
2020-08-31,4831,184,468,4358,5,0,0,43,0
2020-09-01,4867,180,462,4400,5,0,0,42,0
2020-09-02,4902,177,455,4442,5,0,0,41,0
2020-09-03,4936,174,448,4483,5,0,0,41,0
2020-09-04,4971,171,442,4524,5,0,0,40,0
2020-09-05,5004,168,435,4563,6,0,0,40,0
2020-09-06,5037,165,428,4603,6,0,0,39,0
2020-09-07,5069,162,422,4641,6,0,0,38,0
2020-09-08,5101,159,415,4680,6,0,0,38,0
2020-09-09,5132,156,409,4717,6,0,0,37,0
2020-09-10,5162,153,402,4754,6,0,0,36,0
2020-09-11,5191,150,395,4790,6,0,0,36,0
2020-09-12,5221,147,389,4826,6,0,0,35,0
2020-09-13,5249,144,382,4861,6,0,0,35,0
2020-09-14,5277,141,376,4895,6,0,0,34,0
2020-09-15,5304,138,369,4929,6,0,0,34,0
2020-09-16,5332,136,363,4963,6,0,0,33,0
2020-09-17,5357,133,356,4995,6,0,0,32,0
2020-09-18,5383,130,350,5027,6,0,0,32,0
2020-09-19,5409,127,344,5059,6,0,0,31,0
2020-09-20,5434,125,338,5090,6,0,0,31,0
2020-09-21,5457,122,331,5120,6,0,0,30,0
2020-09-22,5481,120,325,5150,6,0,0,30,0
2020-09-23,5505,117,319,5180,6,0,0,29,0
2020-09-24,5527,115,313,5208,6,0,0,28,0
2020-09-25,5550,112,307,5237,6,0,0,28,0
2020-09-26,5571,110,301,5264,6,0,0,27,0
2020-09-27,5593,107,295,5292,6,0,0,27,0
2020-09-28,5614,105,290,5318,6,0,0,26,0
2020-09-29,5634,103,284,5344,6,0,0,26,0
2020-09-30,5655,100,278,5370,7,0,0,25,0
2020-10-01,5675,98,273,5395,7,0,0,25,0
2020-10-02,5693,96,267,5419,7,0,0,24,0
2020-10-03,5713,94,262,5444,7,0,0,24,0
2020-10-04,5730,92,256,5467,7,0,0,23,0
2020-10-05,5748,90,251,5490,7,0,0,23,0
2020-10-06,5766,88,246,5513,7,0,0,22,0
2020-10-07,5783,86,241,5535,7,0,0,22,0
2020-10-08,5800,84,236,5557,7,0,0,21,0
2020-10-09,5816,82,231,5578,7,0,0,21,0
2020-10-10,5832,80,226,5599,7,0,0,21,0
2020-10-11,5847,78,221,5619,7,0,0,20,0
2020-10-12,5862,76,216,5639,7,0,0,20,0
2020-10-13,5877,75,212,5658,7,0,0,19,0
2020-10-14,5892,73,207,5678,7,0,0,19,0
2020-10-15,5906,71,203,5696,7,0,0,18,0
2020-10-16,5919,70,198,5714,7,0,0,18,0
2020-10-17,5933,68,194,5732,7,0,0,18,0
2020-10-18,5947,66,190,5750,7,0,0,17,0
2020-10-19,5959,65,185,5767,7,0,0,17,0
2020-10-20,5972,63,181,5784,7,0,0,16,0
2020-10-21,5984,62,177,5800,7,0,0,16,0
2020-10-22,5996,60,173,5816,7,0,0,16,0
2020-10-23,6007,59,169,5831,7,0,0,15,0
2020-10-24,6019,57,165,5847,7,0,0,15,0
2020-10-25,6031,56,162,5862,7,0,0,15,0
2020-10-26,6041,55,158,5876,7,0,0,14,0
2020-10-27,6051,53,154,5890,7,0,0,14,0
2020-10-28,6062,52,151,5904,7,0,0,14,0
2020-10-29,6072,51,147,5918,7,0,0,13,0
2020-10-30,6082,50,144,5931,7,0,0,13,0
2020-10-31,6092,48,141,5944,7,0,0,13,0
2020-11-01,6101,47,137,5957,7,0,0,12,0
2020-11-02,6110,46,134,5969,7,0,0,12,0
2020-11-03,6119,45,131,5981,7,0,0,12,0
2020-11-04,6128,44,128,5993,7,0,0,12,0
2020-11-05,6136,43,125,6004,7,0,0,11,0
2020-11-06,6145,42,122,6016,7,0,0,11,0
2020-11-07,6153,41,119,6027,7,0,0,11,0
2020-11-08,6160,40,116,6037,7,0,0,11,0
2020-11-09,6168,39,113,6048,7,0,0,10,0
2020-11-10,6176,38,111,6058,7,0,0,10,0
2020-11-11,6183,37,108,6068,7,0,0,10,0
2020-11-12,6191,36,106,6078,7,0,0,10,0
2020-11-13,6197,35,103,6087,7,0,0,9,0
2020-11-14,6203,34,100,6096,7,0,0,9,0
2020-11-15,6210,33,98,6105,7,0,0,9,0
2020-11-16,6217,32,96,6114,7,0,0,9,0
2020-11-17,6223,32,93,6123,7,0,0,8,0
2020-11-18,6229,31,91,6131,7,0,0,8,0
2020-11-19,6235,30,89,6139,7,0,0,8,0
2020-11-20,6241,29,87,6147,7,0,0,8,0
2020-11-21,6247,29,85,6155,7,0,0,8,0
2020-11-22,6253,28,83,6163,7,0,0,7,0
2020-11-23,6258,27,81,6170,7,0,0,7,0
2020-11-24,6264,26,79,6178,7,0,0,7,0
2020-11-25,6270,26,77,6185,8,0,0,7,0
2020-11-26,6275,25,75,6192,8,0,0,7,0
2020-11-27,6279,25,73,6198,8,0,0,7,0
2020-11-28,6284,24,71,6205,8,0,0,6,0
2020-11-29,6288,23,69,6211,8,0,0,6,0
2020-11-30,6293,23,68,6217,8,0,0,6,0
2020-12-01,6297,22,66,6223,8,0,0,6,0
2020-12-02,6301,22,64,6229,8,0,0,6,0
2020-12-03,6306,21,63,6235,8,0,0,6,0
2020-12-04,6310,20,61,6241,8,0,0,6,0
2020-12-05,6314,20,60,6246,8,0,0,5,0
2020-12-06,6318,19,58,6252,8,0,0,5,0
2020-12-07,6322,19,57,6257,8,0,0,5,0
2020-12-08,6325,18,55,6262,8,0,0,5,0
2020-12-09,6329,18,54,6267,8,0,0,5,0
2020-12-10,6332,18,52,6272,8,0,0,5,0
2020-12-11,6336,17,51,6277,8,0,0,5,0
2020-12-12,6339,17,50,6281,8,0,0,5,0
2020-12-13,6343,16,49,6286,8,0,0,4,0
2020-12-14,6345,16,47,6290,8,0,0,4,0
2020-12-15,6348,15,46,6294,8,0,0,4,0
2020-12-16,6351,15,45,6298,8,0,0,4,0
2020-12-17,6354,15,44,6302,8,0,0,4,0
2020-12-18,6357,14,43,6306,8,0,0,4,0
2020-12-19,6360,14,42,6310,8,0,0,4,0
2020-12-20,6363,14,41,6314,8,0,0,4,0
2020-12-21,6366,13,40,6318,8,0,0,4,0
2020-12-22,6368,13,39,6321,8,0,0,4,0
2020-12-23,6371,13,38,6325,8,0,0,3,0
2020-12-24,6373,12,37,6328,8,0,0,3,0
2020-12-25,6375,12,36,6331,8,0,0,3,0
2020-12-26,6378,12,35,6335,8,0,0,3,0
2020-12-27,6380,11,34,6338,8,0,0,3,0
2020-12-28,6382,11,33,6341,8,0,0,3,0
2020-12-29,6384,11,32,6344,8,0,0,3,0
2020-12-30,6386,10,31,6347,8,0,0,3,0
2020-12-31,6389,10,31,6350,8,0,0,3,0
2021-01-01,6390,10,30,6352,8,0,0,3,0
2021-01-02,6392,10,29,6355,8,0,0,3,0
2021-01-03,6394,9,28,6358,8,0,0,3,0
2021-01-04,6396,9,28,6360,8,0,0,3,0
2021-01-05,6398,9,27,6363,8,0,0,2,0
2021-01-06,6399,9,26,6365,8,0,0,2,0
2021-01-07,6401,8,26,6367,8,0,0,2,0
2021-01-08,6403,8,25,6370,8,0,0,2,0
2021-01-09,6404,8,24,6372,8,0,0,2,0
2021-01-10,6406,8,24,6374,8,0,0,2,0
2021-01-11,6407,8,23,6376,8,0,0,2,0
2021-01-12,6408,7,22,6378,8,0,0,2,0
2021-01-13,6410,7,22,6380,8,0,0,2,0
2021-01-14,6411,7,21,6382,8,0,0,2,0
2021-01-15,6413,7,21,6384,8,0,0,2,0
2021-01-16,6414,7,20,6386,8,0,0,2,0
2021-01-17,6416,7,20,6388,8,0,0,2,0
2021-01-18,6417,6,19,6390,8,0,0,2,0
2021-01-19,6418,6,19,6391,8,0,0,2,0
2021-01-20,6419,6,18,6393,8,0,0,2,0
2021-01-21,6421,6,18,6395,8,0,0,2,0
2021-01-22,6421,6,17,6396,8,0,0,2,0
2021-01-23,6423,6,17,6398,8,0,0,2,0
2021-01-24,6423,5,16,6399,8,0,0,1,0
2021-01-25,6425,5,16,6401,8,0,0,1,0
2021-01-26,6426,5,16,6402,8,0,0,1,0
2021-01-27,6427,5,15,6404,8,0,0,1,0
2021-01-28,6428,5,15,6405,8,0,0,1,0
2021-01-29,6428,5,14,6406,8,0,0,1,0
2021-01-30,6430,5,14,6408,8,0,0,1,0
2021-01-31,6431,5,14,6409,8,0,0,1,0
2021-02-01,6431,4,13,6410,8,0,0,1,0
2021-02-02,6432,4,13,6411,8,0,0,1,0
2021-02-03,6433,4,13,6412,8,0,0,1,0
2021-02-04,6434,4,12,6414,8,0,0,1,0
2021-02-05,6435,4,12,6415,8,0,0,1,0
2021-02-06,6436,4,12,6416,8,0,0,1,0
2021-02-07,6436,4,11,6417,8,0,0,1,0
2021-02-08,6437,4,11,6418,8,0,0,1,0
2021-02-09,6438,4,11,6419,8,0,0,1,0
2021-02-10,6438,3,10,6420,8,0,0,1,0
2021-02-11,6439,3,10,6421,8,0,0,1,0
2021-02-12,6440,3,10,6422,8,0,0,1,0
2021-02-13,6441,3,10,6423,8,0,0,1,0
2021-02-14,6440,3,9,6423,8,0,0,1,0
2021-02-15,6441,3,9,6424,8,0,0,1,0
2021-02-16,6442,3,9,6425,8,0,0,1,0
2021-02-17,6443,3,9,6426,8,0,0,1,0
2021-02-18,6444,3,9,6427,8,0,0,1,0
2021-02-19,6443,3,8,6427,8,0,0,1,0
2021-02-20,6444,3,8,6428,8,0,0,1,0
2021-02-21,6445,3,8,6429,8,0,0,1,0
2021-02-22,6446,3,8,6430,8,0,0,1,0
2021-02-23,6445,2,7,6430,8,0,0,1,0
2021-02-24,6446,2,7,6431,8,0,0,1,0
2021-02-25,6447,2,7,6432,8,0,0,1,0
2021-02-26,6447,2,7,6432,8,0,0,1,0
2021-02-27,6448,2,7,6433,8,0,0,1,0
2021-02-28,6449,2,7,6434,8,0,0,1,0
2021-03-01,6448,2,6,6434,8,0,0,1,0
2021-03-02,6449,2,6,6435,8,0,0,1,0
2021-03-03,6449,2,6,6435,8,0,0,1,0
2021-03-04,6450,2,6,6436,8,0,0,1,0
2021-03-05,6450,2,6,6436,8,0,0,1,0
2021-03-06,6451,2,6,6437,8,0,0,1,0
2021-03-07,6450,2,5,6437,8,0,0,0,0
2021-03-08,6451,2,5,6438,8,0,0,0,0
2021-03-09,6451,2,5,6438,8,0,0,0,0
2021-03-10,6452,2,5,6439,8,0,0,0,0
2021-03-11,6452,2,5,6439,8,0,0,0,0
2021-03-12,6453,2,5,6440,8,0,0,0,0
2021-03-13,6453,2,5,6440,8,0,0,0,0
2021-03-14,6453,1,5,6440,8,0,0,0,0
2021-03-15,6453,1,4,6441,8,0,0,0,0
2021-03-16,6453,1,4,6441,8,0,0,0,0
2021-03-17,6454,1,4,6442,8,0,0,0,0
2021-03-18,6454,1,4,6442,8,0,0,0,0
2021-03-19,6454,1,4,6442,8,0,0,0,0
2021-03-20,6455,1,4,6443,8,0,0,0,0
2021-03-21,6455,1,4,6443,8,0,0,0,0
2021-03-22,6455,1,4,6443,8,0,0,0,0
2021-03-23,6456,1,4,6444,8,0,0,0,0
2021-03-24,6455,1,3,6444,8,0,0,0,0
2021-03-25,6455,1,3,6444,8,0,0,0,0
2021-03-26,6456,1,3,6445,8,0,0,0,0
2021-03-27,6456,1,3,6445,8,0,0,0,0
2021-03-28,6456,1,3,6445,8,0,0,0,0
2021-03-29,6457,1,3,6446,8,0,0,0,0
2021-03-30,6457,1,3,6446,8,0,0,0,0
2021-03-31,6457,1,3,6446,8,0,0,0,0
2021-04-01,6457,1,3,6446,8,0,0,0,0
2021-04-02,6458,1,3,6447,8,0,0,0,0
2021-04-03,6458,1,3,6447,8,0,0,0,0
2021-04-04,6458,1,3,6447,8,0,0,0,0
2021-04-05,6458,1,3,6447,8,0,0,0,0
2021-04-06,6458,1,2,6448,8,0,0,0,0
2021-04-07,6458,1,2,6448,8,0,0,0,0
2021-04-08,6458,1,2,6448,8,0,0,0,0
2021-04-09,6458,1,2,6448,8,0,0,0,0
2021-04-10,6458,1,2,6448,8,0,0,0,0
2021-04-11,6459,1,2,6449,8,0,0,0,0
2021-04-12,6459,1,2,6449,8,0,0,0,0
2021-04-13,6459,1,2,6449,8,0,0,0,0
2021-04-14,6459,1,2,6449,8,0,0,0,0
2021-04-15,6459,1,2,6449,8,0,0,0,0
2021-04-16,6460,1,2,6450,8,0,0,0,0
2021-04-17,6460,1,2,6450,8,0,0,0,0
2021-04-18,6460,1,2,6450,8,0,0,0,0
2021-04-19,6460,1,2,6450,8,0,0,0,0
2021-04-20,6460,1,2,6450,8,0,0,0,0
2021-04-21,6460,1,2,6450,8,0,0,0,0
2021-04-22,6461,1,2,6451,8,0,0,0,0
2021-04-23,6461,1,2,6451,8,0,0,0,0
2021-04-24,6461,1,2,6451,8,0,0,0,0
2021-04-25,6460,0,1,6451,8,0,0,0,0
2021-04-26,6460,0,1,6451,8,0,0,0,0
2021-04-27,6460,0,1,6451,8,0,0,0,0
2021-04-28,6460,0,1,6451,8,0,0,0,0
2021-04-29,6460,0,1,6451,8,0,0,0,0
2021-04-30,6461,0,1,6452,8,0,0,0,0
2021-05-01,6461,0,1,6452,8,0,0,0,0
2021-05-02,6461,0,1,6452,8,0,0,0,0
2021-05-03,6461,0,1,6452,8,0,0,0,0
2021-05-04,6461,0,1,6452,8,0,0,0,0
2021-05-05,6461,0,1,6452,8,0,0,0,0
2021-05-06,6461,0,1,6452,8,0,0,0,0
2021-05-07,6461,0,1,6452,8,0,0,0,0
2021-05-08,6461,0,1,6452,8,0,0,0,0
2021-05-09,6462,0,1,6453,8,0,0,0,0
2021-05-10,6462,0,1,6453,8,0,0,0,0
2021-05-11,6462,0,1,6453,8,0,0,0,0
2021-05-12,6462,0,1,6453,8,0,0,0,0
2021-05-13,6462,0,1,6453,8,0,0,0,0
2021-05-14,6462,0,1,6453,8,0,0,0,0
2021-05-15,6462,0,1,6453,8,0,0,0,0
2021-05-16,6462,0,1,6453,8,0,0,0,0
2021-05-17,6462,0,1,6453,8,0,0,0,0
2021-05-18,6462,0,1,6453,8,0,0,0,0
2021-05-19,6462,0,1,6453,8,0,0,0,0
2021-05-20,6462,0,1,6453,8,0,0,0,0
2021-05-21,6462,0,1,6453,8,0,0,0,0
2021-05-22,6463,0,1,6454,8,0,0,0,0
2021-05-23,6463,0,1,6454,8,0,0,0,0
2021-05-24,6463,0,1,6454,8,0,0,0,0
2021-05-25,6463,0,1,6454,8,0,0,0,0
2021-05-26,6463,0,1,6454,8,0,0,0,0
2021-05-27,6463,0,1,6454,8,0,0,0,0
2021-05-28,6463,0,1,6454,8,0,0,0,0
2021-05-29,6463,0,1,6454,8,0,0,0,0
2021-05-30,6463,0,1,6454,8,0,0,0,0
2021-05-31,6463,0,1,6454,8,0,0,0,0
2021-06-01,6463,0,1,6454,8,0,0,0,0
2021-06-02,6463,0,1,6454,8,0,0,0,0
2021-06-03,6463,0,1,6454,8,0,0,0,0
2021-06-04,6463,0,1,6454,8,0,0,0,0
2021-06-05,6463,0,1,6454,8,0,0,0,0
2021-06-06,6462,0,0,6454,8,0,0,0,0
2021-06-07,6462,0,0,6454,8,0,0,0,0
2021-06-08,6462,0,0,6454,8,0,0,0,0
2021-06-09,6462,0,0,6454,8,0,0,0,0
2021-06-10,6463,0,0,6455,8,0,0,0,0
2021-06-11,6463,0,0,6455,8,0,0,0,0
2021-06-12,6463,0,0,6455,8,0,0,0,0
2021-06-13,6463,0,0,6455,8,0,0,0,0
2021-06-14,6463,0,0,6455,8,0,0,0,0
2021-06-15,6463,0,0,6455,8,0,0,0,0
2021-06-16,6463,0,0,6455,8,0,0,0,0
2021-06-17,6463,0,0,6455,8,0,0,0,0
2021-06-18,6463,0,0,6455,8,0,0,0,0
2021-06-19,6463,0,0,6455,8,0,0,0,0
2021-06-20,6463,0,0,6455,8,0,0,0,0
2021-06-21,6463,0,0,6455,8,0,0,0,0
2021-06-22,6463,0,0,6455,8,0,0,0,0
2021-06-23,6463,0,0,6455,8,0,0,0,0
2021-06-24,6463,0,0,6455,8,0,0,0,0
2021-06-25,6463,0,0,6455,8,0,0,0,0
2021-06-26,6463,0,0,6455,8,0,0,0,0
2021-06-27,6463,0,0,6455,8,0,0,0,0
2021-06-28,6463,0,0,6455,8,0,0,0,0
2021-06-29,6463,0,0,6455,8,0,0,0,0
2021-06-30,6463,0,0,6455,8,0,0,0,0
2021-07-01,6463,0,0,6455,8,0,0,0,0
2021-07-02,6463,0,0,6455,8,0,0,0,0
2021-07-03,6463,0,0,6455,8,0,0,0,0
2021-07-04,6463,0,0,6455,8,0,0,0,0
2021-07-05,6463,0,0,6455,8,0,0,0,0
2021-07-06,6463,0,0,6455,8,0,0,0,0
2021-07-07,6463,0,0,6455,8,0,0,0,0
2021-07-08,6463,0,0,6455,8,0,0,0,0
2021-07-09,6463,0,0,6455,8,0,0,0,0
2021-07-10,6463,0,0,6455,8,0,0,0,0
2021-07-11,6463,0,0,6455,8,0,0,0,0
2021-07-12,6463,0,0,6455,8,0,0,0,0
2021-07-13,6463,0,0,6455,8,0,0,0,0
2021-07-14,6463,0,0,6455,8,0,0,0,0
2021-07-15,6463,0,0,6455,8,0,0,0,0
