Date,Infected,Exposed,Active,Recovered,Deaths,Diff Exposed,Diff Active,Diff Recovered,Diff Deaths
2020-07-17,512,204,102,409,1,0,31,9,0
2020-07-18,549,173,129,419,1,0,22,12,0
2020-07-19,582,149,149,432,1,0,16,14,0
2020-07-20,610,131,163,446,1,0,11,15,0
2020-07-21,634,116,172,461,1,0,7,16,0
2020-07-22,656,104,178,477,1,0,4,16,0
2020-07-23,675,95,181,493,1,0,2,16,0
2020-07-24,694,88,183,510,1,0,1,17,0
2020-07-25,710,82,183,526,1,0,0,17,0
2020-07-26,726,77,182,543,1,0,0,17,0
2020-07-27,741,73,181,559,1,0,0,16,0
2020-07-28,755,70,178,576,1,0,0,16,0
2020-07-29,769,67,176,592,1,0,0,16,0
2020-07-30,782,64,173,608,1,0,0,16,0
2020-07-31,793,62,169,623,1,0,0,15,0
2020-08-01,805,60,166,638,1,0,0,15,0
2020-08-02,817,58,163,653,1,0,0,15,0
2020-08-03,828,56,159,668,1,0,0,14,0
2020-08-04,839,55,156,682,1,0,0,14,0
2020-08-05,849,53,152,696,1,0,0,14,0
2020-08-06,860,52,149,710,1,0,0,14,0
2020-08-07,871,50,146,724,1,0,0,13,0
2020-08-08,880,49,142,737,1,0,0,13,0
2020-08-09,889,48,139,749,1,0,0,13,0
2020-08-10,899,47,136,762,1,0,0,12,0
2020-08-11,908,45,133,774,1,0,0,12,0
2020-08-12,916,44,129,786,1,0,0,12,0
2020-08-13,926,43,126,798,2,0,0,11,0
2020-08-14,934,42,123,809,2,0,0,11,0
2020-08-15,942,41,120,820,2,0,0,11,0
2020-08-16,951,40,118,831,2,0,0,11,0
2020-08-17,959,39,115,842,2,0,0,10,0
2020-08-18,966,38,112,852,2,0,0,10,0
2020-08-19,973,37,109,862,2,0,0,10,0
2020-08-20,981,36,107,872,2,0,0,10,0
2020-08-21,987,36,104,881,2,0,0,9,0
2020-08-22,995,35,102,891,2,0,0,9,0
2020-08-23,1001,34,99,900,2,0,0,9,0
2020-08-24,1008,33,97,909,2,0,0,9,0
2020-08-25,1015,32,95,918,2,0,0,9,0
2020-08-26,1020,31,92,926,2,0,0,8,0
2020-08-27,1026,31,90,934,2,0,0,8,0
2020-08-28,1032,30,88,942,2,0,0,8,0
2020-08-29,1038,29,86,950,2,0,0,8,0
2020-08-30,1044,28,84,958,2,0,0,8,0
2020-08-31,1050,28,82,966,2,0,0,7,0
2020-09-01,1055,27,80,973,2,0,0,7,0
2020-09-02,1060,26,78,980,2,0,0,7,0
2020-09-03,1065,26,76,987,2,0,0,7,0
2020-09-04,1070,25,74,994,2,0,0,7,0
2020-09-05,1075,25,72,1001,2,0,0,7,0
2020-09-06,1080,24,71,1007,2,0,0,6,0
2020-09-07,1085,23,69,1014,2,0,0,6,0
2020-09-08,1089,23,67,1020,2,0,0,6,0
2020-09-09,1094,22,66,1026,2,0,0,6,0
2020-09-10,1098,22,64,1032,2,0,0,6,0
2020-09-11,1101,21,62,1037,2,0,0,6,0
2020-09-12,1106,21,61,1043,2,0,0,6,0
2020-09-13,1110,20,59,1049,2,0,0,5,0
2020-09-14,1114,20,58,1054,2,0,0,5,0
2020-09-15,1118,19,57,1059,2,0,0,5,0
2020-09-16,1121,19,55,1064,2,0,0,5,0
2020-09-17,1125,18,54,1069,2,0,0,5,0
2020-09-18,1129,18,53,1074,2,0,0,5,0
2020-09-19,1132,17,51,1079,2,0,0,5,0
2020-09-20,1135,17,50,1083,2,0,0,5,0
2020-09-21,1139,17,49,1088,2,0,0,4,0
2020-09-22,1142,16,48,1092,2,0,0,4,0
2020-09-23,1146,16,47,1097,2,0,0,4,0
2020-09-24,1148,15,45,1101,2,0,0,4,0
2020-09-25,1151,15,44,1105,2,0,0,4,0
2020-09-26,1154,15,43,1109,2,0,0,4,0
2020-09-27,1157,14,42,1113,2,0,0,4,0
2020-09-28,1159,14,41,1116,2,0,0,4,0
2020-09-29,1162,14,40,1120,2,0,0,4,0
2020-09-30,1165,13,39,1124,2,0,0,4,0
2020-10-01,1167,13,38,1127,2,0,0,3,0
2020-10-02,1170,13,37,1131,2,0,0,3,0
2020-10-03,1172,12,36,1134,2,0,0,3,0
2020-10-04,1174,12,35,1137,2,0,0,3,0
2020-10-05,1178,12,35,1141,2,0,0,3,0
2020-10-06,1180,11,34,1144,2,0,0,3,0
2020-10-07,1182,11,33,1147,2,0,0,3,0
2020-10-08,1184,11,32,1150,2,0,0,3,0
2020-10-09,1186,11,31,1153,2,0,0,3,0
2020-10-10,1188,10,31,1155,2,0,0,3,0
2020-10-11,1190,10,30,1158,2,0,0,3,0
2020-10-12,1192,10,29,1161,2,0,0,3,0
2020-10-13,1193,10,28,1163,2,0,0,3,0
2020-10-14,1196,9,28,1166,2,0,0,3,0
2020-10-15,1197,9,27,1168,2,0,0,2,0
2020-10-16,1199,9,26,1171,2,0,0,2,0
2020-10-17,1201,9,26,1173,2,0,0,2,0
2020-10-18,1203,8,25,1176,2,0,0,2,0
2020-10-19,1204,8,24,1178,2,0,0,2,0
2020-10-20,1206,8,24,1180,2,0,0,2,0
2020-10-21,1207,8,23,1182,2,0,0,2,0
2020-10-22,1209,8,23,1184,2,0,0,2,0
2020-10-23,1210,7,22,1186,2,0,0,2,0
2020-10-24,1212,7,22,1188,2,0,0,2,0
2020-10-25,1213,7,21,1190,2,0,0,2,0
2020-10-26,1215,7,21,1192,2,0,0,2,0
2020-10-27,1216,7,20,1194,2,0,0,2,0
2020-10-28,1218,7,20,1196,2,0,0,2,0
2020-10-29,1219,6,19,1198,2,0,0,2,0
2020-10-30,1220,6,19,1199,2,0,0,2,0
2020-10-31,1221,6,18,1201,2,0,0,2,0
2020-11-01,1223,6,18,1203,2,0,0,2,0
2020-11-02,1223,6,17,1204,2,0,0,2,0
2020-11-03,1225,6,17,1206,2,0,0,2,0
2020-11-04,1225,6,16,1207,2,0,0,1,0
2020-11-05,1227,5,16,1209,2,0,0,1,0
2020-11-06,1228,5,16,1210,2,0,0,1,0
2020-11-07,1229,5,15,1212,2,0,0,1,0
2020-11-08,1230,5,15,1213,2,0,0,1,0
2020-11-09,1231,5,15,1214,2,0,0,1,0
2020-11-10,1232,5,14,1216,2,0,0,1,0
2020-11-11,1233,5,14,1217,2,0,0,1,0
2020-11-12,1233,5,13,1218,2,0,0,1,0
2020-11-13,1234,4,13,1219,2,0,0,1,0
2020-11-14,1235,4,13,1220,2,0,0,1,0
2020-11-15,1237,4,13,1222,2,0,0,1,0
2020-11-16,1237,4,12,1223,2,0,0,1,0
2020-11-17,1238,4,12,1224,2,0,0,1,0
2020-11-18,1239,4,12,1225,2,0,0,1,0
2020-11-19,1239,4,11,1226,2,0,0,1,0
2020-11-20,1240,4,11,1227,2,0,0,1,0
2020-11-21,1241,4,11,1228,2,0,0,1,0
2020-11-22,1242,4,11,1229,2,0,0,1,0
2020-11-23,1242,3,10,1230,2,0,0,1,0
2020-11-24,1243,3,10,1231,2,0,0,1,0
2020-11-25,1244,3,10,1232,2,0,0,1,0
2020-11-26,1245,3,10,1233,2,0,0,1,0
2020-11-27,1244,3,9,1233,2,0,0,1,0
2020-11-28,1245,3,9,1234,2,0,0,1,0
2020-11-29,1246,3,9,1235,2,0,0,1,0
2020-11-30,1247,3,9,1236,2,0,0,1,0
2020-12-01,1247,3,8,1237,2,0,0,1,0
2020-12-02,1247,3,8,1237,2,0,0,1,0
2020-12-03,1248,3,8,1238,2,0,0,1,0
2020-12-04,1249,3,8,1239,2,0,0,1,0
2020-12-05,1250,3,8,1240,2,0,0,1,0
2020-12-06,1249,3,7,1240,2,0,0,1,0
2020-12-07,1250,2,7,1241,2,0,0,1,0
2020-12-08,1251,2,7,1242,2,0,0,1,0
2020-12-09,1251,2,7,1242,2,0,0,1,0
2020-12-10,1252,2,7,1243,2,0,0,1,0
2020-12-11,1252,2,7,1243,2,0,0,1,0
2020-12-12,1252,2,6,1244,2,0,0,1,0
2020-12-13,1253,2,6,1245,2,0,0,1,0
2020-12-14,1253,2,6,1245,2,0,0,1,0
2020-12-15,1254,2,6,1246,2,0,0,1,0
2020-12-16,1254,2,6,1246,2,0,0,1,0
2020-12-17,1255,2,6,1247,2,0,0,1,0
2020-12-18,1255,2,6,1247,2,0,0,0,0
2020-12-19,1255,2,5,1248,2,0,0,0,0
2020-12-20,1255,2,5,1248,2,0,0,0,0
2020-12-21,1256,2,5,1249,2,0,0,0,0
2020-12-22,1256,2,5,1249,2,0,0,0,0
2020-12-23,1257,2,5,1250,2,0,0,0,0
2020-12-24,1257,2,5,1250,2,0,0,0,0
2020-12-25,1258,2,5,1251,2,0,0,0,0
2020-12-26,1258,2,5,1251,2,0,0,0,0
2020-12-27,1257,1,4,1251,2,0,0,0,0
2020-12-28,1258,1,4,1252,2,0,0,0,0
2020-12-29,1258,1,4,1252,2,0,0,0,0
2020-12-30,1258,1,4,1252,2,0,0,0,0
2020-12-31,1259,1,4,1253,2,0,0,0,0
2021-01-01,1259,1,4,1253,2,0,0,0,0
2021-01-02,1260,1,4,1254,2,0,0,0,0
2021-01-03,1260,1,4,1254,2,0,0,0,0
2021-01-04,1260,1,4,1254,2,0,0,0,0
2021-01-05,1261,1,4,1255,2,0,0,0,0
2021-01-06,1260,1,3,1255,2,0,0,0,0
2021-01-07,1260,1,3,1255,2,0,0,0,0
2021-01-08,1260,1,3,1255,2,0,0,0,0
2021-01-09,1261,1,3,1256,2,0,0,0,0
2021-01-10,1261,1,3,1256,2,0,0,0,0
2021-01-11,1261,1,3,1256,2,0,0,0,0
2021-01-12,1262,1,3,1257,2,0,0,0,0
2021-01-13,1262,1,3,1257,2,0,0,0,0
2021-01-14,1262,1,3,1257,2,0,0,0,0
2021-01-15,1262,1,3,1257,2,0,0,0,0
2021-01-16,1263,1,3,1258,2,0,0,0,0
2021-01-17,1263,1,3,1258,2,0,0,0,0
2021-01-18,1263,1,3,1258,2,0,0,0,0
2021-01-19,1262,1,2,1258,2,0,0,0,0
2021-01-20,1263,1,2,1259,2,0,0,0,0
2021-01-21,1263,1,2,1259,2,0,0,0,0
2021-01-22,1263,1,2,1259,2,0,0,0,0
2021-01-23,1263,1,2,1259,2,0,0,0,0
2021-01-24,1263,1,2,1259,2,0,0,0,0
2021-01-25,1264,1,2,1260,2,0,0,0,0
2021-01-26,1264,1,2,1260,2,0,0,0,0
2021-01-27,1264,1,2,1260,2,0,0,0,0
2021-01-28,1264,1,2,1260,2,0,0,0,0
2021-01-29,1264,1,2,1260,2,0,0,0,0
2021-01-30,1265,1,2,1261,2,0,0,0,0
2021-01-31,1265,1,2,1261,2,0,0,0,0
2021-02-01,1265,1,2,1261,2,0,0,0,0
2021-02-02,1265,1,2,1261,2,0,0,0,0
2021-02-03,1265,1,2,1261,2,0,0,0,0
2021-02-04,1265,1,2,1261,2,0,0,0,0
2021-02-05,1265,1,2,1261,2,0,0,0,0
2021-02-06,1266,1,2,1262,2,0,0,0,0
2021-02-07,1266,1,2,1262,2,0,0,0,0
2021-02-08,1266,1,2,1262,2,0,0,0,0
2021-02-09,1265,0,1,1262,2,0,0,0,0
2021-02-10,1265,0,1,1262,2,0,0,0,0
2021-02-11,1265,0,1,1262,2,0,0,0,0
2021-02-12,1265,0,1,1262,2,0,0,0,0
2021-02-13,1266,0,1,1263,2,0,0,0,0
2021-02-14,1266,0,1,1263,2,0,0,0,0
2021-02-15,1266,0,1,1263,2,0,0,0,0
2021-02-16,1266,0,1,1263,2,0,0,0,0
2021-02-17,1266,0,1,1263,2,0,0,0,0
2021-02-18,1266,0,1,1263,2,0,0,0,0
2021-02-19,1266,0,1,1263,2,0,0,0,0
2021-02-20,1266,0,1,1263,2,0,0,0,0
2021-02-21,1266,0,1,1263,2,0,0,0,0
2021-02-22,1267,0,1,1264,2,0,0,0,0
2021-02-23,1267,0,1,1264,2,0,0,0,0
2021-02-24,1267,0,1,1264,2,0,0,0,0
2021-02-25,1267,0,1,1264,2,0,0,0,0
2021-02-26,1267,0,1,1264,2,0,0,0,0
2021-02-27,1267,0,1,1264,2,0,0,0,0
2021-02-28,1267,0,1,1264,2,0,0,0,0
2021-03-01,1267,0,1,1264,2,0,0,0,0
2021-03-02,1267,0,1,1264,2,0,0,0,0
2021-03-03,1267,0,1,1264,2,0,0,0,0
2021-03-04,1267,0,1,1264,2,0,0,0,0
2021-03-05,1267,0,1,1264,2,0,0,0,0
2021-03-06,1268,0,1,1265,2,0,0,0,0
2021-03-07,1268,0,1,1265,2,0,0,0,0
2021-03-08,1268,0,1,1265,2,0,0,0,0
2021-03-09,1268,0,1,1265,2,0,0,0,0
2021-03-10,1268,0,1,1265,2,0,0,0,0
2021-03-11,1268,0,1,1265,2,0,0,0,0
2021-03-12,1268,0,1,1265,2,0,0,0,0
2021-03-13,1268,0,1,1265,2,0,0,0,0
2021-03-14,1268,0,1,1265,2,0,0,0,0
2021-03-15,1268,0,1,1265,2,0,0,0,0
2021-03-16,1268,0,1,1265,2,0,0,0,0
2021-03-17,1268,0,1,1265,2,0,0,0,0
2021-03-18,1268,0,1,1265,2,0,0,0,0
2021-03-19,1268,0,1,1265,2,0,0,0,0
2021-03-20,1268,0,1,1265,2,0,0,0,0
2021-03-21,1268,0,1,1265,2,0,0,0,0
2021-03-22,1268,0,1,1265,2,0,0,0,0
2021-03-23,1269,0,1,1266,2,0,0,0,0
2021-03-24,1269,0,1,1266,2,0,0,0,0
2021-03-25,1268,0,0,1266,2,0,0,0,0
2021-03-26,1268,0,0,1266,2,0,0,0,0
2021-03-27,1268,0,0,1266,2,0,0,0,0
2021-03-28,1268,0,0,1266,2,0,0,0,0
2021-03-29,1268,0,0,1266,2,0,0,0,0
2021-03-30,1268,0,0,1266,2,0,0,0,0
2021-03-31,1268,0,0,1266,2,0,0,0,0
2021-04-01,1268,0,0,1266,2,0,0,0,0
2021-04-02,1268,0,0,1266,2,0,0,0,0
2021-04-03,1268,0,0,1266,2,0,0,0,0
2021-04-04,1268,0,0,1266,2,0,0,0,0
2021-04-05,1268,0,0,1266,2,0,0,0,0
2021-04-06,1268,0,0,1266,2,0,0,0,0
2021-04-07,1268,0,0,1266,2,0,0,0,0
2021-04-08,1268,0,0,1266,2,0,0,0,0
2021-04-09,1268,0,0,1266,2,0,0,0,0
2021-04-10,1268,0,0,1266,2,0,0,0,0
2021-04-11,1268,0,0,1266,2,0,0,0,0
2021-04-12,1268,0,0,1266,2,0,0,0,0
2021-04-13,1268,0,0,1266,2,0,0,0,0
2021-04-14,1268,0,0,1266,2,0,0,0,0
2021-04-15,1268,0,0,1266,2,0,0,0,0
2021-04-16,1268,0,0,1266,2,0,0,0,0
2021-04-17,1268,0,0,1266,2,0,0,0,0
2021-04-18,1268,0,0,1266,2,0,0,0,0
2021-04-19,1268,0,0,1266,2,0,0,0,0
2021-04-20,1268,0,0,1266,2,0,0,0,0
2021-04-21,1268,0,0,1266,2,0,0,0,0
2021-04-22,1269,0,0,1267,2,0,0,0,0
2021-04-23,1269,0,0,1267,2,0,0,0,0
2021-04-24,1269,0,0,1267,2,0,0,0,0
2021-04-25,1269,0,0,1267,2,0,0,0,0
2021-04-26,1269,0,0,1267,2,0,0,0,0
2021-04-27,1269,0,0,1267,2,0,0,0,0
2021-04-28,1269,0,0,1267,2,0,0,0,0
2021-04-29,1269,0,0,1267,2,0,0,0,0
2021-04-30,1269,0,0,1267,2,0,0,0,0
2021-05-01,1269,0,0,1267,2,0,0,0,0
2021-05-02,1269,0,0,1267,2,0,0,0,0
2021-05-03,1269,0,0,1267,2,0,0,0,0
2021-05-04,1269,0,0,1267,2,0,0,0,0
2021-05-05,1269,0,0,1267,2,0,0,0,0
2021-05-06,1269,0,0,1267,2,0,0,0,0
2021-05-07,1269,0,0,1267,2,0,0,0,0
2021-05-08,1269,0,0,1267,2,0,0,0,0
2021-05-09,1269,0,0,1267,2,0,0,0,0
2021-05-10,1269,0,0,1267,2,0,0,0,0
2021-05-11,1269,0,0,1267,2,0,0,0,0
2021-05-12,1269,0,0,1267,2,0,0,0,0
2021-05-13,1269,0,0,1267,2,0,0,0,0
2021-05-14,1269,0,0,1267,2,0,0,0,0
2021-05-15,1269,0,0,1267,2,0,0,0,0
2021-05-16,1269,0,0,1267,2,0,0,0,0
2021-05-17,1269,0,0,1267,2,0,0,0,0
2021-05-18,1269,0,0,1267,2,0,0,0,0
2021-05-19,1269,0,0,1267,2,0,0,0,0
2021-05-20,1269,0,0,1267,2,0,0,0,0
2021-05-21,1269,0,0,1267,2,0,0,0,0
2021-05-22,1269,0,0,1267,2,0,0,0,0
2021-05-23,1269,0,0,1267,2,0,0,0,0
2021-05-24,1269,0,0,1267,2,0,0,0,0
2021-05-25,1269,0,0,1267,2,0,0,0,0
2021-05-26,1269,0,0,1267,2,0,0,0,0
2021-05-27,1269,0,0,1267,2,0,0,0,0
2021-05-28,1269,0,0,1267,2,0,0,0,0
2021-05-29,1269,0,0,1267,2,0,0,0,0
2021-05-30,1269,0,0,1267,2,0,0,0,0
2021-05-31,1269,0,0,1267,2,0,0,0,0
2021-06-01,1269,0,0,1267,2,0,0,0,0
2021-06-02,1269,0,0,1267,2,0,0,0,0
2021-06-03,1269,0,0,1267,2,0,0,0,0
2021-06-04,1269,0,0,1267,2,0,0,0,0
2021-06-05,1269,0,0,1267,2,0,0,0,0
2021-06-06,1269,0,0,1267,2,0,0,0,0
2021-06-07,1269,0,0,1267,2,0,0,0,0
2021-06-08,1269,0,0,1267,2,0,0,0,0
2021-06-09,1269,0,0,1267,2,0,0,0,0
2021-06-10,1269,0,0,1267,2,0,0,0,0
2021-06-11,1269,0,0,1267,2,0,0,0,0
2021-06-12,1269,0,0,1267,2,0,0,0,0
2021-06-13,1269,0,0,1267,2,0,0,0,0
2021-06-14,1269,0,0,1267,2,0,0,0,0
2021-06-15,1269,0,0,1267,2,0,0,0,0
2021-06-16,1269,0,0,1267,2,0,0,0,0
2021-06-17,1269,0,0,1267,2,0,0,0,0
2021-06-18,1269,0,0,1267,2,0,0,0,0
2021-06-19,1269,0,0,1267,2,0,0,0,0
2021-06-20,1269,0,0,1267,2,0,0,0,0
2021-06-21,1269,0,0,1267,2,0,0,0,0
2021-06-22,1269,0,0,1267,2,0,0,0,0
2021-06-23,1269,0,0,1267,2,0,0,0,0
2021-06-24,1269,0,0,1267,2,0,0,0,0
2021-06-25,1269,0,0,1267,2,0,0,0,0
2021-06-26,1269,0,0,1267,2,0,0,0,0
2021-06-27,1269,0,0,1267,2,0,0,0,0
2021-06-28,1269,0,0,1267,2,0,0,0,0
2021-06-29,1269,0,0,1267,2,0,0,0,0
2021-06-30,1269,0,0,1267,2,0,0,0,0
2021-07-01,1269,0,0,1267,2,0,0,0,0
2021-07-02,1269,0,0,1267,2,0,0,0,0
2021-07-03,1269,0,0,1267,2,0,0,0,0
2021-07-04,1269,0,0,1267,2,0,0,0,0
2021-07-05,1269,0,0,1267,2,0,0,0,0
2021-07-06,1269,0,0,1267,2,0,0,0,0
2021-07-07,1269,0,0,1267,2,0,0,0,0
2021-07-08,1269,0,0,1267,2,0,0,0,0
2021-07-09,1269,0,0,1267,2,0,0,0,0
2021-07-10,1269,0,0,1267,2,0,0,0,0
2021-07-11,1269,0,0,1267,2,0,0,0,0
2021-07-12,1269,0,0,1267,2,0,0,0,0
