Date,Infected,Exposed,Active,Recovered,Deaths,Diff Exposed,Diff Active,Diff Recovered,Diff Deaths
2020-07-06,598,0,137,460,1,18,0,12,0
2020-07-07,599,16,126,472,1,13,0,11,0
2020-07-08,603,28,119,483,1,10,0,11,0
2020-07-09,609,37,114,494,1,7,0,10,0
2020-07-10,617,43,112,504,1,6,0,10,0
2020-07-11,626,49,111,514,1,5,0,10,0
2020-07-12,635,53,110,524,1,4,0,10,0
2020-07-13,646,56,111,534,1,3,1,10,0
2020-07-14,658,59,112,544,2,3,1,10,0
2020-07-15,670,62,114,554,2,2,2,10,0
2020-07-16,683,64,116,565,2,2,2,10,0
2020-07-17,695,66,118,575,2,2,2,11,0
2020-07-18,708,68,120,586,2,2,2,11,0
2020-07-19,722,70,123,597,2,2,3,11,0
2020-07-20,735,72,125,608,2,2,3,11,0
2020-07-21,750,73,128,620,2,2,3,12,0
2020-07-22,764,75,131,631,2,2,3,12,0
2020-07-23,779,77,134,643,2,2,3,12,0
2020-07-24,794,79,137,655,2,2,3,12,0
2020-07-25,810,80,140,668,2,2,3,13,0
2020-07-26,826,82,143,681,2,2,3,13,0
2020-07-27,842,84,146,694,2,2,3,13,0
2020-07-28,858,86,149,707,2,2,3,14,0
2020-07-29,875,87,152,721,2,2,3,14,0
2020-07-30,892,89,156,734,2,2,3,14,0
2020-07-31,910,91,159,749,2,2,3,14,0
2020-08-01,927,93,162,763,2,2,3,15,0
2020-08-02,946,95,166,778,2,2,4,15,0
2020-08-03,964,97,169,793,2,2,4,15,0
2020-08-04,984,99,173,809,2,2,4,16,0
2020-08-05,1004,101,177,825,2,2,4,16,0
2020-08-06,1023,103,180,841,2,2,4,16,0
2020-08-07,1043,105,184,857,2,2,4,17,0
2020-08-08,1064,107,188,874,2,2,4,17,0
2020-08-09,1085,109,192,891,2,2,4,17,0
2020-08-10,1108,111,196,909,3,2,4,18,0
2020-08-11,1130,113,200,927,3,2,4,18,0
2020-08-12,1152,115,204,945,3,2,4,18,0
2020-08-13,1174,117,208,963,3,2,4,19,0
2020-08-14,1197,120,212,982,3,2,4,19,0
2020-08-15,1221,122,216,1002,3,2,4,20,0
2020-08-16,1245,124,220,1022,3,2,4,20,0
2020-08-17,1270,126,225,1042,3,2,4,20,0
2020-08-18,1294,128,229,1062,3,2,4,21,0
2020-08-19,1319,131,233,1083,3,2,4,21,0
2020-08-20,1345,133,238,1104,3,2,4,22,0
2020-08-21,1371,135,242,1126,3,2,4,22,0
2020-08-22,1398,137,247,1148,3,2,5,22,0
2020-08-23,1425,140,251,1171,3,2,5,23,0
2020-08-24,1453,142,256,1194,3,2,5,23,0
2020-08-25,1480,144,260,1217,3,2,5,24,0
2020-08-26,1509,147,265,1241,3,2,5,24,0
2020-08-27,1539,149,270,1265,4,2,5,24,0
2020-08-28,1568,151,274,1290,4,2,5,25,0
2020-08-29,1598,154,279,1315,4,2,5,25,0
2020-08-30,1628,156,284,1340,4,2,5,26,0
2020-08-31,1659,158,289,1366,4,2,5,26,0
2020-09-01,1689,160,293,1392,4,2,5,27,0
2020-09-02,1721,163,298,1419,4,2,5,27,0
2020-09-03,1753,165,303,1446,4,2,5,27,0
2020-09-04,1786,167,308,1474,4,2,5,28,0
2020-09-05,1819,170,313,1502,4,2,5,28,0
2020-09-06,1852,172,317,1531,4,2,5,29,0
2020-09-07,1886,174,322,1560,4,2,5,29,0
2020-09-08,1920,176,327,1589,4,2,5,30,0
2020-09-09,1956,178,332,1619,5,2,5,30,0
2020-09-10,1991,181,337,1649,5,2,5,31,0
2020-09-11,2027,183,342,1680,5,2,5,31,0
2020-09-12,2062,185,346,1711,5,2,5,31,0
2020-09-13,2098,187,351,1742,5,2,5,32,0
2020-09-14,2135,189,356,1774,5,2,5,32,0
2020-09-15,2172,191,360,1807,5,2,5,33,0
2020-09-16,2210,193,365,1840,5,2,5,33,0
2020-09-17,2248,195,370,1873,5,2,5,34,0
2020-09-18,2286,197,374,1907,5,2,5,34,0
2020-09-19,2325,199,379,1941,5,2,5,34,0
2020-09-20,2364,201,383,1975,6,2,4,35,0
2020-09-21,2404,202,388,2010,6,2,4,35,0
2020-09-22,2443,204,392,2045,6,2,4,36,0
2020-09-23,2484,206,397,2081,6,2,4,36,0
2020-09-24,2524,208,401,2117,6,2,4,36,0
2020-09-25,2565,209,405,2154,6,2,4,37,0
2020-09-26,2606,211,409,2191,6,2,4,37,0
2020-09-27,2647,212,413,2228,6,1,4,37,0
2020-09-28,2688,214,417,2265,6,1,4,38,0
2020-09-29,2730,215,421,2303,6,1,4,38,0
2020-09-30,2774,216,425,2342,7,1,4,39,0
2020-10-01,2816,217,429,2380,7,1,4,39,0
2020-10-02,2858,219,432,2419,7,1,4,39,0
2020-10-03,2902,220,436,2459,7,1,3,40,0
2020-10-04,2944,221,439,2498,7,1,3,40,0
2020-10-05,2988,222,443,2538,7,1,3,40,0
2020-10-06,3032,223,446,2579,7,1,3,40,0
2020-10-07,3075,224,449,2619,7,1,3,41,0
2020-10-08,3119,224,452,2660,7,1,3,41,0
2020-10-09,3164,225,455,2701,8,1,3,41,0
2020-10-10,3208,226,458,2742,8,1,3,41,0
2020-10-11,3252,226,460,2784,8,0,3,42,0
2020-10-12,3297,227,463,2826,8,0,2,42,0
2020-10-13,3341,227,465,2868,8,0,2,42,0
2020-10-14,3385,227,467,2910,8,0,2,42,0
2020-10-15,3429,228,469,2952,8,0,2,43,0
2020-10-16,3474,228,471,2995,8,0,2,43,0
2020-10-17,3519,228,473,3038,8,0,2,43,0
2020-10-18,3564,228,474,3081,9,0,2,43,0
2020-10-19,3609,228,476,3124,9,0,1,43,0
2020-10-20,3653,228,477,3167,9,0,1,43,0
2020-10-21,3697,227,478,3210,9,0,1,43,0
2020-10-22,3742,227,479,3254,9,0,1,43,0
2020-10-23,3786,227,480,3297,9,0,1,44,0
2020-10-24,3831,226,481,3341,9,0,1,44,0
2020-10-25,3875,226,482,3384,9,0,0,44,0
2020-10-26,3920,225,482,3428,10,0,0,44,0
2020-10-27,3964,224,482,3472,10,0,0,44,0
2020-10-28,4007,224,482,3515,10,0,0,44,0
2020-10-29,4051,223,482,3559,10,0,0,44,0
2020-10-30,4095,222,482,3603,10,0,0,44,0
2020-10-31,4139,221,482,3647,10,0,0,44,0
2020-11-01,4181,220,481,3690,10,0,0,44,0
2020-11-02,4225,219,481,3734,10,0,0,44,0
2020-11-03,4268,218,480,3777,11,0,0,43,0
2020-11-04,4311,217,479,3821,11,0,0,43,0
2020-11-05,4353,215,478,3864,11,0,0,43,0
2020-11-06,4394,214,476,3907,11,0,0,43,0
2020-11-07,4437,213,475,3951,11,0,0,43,0
2020-11-08,4479,211,474,3994,11,0,0,43,0
2020-11-09,4519,210,472,4036,11,0,0,43,0
2020-11-10,4560,208,470,4079,11,0,0,43,0
2020-11-11,4602,207,468,4122,12,0,0,42,0
2020-11-12,4642,205,466,4164,12,0,0,42,0
2020-11-13,4682,203,464,4206,12,0,0,42,0
2020-11-14,4721,202,461,4248,12,0,0,42,0
2020-11-15,4761,200,459,4290,12,0,0,42,0
2020-11-16,4799,198,456,4331,12,0,0,41,0
2020-11-17,4839,196,454,4373,12,0,0,41,0
2020-11-18,4877,194,451,4414,12,0,0,41,0
2020-11-19,4915,192,448,4455,12,0,0,41,0
2020-11-20,4953,190,445,4495,13,0,0,40,0
2020-11-21,4990,188,442,4535,13,0,0,40,0
2020-11-22,5026,186,438,4575,13,0,0,40,0
2020-11-23,5063,184,435,4615,13,0,0,39,0
2020-11-24,5099,182,432,4654,13,0,0,39,0
2020-11-25,5134,180,428,4693,13,0,0,39,0
2020-11-26,5169,178,424,4732,13,0,0,38,0
2020-11-27,5204,176,421,4770,13,0,0,38,0
2020-11-28,5238,174,417,4808,13,0,0,38,0
2020-11-29,5273,172,413,4846,14,0,0,37,0
2020-11-30,5306,169,409,4883,14,0,0,37,0
2020-12-01,5339,167,405,4920,14,0,0,37,0
2020-12-02,5372,165,401,4957,14,0,0,36,0
2020-12-03,5404,163,397,4993,14,0,0,36,0
2020-12-04,5436,161,393,5029,14,0,0,36,0
2020-12-05,5466,158,388,5064,14,0,0,35,0
2020-12-06,5497,156,384,5099,14,0,0,35,0
2020-12-07,5528,154,380,5134,14,0,0,34,0
2020-12-08,5558,152,376,5168,14,0,0,34,0
2020-12-09,5588,150,371,5202,15,0,0,34,0
2020-12-10,5618,147,367,5236,15,0,0,33,0
2020-12-11,5646,145,362,5269,15,0,0,33,0
2020-12-12,5674,143,358,5301,15,0,0,32,0
2020-12-13,5702,141,353,5334,15,0,0,32,0
2020-12-14,5730,138,349,5366,15,0,0,32,0
2020-12-15,5756,136,344,5397,15,0,0,31,0
2020-12-16,5783,134,340,5428,15,0,0,31,0
2020-12-17,5809,132,335,5459,15,0,0,30,0
2020-12-18,5834,130,330,5489,15,0,0,30,0
2020-12-19,5860,128,326,5519,15,0,0,30,0
2020-12-20,5884,126,321,5548,15,0,0,29,0
2020-12-21,5910,123,317,5577,16,0,0,29,0
2020-12-22,5934,121,312,5606,16,0,0,28,0
2020-12-23,5958,119,308,5634,16,0,0,28,0
2020-12-24,5980,117,303,5661,16,0,0,27,0
2020-12-25,6003,115,298,5689,16,0,0,27,0
2020-12-26,6026,113,294,5716,16,0,0,27,0
2020-12-27,6047,111,289,5742,16,0,0,26,0
2020-12-28,6069,109,285,5768,16,0,0,26,0
2020-12-29,6090,107,280,5794,16,0,0,25,0
2020-12-30,6111,105,276,5819,16,0,0,25,0
2020-12-31,6132,103,272,5844,16,0,0,25,0
2021-01-01,6151,101,267,5868,16,0,0,24,0
2021-01-02,6172,100,263,5893,16,0,0,24,0
2021-01-03,6191,98,258,5916,17,0,0,23,0
2021-01-04,6210,96,254,5939,17,0,0,23,0
2021-01-05,6229,94,250,5962,17,0,0,23,0
2021-01-06,6248,92,246,5985,17,0,0,22,0
2021-01-07,6265,91,241,6007,17,0,0,22,0
2021-01-08,6283,89,237,6029,17,0,0,22,0
2021-01-09,6300,87,233,6050,17,0,0,21,0
2021-01-10,6317,85,229,6071,17,0,0,21,0
2021-01-11,6334,84,225,6092,17,0,0,20,0
2021-01-12,6350,82,221,6112,17,0,0,20,0
2021-01-13,6366,81,217,6132,17,0,0,20,0
2021-01-14,6381,79,213,6151,17,0,0,19,0
2021-01-15,6397,77,209,6171,17,0,0,19,0
2021-01-16,6411,76,205,6189,17,0,0,19,0
2021-01-17,6427,74,202,6208,17,0,0,18,0
2021-01-18,6441,73,198,6226,17,0,0,18,0
2021-01-19,6455,71,194,6244,17,0,0,18,0
2021-01-20,6468,70,190,6261,17,0,0,17,0
2021-01-21,6483,68,187,6278,18,0,0,17,0
2021-01-22,6496,67,183,6295,18,0,0,17,0
2021-01-23,6510,66,180,6312,18,0,0,16,0
2021-01-24,6522,64,176,6328,18,0,0,16,0
2021-01-25,6535,63,173,6344,18,0,0,16,0
2021-01-26,6547,62,170,6359,18,0,0,15,0
2021-01-27,6559,60,166,6375,18,0,0,15,0
2021-01-28,6571,59,163,6390,18,0,0,15,0
2021-01-29,6582,58,160,6404,18,0,0,14,0
2021-01-30,6594,57,157,6419,18,0,0,14,0
2021-01-31,6604,55,153,6433,18,0,0,14,0
2021-02-01,6615,54,150,6447,18,0,0,14,0
2021-02-02,6625,53,147,6460,18,0,0,13,0
2021-02-03,6635,52,144,6473,18,0,0,13,0
2021-02-04,6645,51,141,6486,18,0,0,13,0
2021-02-05,6656,50,139,6499,18,0,0,13,0
2021-02-06,6666,49,136,6512,18,0,0,12,0
2021-02-07,6675,48,133,6524,18,0,0,12,0
2021-02-08,6684,47,130,6536,18,0,0,12,0
2021-02-09,6693,46,128,6547,18,0,0,12,0
2021-02-10,6702,45,125,6559,18,0,0,11,0
2021-02-11,6710,44,122,6570,18,0,0,11,0
2021-02-12,6719,43,120,6581,18,0,0,11,0
2021-02-13,6727,42,117,6592,18,0,0,11,0
2021-02-14,6735,41,115,6602,18,0,0,10,0
2021-02-15,6743,40,112,6613,18,0,0,10,0
2021-02-16,6752,39,110,6623,19,0,0,10,0
2021-02-17,6760,38,108,6633,19,0,0,10,0
2021-02-18,6766,37,105,6642,19,0,0,10,0
2021-02-19,6774,36,103,6652,19,0,0,9,0
2021-02-20,6781,36,101,6661,19,0,0,9,0
2021-02-21,6788,35,99,6670,19,0,0,9,0
2021-02-22,6795,34,97,6679,19,0,0,9,0
2021-02-23,6802,33,95,6688,19,0,0,9,0
2021-02-24,6808,33,93,6696,19,0,0,8,0
2021-02-25,6814,32,90,6705,19,0,0,8,0
2021-02-26,6821,31,89,6713,19,0,0,8,0
2021-02-27,6827,30,87,6721,19,0,0,8,0
2021-02-28,6833,30,85,6729,19,0,0,8,0
2021-03-01,6838,29,83,6736,19,0,0,8,0
2021-03-02,6844,28,81,6744,19,0,0,7,0
2021-03-03,6849,28,79,6751,19,0,0,7,0
2021-03-04,6855,27,78,6758,19,0,0,7,0
2021-03-05,6860,27,76,6765,19,0,0,7,0
2021-03-06,6865,26,74,6772,19,0,0,7,0
2021-03-07,6870,25,72,6779,19,0,0,7,0
2021-03-08,6875,25,71,6785,19,0,0,6,0
2021-03-09,6879,24,69,6791,19,0,0,6,0
2021-03-10,6885,24,68,6798,19,0,0,6,0
2021-03-11,6889,23,66,6804,19,0,0,6,0
2021-03-12,6894,23,65,6810,19,0,0,6,0
2021-03-13,6897,22,63,6815,19,0,0,6,0
2021-03-14,6902,22,62,6821,19,0,0,6,0
2021-03-15,6907,21,61,6827,19,0,0,5,0
2021-03-16,6910,21,59,6832,19,0,0,5,0
2021-03-17,6914,20,58,6837,19,0,0,5,0
2021-03-18,6919,20,57,6843,19,0,0,5,0
2021-03-19,6922,19,55,6848,19,0,0,5,0
2021-03-20,6926,19,54,6853,19,0,0,5,0
2021-03-21,6930,18,53,6858,19,0,0,5,0
2021-03-22,6933,18,52,6862,19,0,0,5,0
2021-03-23,6936,17,50,6867,19,0,0,5,0
2021-03-24,6939,17,49,6871,19,0,0,4,0
2021-03-25,6943,17,48,6876,19,0,0,4,0
2021-03-26,6946,16,47,6880,19,0,0,4,0
2021-03-27,6949,16,46,6884,19,0,0,4,0
2021-03-28,6953,16,45,6889,19,0,0,4,0
2021-03-29,6956,15,44,6893,19,0,0,4,0
2021-03-30,6959,15,43,6897,19,0,0,4,0
2021-03-31,6961,14,42,6900,19,0,0,4,0
2021-04-01,6964,14,41,6904,19,0,0,4,0
2021-04-02,6967,14,40,6908,19,0,0,4,0
2021-04-03,6969,13,39,6911,19,0,0,4,0
2021-04-04,6972,13,38,6915,19,0,0,3,0
2021-04-05,6974,13,37,6918,19,0,0,3,0
2021-04-06,6977,13,36,6922,19,0,0,3,0
2021-04-07,6980,12,36,6925,19,0,0,3,0
2021-04-08,6982,12,35,6928,19,0,0,3,0
2021-04-09,6984,12,34,6931,19,0,0,3,0
2021-04-10,6986,11,33,6934,19,0,0,3,0
2021-04-11,6988,11,32,6937,19,0,0,3,0
2021-04-12,6991,11,32,6940,19,0,0,3,0
2021-04-13,6993,11,31,6943,19,0,0,3,0
2021-04-14,6995,10,30,6946,19,0,0,3,0
2021-04-15,6997,10,29,6949,19,0,0,3,0
2021-04-16,6999,10,29,6951,19,0,0,3,0
2021-04-17,7001,10,28,6954,19,0,0,3,0
2021-04-18,7002,9,27,6956,19,0,0,2,0
2021-04-19,7005,9,27,6959,19,0,0,2,0
2021-04-20,7006,9,26,6961,19,0,0,2,0
2021-04-21,7009,9,26,6964,19,0,0,2,0
2021-04-22,7010,9,25,6966,19,0,0,2,0
2021-04-23,7011,8,24,6968,19,0,0,2,0
2021-04-24,7013,8,24,6970,19,0,0,2,0
2021-04-25,7015,8,23,6973,19,0,0,2,0
2021-04-26,7017,8,23,6975,19,0,0,2,0
2021-04-27,7018,8,22,6977,19,0,0,2,0
2021-04-28,7020,7,22,6979,19,0,0,2,0
2021-04-29,7022,7,21,6981,20,0,0,2,0
2021-04-30,7024,7,21,6983,20,0,0,2,0
2021-05-01,7024,7,20,6984,20,0,0,2,0
2021-05-02,7026,7,20,6986,20,0,0,2,0
2021-05-03,7027,7,19,6988,20,0,0,2,0
2021-05-04,7029,6,19,6990,20,0,0,2,0
2021-05-05,7029,6,18,6991,20,0,0,2,0
2021-05-06,7031,6,18,6993,20,0,0,2,0
2021-05-07,7033,6,18,6995,20,0,0,2,0
2021-05-08,7033,6,17,6996,20,0,0,2,0
2021-05-09,7035,6,17,6998,20,0,0,2,0
2021-05-10,7035,6,16,6999,20,0,0,1,0
2021-05-11,7037,5,16,7001,20,0,0,1,0
2021-05-12,7038,5,16,7002,20,0,0,1,0
2021-05-13,7039,5,15,7004,20,0,0,1,0
2021-05-14,7040,5,15,7005,20,0,0,1,0
2021-05-15,7040,5,14,7006,20,0,0,1,0
2021-05-16,7042,5,14,7008,20,0,0,1,0
2021-05-17,7043,5,14,7009,20,0,0,1,0
2021-05-18,7043,5,13,7010,20,0,0,1,0
2021-05-19,7044,4,13,7011,20,0,0,1,0
2021-05-20,7045,4,13,7012,20,0,0,1,0
2021-05-21,7047,4,13,7014,20,0,0,1,0
2021-05-22,7047,4,12,7015,20,0,0,1,0
2021-05-23,7048,4,12,7016,20,0,0,1,0
2021-05-24,7049,4,12,7017,20,0,0,1,0
2021-05-25,7049,4,11,7018,20,0,0,1,0
2021-05-26,7050,4,11,7019,20,0,0,1,0
2021-05-27,7051,4,11,7020,20,0,0,1,0
2021-05-28,7052,4,11,7021,20,0,0,1,0
2021-05-29,7052,4,10,7022,20,0,0,1,0
2021-05-30,7053,3,10,7023,20,0,0,1,0
2021-05-31,7054,3,10,7024,20,0,0,1,0
2021-06-01,7055,3,10,7025,20,0,0,1,0
2021-06-02,7054,3,9,7025,20,0,0,1,0
2021-06-03,7055,3,9,7026,20,0,0,1,0
2021-06-04,7056,3,9,7027,20,0,0,1,0
2021-06-05,7057,3,9,7028,20,0,0,1,0
2021-06-06,7058,3,9,7029,20,0,0,1,0
2021-06-07,7058,3,8,7030,20,0,0,1,0
2021-06-08,7058,3,8,7030,20,0,0,1,0
2021-06-09,7059,3,8,7031,20,0,0,1,0
2021-06-10,7060,3,8,7032,20,0,0,1,0
2021-06-11,7060,3,8,7032,20,0,0,1,0
2021-06-12,7060,3,7,7033,20,0,0,1,0
2021-06-13,7061,2,7,7034,20,0,0,1,0
2021-06-14,7061,2,7,7034,20,0,0,1,0
2021-06-15,7062,2,7,7035,20,0,0,1,0
2021-06-16,7063,2,7,7036,20,0,0,1,0
2021-06-17,7063,2,7,7036,20,0,0,1,0
2021-06-18,7063,2,6,7037,20,0,0,1,0
2021-06-19,7063,2,6,7037,20,0,0,1,0
2021-06-20,7064,2,6,7038,20,0,0,1,0
2021-06-21,7065,2,6,7039,20,0,0,1,0
2021-06-22,7065,2,6,7039,20,0,0,1,0
2021-06-23,7066,2,6,7040,20,0,0,1,0
2021-06-24,7066,2,6,7040,20,0,0,1,0
2021-06-25,7066,2,5,7041,20,0,0,0,0
2021-06-26,7066,2,5,7041,20,0,0,0,0
2021-06-27,7067,2,5,7042,20,0,0,0,0
2021-06-28,7067,2,5,7042,20,0,0,0,0
2021-06-29,7067,2,5,7042,20,0,0,0,0
2021-06-30,7068,2,5,7043,20,0,0,0,0
2021-07-01,7068,2,5,7043,20,0,0,0,0
