Date,Infected,Exposed,Active,Recovered,Deaths,Diff Exposed,Diff Active,Diff Recovered,Diff Deaths
2020-07-08,1129,0,255,869,5,30,0,23,0
2020-07-09,1132,27,235,892,5,23,0,21,0
2020-07-10,1138,48,221,912,5,17,0,20,0
2020-07-11,1149,63,212,932,5,13,0,19,0
2020-07-12,1162,74,206,951,5,10,0,19,0
2020-07-13,1177,83,203,969,5,8,0,18,0
2020-07-14,1194,90,201,988,5,6,0,18,0
2020-07-15,1213,96,201,1006,6,5,1,18,0
2020-07-16,1232,101,202,1024,6,4,1,18,0
2020-07-17,1252,105,204,1042,6,4,2,18,0
2020-07-18,1273,108,206,1061,6,3,2,19,0
2020-07-19,1293,111,208,1079,6,3,3,19,0
2020-07-20,1315,114,211,1098,6,3,3,19,0
2020-07-21,1337,116,214,1117,6,2,3,19,0
2020-07-22,1361,119,218,1137,6,2,3,20,0
2020-07-23,1384,121,221,1157,6,2,4,20,0
2020-07-24,1408,123,225,1177,6,2,4,20,0
2020-07-25,1433,125,229,1197,7,2,4,21,0
2020-07-26,1458,128,233,1218,7,2,4,21,0
2020-07-27,1482,130,236,1239,7,2,4,21,0
2020-07-28,1508,132,240,1261,7,2,4,22,0
2020-07-29,1535,134,245,1283,7,2,4,22,0
2020-07-30,1561,137,249,1305,7,2,4,22,0
2020-07-31,1588,139,253,1328,7,2,4,23,0
2020-08-01,1615,141,257,1351,7,2,4,23,0
2020-08-02,1643,143,261,1374,8,2,4,24,0
2020-08-03,1672,146,266,1398,8,2,4,24,0
2020-08-04,1700,148,270,1422,8,2,4,24,0
2020-08-05,1730,150,275,1447,8,2,5,25,0
2020-08-06,1759,153,279,1472,8,2,5,25,0
2020-08-07,1789,155,284,1497,8,2,5,26,0
2020-08-08,1819,158,288,1523,8,2,5,26,0
2020-08-09,1851,160,293,1549,9,2,5,27,0
2020-08-10,1883,162,298,1576,9,2,5,27,0
2020-08-11,1915,165,303,1603,9,2,5,27,0
2020-08-12,1946,167,307,1630,9,3,5,28,0
2020-08-13,1979,170,312,1658,9,3,5,28,0
2020-08-14,2013,172,317,1687,9,3,5,29,0
2020-08-15,2047,175,322,1716,9,3,5,29,0
2020-08-16,2082,178,327,1745,10,3,5,30,0
2020-08-17,2117,180,332,1775,10,3,5,30,0
2020-08-18,2153,183,338,1805,10,3,5,31,0
2020-08-19,2189,185,343,1836,10,3,5,31,0
2020-08-20,2225,188,348,1867,10,3,5,31,0
2020-08-21,2261,191,353,1898,10,3,5,32,0
2020-08-22,2299,193,358,1930,11,3,5,32,0
2020-08-23,2338,196,364,1963,11,3,5,33,0
2020-08-24,2376,199,369,1996,11,3,5,33,0
2020-08-25,2416,201,375,2030,11,3,5,34,0
2020-08-26,2455,204,380,2064,11,3,5,34,0
2020-08-27,2496,207,386,2098,12,3,6,35,0
2020-08-28,2536,210,391,2133,12,3,6,35,0
2020-08-29,2578,212,397,2169,12,3,6,36,0
2020-08-30,2619,215,402,2205,12,3,6,36,0
2020-08-31,2661,218,408,2241,12,3,6,37,0
2020-09-01,2706,221,414,2279,13,3,6,37,0
2020-09-02,2748,224,419,2316,13,3,6,38,0
2020-09-03,2792,226,425,2354,13,3,6,38,0
2020-09-04,2837,229,431,2393,13,3,6,39,0
2020-09-05,2882,232,437,2432,13,3,6,39,0
2020-09-06,2928,235,442,2472,14,3,6,40,0
2020-09-07,2974,238,448,2512,14,3,6,41,0
2020-09-08,3021,240,454,2553,14,3,6,41,0
2020-09-09,3068,243,460,2594,14,3,6,42,0
2020-09-10,3116,246,466,2636,14,3,6,42,0
2020-09-11,3165,249,472,2678,15,3,6,43,0
2020-09-12,3213,251,477,2721,15,3,6,43,0
2020-09-13,3262,254,483,2764,15,3,6,44,0
2020-09-14,3312,257,489,2808,15,3,6,44,0
2020-09-15,3363,260,495,2852,16,3,6,45,0
2020-09-16,3414,262,501,2897,16,3,6,45,0
2020-09-17,3466,265,507,2943,16,3,6,46,0
2020-09-18,3518,268,513,2989,16,3,6,46,0
2020-09-19,3572,271,519,3036,17,3,6,47,0
2020-09-20,3625,273,525,3083,17,3,6,47,0
2020-09-21,3678,276,531,3130,17,3,6,48,0
2020-09-22,3731,279,536,3178,17,3,6,48,0
2020-09-23,3787,281,542,3227,18,3,6,49,0
2020-09-24,3842,284,548,3276,18,3,6,50,0
2020-09-25,3898,286,554,3326,18,3,6,50,0
2020-09-26,3955,289,560,3376,19,3,6,51,0
2020-09-27,4011,291,565,3427,19,2,6,51,0
2020-09-28,4069,294,571,3479,19,2,6,52,0
2020-09-29,4126,296,577,3530,19,2,6,52,0
2020-09-30,4185,299,582,3583,20,2,6,53,0
2020-10-01,4244,301,588,3636,20,2,6,53,0
2020-10-02,4303,303,594,3689,20,2,6,54,0
2020-10-03,4363,306,599,3743,21,2,5,54,0
2020-10-04,4422,308,604,3797,21,2,5,55,0
2020-10-05,4483,310,610,3852,21,2,5,55,0
2020-10-06,4543,312,615,3907,21,2,5,56,0
2020-10-07,4605,314,620,3963,22,2,5,56,0
2020-10-08,4667,317,626,4019,22,2,5,57,0
2020-10-09,4729,319,631,4076,22,2,5,57,0
2020-10-10,4792,321,636,4133,23,2,5,57,0
2020-10-11,4855,322,641,4191,23,2,5,58,0
2020-10-12,4918,324,646,4249,23,2,5,58,0
2020-10-13,4983,326,651,4308,24,2,5,59,0
2020-10-14,5047,328,656,4367,24,2,5,59,0
2020-10-15,5110,330,660,4426,24,2,5,60,0
2020-10-16,5176,331,665,4486,25,2,5,60,0
2020-10-17,5240,333,669,4546,25,2,4,61,0
2020-10-18,5306,335,674,4607,25,2,4,61,0
2020-10-19,5372,336,678,4668,26,1,4,61,0
2020-10-20,5437,338,682,4729,26,1,4,62,0
2020-10-21,5503,339,686,4791,26,1,4,62,0
2020-10-22,5570,340,690,4853,27,1,4,62,0
2020-10-23,5637,341,694,4916,27,1,4,63,0
2020-10-24,5704,343,698,4979,27,1,4,63,0
2020-10-25,5772,344,702,5042,28,1,4,63,0
2020-10-26,5839,345,705,5106,28,1,3,64,0
2020-10-27,5907,346,709,5170,28,1,3,64,0
2020-10-28,5975,347,712,5234,29,1,3,64,0
2020-10-29,6042,348,715,5298,29,1,3,65,0
2020-10-30,6110,348,718,5363,29,1,3,65,0
2020-10-31,6179,349,721,5428,30,1,3,65,0
2020-11-01,6247,350,724,5493,30,1,3,65,0
2020-11-02,6317,350,727,5559,31,1,3,66,0
2020-11-03,6385,351,729,5625,31,0,2,66,0
2020-11-04,6454,351,732,5691,31,0,2,66,0
2020-11-05,6523,351,734,5757,32,0,2,66,0
2020-11-06,6591,352,736,5823,32,0,2,67,0
2020-11-07,6660,352,738,5890,32,0,2,67,0
2020-11-08,6730,352,740,5957,33,0,2,67,0
2020-11-09,6799,352,742,6024,33,0,2,67,0
2020-11-10,6867,352,743,6091,33,0,1,67,0
2020-11-11,6937,352,745,6158,34,0,1,67,0
2020-11-12,7006,352,746,6226,34,0,1,67,0
2020-11-13,7075,352,747,6293,35,0,1,68,0
2020-11-14,7144,351,748,6361,35,0,1,68,0
2020-11-15,7212,351,749,6428,35,0,1,68,0
2020-11-16,7282,350,750,6496,36,0,1,68,0
2020-11-17,7350,350,750,6564,36,0,0,68,0
2020-11-18,7418,349,750,6632,36,0,0,68,0
2020-11-19,7488,349,751,6700,37,0,0,68,0
2020-11-20,7555,348,751,6767,37,0,0,68,0
2020-11-21,7624,347,751,6835,38,0,0,68,0
2020-11-22,7691,346,750,6903,38,0,0,68,0
2020-11-23,7759,345,750,6971,38,0,0,68,0
2020-11-24,7828,344,750,7039,39,0,0,68,0
2020-11-25,7895,343,749,7107,39,0,0,68,0
2020-11-26,7961,342,748,7174,39,0,0,68,0
2020-11-27,8029,341,747,7242,40,0,0,68,0
2020-11-28,8095,340,746,7309,40,0,0,67,0
2020-11-29,8163,338,745,7377,41,0,0,67,0
2020-11-30,8228,337,743,7444,41,0,0,67,0
2020-12-01,8294,336,742,7511,41,0,0,67,0
2020-12-02,8360,334,740,7578,42,0,0,67,0
2020-12-03,8425,332,738,7645,42,0,0,67,0
2020-12-04,8490,331,736,7712,42,0,0,67,0
2020-12-05,8555,329,734,7778,43,0,0,66,0
2020-12-06,8620,327,732,7845,43,0,0,66,0
2020-12-07,8684,326,730,7911,43,0,0,66,0
2020-12-08,8748,324,727,7977,44,0,0,66,0
2020-12-09,8810,322,724,8042,44,0,0,65,0
2020-12-10,8875,320,722,8108,45,0,0,65,0
2020-12-11,8937,318,719,8173,45,0,0,65,0
2020-12-12,8999,316,716,8238,45,0,0,65,0
2020-12-13,9061,314,713,8302,46,0,0,64,0
2020-12-14,9122,312,709,8367,46,0,0,64,0
2020-12-15,9183,310,706,8431,46,0,0,64,0
2020-12-16,9243,308,702,8494,47,0,0,64,0
2020-12-17,9304,305,699,8558,47,0,0,63,0
2020-12-18,9363,303,695,8621,47,0,0,63,0
2020-12-19,9422,301,691,8683,48,0,0,63,0
2020-12-20,9481,298,687,8746,48,0,0,62,0
2020-12-21,9539,296,683,8808,48,0,0,62,0
2020-12-22,9597,294,679,8869,49,0,0,61,0
2020-12-23,9655,291,675,8931,49,0,0,61,0
2020-12-24,9712,289,671,8992,49,0,0,61,0
2020-12-25,9768,286,666,9052,50,0,0,60,0
2020-12-26,9824,284,662,9112,50,0,0,60,0
2020-12-27,9879,281,657,9172,50,0,0,59,0
2020-12-28,9935,279,653,9231,51,0,0,59,0
2020-12-29,9989,276,648,9290,51,0,0,59,0
2020-12-30,10043,274,643,9349,51,0,0,58,0
2020-12-31,10098,271,639,9407,52,0,0,58,0
2021-01-01,10150,269,634,9464,52,0,0,57,0
2021-01-02,10202,266,629,9521,52,0,0,57,0
2021-01-03,10255,263,624,9578,53,0,0,56,0
2021-01-04,10306,261,619,9634,53,0,0,56,0
2021-01-05,10356,258,613,9690,53,0,0,55,0
2021-01-06,10407,255,608,9745,54,0,0,55,0
2021-01-07,10457,253,603,9800,54,0,0,55,0
2021-01-08,10506,250,598,9854,54,0,0,54,0
2021-01-09,10554,247,592,9908,54,0,0,54,0
2021-01-10,10604,245,587,9962,55,0,0,53,0
2021-01-11,10650,242,581,10014,55,0,0,53,0
2021-01-12,10698,239,576,10067,55,0,0,52,0
2021-01-13,10746,236,571,10119,56,0,0,52,0
2021-01-14,10791,234,565,10170,56,0,0,51,0
2021-01-15,10836,231,559,10221,56,0,0,51,0
2021-01-16,10881,228,554,10271,56,0,0,50,0
2021-01-17,10926,226,548,10321,57,0,0,50,0
2021-01-18,10971,223,543,10371,57,0,0,49,0
2021-01-19,11014,220,537,10420,57,0,0,49,0
2021-01-20,11056,218,531,10468,57,0,0,48,0
2021-01-21,11100,215,526,10516,58,0,0,48,0
2021-01-22,11141,212,520,10563,58,0,0,47,0
2021-01-23,11182,210,514,10610,58,0,0,47,0
2021-01-24,11224,207,509,10656,59,0,0,46,0
2021-01-25,11264,204,503,10702,59,0,0,45,0
2021-01-26,11303,202,497,10747,59,0,0,45,0
2021-01-27,11343,199,492,10792,59,0,0,44,0
2021-01-28,11382,197,486,10836,60,0,0,44,0
2021-01-29,11420,194,480,10880,60,0,0,43,0
2021-01-30,11458,191,475,10923,60,0,0,43,0
2021-01-31,11495,189,469,10966,60,0,0,42,0
2021-02-01,11532,186,464,11008,60,0,0,42,0
2021-02-02,11569,184,458,11050,61,0,0,41,0
2021-02-03,11604,181,452,11091,61,0,0,41,0
2021-02-04,11640,179,447,11132,61,0,0,40,0
2021-02-05,11674,176,441,11172,61,0,0,40,0
2021-02-06,11710,174,436,11212,62,0,0,39,0
2021-02-07,11743,171,430,11251,62,0,0,39,0
2021-02-08,11777,169,425,11290,62,0,0,38,0
2021-02-09,11809,167,419,11328,62,0,0,38,0
2021-02-10,11842,164,414,11366,62,0,0,37,0
2021-02-11,11874,162,408,11403,63,0,0,37,0
2021-02-12,11906,159,403,11440,63,0,0,36,0
2021-02-13,11937,157,398,11476,63,0,0,36,0
2021-02-14,11967,155,392,11512,63,0,0,35,0
2021-02-15,11997,153,387,11547,63,0,0,35,0
2021-02-16,12028,150,382,11582,64,0,0,35,0
2021-02-17,12057,148,377,11616,64,0,0,34,0
2021-02-18,12085,146,371,11650,64,0,0,34,0
2021-02-19,12113,144,366,11683,64,0,0,33,0
2021-02-20,12141,142,361,11716,64,0,0,33,0
2021-02-21,12170,139,356,11749,65,0,0,32,0
2021-02-22,12197,137,351,11781,65,0,0,32,0
2021-02-23,12223,135,346,11812,65,0,0,31,0
2021-02-24,12250,133,341,11844,65,0,0,31,0
2021-02-25,12275,131,336,11874,65,0,0,30,0
2021-02-26,12300,129,331,11904,65,0,0,30,0
2021-02-27,12327,127,327,11934,66,0,0,30,0
2021-02-28,12352,125,322,11964,66,0,0,29,0
2021-03-01,12376,123,317,11993,66,0,0,29,0
2021-03-02,12399,121,312,12021,66,0,0,28,0
2021-03-03,12423,119,308,12049,66,0,0,28,0
2021-03-04,12446,117,303,12077,66,0,0,27,0
2021-03-05,12469,115,299,12104,66,0,0,27,0
2021-03-06,12492,114,294,12131,67,0,0,27,0
2021-03-07,12514,112,290,12157,67,0,0,26,0
2021-03-08,12535,110,285,12183,67,0,0,26,0
2021-03-09,12557,108,281,12209,67,0,0,25,0
2021-03-10,12578,106,277,12234,67,0,0,25,0
2021-03-11,12598,105,272,12259,67,0,0,25,0
2021-03-12,12619,103,268,12284,67,0,0,24,0
2021-03-13,12640,101,264,12308,68,0,0,24,0
2021-03-14,12660,100,260,12332,68,0,0,23,0
2021-03-15,12679,98,256,12355,68,0,0,23,0
2021-03-16,12698,96,252,12378,68,0,0,23,0
2021-03-17,12717,95,248,12401,68,0,0,22,0
2021-03-18,12735,93,244,12423,68,0,0,22,0
2021-03-19,12753,92,240,12445,68,0,0,22,0
2021-03-20,12770,90,236,12466,68,0,0,21,0
2021-03-21,12788,89,232,12487,69,0,0,21,0
2021-03-22,12806,87,229,12508,69,0,0,21,0
2021-03-23,12823,86,225,12529,69,0,0,20,0
2021-03-24,12839,84,221,12549,69,0,0,20,0
2021-03-25,12856,83,218,12569,69,0,0,20,0
2021-03-26,12872,81,214,12589,69,0,0,19,0
2021-03-27,12888,80,211,12608,69,0,0,19,0
2021-03-28,12903,79,207,12627,69,0,0,19,0
2021-03-29,12918,77,204,12645,69,0,0,18,0
2021-03-30,12934,76,200,12664,70,0,0,18,0
2021-03-31,12949,75,197,12682,70,0,0,18,0
2021-04-01,12963,73,194,12699,70,0,0,18,0
2021-04-02,12978,72,191,12717,70,0,0,17,0
2021-04-03,12991,71,187,12734,70,0,0,17,0
2021-04-04,13005,70,184,12751,70,0,0,17,0
2021-04-05,13018,68,181,12767,70,0,0,16,0
2021-04-06,13032,67,178,12784,70,0,0,16,0
2021-04-07,13045,66,175,12800,70,0,0,16,0
2021-04-08,13057,65,172,12815,70,0,0,16,0
2021-04-09,13070,64,169,12831,70,0,0,15,0
2021-04-10,13083,63,166,12846,71,0,0,15,0
2021-04-11,13096,62,164,12861,71,0,0,15,0
2021-04-12,13108,60,161,12876,71,0,0,15,0
2021-04-13,13119,59,158,12890,71,0,0,14,0
2021-04-14,13130,58,155,12904,71,0,0,14,0
2021-04-15,13142,57,153,12918,71,0,0,14,0
2021-04-16,13153,56,150,12932,71,0,0,14,0
2021-04-17,13165,55,148,12946,71,0,0,13,0
2021-04-18,13175,54,145,12959,71,0,0,13,0
2021-04-19,13185,53,142,12972,71,0,0,13,0
2021-04-20,13196,52,140,12985,71,0,0,13,0
2021-04-21,13206,51,138,12997,71,0,0,12,0
2021-04-22,13216,51,135,13010,71,0,0,12,0
2021-04-23,13227,50,133,13022,72,0,0,12,0
2021-04-24,13236,49,130,13034,72,0,0,12,0
2021-04-25,13245,48,128,13045,72,0,0,12,0
2021-04-26,13255,47,126,13057,72,0,0,11,0
2021-04-27,13264,46,124,13068,72,0,0,11,0
2021-04-28,13273,45,122,13079,72,0,0,11,0
2021-04-29,13281,45,119,13090,72,0,0,11,0
2021-04-30,13290,44,117,13101,72,0,0,11,0
2021-05-01,13298,43,115,13111,72,0,0,10,0
2021-05-02,13307,42,113,13122,72,0,0,10,0
2021-05-03,13315,41,111,13132,72,0,0,10,0
2021-05-04,13323,41,109,13142,72,0,0,10,0
2021-05-05,13331,40,107,13152,72,0,0,10,0
2021-05-06,13338,39,105,13161,72,0,0,10,0
2021-05-07,13346,38,103,13171,72,0,0,9,0
2021-05-08,13354,38,102,13180,72,0,0,9,0
2021-05-09,13361,37,100,13189,72,0,0,9,0
2021-05-10,13368,36,98,13198,72,0,0,9,0
2021-05-11,13376,36,96,13207,73,0,0,9,0
2021-05-12,13384,35,95,13216,73,0,0,9,0
2021-05-13,13390,34,93,13224,73,0,0,8,0
2021-05-14,13397,34,91,13233,73,0,0,8,0
2021-05-15,13404,33,90,13241,73,0,0,8,0
2021-05-16,13410,33,88,13249,73,0,0,8,0
2021-05-17,13416,32,86,13257,73,0,0,8,0
2021-05-18,13422,31,85,13264,73,0,0,8,0
2021-05-19,13428,31,83,13272,73,0,0,8,0
2021-05-20,13434,30,82,13279,73,0,0,7,0
2021-05-21,13440,30,80,13287,73,0,0,7,0
2021-05-22,13446,29,79,13294,73,0,0,7,0
2021-05-23,13451,29,77,13301,73,0,0,7,0
2021-05-24,13457,28,76,13308,73,0,0,7,0
2021-05-25,13463,28,75,13315,73,0,0,7,0
2021-05-26,13468,27,73,13322,73,0,0,7,0
2021-05-27,13473,27,72,13328,73,0,0,6,0
2021-05-28,13479,26,71,13335,73,0,0,6,0
2021-05-29,13483,26,69,13341,73,0,0,6,0
2021-05-30,13488,25,68,13347,73,0,0,6,0
2021-05-31,13493,25,67,13353,73,0,0,6,0
2021-06-01,13498,24,66,13359,73,0,0,6,0
2021-06-02,13502,24,64,13365,73,0,0,6,0
2021-06-03,13507,23,63,13371,73,0,0,6,0
2021-06-04,13512,23,62,13377,73,0,0,6,0
2021-06-05,13517,22,61,13382,74,0,0,5,0
2021-06-06,13522,22,60,13388,74,0,0,5,0
2021-06-07,13526,22,59,13393,74,0,0,5,0
2021-06-08,13530,21,58,13398,74,0,0,5,0
2021-06-09,13533,21,56,13403,74,0,0,5,0
2021-06-10,13537,20,55,13408,74,0,0,5,0
2021-06-11,13541,20,54,13413,74,0,0,5,0
2021-06-12,13545,20,53,13418,74,0,0,5,0
2021-06-13,13549,19,52,13423,74,0,0,5,0
2021-06-14,13553,19,51,13428,74,0,0,5,0
2021-06-15,13556,19,50,13432,74,0,0,5,0
2021-06-16,13561,18,50,13437,74,0,0,4,0
2021-06-17,13564,18,49,13441,74,0,0,4,0
2021-06-18,13568,18,48,13446,74,0,0,4,0
2021-06-19,13571,17,47,13450,74,0,0,4,0
2021-06-20,13574,17,46,13454,74,0,0,4,0
2021-06-21,13577,17,45,13458,74,0,0,4,0
2021-06-22,13580,16,44,13462,74,0,0,4,0
2021-06-23,13583,16,43,13466,74,0,0,4,0
2021-06-24,13587,16,43,13470,74,0,0,4,0
2021-06-25,13590,15,42,13474,74,0,0,4,0
2021-06-26,13593,15,41,13478,74,0,0,4,0
2021-06-27,13596,15,40,13482,74,0,0,4,0
2021-06-28,13599,15,40,13485,74,0,0,4,0
2021-06-29,13602,14,39,13489,74,0,0,4,0
2021-06-30,13604,14,38,13492,74,0,0,3,0
2021-07-01,13607,14,37,13496,74,0,0,3,0
2021-07-02,13610,13,37,13499,74,0,0,3,0
2021-07-03,13612,13,36,13502,74,0,0,3,0
