Date,Infected,Exposed,Active,Recovered,Deaths,Diff Exposed,Diff Active,Diff Recovered,Diff Deaths
2020-07-07,1659,178,382,1275,2,16,0,35,0
2020-07-08,1695,192,383,1310,2,13,3,35,0
2020-07-09,1734,204,387,1345,2,11,5,35,0
2020-07-10,1774,214,392,1380,2,9,6,36,0
2020-07-11,1817,223,399,1416,2,8,7,36,0
2020-07-12,1862,230,407,1453,2,7,8,37,0
2020-07-13,1907,237,415,1490,2,7,9,38,0
2020-07-14,1954,244,424,1528,2,6,9,39,0
2020-07-15,2002,250,433,1567,2,6,10,39,0
2020-07-16,2051,255,443,1606,2,6,10,40,0
2020-07-17,2102,261,453,1647,2,5,10,41,0
2020-07-18,2153,266,463,1688,2,5,10,42,0
2020-07-19,2206,271,473,1731,2,5,10,43,0
2020-07-20,2259,276,483,1774,2,5,10,44,0
2020-07-21,2313,281,493,1818,2,5,10,45,0
2020-07-22,2369,286,504,1863,2,5,10,46,0
2020-07-23,2426,291,514,1910,2,5,10,47,0
2020-07-24,2483,295,524,1957,2,5,10,48,0
2020-07-25,2542,300,535,2005,2,4,10,49,0
2020-07-26,2601,304,545,2053,3,4,10,49,0
2020-07-27,2661,308,555,2103,3,4,10,50,0
2020-07-28,2722,312,565,2154,3,4,10,51,0
2020-07-29,2784,316,575,2206,3,4,10,52,0
2020-07-30,2845,320,584,2258,3,4,10,53,0
2020-07-31,2908,324,594,2311,3,4,9,54,0
2020-08-01,2972,327,603,2366,3,3,9,55,0
2020-08-02,3037,331,613,2421,3,3,9,56,0
2020-08-03,3102,334,622,2477,3,3,9,56,0
2020-08-04,3168,337,631,2534,3,3,9,57,0
2020-08-05,3233,339,639,2591,3,3,8,58,0
2020-08-06,3299,342,647,2649,3,2,8,59,0
2020-08-07,3367,344,656,2708,3,2,8,60,0
2020-08-08,3434,346,663,2768,3,2,8,60,0
2020-08-09,3503,348,671,2829,3,2,7,61,0
2020-08-10,3572,350,678,2890,4,2,7,62,0
2020-08-11,3641,351,685,2952,4,1,7,62,0
2020-08-12,3709,352,691,3014,4,1,6,63,0
2020-08-13,3778,353,697,3077,4,1,6,63,0
2020-08-14,3848,354,703,3141,4,1,5,64,0
2020-08-15,3917,354,708,3205,4,0,5,64,0
2020-08-16,3986,355,713,3269,4,0,5,65,0
2020-08-17,4056,355,718,3334,4,0,4,65,0
2020-08-18,4125,354,722,3399,4,0,4,66,0
2020-08-19,4195,354,726,3465,4,0,3,66,0
2020-08-20,4264,353,729,3531,4,0,3,66,0
2020-08-21,4333,352,732,3597,4,0,3,66,0
2020-08-22,4403,351,734,3664,5,0,2,67,0
2020-08-23,4472,350,736,3731,5,0,2,67,0
2020-08-24,4541,348,738,3798,5,0,1,67,0
2020-08-25,4609,346,739,3865,5,0,1,67,0
2020-08-26,4676,344,739,3932,5,0,0,67,0
2020-08-27,4743,342,739,3999,5,0,0,67,0
2020-08-28,4810,339,739,4066,5,0,0,67,0
2020-08-29,4876,337,738,4133,5,0,0,67,0
2020-08-30,4942,334,737,4200,5,0,0,67,0
2020-08-31,5007,331,735,4267,5,0,0,67,0
2020-09-01,5071,328,733,4333,5,0,0,67,0
2020-09-02,5135,324,730,4400,5,0,0,66,0
2020-09-03,5198,321,727,4466,5,0,0,66,0
2020-09-04,5262,317,724,4532,6,0,0,66,0
2020-09-05,5324,313,720,4598,6,0,0,65,0
2020-09-06,5385,309,716,4663,6,0,0,65,0
2020-09-07,5445,305,711,4728,6,0,0,65,0
2020-09-08,5504,301,706,4792,6,0,0,64,0
2020-09-09,5563,297,701,4856,6,0,0,64,0
2020-09-10,5621,292,695,4920,6,0,0,63,0
2020-09-11,5678,288,689,4983,6,0,0,63,0
2020-09-12,5734,283,683,5045,6,0,0,62,0
2020-09-13,5789,279,676,5107,6,0,0,61,0
2020-09-14,5843,274,669,5168,6,0,0,61,0
2020-09-15,5896,269,662,5228,6,0,0,60,0
2020-09-16,5950,264,655,5288,7,0,0,59,0
2020-09-17,6001,260,647,5347,7,0,0,59,0
2020-09-18,6052,255,639,5406,7,0,0,58,0
2020-09-19,6102,250,631,5464,7,0,0,57,0
2020-09-20,6150,245,622,5521,7,0,0,56,0
2020-09-21,6198,240,614,5577,7,0,0,56,0
2020-09-22,6244,235,605,5632,7,0,0,55,0
2020-09-23,6290,230,596,5687,7,0,0,54,0
2020-09-24,6335,226,587,5741,7,0,0,53,0
2020-09-25,6379,221,578,5794,7,0,0,52,0
2020-09-26,6421,216,568,5846,7,0,0,52,0
2020-09-27,6463,211,559,5897,7,0,0,51,0
2020-09-28,6504,206,550,5947,7,0,0,50,0
2020-09-29,6544,202,540,5997,7,0,0,49,0
2020-09-30,6584,197,531,6046,7,0,0,48,0
2020-10-01,6622,192,521,6094,7,0,0,47,0
2020-10-02,6660,188,511,6141,8,0,0,46,0
2020-10-03,6697,183,502,6187,8,0,0,46,0
2020-10-04,6732,179,492,6232,8,0,0,45,0
2020-10-05,6766,175,482,6276,8,0,0,44,0
2020-10-06,6801,170,473,6320,8,0,0,43,0
2020-10-07,6833,166,463,6362,8,0,0,42,0
2020-10-08,6866,162,454,6404,8,0,0,41,0
2020-10-09,6897,158,444,6445,8,0,0,40,0
2020-10-10,6928,154,435,6485,8,0,0,39,0
2020-10-11,6957,150,425,6524,8,0,0,39,0
2020-10-12,6986,146,416,6562,8,0,0,38,0
2020-10-13,7015,142,407,6600,8,0,0,37,0
2020-10-14,7042,138,398,6636,8,0,0,36,0
2020-10-15,7069,134,389,6672,8,0,0,35,0
2020-10-16,7095,131,380,6707,8,0,0,34,0
2020-10-17,7120,127,371,6741,8,0,0,34,0
2020-10-18,7145,124,362,6775,8,0,0,33,0
2020-10-19,7168,120,353,6807,8,0,0,32,0
2020-10-20,7192,117,345,6839,8,0,0,31,0
2020-10-21,7214,113,336,6870,8,0,0,31,0
2020-10-22,7236,110,328,6900,8,0,0,30,0
2020-10-23,7259,107,320,6930,9,0,0,29,0
2020-10-24,7280,104,312,6959,9,0,0,28,0
2020-10-25,7300,101,304,6987,9,0,0,28,0
2020-10-26,7319,98,296,7014,9,0,0,27,0
2020-10-27,7339,95,289,7041,9,0,0,26,0
2020-10-28,7357,93,281,7067,9,0,0,26,0
2020-10-29,7375,90,274,7092,9,0,0,25,0
2020-10-30,7393,87,267,7117,9,0,0,24,0
2020-10-31,7410,85,260,7141,9,0,0,24,0
2020-11-01,7426,82,253,7164,9,0,0,23,0
2020-11-02,7442,80,246,7187,9,0,0,22,0
2020-11-03,7457,77,239,7209,9,0,0,22,0
2020-11-04,7472,75,233,7230,9,0,0,21,0
2020-11-05,7486,73,226,7251,9,0,0,21,0
2020-11-06,7500,71,220,7271,9,0,0,20,0
2020-11-07,7514,69,214,7291,9,0,0,19,0
2020-11-08,7527,67,208,7310,9,0,0,19,0
2020-11-09,7540,65,202,7329,9,0,0,18,0
2020-11-10,7553,63,197,7347,9,0,0,18,0
2020-11-11,7565,61,191,7365,9,0,0,17,0
2020-11-12,7577,59,186,7382,9,0,0,17,0
2020-11-13,7588,57,180,7399,9,0,0,16,0
2020-11-14,7599,55,175,7415,9,0,0,16,0
2020-11-15,7610,54,170,7431,9,0,0,15,0
2020-11-16,7620,52,165,7446,9,0,0,15,0
2020-11-17,7630,50,160,7461,9,0,0,15,0
2020-11-18,7640,49,156,7475,9,0,0,14,0
2020-11-19,7649,47,151,7489,9,0,0,14,0
2020-11-20,7659,46,147,7503,9,0,0,13,0
2020-11-21,7667,44,142,7516,9,0,0,13,0
2020-11-22,7676,43,138,7529,9,0,0,13,0
2020-11-23,7684,42,134,7541,9,0,0,12,0
2020-11-24,7692,40,130,7553,9,0,0,12,0
2020-11-25,7700,39,126,7565,9,0,0,11,0
2020-11-26,7708,38,123,7576,9,0,0,11,0
2020-11-27,7715,37,119,7587,9,0,0,11,0
2020-11-28,7722,36,115,7598,9,0,0,10,0
2020-11-29,7729,34,112,7608,9,0,0,10,0
2020-11-30,7735,33,108,7618,9,0,0,10,0
2020-12-01,7742,32,105,7628,9,0,0,10,0
2020-12-02,7748,31,102,7637,9,0,0,9,0
2020-12-03,7755,30,99,7647,9,0,0,9,0
2020-12-04,7760,29,96,7655,9,0,0,9,0
2020-12-05,7766,28,93,7664,9,0,0,8,0
2020-12-06,7771,28,90,7672,9,0,0,8,0
2020-12-07,7776,27,87,7680,9,0,0,8,0
2020-12-08,7782,26,85,7688,9,0,0,8,0
2020-12-09,7787,25,82,7696,9,0,0,7,0
2020-12-10,7791,24,79,7703,9,0,0,7,0
2020-12-11,7796,23,77,7710,9,0,0,7,0
2020-12-12,7801,23,75,7717,9,0,0,7,0
2020-12-13,7805,22,72,7724,9,0,0,7,0
2020-12-14,7810,21,70,7730,10,0,0,6,0
2020-12-15,7815,21,68,7737,10,0,0,6,0
2020-12-16,7819,20,66,7743,10,0,0,6,0
2020-12-17,7823,19,64,7749,10,0,0,6,0
2020-12-18,7826,19,62,7754,10,0,0,6,0
2020-12-19,7830,18,60,7760,10,0,0,5,0
2020-12-20,7833,17,58,7765,10,0,0,5,0
2020-12-21,7837,17,56,7771,10,0,0,5,0
2020-12-22,7840,16,54,7776,10,0,0,5,0
2020-12-23,7843,16,53,7780,10,0,0,5,0
2020-12-24,7846,15,51,7785,10,0,0,5,0
2020-12-25,7849,15,49,7790,10,0,0,4,0
2020-12-26,7852,14,48,7794,10,0,0,4,0
2020-12-27,7855,14,46,7799,10,0,0,4,0
2020-12-28,7858,13,45,7803,10,0,0,4,0
2020-12-29,7860,13,43,7807,10,0,0,4,0
2020-12-30,7863,13,42,7811,10,0,0,4,0
2020-12-31,7865,12,41,7814,10,0,0,4,0
2021-01-01,7867,12,39,7818,10,0,0,4,0
2021-01-02,7870,11,38,7822,10,0,0,3,0
2021-01-03,7872,11,37,7825,10,0,0,3,0
2021-01-04,7874,11,36,7828,10,0,0,3,0
2021-01-05,7876,10,35,7831,10,0,0,3,0
2021-01-06,7879,10,34,7835,10,0,0,3,0
2021-01-07,7880,10,32,7838,10,0,0,3,0
2021-01-08,7882,9,31,7841,10,0,0,3,0
2021-01-09,7883,9,30,7843,10,0,0,3,0
2021-01-10,7885,9,29,7846,10,0,0,3,0
2021-01-11,7888,9,29,7849,10,0,0,3,0
2021-01-12,7889,8,28,7851,10,0,0,3,0
2021-01-13,7891,8,27,7854,10,0,0,2,0
2021-01-14,7892,8,26,7856,10,0,0,2,0
2021-01-15,7893,7,25,7858,10,0,0,2,0
2021-01-16,7895,7,24,7861,10,0,0,2,0
2021-01-17,7896,7,23,7863,10,0,0,2,0
2021-01-18,7898,7,23,7865,10,0,0,2,0
2021-01-19,7899,7,22,7867,10,0,0,2,0
2021-01-20,7900,6,21,7869,10,0,0,2,0
2021-01-21,7902,6,21,7871,10,0,0,2,0
2021-01-22,7903,6,20,7873,10,0,0,2,0
2021-01-23,7904,6,19,7875,10,0,0,2,0
2021-01-24,7905,6,19,7876,10,0,0,2,0
2021-01-25,7906,5,18,7878,10,0,0,2,0
2021-01-26,7907,5,17,7880,10,0,0,2,0
2021-01-27,7908,5,17,7881,10,0,0,2,0
2021-01-28,7909,5,16,7883,10,0,0,1,0
2021-01-29,7910,5,16,7884,10,0,0,1,0
2021-01-30,7911,5,15,7886,10,0,0,1,0
2021-01-31,7912,4,15,7887,10,0,0,1,0
2021-02-01,7912,4,14,7888,10,0,0,1,0
2021-02-02,7914,4,14,7890,10,0,0,1,0
2021-02-03,7914,4,13,7891,10,0,0,1,0
2021-02-04,7915,4,13,7892,10,0,0,1,0
2021-02-05,7916,4,13,7893,10,0,0,1,0
2021-02-06,7916,4,12,7894,10,0,0,1,0
2021-02-07,7917,4,12,7895,10,0,0,1,0
2021-02-08,7917,3,11,7896,10,0,0,1,0
2021-02-09,7918,3,11,7897,10,0,0,1,0
2021-02-10,7919,3,11,7898,10,0,0,1,0
2021-02-11,7919,3,10,7899,10,0,0,1,0
2021-02-12,7920,3,10,7900,10,0,0,1,0
2021-02-13,7921,3,10,7901,10,0,0,1,0
2021-02-14,7921,3,9,7902,10,0,0,1,0
2021-02-15,7922,3,9,7903,10,0,0,1,0
2021-02-16,7923,3,9,7904,10,0,0,1,0
2021-02-17,7923,3,8,7905,10,0,0,1,0
2021-02-18,7923,2,8,7905,10,0,0,1,0
2021-02-19,7924,2,8,7906,10,0,0,1,0
2021-02-20,7925,2,8,7907,10,0,0,1,0
2021-02-21,7924,2,7,7907,10,0,0,1,0
2021-02-22,7925,2,7,7908,10,0,0,1,0
2021-02-23,7926,2,7,7909,10,0,0,1,0
2021-02-24,7926,2,7,7909,10,0,0,1,0
2021-02-25,7927,2,7,7910,10,0,0,1,0
2021-02-26,7927,2,6,7911,10,0,0,1,0
2021-02-27,7927,2,6,7911,10,0,0,1,0
2021-02-28,7928,2,6,7912,10,0,0,1,0
2021-03-01,7928,2,6,7912,10,0,0,1,0
2021-03-02,7929,2,6,7913,10,0,0,1,0
2021-03-03,7928,2,5,7913,10,0,0,0,0
2021-03-04,7929,2,5,7914,10,0,0,0,0
2021-03-05,7929,1,5,7914,10,0,0,0,0
2021-03-06,7930,1,5,7915,10,0,0,0,0
2021-03-07,7930,1,5,7915,10,0,0,0,0
2021-03-08,7931,1,5,7916,10,0,0,0,0
2021-03-09,7930,1,4,7916,10,0,0,0,0
2021-03-10,7930,1,4,7916,10,0,0,0,0
2021-03-11,7931,1,4,7917,10,0,0,0,0
2021-03-12,7931,1,4,7917,10,0,0,0,0
2021-03-13,7931,1,4,7917,10,0,0,0,0
2021-03-14,7932,1,4,7918,10,0,0,0,0
2021-03-15,7932,1,4,7918,10,0,0,0,0
2021-03-16,7931,1,3,7918,10,0,0,0,0
2021-03-17,7932,1,3,7919,10,0,0,0,0
2021-03-18,7932,1,3,7919,10,0,0,0,0
2021-03-19,7932,1,3,7919,10,0,0,0,0
2021-03-20,7933,1,3,7920,10,0,0,0,0
2021-03-21,7933,1,3,7920,10,0,0,0,0
2021-03-22,7933,1,3,7920,10,0,0,0,0
2021-03-23,7933,1,3,7920,10,0,0,0,0
2021-03-24,7934,1,3,7921,10,0,0,0,0
2021-03-25,7934,1,3,7921,10,0,0,0,0
2021-03-26,7934,1,3,7921,10,0,0,0,0
2021-03-27,7933,1,2,7921,10,0,0,0,0
2021-03-28,7934,1,2,7922,10,0,0,0,0
2021-03-29,7934,1,2,7922,10,0,0,0,0
2021-03-30,7934,1,2,7922,10,0,0,0,0
2021-03-31,7934,1,2,7922,10,0,0,0,0
2021-04-01,7934,1,2,7922,10,0,0,0,0
2021-04-02,7935,1,2,7923,10,0,0,0,0
2021-04-03,7935,1,2,7923,10,0,0,0,0
2021-04-04,7935,1,2,7923,10,0,0,0,0
2021-04-05,7935,1,2,7923,10,0,0,0,0
2021-04-06,7935,1,2,7923,10,0,0,0,0
2021-04-07,7935,0,2,7923,10,0,0,0,0
2021-04-08,7936,0,2,7924,10,0,0,0,0
2021-04-09,7936,0,2,7924,10,0,0,0,0
2021-04-10,7936,0,2,7924,10,0,0,0,0
2021-04-11,7935,0,1,7924,10,0,0,0,0
2021-04-12,7935,0,1,7924,10,0,0,0,0
2021-04-13,7935,0,1,7924,10,0,0,0,0
2021-04-14,7935,0,1,7924,10,0,0,0,0
2021-04-15,7935,0,1,7924,10,0,0,0,0
2021-04-16,7936,0,1,7925,10,0,0,0,0
2021-04-17,7936,0,1,7925,10,0,0,0,0
2021-04-18,7936,0,1,7925,10,0,0,0,0
2021-04-19,7936,0,1,7925,10,0,0,0,0
2021-04-20,7936,0,1,7925,10,0,0,0,0
2021-04-21,7936,0,1,7925,10,0,0,0,0
2021-04-22,7936,0,1,7925,10,0,0,0,0
2021-04-23,7936,0,1,7925,10,0,0,0,0
2021-04-24,7936,0,1,7925,10,0,0,0,0
2021-04-25,7936,0,1,7925,10,0,0,0,0
2021-04-26,7937,0,1,7926,10,0,0,0,0
2021-04-27,7937,0,1,7926,10,0,0,0,0
2021-04-28,7937,0,1,7926,10,0,0,0,0
2021-04-29,7937,0,1,7926,10,0,0,0,0
2021-04-30,7937,0,1,7926,10,0,0,0,0
2021-05-01,7937,0,1,7926,10,0,0,0,0
2021-05-02,7937,0,1,7926,10,0,0,0,0
2021-05-03,7937,0,1,7926,10,0,0,0,0
2021-05-04,7937,0,1,7926,10,0,0,0,0
2021-05-05,7937,0,1,7926,10,0,0,0,0
2021-05-06,7937,0,1,7926,10,0,0,0,0
2021-05-07,7937,0,1,7926,10,0,0,0,0
2021-05-08,7937,0,1,7926,10,0,0,0,0
2021-05-09,7937,0,1,7926,10,0,0,0,0
2021-05-10,7937,0,1,7926,10,0,0,0,0
2021-05-11,7938,0,1,7927,10,0,0,0,0
2021-05-12,7938,0,1,7927,10,0,0,0,0
2021-05-13,7938,0,1,7927,10,0,0,0,0
2021-05-14,7937,0,0,7927,10,0,0,0,0
2021-05-15,7937,0,0,7927,10,0,0,0,0
2021-05-16,7937,0,0,7927,10,0,0,0,0
2021-05-17,7937,0,0,7927,10,0,0,0,0
2021-05-18,7937,0,0,7927,10,0,0,0,0
2021-05-19,7937,0,0,7927,10,0,0,0,0
2021-05-20,7937,0,0,7927,10,0,0,0,0
2021-05-21,7937,0,0,7927,10,0,0,0,0
2021-05-22,7937,0,0,7927,10,0,0,0,0
2021-05-23,7937,0,0,7927,10,0,0,0,0
2021-05-24,7937,0,0,7927,10,0,0,0,0
2021-05-25,7937,0,0,7927,10,0,0,0,0
2021-05-26,7937,0,0,7927,10,0,0,0,0
2021-05-27,7937,0,0,7927,10,0,0,0,0
2021-05-28,7937,0,0,7927,10,0,0,0,0
2021-05-29,7937,0,0,7927,10,0,0,0,0
2021-05-30,7937,0,0,7927,10,0,0,0,0
2021-05-31,7937,0,0,7927,10,0,0,0,0
2021-06-01,7937,0,0,7927,10,0,0,0,0
2021-06-02,7937,0,0,7927,10,0,0,0,0
2021-06-03,7937,0,0,7927,10,0,0,0,0
2021-06-04,7937,0,0,7927,10,0,0,0,0
2021-06-05,7937,0,0,7927,10,0,0,0,0
2021-06-06,7937,0,0,7927,10,0,0,0,0
2021-06-07,7937,0,0,7927,10,0,0,0,0
2021-06-08,7937,0,0,7927,10,0,0,0,0
2021-06-09,7937,0,0,7927,10,0,0,0,0
2021-06-10,7937,0,0,7927,10,0,0,0,0
2021-06-11,7938,0,0,7928,10,0,0,0,0
2021-06-12,7938,0,0,7928,10,0,0,0,0
2021-06-13,7938,0,0,7928,10,0,0,0,0
2021-06-14,7938,0,0,7928,10,0,0,0,0
2021-06-15,7938,0,0,7928,10,0,0,0,0
2021-06-16,7938,0,0,7928,10,0,0,0,0
2021-06-17,7938,0,0,7928,10,0,0,0,0
2021-06-18,7938,0,0,7928,10,0,0,0,0
2021-06-19,7938,0,0,7928,10,0,0,0,0
2021-06-20,7938,0,0,7928,10,0,0,0,0
2021-06-21,7938,0,0,7928,10,0,0,0,0
2021-06-22,7938,0,0,7928,10,0,0,0,0
2021-06-23,7938,0,0,7928,10,0,0,0,0
2021-06-24,7938,0,0,7928,10,0,0,0,0
2021-06-25,7938,0,0,7928,10,0,0,0,0
2021-06-26,7938,0,0,7928,10,0,0,0,0
2021-06-27,7938,0,0,7928,10,0,0,0,0
2021-06-28,7938,0,0,7928,10,0,0,0,0
2021-06-29,7938,0,0,7928,10,0,0,0,0
2021-06-30,7938,0,0,7928,10,0,0,0,0
2021-07-01,7938,0,0,7928,10,0,0,0,0
2021-07-02,7938,0,0,7928,10,0,0,0,0
