Date,Infected,Exposed,Active,Recovered,Deaths,Diff Exposed,Diff Active,Diff Recovered,Diff Deaths
2020-06-25,320,14,87,232,1,8,0,8,0
2020-06-26,324,21,83,240,1,6,0,7,0
2020-06-27,328,26,80,247,1,4,0,7,0
2020-06-28,333,30,78,254,1,3,0,7,0
2020-06-29,339,34,77,261,1,3,0,7,0
2020-06-30,346,36,77,268,1,2,0,7,0
2020-07-01,353,38,77,275,1,2,0,7,0
2020-07-02,361,40,78,282,1,2,1,7,0
2020-07-03,369,41,79,289,1,1,1,7,0
2020-07-04,378,43,80,297,1,1,1,7,0
2020-07-05,386,44,81,304,1,1,1,7,0
2020-07-06,394,45,82,311,1,1,1,7,0
2020-07-07,403,46,83,319,1,1,1,8,0
2020-07-08,412,47,85,326,1,1,1,8,0
2020-07-09,421,48,86,334,1,1,2,8,0
2020-07-10,431,49,88,342,1,1,2,8,0
2020-07-11,441,50,90,350,1,1,2,8,0
2020-07-12,450,51,91,358,1,1,2,8,0
2020-07-13,460,52,93,366,1,1,2,8,0
2020-07-14,471,53,95,375,1,1,2,9,0
2020-07-15,480,54,96,383,1,1,2,9,0
2020-07-16,491,55,98,392,1,1,2,9,0
2020-07-17,503,56,100,401,2,1,2,9,0
2020-07-18,514,57,102,410,2,1,2,9,0
2020-07-19,525,58,104,419,2,1,2,9,0
2020-07-20,536,59,105,429,2,1,2,10,0
2020-07-21,548,60,107,439,2,1,2,10,0
2020-07-22,559,61,109,448,2,1,2,10,0
2020-07-23,571,62,111,458,2,1,2,10,0
2020-07-24,583,63,113,468,2,1,2,10,0
2020-07-25,596,64,115,479,2,1,2,10,0
2020-07-26,608,65,117,489,2,1,2,11,0
2020-07-27,621,66,119,500,2,1,2,11,0
2020-07-28,635,67,122,511,2,1,2,11,0
2020-07-29,648,68,124,522,2,1,2,11,0
2020-07-30,661,69,126,533,2,1,2,11,0
2020-07-31,675,71,128,545,2,1,2,12,0
2020-08-01,688,72,130,556,2,1,2,12,0
2020-08-02,702,73,132,568,2,1,2,12,0
2020-08-03,717,74,135,580,2,1,2,12,0
2020-08-04,732,75,137,593,2,1,2,12,0
2020-08-05,746,77,139,605,2,1,2,13,0
2020-08-06,762,78,142,618,2,1,2,13,0
2020-08-07,777,79,144,631,2,1,2,13,0
2020-08-08,793,80,147,644,2,1,2,13,0
2020-08-09,808,82,149,657,2,1,2,13,0
2020-08-10,826,83,152,671,3,1,2,14,0
2020-08-11,842,84,154,685,3,1,3,14,0
2020-08-12,859,86,157,699,3,1,3,14,0
2020-08-13,875,87,159,713,3,1,3,14,0
2020-08-14,892,88,162,727,3,1,3,15,0
2020-08-15,909,90,164,742,3,1,3,15,0
2020-08-16,927,91,167,757,3,1,3,15,0
2020-08-17,945,92,170,772,3,1,3,15,0
2020-08-18,963,94,172,788,3,1,3,16,0
2020-08-19,981,95,175,803,3,1,3,16,0
2020-08-20,1000,96,178,819,3,1,3,16,0
2020-08-21,1019,98,180,836,3,1,3,16,0
2020-08-22,1038,99,183,852,3,1,3,17,0
2020-08-23,1058,101,186,869,3,1,3,17,0
2020-08-24,1078,102,189,886,3,1,3,17,0
2020-08-25,1098,103,192,903,3,1,3,17,0
2020-08-26,1118,105,195,920,3,1,3,18,0
2020-08-27,1139,106,197,938,4,1,3,18,0
2020-08-28,1160,108,200,956,4,1,3,18,0
2020-08-29,1181,109,203,974,4,1,3,18,0
2020-08-30,1203,111,206,993,4,1,3,19,0
2020-08-31,1224,112,209,1011,4,1,3,19,0
2020-09-01,1246,114,212,1030,4,1,3,19,0
2020-09-02,1269,115,215,1050,4,1,3,19,0
2020-09-03,1291,116,218,1069,4,1,3,20,0
2020-09-04,1314,118,221,1089,4,1,3,20,0
2020-09-05,1337,119,224,1109,4,1,3,20,0
2020-09-06,1361,121,227,1130,4,1,3,21,0
2020-09-07,1384,122,230,1150,4,1,3,21,0
2020-09-08,1408,124,233,1171,4,1,3,21,0
2020-09-09,1434,125,236,1193,5,1,3,21,0
2020-09-10,1458,127,239,1214,5,1,3,22,0
2020-09-11,1483,128,242,1236,5,1,3,22,0
2020-09-12,1508,130,245,1258,5,1,3,22,0
2020-09-13,1534,131,249,1280,5,1,3,23,0
2020-09-14,1560,132,252,1303,5,1,3,23,0
2020-09-15,1586,134,255,1326,5,1,3,23,0
2020-09-16,1612,135,258,1349,5,1,3,23,0
2020-09-17,1638,137,261,1372,5,1,3,24,0
2020-09-18,1665,138,264,1396,5,1,3,24,0
2020-09-19,1692,139,267,1420,5,1,3,24,0
2020-09-20,1719,141,270,1444,5,1,3,24,0
2020-09-21,1748,142,273,1469,6,1,3,25,0
2020-09-22,1776,144,276,1494,6,1,3,25,0
2020-09-23,1804,145,279,1519,6,1,3,25,0
2020-09-24,1832,146,282,1544,6,1,3,26,0
2020-09-25,1861,147,285,1570,6,1,3,26,0
2020-09-26,1890,149,288,1596,6,1,3,26,0
2020-09-27,1919,150,291,1622,6,1,3,26,0
2020-09-28,1949,151,294,1649,6,1,3,27,0
2020-09-29,1978,153,297,1675,6,1,3,27,0
2020-09-30,2008,154,300,1702,6,1,3,27,0
2020-10-01,2040,155,303,1730,7,1,3,27,0
2020-10-02,2070,156,306,1757,7,1,3,28,0
2020-10-03,2100,157,308,1785,7,1,3,28,0
2020-10-04,2131,158,311,1813,7,1,3,28,0
2020-10-05,2162,160,314,1841,7,1,3,28,0
2020-10-06,2194,161,317,1870,7,1,3,29,0
2020-10-07,2225,162,319,1899,7,1,3,29,0
2020-10-08,2257,163,322,1928,7,1,3,29,0
2020-10-09,2289,164,325,1957,7,1,3,29,0
2020-10-10,2321,165,327,1986,8,1,3,30,0
2020-10-11,2354,166,330,2016,8,1,3,30,0
2020-10-12,2386,167,332,2046,8,1,2,30,0
2020-10-13,2419,168,335,2076,8,1,2,30,0
2020-10-14,2452,168,337,2107,8,1,2,31,0
2020-10-15,2485,169,340,2137,8,1,2,31,0
2020-10-16,2518,170,342,2168,8,1,2,31,0
2020-10-17,2551,171,344,2199,8,1,2,31,0
2020-10-18,2584,172,346,2230,8,1,2,31,0
2020-10-19,2619,172,348,2262,9,1,2,32,0
2020-10-20,2652,173,350,2293,9,1,2,32,0
2020-10-21,2686,174,352,2325,9,1,2,32,0
2020-10-22,2720,174,354,2357,9,1,2,32,0
2020-10-23,2754,175,356,2389,9,1,2,32,0
2020-10-24,2789,175,358,2422,9,1,2,32,0
2020-10-25,2823,176,360,2454,9,0,2,33,0
2020-10-26,2858,176,362,2487,9,0,2,33,0
2020-10-27,2893,177,363,2520,10,0,2,33,0
2020-10-28,2928,177,365,2553,10,0,2,33,0
2020-10-29,2962,177,366,2586,10,0,1,33,0
2020-10-30,2997,178,368,2619,10,0,1,33,0
2020-10-31,3031,178,369,2652,10,0,1,33,0
2020-11-01,3066,178,370,2686,10,0,1,34,0
2020-11-02,3101,178,372,2719,10,0,1,34,0
2020-11-03,3136,178,373,2753,10,0,1,34,0
2020-11-04,3172,179,374,2787,11,0,1,34,0
2020-11-05,3207,179,375,2821,11,0,1,34,0
2020-11-06,3242,179,376,2855,11,0,1,34,0
2020-11-07,3277,179,377,2889,11,0,1,34,0
2020-11-08,3311,179,377,2923,11,0,1,34,0
2020-11-09,3346,179,378,2957,11,0,1,34,0
2020-11-10,3381,178,379,2991,11,0,1,34,0
2020-11-11,3416,178,379,3026,11,0,0,34,0
2020-11-12,3452,178,380,3060,12,0,0,34,0
2020-11-13,3486,178,380,3094,12,0,0,34,0
2020-11-14,3521,177,380,3129,12,0,0,34,0
2020-11-15,3555,177,380,3163,12,0,0,34,0
2020-11-16,3591,177,381,3198,12,0,0,34,0
2020-11-17,3625,176,381,3232,12,0,0,34,0
2020-11-18,3660,176,381,3267,12,0,0,34,0
2020-11-19,3694,176,380,3301,13,0,0,34,0
2020-11-20,3729,175,380,3336,13,0,0,34,0
2020-11-21,3763,174,380,3370,13,0,0,34,0
2020-11-22,3797,174,380,3404,13,0,0,34,0
2020-11-23,3831,173,379,3439,13,0,0,34,0
2020-11-24,3865,173,379,3473,13,0,0,34,0
2020-11-25,3898,172,378,3507,13,0,0,34,0
2020-11-26,3932,171,377,3542,13,0,0,34,0
2020-11-27,3967,171,377,3576,14,0,0,34,0
2020-11-28,4000,170,376,3610,14,0,0,34,0
2020-11-29,4033,169,375,3644,14,0,0,34,0
2020-11-30,4066,168,374,3678,14,0,0,34,0
2020-12-01,4099,167,373,3712,14,0,0,34,0
2020-12-02,4131,166,372,3745,14,0,0,34,0
2020-12-03,4164,165,371,3779,14,0,0,34,0
2020-12-04,4195,165,369,3812,14,0,0,33,0
2020-12-05,4229,164,368,3846,15,0,0,33,0
2020-12-06,4261,163,367,3879,15,0,0,33,0
2020-12-07,4292,162,365,3912,15,0,0,33,0
2020-12-08,4324,160,364,3945,15,0,0,33,0
2020-12-09,4355,159,362,3978,15,0,0,33,0
2020-12-10,4386,158,360,4011,15,0,0,33,0
2020-12-11,4417,157,359,4043,15,0,0,32,0
2020-12-12,4448,156,357,4076,15,0,0,32,0
2020-12-13,4479,155,355,4108,16,0,0,32,0
2020-12-14,4509,154,353,4140,16,0,0,32,0
2020-12-15,4539,153,351,4172,16,0,0,32,0
2020-12-16,4569,151,349,4204,16,0,0,32,0
2020-12-17,4598,150,347,4235,16,0,0,31,0
2020-12-18,4628,149,345,4267,16,0,0,31,0
2020-12-19,4657,148,343,4298,16,0,0,31,0
2020-12-20,4685,146,340,4329,16,0,0,31,0
2020-12-21,4715,145,338,4360,17,0,0,31,0
2020-12-22,4743,144,336,4390,17,0,0,30,0
2020-12-23,4770,142,333,4420,17,0,0,30,0
2020-12-24,4799,141,331,4451,17,0,0,30,0
2020-12-25,4826,140,329,4480,17,0,0,30,0
2020-12-26,4853,138,326,4510,17,0,0,30,0
2020-12-27,4881,137,324,4540,17,0,0,29,0
2020-12-28,4907,136,321,4569,17,0,0,29,0
2020-12-29,4933,134,318,4598,17,0,0,29,0
2020-12-30,4960,133,316,4626,18,0,0,29,0
2020-12-31,4986,131,313,4655,18,0,0,28,0
2021-01-01,5011,130,310,4683,18,0,0,28,0
2021-01-02,5037,129,308,4711,18,0,0,28,0
2021-01-03,5062,127,305,4739,18,0,0,28,0
2021-01-04,5087,126,302,4767,18,0,0,27,0
2021-01-05,5111,125,299,4794,18,0,0,27,0
2021-01-06,5136,123,297,4821,18,0,0,27,0
2021-01-07,5160,122,294,4848,18,0,0,27,0
2021-01-08,5184,120,291,4874,19,0,0,26,0
2021-01-09,5207,119,288,4900,19,0,0,26,0
2021-01-10,5230,117,285,4926,19,0,0,26,0
2021-01-11,5253,116,282,4952,19,0,0,26,0
2021-01-12,5276,115,279,4978,19,0,0,25,0
2021-01-13,5298,113,276,5003,19,0,0,25,0
2021-01-14,5320,112,273,5028,19,0,0,25,0
2021-01-15,5342,110,271,5052,19,0,0,25,0
2021-01-16,5364,109,268,5077,19,0,0,24,0
2021-01-17,5385,108,265,5101,19,0,0,24,0
2021-01-18,5406,106,262,5125,19,0,0,24,0
2021-01-19,5427,105,259,5148,20,0,0,23,0
2021-01-20,5448,104,256,5172,20,0,0,23,0
2021-01-21,5468,102,253,5195,20,0,0,23,0
2021-01-22,5488,101,250,5218,20,0,0,23,0
2021-01-23,5507,99,247,5240,20,0,0,22,0
2021-01-24,5526,98,244,5262,20,0,0,22,0
2021-01-25,5545,97,241,5284,20,0,0,22,0
2021-01-26,5564,95,238,5306,20,0,0,22,0
2021-01-27,5583,94,235,5328,20,0,0,21,0
2021-01-28,5601,93,232,5349,20,0,0,21,0
2021-01-29,5619,92,229,5370,20,0,0,21,0
2021-01-30,5636,90,226,5390,20,0,0,21,0
2021-01-31,5656,89,224,5411,21,0,0,20,0
2021-02-01,5673,88,221,5431,21,0,0,20,0
2021-02-02,5690,86,218,5451,21,0,0,20,0
2021-02-03,5706,85,215,5470,21,0,0,19,0
2021-02-04,5723,84,212,5490,21,0,0,19,0
2021-02-05,5739,83,209,5509,21,0,0,19,0
2021-02-06,5755,81,206,5528,21,0,0,19,0
2021-02-07,5771,80,204,5546,21,0,0,18,0
2021-02-08,5787,79,201,5565,21,0,0,18,0
2021-02-09,5802,78,198,5583,21,0,0,18,0
2021-02-10,5817,77,195,5601,21,0,0,18,0
2021-02-11,5832,75,193,5618,21,0,0,17,0
2021-02-12,5847,74,190,5636,21,0,0,17,0
2021-02-13,5861,73,187,5653,21,0,0,17,0
2021-02-14,5877,72,185,5670,22,0,0,17,0
2021-02-15,5890,71,182,5686,22,0,0,16,0
2021-02-16,5904,70,179,5703,22,0,0,16,0
2021-02-17,5918,69,177,5719,22,0,0,16,0
2021-02-18,5931,68,174,5735,22,0,0,16,0
2021-02-19,5944,67,172,5750,22,0,0,16,0
2021-02-20,5957,66,169,5766,22,0,0,15,0
2021-02-21,5970,64,167,5781,22,0,0,15,0
2021-02-22,5982,63,164,5796,22,0,0,15,0
2021-02-23,5995,62,162,5811,22,0,0,15,0
2021-02-24,6006,61,159,5825,22,0,0,14,0
2021-02-25,6019,60,157,5840,22,0,0,14,0
2021-02-26,6030,59,154,5854,22,0,0,14,0
2021-02-27,6042,58,152,5868,22,0,0,14,0
2021-02-28,6053,57,150,5881,22,0,0,14,0
2021-03-01,6064,57,147,5895,22,0,0,13,0
2021-03-02,6075,56,145,5908,22,0,0,13,0
2021-03-03,6086,55,143,5921,22,0,0,13,0
2021-03-04,6097,54,140,5934,23,0,0,13,0
2021-03-05,6108,53,138,5947,23,0,0,13,0
2021-03-06,6118,52,136,5959,23,0,0,12,0
2021-03-07,6128,51,134,5971,23,0,0,12,0
2021-03-08,6138,50,132,5983,23,0,0,12,0
2021-03-09,6148,49,130,5995,23,0,0,12,0
2021-03-10,6158,49,128,6007,23,0,0,12,0
2021-03-11,6166,48,125,6018,23,0,0,11,0
2021-03-12,6176,47,123,6030,23,0,0,11,0
2021-03-13,6185,46,121,6041,23,0,0,11,0
2021-03-14,6194,45,119,6052,23,0,0,11,0
2021-03-15,6202,45,117,6062,23,0,0,11,0
2021-03-16,6212,44,116,6073,23,0,0,10,0
2021-03-17,6220,43,114,6083,23,0,0,10,0
2021-03-18,6229,42,112,6094,23,0,0,10,0
2021-03-19,6237,42,110,6104,23,0,0,10,0
2021-03-20,6245,41,108,6114,23,0,0,10,0
2021-03-21,6252,40,106,6123,23,0,0,10,0
2021-03-22,6260,39,104,6133,23,0,0,9,0
2021-03-23,6268,39,103,6142,23,0,0,9,0
2021-03-24,6276,38,101,6152,23,0,0,9,0
2021-03-25,6283,37,99,6161,23,0,0,9,0
2021-03-26,6290,37,97,6170,23,0,0,9,0
2021-03-27,6297,36,96,6178,23,0,0,9,0
2021-03-28,6304,35,94,6187,23,0,0,9,0
2021-03-29,6312,35,93,6195,24,0,0,8,0
2021-03-30,6319,34,91,6204,24,0,0,8,0
2021-03-31,6325,34,89,6212,24,0,0,8,0
2021-04-01,6332,33,88,6220,24,0,0,8,0
2021-04-02,6338,32,86,6228,24,0,0,8,0
2021-04-03,6345,32,85,6236,24,0,0,8,0
2021-04-04,6350,31,83,6243,24,0,0,8,0
2021-04-05,6357,31,82,6251,24,0,0,7,0
2021-04-06,6362,30,80,6258,24,0,0,7,0
2021-04-07,6368,29,79,6265,24,0,0,7,0
2021-04-08,6374,29,78,6272,24,0,0,7,0
2021-04-09,6379,28,76,6279,24,0,0,7,0
2021-04-10,6385,28,75,6286,24,0,0,7,0
2021-04-11,6391,27,74,6293,24,0,0,7,0
2021-04-12,6396,27,72,6300,24,0,0,7,0
2021-04-13,6401,26,71,6306,24,0,0,6,0
2021-04-14,6407,26,70,6313,24,0,0,6,0
2021-04-15,6411,25,68,6319,24,0,0,6,0
2021-04-16,6416,25,67,6325,24,0,0,6,0
2021-04-17,6421,25,66,6331,24,0,0,6,0
2021-04-18,6426,24,65,6337,24,0,0,6,0
2021-04-19,6431,24,64,6343,24,0,0,6,0
2021-04-20,6436,23,63,6349,24,0,0,6,0
2021-04-21,6439,23,61,6354,24,0,0,6,0
2021-04-22,6444,22,60,6360,24,0,0,5,0
2021-04-23,6448,22,59,6365,24,0,0,5,0
2021-04-24,6452,22,58,6370,24,0,0,5,0
2021-04-25,6457,21,57,6376,24,0,0,5,0
2021-04-26,6461,21,56,6381,24,0,0,5,0
2021-04-27,6465,20,55,6386,24,0,0,5,0
2021-04-28,6469,20,54,6391,24,0,0,5,0
2021-04-29,6473,20,53,6396,24,0,0,5,0
2021-04-30,6476,19,52,6400,24,0,0,5,0
2021-05-01,6480,19,51,6405,24,0,0,5,0
2021-05-02,6484,19,50,6410,24,0,0,5,0
2021-05-03,6487,18,49,6414,24,0,0,4,0
2021-05-04,6491,18,48,6419,24,0,0,4,0
2021-05-05,6494,17,47,6423,24,0,0,4,0
2021-05-06,6498,17,47,6427,24,0,0,4,0
2021-05-07,6501,17,46,6431,24,0,0,4,0
2021-05-08,6505,17,45,6436,24,0,0,4,0
2021-05-09,6508,16,44,6440,24,0,0,4,0
2021-05-10,6511,16,43,6444,24,0,0,4,0
2021-05-11,6513,16,42,6447,24,0,0,4,0
2021-05-12,6517,15,42,6451,24,0,0,4,0
2021-05-13,6521,15,41,6455,25,0,0,4,0
2021-05-14,6524,15,40,6459,25,0,0,4,0
2021-05-15,6526,14,39,6462,25,0,0,4,0
2021-05-16,6530,14,39,6466,25,0,0,3,0
2021-05-17,6532,14,38,6469,25,0,0,3,0
2021-05-18,6535,14,37,6473,25,0,0,3,0
2021-05-19,6537,13,36,6476,25,0,0,3,0
2021-05-20,6540,13,36,6479,25,0,0,3,0
2021-05-21,6543,13,35,6483,25,0,0,3,0
2021-05-22,6545,13,34,6486,25,0,0,3,0
2021-05-23,6548,12,34,6489,25,0,0,3,0
2021-05-24,6550,12,33,6492,25,0,0,3,0
2021-05-25,6553,12,33,6495,25,0,0,3,0
2021-05-26,6555,12,32,6498,25,0,0,3,0
2021-05-27,6557,11,31,6501,25,0,0,3,0
2021-05-28,6559,11,31,6503,25,0,0,3,0
2021-05-29,6561,11,30,6506,25,0,0,3,0
2021-05-30,6564,11,30,6509,25,0,0,3,0
2021-05-31,6566,11,29,6512,25,0,0,3,0
2021-06-01,6567,10,28,6514,25,0,0,3,0
2021-06-02,6570,10,28,6517,25,0,0,3,0
2021-06-03,6571,10,27,6519,25,0,0,2,0
2021-06-04,6574,10,27,6522,25,0,0,2,0
2021-06-05,6575,10,26,6524,25,0,0,2,0
2021-06-06,6577,9,26,6526,25,0,0,2,0
2021-06-07,6579,9,25,6529,25,0,0,2,0
2021-06-08,6581,9,25,6531,25,0,0,2,0
2021-06-09,6582,9,24,6533,25,0,0,2,0
2021-06-10,6585,9,24,6536,25,0,0,2,0
2021-06-11,6586,9,23,6538,25,0,0,2,0
2021-06-12,6588,8,23,6540,25,0,0,2,0
2021-06-13,6590,8,23,6542,25,0,0,2,0
2021-06-14,6591,8,22,6544,25,0,0,2,0
2021-06-15,6593,8,22,6546,25,0,0,2,0
2021-06-16,6594,8,21,6548,25,0,0,2,0
2021-06-17,6596,8,21,6550,25,0,0,2,0
2021-06-18,6598,7,21,6552,25,0,0,2,0
2021-06-19,6598,7,20,6553,25,0,0,2,0
2021-06-20,6600,7,20,6555,25,0,0,2,0
