Date,Infected,Exposed,Active,Recovered,Deaths,Diff Exposed,Diff Active,Diff Recovered,Diff Deaths
2020-06-22,656,175,176,479,1,0,18,16,0
2020-06-23,690,163,193,496,1,0,14,17,0
2020-06-24,721,155,206,514,1,0,12,19,0
2020-06-25,751,150,217,533,1,0,10,20,0
2020-06-26,780,147,226,553,1,0,8,21,0
2020-06-27,809,145,234,574,1,0,7,21,0
2020-06-28,837,145,241,595,1,0,7,22,0
2020-06-29,865,145,247,617,1,1,6,22,0
2020-06-30,894,146,253,640,1,1,6,23,0
2020-07-01,923,147,259,663,1,2,5,23,0
2020-07-02,952,149,264,687,1,2,5,24,0
2020-07-03,981,151,269,711,1,2,5,24,0
2020-07-04,1010,153,274,735,1,2,5,25,0
2020-07-05,1040,156,279,760,1,2,5,25,0
2020-07-06,1073,158,285,786,2,2,5,26,0
2020-07-07,1104,160,290,812,2,3,5,26,0
2020-07-08,1135,163,295,838,2,3,5,27,0
2020-07-09,1167,166,300,865,2,3,5,27,0
2020-07-10,1200,168,305,893,2,3,5,28,0
2020-07-11,1234,171,311,921,2,3,5,28,0
2020-07-12,1267,174,316,949,2,3,5,29,0
2020-07-13,1301,177,321,978,2,3,5,29,0
2020-07-14,1336,180,327,1007,2,3,6,30,0
2020-07-15,1371,183,332,1037,2,3,6,30,0
2020-07-16,1407,186,338,1067,2,3,6,31,0
2020-07-17,1444,189,344,1098,2,3,6,31,0
2020-07-18,1482,192,350,1130,2,3,6,32,0
2020-07-19,1519,195,356,1161,2,3,6,32,0
2020-07-20,1557,198,361,1194,2,3,6,33,0
2020-07-21,1597,201,368,1227,2,3,6,33,0
2020-07-22,1637,205,374,1261,2,3,6,34,0
2020-07-23,1677,208,380,1295,2,3,6,34,0
2020-07-24,1718,211,386,1329,3,3,6,35,0
2020-07-25,1761,215,393,1365,3,3,6,36,0
2020-07-26,1802,218,399,1400,3,3,7,36,0
2020-07-27,1846,222,406,1437,3,3,7,37,0
2020-07-28,1889,225,412,1474,3,4,7,37,0
2020-07-29,1933,229,419,1511,3,4,7,38,0
2020-07-30,1979,232,426,1550,3,4,7,39,0
2020-07-31,2024,236,432,1589,3,4,7,39,0
2020-08-01,2070,239,439,1628,3,4,7,40,0
2020-08-02,2117,243,446,1668,3,4,7,41,0
2020-08-03,2166,247,454,1709,3,4,7,41,0
2020-08-04,2214,251,461,1750,3,4,7,42,0
2020-08-05,2263,254,468,1792,3,4,7,42,0
2020-08-06,2314,258,475,1835,4,4,7,43,0
2020-08-07,2365,262,483,1878,4,4,7,44,0
2020-08-08,2417,266,490,1923,4,4,8,44,0
2020-08-09,2469,270,498,1967,4,4,8,45,0
2020-08-10,2523,274,506,2013,4,4,8,46,0
2020-08-11,2576,278,513,2059,4,4,8,47,0
2020-08-12,2631,282,521,2106,4,4,8,47,0
2020-08-13,2686,286,529,2153,4,4,8,48,0
2020-08-14,2743,290,537,2202,4,4,8,49,0
2020-08-15,2800,294,545,2251,4,4,8,49,0
2020-08-16,2858,299,554,2300,4,4,8,50,0
2020-08-17,2918,303,562,2351,5,4,8,51,0
2020-08-18,2977,307,570,2402,5,4,8,52,0
2020-08-19,3038,311,579,2454,5,4,8,52,0
2020-08-20,3099,316,587,2507,5,4,9,53,0
2020-08-21,3161,320,596,2560,5,4,9,54,0
2020-08-22,3224,324,604,2615,5,4,9,55,0
2020-08-23,3288,329,613,2670,5,4,9,56,0
2020-08-24,3353,333,622,2726,5,4,9,56,0
2020-08-25,3418,338,630,2783,5,4,9,57,0
2020-08-26,3484,342,639,2840,5,4,9,58,0
2020-08-27,3552,347,648,2898,6,5,9,59,0
2020-08-28,3621,351,657,2958,6,5,9,60,0
2020-08-29,3689,356,666,3017,6,5,9,60,0
2020-08-30,3760,360,676,3078,6,5,9,61,0
2020-08-31,3831,365,685,3140,6,5,9,62,0
2020-09-01,3902,369,694,3202,6,5,9,63,0
2020-09-02,3975,374,703,3266,6,5,9,64,0
2020-09-03,4049,379,713,3330,6,5,9,65,0
2020-09-04,4123,383,722,3395,6,5,9,66,0
2020-09-05,4200,388,732,3461,7,5,10,66,0
2020-09-06,4275,392,741,3527,7,5,10,67,0
2020-09-07,4353,397,751,3595,7,5,10,68,0
2020-09-08,4430,402,760,3663,7,5,10,69,0
2020-09-09,4510,406,770,3733,7,5,10,70,0
2020-09-10,4590,411,780,3803,7,5,10,71,0
2020-09-11,4671,416,790,3874,7,5,10,72,0
2020-09-12,4753,420,799,3946,8,5,10,73,0
2020-09-13,4836,425,809,4019,8,5,10,73,0
2020-09-14,4920,430,819,4093,8,5,10,74,0
2020-09-15,5004,434,829,4167,8,5,10,75,0
2020-09-16,5090,439,839,4243,8,5,10,76,0
2020-09-17,5175,444,848,4319,8,5,10,77,0
2020-09-18,5263,448,858,4397,8,5,10,78,0
2020-09-19,5352,453,868,4475,9,5,10,79,0
2020-09-20,5441,458,878,4554,9,5,10,80,0
2020-09-21,5531,462,888,4634,9,5,10,81,0
2020-09-22,5622,467,898,4715,9,5,10,81,0
2020-09-23,5714,471,908,4797,9,5,10,82,0
2020-09-24,5806,476,918,4879,9,5,10,83,0
2020-09-25,5901,480,928,4963,10,4,10,84,0
2020-09-26,5994,485,937,5047,10,4,10,85,0
2020-09-27,6090,489,947,5133,10,4,10,86,0
2020-09-28,6186,494,957,5219,10,4,10,87,0
2020-09-29,6283,498,967,5306,10,4,10,88,0
2020-09-30,6381,502,977,5394,10,4,10,89,0
2020-10-01,6479,507,986,5483,10,4,10,89,0
2020-10-02,6580,511,996,5573,11,4,10,90,0
2020-10-03,6681,515,1006,5664,11,4,10,91,0
2020-10-04,6781,519,1015,5755,11,4,10,92,0
2020-10-05,6884,523,1025,5848,11,4,9,93,0
2020-10-06,6986,527,1034,5941,11,4,9,94,0
2020-10-07,7090,531,1043,6035,12,4,9,95,0
2020-10-08,7195,535,1053,6130,12,4,9,96,0
2020-10-09,7300,539,1062,6226,12,4,9,96,0
2020-10-10,7406,543,1071,6323,12,4,9,97,0
2020-10-11,7512,547,1080,6420,12,4,9,98,0
2020-10-12,7620,551,1089,6519,12,4,9,99,0
2020-10-13,7729,554,1098,6618,13,4,9,100,0
2020-10-14,7838,558,1107,6718,13,4,9,100,0
2020-10-15,7947,561,1116,6818,13,3,9,101,0
2020-10-16,8057,565,1124,6920,13,3,9,102,0
2020-10-17,8168,568,1133,7022,13,3,8,103,0
2020-10-18,8280,571,1141,7125,14,3,8,104,0
2020-10-19,8392,575,1149,7229,14,3,8,104,0
2020-10-20,8506,578,1158,7334,14,3,8,105,0
2020-10-21,8619,581,1166,7439,14,3,8,106,0
2020-10-22,8732,584,1173,7545,14,3,8,106,0
2020-10-23,8848,587,1181,7652,15,3,8,107,0
2020-10-24,8963,589,1189,7759,15,3,7,108,0
2020-10-25,9078,592,1196,7867,15,3,7,109,0
2020-10-26,9194,595,1203,7976,15,3,7,109,0
2020-10-27,9311,597,1211,8085,15,2,7,110,0
2020-10-28,9430,599,1218,8196,16,2,7,110,0
2020-10-29,9546,602,1224,8306,16,2,7,111,0
2020-10-30,9665,604,1231,8418,16,2,7,112,0
2020-10-31,9782,606,1237,8529,16,2,6,112,0
2020-11-01,9903,608,1244,8642,17,2,6,113,0
2020-11-02,10022,610,1250,8755,17,2,6,113,0
2020-11-03,10142,612,1256,8869,17,2,6,114,0
2020-11-04,10261,613,1261,8983,17,2,6,114,0
2020-11-05,10381,615,1267,9097,17,1,5,115,0
2020-11-06,10503,616,1272,9213,18,1,5,115,0
2020-11-07,10623,618,1277,9328,18,1,5,116,0
2020-11-08,10744,619,1282,9444,18,1,5,116,0
2020-11-09,10866,620,1287,9561,18,1,5,117,0
2020-11-10,10989,621,1292,9678,19,1,4,117,0
2020-11-11,11110,622,1296,9795,19,1,4,118,0
2020-11-12,11232,623,1300,9913,19,1,4,118,0
2020-11-13,11354,623,1304,10031,19,1,4,118,0
2020-11-14,11475,624,1307,10149,19,0,4,119,0
2020-11-15,11599,624,1311,10268,20,0,3,119,0
2020-11-16,11721,625,1314,10387,20,0,3,119,0
2020-11-17,11843,625,1317,10506,20,0,3,119,0
2020-11-18,11966,625,1320,10626,20,0,3,120,0
2020-11-19,12089,625,1322,10746,21,0,2,120,0
2020-11-20,12212,625,1325,10866,21,0,2,120,0
2020-11-21,12334,625,1327,10986,21,0,2,120,0
2020-11-22,12455,624,1328,11106,21,0,2,121,0
2020-11-23,12578,624,1330,11227,21,0,1,121,0
2020-11-24,12701,623,1331,11348,22,0,1,121,0
2020-11-25,12823,623,1332,11469,22,0,1,121,0
2020-11-26,12945,622,1333,11590,22,0,1,121,0
2020-11-27,13067,621,1334,11711,22,0,0,121,0
2020-11-28,13189,620,1334,11832,23,0,0,121,0
2020-11-29,13310,619,1334,11953,23,0,0,121,0
2020-11-30,13431,617,1334,12074,23,0,0,121,0
2020-12-01,13552,616,1334,12195,23,0,0,121,0
2020-12-02,13673,615,1333,12316,24,0,0,121,0
2020-12-03,13794,613,1333,12437,24,0,0,121,0
2020-12-04,13914,611,1332,12558,24,0,0,121,0
2020-12-05,14032,610,1330,12678,24,0,0,121,0
2020-12-06,14153,608,1329,12799,25,0,0,121,0
2020-12-07,14272,606,1327,12920,25,0,0,120,0
2020-12-08,14390,604,1325,13040,25,0,0,120,0
2020-12-09,14508,601,1323,13160,25,0,0,120,0
2020-12-10,14625,599,1320,13280,25,0,0,120,0
2020-12-11,14744,597,1318,13400,26,0,0,120,0
2020-12-12,14860,594,1315,13519,26,0,0,119,0
2020-12-13,14977,592,1312,13639,26,0,0,119,0
2020-12-14,15092,589,1309,13757,26,0,0,119,0
2020-12-15,15208,586,1305,13876,27,0,0,118,0
2020-12-16,15322,583,1301,13994,27,0,0,118,0
2020-12-17,15436,581,1297,14112,27,0,0,118,0
2020-12-18,15550,578,1293,14230,27,0,0,117,0
2020-12-19,15663,574,1289,14347,27,0,0,117,0
2020-12-20,15776,571,1284,14464,28,0,0,117,0
2020-12-21,15887,568,1279,14580,28,0,0,116,0
2020-12-22,15998,565,1274,14696,28,0,0,116,0
2020-12-23,16109,561,1269,14812,28,0,0,115,0
2020-12-24,16219,558,1264,14926,29,0,0,115,0
2020-12-25,16328,555,1258,15041,29,0,0,114,0
2020-12-26,16437,551,1253,15155,29,0,0,114,0
2020-12-27,16544,547,1247,15268,29,0,0,113,0
2020-12-28,16651,544,1241,15381,29,0,0,113,0
2020-12-29,16758,540,1234,15494,30,0,0,112,0
2020-12-30,16863,536,1228,15605,30,0,0,111,0
2020-12-31,16968,532,1221,15717,30,0,0,111,0
2021-01-01,17072,528,1215,15827,30,0,0,110,0
2021-01-02,17176,524,1208,15937,31,0,0,110,0
2021-01-03,17279,520,1201,16047,31,0,0,109,0
2021-01-04,17379,516,1193,16155,31,0,0,108,0
2021-01-05,17480,512,1186,16263,31,0,0,108,0
2021-01-06,17581,508,1179,16371,31,0,0,107,0
2021-01-07,17680,504,1171,16477,32,0,0,106,0
2021-01-08,17778,500,1163,16583,32,0,0,106,0
2021-01-09,17877,495,1156,16689,32,0,0,105,0
2021-01-10,17973,491,1148,16793,32,0,0,104,0
2021-01-11,18068,487,1139,16897,32,0,0,103,0
2021-01-12,18164,482,1131,17000,33,0,0,103,0
2021-01-13,18259,478,1123,17103,33,0,0,102,0
2021-01-14,18352,474,1115,17204,33,0,0,101,0
2021-01-15,18444,469,1106,17305,33,0,0,100,0
2021-01-16,18536,465,1098,17405,33,0,0,100,0
2021-01-17,18627,460,1089,17504,34,0,0,99,0
2021-01-18,18717,456,1080,17603,34,0,0,98,0
2021-01-19,18806,451,1071,17701,34,0,0,97,0
2021-01-20,18893,447,1062,17797,34,0,0,96,0
2021-01-21,18981,442,1053,17894,34,0,0,96,0
2021-01-22,19067,438,1044,17989,34,0,0,95,0
2021-01-23,19153,433,1035,18083,35,0,0,94,0
2021-01-24,19238,429,1026,18177,35,0,0,93,0
2021-01-25,19322,424,1017,18270,35,0,0,92,0
2021-01-26,19405,420,1008,18362,35,0,0,91,0
2021-01-27,19486,415,998,18453,35,0,0,91,0
2021-01-28,19567,411,989,18543,35,0,0,90,0
2021-01-29,19649,406,980,18633,36,0,0,89,0
2021-01-30,19727,402,970,18721,36,0,0,88,0
2021-01-31,19806,397,961,18809,36,0,0,87,0
2021-02-01,19883,393,951,18896,36,0,0,86,0
2021-02-02,19960,388,942,18982,36,0,0,85,0
2021-02-03,20036,384,932,19067,37,0,0,85,0
2021-02-04,20111,379,923,19151,37,0,0,84,0
2021-02-05,20185,375,913,19235,37,0,0,83,0
2021-02-06,20258,370,904,19317,37,0,0,82,0
2021-02-07,20330,366,894,19399,37,0,0,81,0
2021-02-08,20402,362,885,19480,37,0,0,80,0
2021-02-09,20472,357,875,19560,37,0,0,79,0
2021-02-10,20543,353,866,19639,38,0,0,79,0
2021-02-11,20611,349,856,19717,38,0,0,78,0
2021-02-12,20679,344,847,19794,38,0,0,77,0
2021-02-13,20746,340,837,19871,38,0,0,76,0
2021-02-14,20812,336,828,19946,38,0,0,75,0
2021-02-15,20877,331,818,20021,38,0,0,74,0
2021-02-16,20942,327,809,20095,38,0,0,73,0
2021-02-17,21007,323,800,20168,39,0,0,73,0
2021-02-18,21069,319,790,20240,39,0,0,72,0
2021-02-19,21132,315,781,20312,39,0,0,71,0
2021-02-20,21193,310,772,20382,39,0,0,70,0
2021-02-21,21253,306,762,20452,39,0,0,69,0
2021-02-22,21313,302,753,20521,39,0,0,68,0
2021-02-23,21372,298,744,20589,39,0,0,68,0
2021-02-24,21431,294,735,20656,40,0,0,67,0
2021-02-25,21489,290,726,20723,40,0,0,66,0
2021-02-26,21545,286,717,20788,40,0,0,65,0
2021-02-27,21601,282,708,20853,40,0,0,64,0
2021-02-28,21656,279,699,20917,40,0,0,63,0
2021-03-01,21710,275,690,20980,40,0,0,63,0
2021-03-02,21763,271,681,21042,40,0,0,62,0
2021-03-03,21816,267,672,21104,40,0,0,61,0
2021-03-04,21869,263,664,21164,41,0,0,60,0
2021-03-05,21920,260,655,21224,41,0,0,59,0
2021-03-06,21970,256,646,21283,41,0,0,59,0
2021-03-07,22021,252,638,21342,41,0,0,58,0
2021-03-08,22069,249,629,21399,41,0,0,57,0
2021-03-09,22118,245,621,21456,41,0,0,56,0
2021-03-10,22166,242,613,21512,41,0,0,56,0
2021-03-11,22212,238,604,21567,41,0,0,55,0
2021-03-12,22259,235,596,21622,41,0,0,54,0
2021-03-13,22305,231,588,21676,41,0,0,53,0
2021-03-14,22351,228,580,21729,42,0,0,53,0
2021-03-15,22395,224,572,21781,42,0,0,52,0
2021-03-16,22439,221,564,21833,42,0,0,51,0
2021-03-17,22482,218,556,21884,42,0,0,50,0
2021-03-18,22524,215,548,21934,42,0,0,50,0
2021-03-19,22565,211,540,21983,42,0,0,49,0
2021-03-20,22607,208,533,22032,42,0,0,48,0
2021-03-21,22647,205,525,22080,42,0,0,48,0
2021-03-22,22688,202,518,22128,42,0,0,47,0
2021-03-23,22726,199,510,22174,42,0,0,46,0
2021-03-24,22766,196,503,22220,43,0,0,46,0
2021-03-25,22805,193,496,22266,43,0,0,45,0
2021-03-26,22842,190,488,22311,43,0,0,44,0
2021-03-27,22879,187,481,22355,43,0,0,44,0
2021-03-28,22915,184,474,22398,43,0,0,43,0
2021-03-29,22951,181,467,22441,43,0,0,42,0
2021-03-30,22986,179,460,22483,43,0,0,42,0
2021-03-31,23022,176,454,22525,43,0,0,41,0
2021-04-01,23055,173,447,22565,43,0,0,41,0
2021-04-02,23089,170,440,22606,43,0,0,40,0
2021-04-03,23122,168,434,22645,43,0,0,39,0
2021-04-04,23155,165,427,22685,43,0,0,39,0
2021-04-05,23187,162,421,22723,43,0,0,38,0
2021-04-06,23219,160,414,22761,44,0,0,38,0
2021-04-07,23250,157,408,22798,44,0,0,37,0
2021-04-08,23281,155,402,22835,44,0,0,36,0
2021-04-09,23311,152,396,22871,44,0,0,36,0
2021-04-10,23341,150,390,22907,44,0,0,35,0
2021-04-11,23370,147,384,22942,44,0,0,35,0
2021-04-12,23399,145,378,22977,44,0,0,34,0
2021-04-13,23427,143,372,23011,44,0,0,34,0
2021-04-14,23455,140,366,23045,44,0,0,33,0
2021-04-15,23482,138,360,23078,44,0,0,33,0
2021-04-16,23509,136,355,23110,44,0,0,32,0
2021-04-17,23535,134,349,23142,44,0,0,32,0
2021-04-18,23562,132,344,23174,44,0,0,31,0
2021-04-19,23586,129,338,23204,44,0,0,31,0
2021-04-20,23612,127,333,23235,44,0,0,30,0
2021-04-21,23638,125,328,23265,45,0,0,30,0
2021-04-22,23662,123,322,23295,45,0,0,29,0
2021-04-23,23686,121,317,23324,45,0,0,29,0
2021-04-24,23709,119,312,23352,45,0,0,28,0
2021-04-25,23732,117,307,23380,45,0,0,28,0
2021-04-26,23755,115,302,23408,45,0,0,27,0
2021-04-27,23777,113,297,23435,45,0,0,27,0
2021-04-28,23800,112,293,23462,45,0,0,27,0
2021-04-29,23822,110,288,23489,45,0,0,26,0
2021-04-30,23843,108,283,23515,45,0,0,26,0
2021-05-01,23864,106,279,23540,45,0,0,25,0
2021-05-02,23884,104,274,23565,45,0,0,25,0
2021-05-03,23905,103,270,23590,45,0,0,24,0
2021-05-04,23924,101,265,23614,45,0,0,24,0
2021-05-05,23944,99,261,23638,45,0,0,24,0
2021-05-06,23964,97,257,23662,45,0,0,23,0
2021-05-07,23983,96,253,23685,45,0,0,23,0
2021-05-08,24001,94,248,23708,45,0,0,23,0
2021-05-09,24019,93,244,23730,45,0,0,22,0
2021-05-10,24037,91,240,23752,45,0,0,22,0
2021-05-11,24056,90,236,23774,46,0,0,21,0
2021-05-12,24073,88,232,23795,46,0,0,21,0
2021-05-13,24091,87,229,23816,46,0,0,21,0
2021-05-14,24108,85,225,23837,46,0,0,20,0
2021-05-15,24124,84,221,23857,46,0,0,20,0
2021-05-16,24140,82,217,23877,46,0,0,20,0
2021-05-17,24157,81,214,23897,46,0,0,19,0
2021-05-18,24172,79,210,23916,46,0,0,19,0
2021-05-19,24188,78,207,23935,46,0,0,19,0
2021-05-20,24202,77,203,23953,46,0,0,18,0
2021-05-21,24218,75,200,23972,46,0,0,18,0
2021-05-22,24232,74,196,23990,46,0,0,18,0
2021-05-23,24246,73,193,24007,46,0,0,18,0
2021-05-24,24261,72,190,24025,46,0,0,17,0
2021-05-25,24275,70,187,24042,46,0,0,17,0
2021-05-26,24289,69,184,24059,46,0,0,17,0
2021-05-27,24301,68,180,24075,46,0,0,16,0
2021-05-28,24315,67,177,24092,46,0,0,16,0
2021-05-29,24328,66,174,24108,46,0,0,16,0
2021-05-30,24340,65,171,24123,46,0,0,16,0
2021-05-31,24354,63,169,24139,46,0,0,15,0
2021-06-01,24366,62,166,24154,46,0,0,15,0
2021-06-02,24378,61,163,24169,46,0,0,15,0
2021-06-03,24390,60,160,24184,46,0,0,15,0
2021-06-04,24401,59,157,24198,46,0,0,14,0
2021-06-05,24413,58,155,24212,46,0,0,14,0
2021-06-06,24424,57,152,24226,46,0,0,14,0
2021-06-07,24435,56,149,24240,46,0,0,14,0
2021-06-08,24446,55,147,24253,46,0,0,13,0
2021-06-09,24457,54,144,24267,46,0,0,13,0
2021-06-10,24468,53,142,24280,46,0,0,13,0
2021-06-11,24478,52,139,24292,47,0,0,13,0
2021-06-12,24489,51,137,24305,47,0,0,12,0
2021-06-13,24499,51,135,24317,47,0,0,12,0
2021-06-14,24508,50,132,24329,47,0,0,12,0
2021-06-15,24518,49,130,24341,47,0,0,12,0
2021-06-16,24528,48,128,24353,47,0,0,12,0
2021-06-17,24538,47,126,24365,47,0,0,11,0
