Date,Infected,Exposed,Active,Recovered,Deaths,Diff Exposed,Diff Active,Diff Recovered,Diff Deaths
2020-07-12,748,178,159,586,3,0,20,14,0
2020-07-13,783,163,178,602,3,0,16,16,0
2020-07-14,813,153,192,618,3,0,13,17,0
2020-07-15,843,146,204,636,3,0,10,18,0
2020-07-16,871,141,213,655,3,0,8,19,0
2020-07-17,898,139,221,674,3,0,7,20,0
2020-07-18,926,137,228,695,3,0,6,21,0
2020-07-19,952,136,234,715,3,0,6,21,0
2020-07-20,979,136,239,737,3,0,5,22,0
2020-07-21,1005,137,244,758,3,1,5,22,0
2020-07-22,1032,138,248,781,3,1,4,22,0
2020-07-23,1059,139,253,803,3,1,4,23,0
2020-07-24,1087,141,257,826,4,2,4,23,0
2020-07-25,1115,142,261,850,4,2,4,24,0
2020-07-26,1143,144,265,874,4,2,4,24,0
2020-07-27,1172,146,270,898,4,2,4,24,0
2020-07-28,1200,148,274,922,4,2,4,25,0
2020-07-29,1229,150,278,947,4,2,4,25,0
2020-07-30,1258,151,282,972,4,2,4,26,0
2020-07-31,1288,153,286,998,4,2,4,26,0
2020-08-01,1318,156,290,1024,4,2,4,26,0
2020-08-02,1350,158,294,1051,5,2,4,27,0
2020-08-03,1380,160,298,1077,5,2,4,27,0
2020-08-04,1411,162,302,1104,5,2,4,27,0
2020-08-05,1444,164,307,1132,5,2,4,28,0
2020-08-06,1476,166,311,1160,5,2,4,28,0
2020-08-07,1508,168,315,1188,5,2,4,29,0
2020-08-08,1542,170,320,1217,5,2,4,29,0
2020-08-09,1575,172,324,1246,5,2,4,29,0
2020-08-10,1608,175,328,1275,5,2,4,30,0
2020-08-11,1644,177,333,1305,6,2,4,30,0
2020-08-12,1679,179,337,1336,6,2,4,31,0
2020-08-13,1714,181,342,1366,6,2,4,31,0
2020-08-14,1749,183,346,1397,6,2,5,31,0
2020-08-15,1786,186,351,1429,6,2,5,32,0
2020-08-16,1822,188,355,1461,6,2,5,32,0
2020-08-17,1859,190,360,1493,6,2,5,33,0
2020-08-18,1897,192,364,1526,7,2,5,33,0
2020-08-19,1935,195,369,1559,7,2,5,33,0
2020-08-20,1972,197,373,1592,7,2,5,34,0
2020-08-21,2011,199,378,1626,7,2,5,34,0
2020-08-22,2051,201,383,1661,7,2,5,35,0
2020-08-23,2089,204,387,1695,7,2,5,35,0
2020-08-24,2130,206,392,1731,7,2,5,35,0
2020-08-25,2171,208,397,1766,8,2,5,36,0
2020-08-26,2212,210,402,1802,8,2,5,36,0
2020-08-27,2253,213,406,1839,8,2,5,37,0
2020-08-28,2295,215,411,1876,8,2,5,37,0
2020-08-29,2337,217,416,1913,8,2,5,38,0
2020-08-30,2380,219,421,1951,8,2,5,38,0
2020-08-31,2423,222,425,1989,9,2,5,39,0
2020-09-01,2467,224,430,2028,9,2,5,39,0
2020-09-02,2511,226,435,2067,9,2,5,39,0
2020-09-03,2556,228,440,2107,9,2,5,40,0
2020-09-04,2601,231,445,2147,9,2,5,40,0
2020-09-05,2645,233,449,2187,9,2,5,41,0
2020-09-06,2692,235,454,2228,10,2,5,41,0
2020-09-07,2738,237,459,2269,10,2,5,42,0
2020-09-08,2785,239,464,2311,10,2,5,42,0
2020-09-09,2831,241,468,2353,10,2,5,42,0
2020-09-10,2879,244,473,2396,10,2,5,43,0
2020-09-11,2926,246,478,2438,10,2,5,43,0
2020-09-12,2976,248,483,2482,11,2,5,44,0
2020-09-13,3024,250,487,2526,11,2,5,44,0
2020-09-14,3073,252,492,2570,11,2,5,45,0
2020-09-15,3123,254,497,2615,11,2,5,45,0
2020-09-16,3172,256,501,2660,11,2,5,45,0
2020-09-17,3223,258,506,2705,12,2,5,46,0
2020-09-18,3274,260,511,2751,12,2,5,46,0
2020-09-19,3325,262,515,2798,12,2,5,47,0
2020-09-20,3377,264,520,2845,12,2,5,47,0
2020-09-21,3428,266,524,2892,12,2,4,47,0
2020-09-22,3481,268,529,2939,13,2,4,48,0
2020-09-23,3533,270,533,2987,13,2,4,48,0
2020-09-24,3586,272,537,3036,13,2,4,49,0
2020-09-25,3640,273,542,3085,13,2,4,49,0
2020-09-26,3693,275,546,3134,13,2,4,49,0
2020-09-27,3747,277,550,3183,14,2,4,50,0
2020-09-28,3802,279,555,3233,14,2,4,50,0
2020-09-29,3857,280,559,3284,14,2,4,51,0
2020-09-30,3911,282,563,3334,14,2,4,51,0
2020-10-01,3967,283,567,3385,15,2,4,51,0
2020-10-02,4023,285,571,3437,15,2,4,52,0
2020-10-03,4079,287,575,3489,15,2,4,52,0
2020-10-04,4135,288,579,3541,15,1,4,52,0
2020-10-05,4191,290,583,3593,15,1,4,53,0
2020-10-06,4248,291,586,3646,16,1,4,53,0
2020-10-07,4306,292,590,3700,16,1,4,53,0
2020-10-08,4363,294,594,3753,16,1,4,54,0
2020-10-09,4420,295,597,3807,16,1,4,54,0
2020-10-10,4479,296,601,3861,17,1,3,54,0
2020-10-11,4537,297,604,3916,17,1,3,55,0
2020-10-12,4595,298,608,3970,17,1,3,55,0
2020-10-13,4654,300,611,4026,17,1,3,55,0
2020-10-14,4713,301,614,4081,18,1,3,56,0
2020-10-15,4772,302,617,4137,18,1,3,56,0
2020-10-16,4831,303,620,4193,18,1,3,56,0
2020-10-17,4890,304,623,4249,18,1,3,56,0
2020-10-18,4949,304,626,4305,18,1,3,57,0
2020-10-19,5010,305,629,4362,19,1,3,57,0
2020-10-20,5069,306,631,4419,19,1,3,57,0
2020-10-21,5129,307,634,4476,19,1,3,57,0
2020-10-22,5189,307,636,4534,19,1,2,58,0
2020-10-23,5251,308,639,4592,20,1,2,58,0
2020-10-24,5310,309,641,4649,20,1,2,58,0
2020-10-25,5371,309,643,4708,20,0,2,58,0
2020-10-26,5431,310,645,4766,20,0,2,58,0
2020-10-27,5492,310,647,4824,21,0,2,59,0
2020-10-28,5553,310,649,4883,21,0,2,59,0
2020-10-29,5614,311,651,4942,21,0,2,59,0
2020-10-30,5675,311,653,5001,21,0,2,59,0
2020-10-31,5736,311,654,5060,22,0,2,59,0
2020-11-01,5797,311,656,5119,22,0,1,59,0
2020-11-02,5858,311,657,5179,22,0,1,59,0
2020-11-03,5918,311,658,5238,22,0,1,60,0
2020-11-04,5980,311,659,5298,23,0,1,60,0
2020-11-05,6040,311,660,5357,23,0,1,60,0
2020-11-06,6101,311,661,5417,23,0,1,60,0
2020-11-07,6163,311,662,5477,24,0,1,60,0
2020-11-08,6224,311,663,5537,24,0,1,60,0
2020-11-09,6284,310,663,5597,24,0,1,60,0
2020-11-10,6345,310,664,5657,24,0,0,60,0
2020-11-11,6406,309,664,5717,25,0,0,60,0
2020-11-12,6467,309,665,5777,25,0,0,60,0
2020-11-13,6528,309,665,5838,25,0,0,60,0
2020-11-14,6588,308,665,5898,25,0,0,60,0
2020-11-15,6649,307,665,5958,26,0,0,60,0
2020-11-16,6708,307,664,6018,26,0,0,60,0
2020-11-17,6768,306,664,6078,26,0,0,60,0
2020-11-18,6828,305,664,6138,26,0,0,60,0
2020-11-19,6888,304,663,6198,27,0,0,60,0
2020-11-20,6948,304,663,6258,27,0,0,60,0
2020-11-21,7007,303,662,6318,27,0,0,60,0
2020-11-22,7066,302,661,6378,27,0,0,60,0
2020-11-23,7126,301,660,6438,28,0,0,60,0
2020-11-24,7185,300,659,6498,28,0,0,60,0
2020-11-25,7243,299,658,6557,28,0,0,60,0
2020-11-26,7301,297,656,6617,28,0,0,59,0
2020-11-27,7360,296,655,6676,29,0,0,59,0
2020-11-28,7417,295,653,6735,29,0,0,59,0
2020-11-29,7476,294,652,6795,29,0,0,59,0
2020-11-30,7532,292,650,6853,29,0,0,59,0
2020-12-01,7590,291,648,6912,30,0,0,59,0
2020-12-02,7647,290,646,6971,30,0,0,59,0
2020-12-03,7703,288,644,7029,30,0,0,58,0
2020-12-04,7760,287,642,7088,30,0,0,58,0
2020-12-05,7817,285,640,7146,31,0,0,58,0
2020-12-06,7873,284,638,7204,31,0,0,58,0
2020-12-07,7927,282,635,7261,31,0,0,58,0
2020-12-08,7983,281,633,7319,31,0,0,57,0
2020-12-09,8038,279,630,7376,32,0,0,57,0
2020-12-10,8093,277,628,7433,32,0,0,57,0
2020-12-11,8147,276,625,7490,32,0,0,57,0
2020-12-12,8200,274,622,7546,32,0,0,56,0
2020-12-13,8254,272,619,7602,33,0,0,56,0
2020-12-14,8307,270,616,7658,33,0,0,56,0
2020-12-15,8360,268,613,7714,33,0,0,56,0
2020-12-16,8412,267,610,7769,33,0,0,55,0
2020-12-17,8466,265,607,7825,34,0,0,55,0
2020-12-18,8517,263,604,7879,34,0,0,55,0
2020-12-19,8568,261,600,7934,34,0,0,54,0
2020-12-20,8619,259,597,7988,34,0,0,54,0
2020-12-21,8670,257,593,8042,35,0,0,54,0
2020-12-22,8721,255,590,8096,35,0,0,53,0
2020-12-23,8770,253,586,8149,35,0,0,53,0
2020-12-24,8819,251,582,8202,35,0,0,53,0
2020-12-25,8868,249,579,8254,35,0,0,52,0
2020-12-26,8918,247,575,8307,36,0,0,52,0
2020-12-27,8966,245,571,8359,36,0,0,52,0
2020-12-28,9013,243,567,8410,36,0,0,51,0
2020-12-29,9060,241,563,8461,36,0,0,51,0
2020-12-30,9108,239,559,8512,37,0,0,51,0
2020-12-31,9155,236,555,8563,37,0,0,50,0
2021-01-01,9201,234,551,8613,37,0,0,50,0
2021-01-02,9246,232,547,8662,37,0,0,49,0
2021-01-03,9292,230,543,8712,37,0,0,49,0
2021-01-04,9337,228,538,8761,38,0,0,49,0
2021-01-05,9381,226,534,8809,38,0,0,48,0
2021-01-06,9426,224,530,8858,38,0,0,48,0
2021-01-07,9468,221,525,8905,38,0,0,48,0
2021-01-08,9512,219,521,8953,38,0,0,47,0
2021-01-09,9556,217,517,9000,39,0,0,47,0
2021-01-10,9597,215,512,9046,39,0,0,46,0
2021-01-11,9640,213,508,9093,39,0,0,46,0
2021-01-12,9681,211,503,9139,39,0,0,46,0
2021-01-13,9722,208,499,9184,39,0,0,45,0
2021-01-14,9763,206,494,9229,40,0,0,45,0
2021-01-15,9804,204,490,9274,40,0,0,44,0
2021-01-16,9843,202,485,9318,40,0,0,44,0
2021-01-17,9883,200,481,9362,40,0,0,44,0
2021-01-18,9921,197,476,9405,40,0,0,43,0
2021-01-19,9961,195,472,9448,41,0,0,43,0
2021-01-20,9998,193,467,9490,41,0,0,42,0
2021-01-21,10035,191,462,9532,41,0,0,42,0
2021-01-22,10073,189,458,9574,41,0,0,41,0
2021-01-23,10109,187,453,9615,41,0,0,41,0
2021-01-24,10146,184,449,9656,41,0,0,41,0
2021-01-25,10183,182,444,9697,42,0,0,40,0
2021-01-26,10218,180,439,9737,42,0,0,40,0
2021-01-27,10253,178,435,9776,42,0,0,39,0
2021-01-28,10288,176,430,9816,42,0,0,39,0
2021-01-29,10322,174,426,9854,42,0,0,39,0
2021-01-30,10356,172,421,9893,42,0,0,38,0
2021-01-31,10390,170,416,9931,43,0,0,38,0
2021-02-01,10423,168,412,9968,43,0,0,37,0
2021-02-02,10455,166,407,10005,43,0,0,37,0
2021-02-03,10488,163,403,10042,43,0,0,36,0
2021-02-04,10519,161,398,10078,43,0,0,36,0
2021-02-05,10551,159,394,10114,43,0,0,36,0
2021-02-06,10583,157,389,10150,44,0,0,35,0
2021-02-07,10614,155,385,10185,44,0,0,35,0
2021-02-08,10643,153,380,10219,44,0,0,34,0
2021-02-09,10674,151,376,10254,44,0,0,34,0
2021-02-10,10703,149,371,10288,44,0,0,34,0
2021-02-11,10732,148,367,10321,44,0,0,33,0
2021-02-12,10760,146,362,10354,44,0,0,33,0
2021-02-13,10790,144,358,10387,45,0,0,32,0
2021-02-14,10818,142,354,10419,45,0,0,32,0
2021-02-15,10845,140,349,10451,45,0,0,32,0
2021-02-16,10872,138,345,10482,45,0,0,31,0
2021-02-17,10899,136,341,10513,45,0,0,31,0
2021-02-18,10925,134,336,10544,45,0,0,30,0
2021-02-19,10951,133,332,10574,45,0,0,30,0
2021-02-20,10978,131,328,10604,46,0,0,30,0
2021-02-21,11004,129,324,10634,46,0,0,29,0
2021-02-22,11029,127,320,10663,46,0,0,29,0
2021-02-23,11054,125,316,10692,46,0,0,29,0
2021-02-24,11077,124,311,10720,46,0,0,28,0
2021-02-25,11101,122,307,10748,46,0,0,28,0
2021-02-26,11125,120,303,10776,46,0,0,27,0
2021-02-27,11148,119,299,10803,46,0,0,27,0
2021-02-28,11172,117,295,10830,47,0,0,27,0
2021-03-01,11195,115,291,10857,47,0,0,26,0
2021-03-02,11218,114,288,10883,47,0,0,26,0
2021-03-03,11240,112,284,10909,47,0,0,26,0
2021-03-04,11262,110,280,10935,47,0,0,25,0
2021-03-05,11283,109,276,10960,47,0,0,25,0
2021-03-06,11304,107,272,10985,47,0,0,25,0
2021-03-07,11325,106,269,11009,47,0,0,24,0
2021-03-08,11345,104,265,11033,47,0,0,24,0
2021-03-09,11365,103,261,11057,47,0,0,24,0
2021-03-10,11387,101,258,11081,48,0,0,23,0
2021-03-11,11406,100,254,11104,48,0,0,23,0
2021-03-12,11425,98,250,11127,48,0,0,23,0
2021-03-13,11444,97,247,11149,48,0,0,22,0
2021-03-14,11463,95,243,11172,48,0,0,22,0
2021-03-15,11481,94,240,11193,48,0,0,22,0
2021-03-16,11500,92,237,11215,48,0,0,21,0
2021-03-17,11517,91,233,11236,48,0,0,21,0
2021-03-18,11535,90,230,11257,48,0,0,21,0
2021-03-19,11553,88,227,11278,48,0,0,21,0
2021-03-20,11570,87,223,11298,49,0,0,20,0
2021-03-21,11588,86,220,11319,49,0,0,20,0
2021-03-22,11604,84,217,11338,49,0,0,20,0
2021-03-23,11621,83,214,11358,49,0,0,19,0
2021-03-24,11637,82,211,11377,49,0,0,19,0
2021-03-25,11652,80,207,11396,49,0,0,19,0
2021-03-26,11668,79,204,11415,49,0,0,18,0
2021-03-27,11683,78,201,11433,49,0,0,18,0
2021-03-28,11698,77,198,11451,49,0,0,18,0
2021-03-29,11713,76,195,11469,49,0,0,18,0
2021-03-30,11728,74,192,11487,49,0,0,17,0
2021-03-31,11743,73,190,11504,49,0,0,17,0
2021-04-01,11757,72,187,11521,49,0,0,17,0
2021-04-02,11772,71,184,11538,50,0,0,17,0
2021-04-03,11785,70,181,11554,50,0,0,16,0
2021-04-04,11799,69,178,11571,50,0,0,16,0
2021-04-05,11813,68,176,11587,50,0,0,16,0
2021-04-06,11826,67,173,11603,50,0,0,16,0
2021-04-07,11838,66,170,11618,50,0,0,15,0
2021-04-08,11852,65,168,11634,50,0,0,15,0
2021-04-09,11864,64,165,11649,50,0,0,15,0
2021-04-10,11877,63,163,11664,50,0,0,15,0
2021-04-11,11888,62,160,11678,50,0,0,14,0
2021-04-12,11901,61,158,11693,50,0,0,14,0
2021-04-13,11912,60,155,11707,50,0,0,14,0
2021-04-14,11924,59,153,11721,50,0,0,14,0
2021-04-15,11934,58,150,11734,50,0,0,14,0
2021-04-16,11946,57,148,11748,50,0,0,13,0
2021-04-17,11958,56,146,11761,51,0,0,13,0
2021-04-18,11968,55,143,11774,51,0,0,13,0
2021-04-19,11979,54,141,11787,51,0,0,13,0
2021-04-20,11990,53,139,11800,51,0,0,13,0
2021-04-21,12001,52,137,11813,51,0,0,12,0
2021-04-22,12011,51,135,11825,51,0,0,12,0
2021-04-23,12021,51,133,11837,51,0,0,12,0
2021-04-24,12030,50,130,11849,51,0,0,12,0
2021-04-25,12040,49,128,11861,51,0,0,12,0
2021-04-26,12049,48,126,11872,51,0,0,11,0
2021-04-27,12059,47,124,11884,51,0,0,11,0
2021-04-28,12068,47,122,11895,51,0,0,11,0
2021-04-29,12077,46,120,11906,51,0,0,11,0
2021-04-30,12086,45,118,11917,51,0,0,11,0
2021-05-01,12095,44,117,11927,51,0,0,11,0
2021-05-02,12104,44,115,11938,51,0,0,10,0
2021-05-03,12112,43,113,11948,51,0,0,10,0
2021-05-04,12120,42,111,11958,51,0,0,10,0
2021-05-05,12128,42,109,11968,51,0,0,10,0
2021-05-06,12136,41,107,11978,51,0,0,10,0
2021-05-07,12145,40,106,11988,51,0,0,10,0
2021-05-08,12153,40,104,11997,52,0,0,9,0
2021-05-09,12161,39,102,12007,52,0,0,9,0
2021-05-10,12169,38,101,12016,52,0,0,9,0
2021-05-11,12176,38,99,12025,52,0,0,9,0
2021-05-12,12183,37,97,12034,52,0,0,9,0
2021-05-13,12190,36,96,12042,52,0,0,9,0
2021-05-14,12197,36,94,12051,52,0,0,9,0
2021-05-15,12204,35,93,12059,52,0,0,8,0
2021-05-16,12211,35,91,12068,52,0,0,8,0
2021-05-17,12218,34,90,12076,52,0,0,8,0
2021-05-18,12224,33,88,12084,52,0,0,8,0
2021-05-19,12231,33,87,12092,52,0,0,8,0
2021-05-20,12237,32,85,12100,52,0,0,8,0
2021-05-21,12243,32,84,12107,52,0,0,8,0
2021-05-22,12249,31,82,12115,52,0,0,7,0
2021-05-23,12255,31,81,12122,52,0,0,7,0
2021-05-24,12262,30,80,12130,52,0,0,7,0
2021-05-25,12267,30,78,12137,52,0,0,7,0
2021-05-26,12273,29,77,12144,52,0,0,7,0
2021-05-27,12279,29,76,12151,52,0,0,7,0
2021-05-28,12285,28,75,12158,52,0,0,7,0
2021-05-29,12289,28,73,12164,52,0,0,7,0
2021-05-30,12295,27,72,12171,52,0,0,7,0
2021-05-31,12301,27,71,12178,52,0,0,6,0
2021-06-01,12306,26,70,12184,52,0,0,6,0
2021-06-02,12311,26,69,12190,52,0,0,6,0
2021-06-03,12315,25,67,12196,52,0,0,6,0
2021-06-04,12320,25,66,12202,52,0,0,6,0
2021-06-05,12325,25,65,12208,52,0,0,6,0
2021-06-06,12330,24,64,12214,52,0,0,6,0
2021-06-07,12335,24,63,12220,52,0,0,6,0
2021-06-08,12340,23,62,12226,52,0,0,6,0
2021-06-09,12345,23,61,12231,53,0,0,6,0
2021-06-10,12350,23,60,12237,53,0,0,5,0
2021-06-11,12354,22,59,12242,53,0,0,5,0
2021-06-12,12358,22,58,12247,53,0,0,5,0
2021-06-13,12363,21,57,12253,53,0,0,5,0
2021-06-14,12367,21,56,12258,53,0,0,5,0
2021-06-15,12371,21,55,12263,53,0,0,5,0
2021-06-16,12375,20,54,12268,53,0,0,5,0
2021-06-17,12379,20,53,12273,53,0,0,5,0
2021-06-18,12382,20,52,12277,53,0,0,5,0
2021-06-19,12386,19,51,12282,53,0,0,5,0
2021-06-20,12390,19,50,12287,53,0,0,5,0
2021-06-21,12394,19,50,12291,53,0,0,4,0
2021-06-22,12398,18,49,12296,53,0,0,4,0
2021-06-23,12401,18,48,12300,53,0,0,4,0
2021-06-24,12404,18,47,12304,53,0,0,4,0
2021-06-25,12408,17,46,12309,53,0,0,4,0
2021-06-26,12412,17,46,12313,53,0,0,4,0
2021-06-27,12415,17,45,12317,53,0,0,4,0
2021-06-28,12418,17,44,12321,53,0,0,4,0
2021-06-29,12421,16,43,12325,53,0,0,4,0
2021-06-30,12425,16,43,12329,53,0,0,4,0
2021-07-01,12428,16,42,12333,53,0,0,4,0
2021-07-02,12430,15,41,12336,53,0,0,4,0
2021-07-03,12433,15,40,12340,53,0,0,4,0
2021-07-04,12437,15,40,12344,53,0,0,4,0
2021-07-05,12439,15,39,12347,53,0,0,4,0
2021-07-06,12442,14,38,12351,53,0,0,3,0
2021-07-07,12445,14,38,12354,53,0,0,3,0
