Date,Infected,Exposed,Active,Recovered,Deaths,Diff Exposed,Diff Active,Diff Recovered,Diff Deaths
2020-06-24,174,18,48,125,1,3,0,4,0
2020-06-25,178,21,47,130,1,2,0,4,0
2020-06-26,182,23,47,134,1,2,0,4,0
2020-06-27,187,24,48,138,1,2,0,4,0
2020-06-28,192,26,48,143,1,1,1,4,0
2020-06-29,197,27,49,147,1,1,1,4,0
2020-06-30,202,28,50,151,1,1,1,5,0
2020-07-01,208,29,51,156,1,1,1,5,0
2020-07-02,214,30,52,161,1,1,1,5,0
2020-07-03,219,31,53,165,1,1,1,5,0
2020-07-04,226,32,55,170,1,1,1,5,0
2020-07-05,232,33,56,175,1,1,1,5,0
2020-07-06,238,34,57,180,1,1,1,5,0
2020-07-07,245,35,59,185,1,1,1,5,0
2020-07-08,252,36,60,191,1,1,2,5,0
2020-07-09,259,37,62,196,1,1,2,6,0
2020-07-10,266,38,63,202,1,1,2,6,0
2020-07-11,274,39,65,208,1,1,2,6,0
2020-07-12,282,40,67,214,1,1,2,6,0
2020-07-13,289,41,68,220,1,1,2,6,0
2020-07-14,297,42,70,226,1,1,2,6,0
2020-07-15,305,43,72,232,1,1,2,7,0
2020-07-16,314,44,74,239,1,1,2,7,0
2020-07-17,323,45,76,246,1,1,2,7,0
2020-07-18,332,46,78,253,1,1,2,7,0
2020-07-19,341,47,80,260,1,1,2,7,0
2020-07-20,350,48,82,267,1,1,2,7,0
2020-07-21,360,50,84,275,1,1,2,8,0
2020-07-22,369,51,86,282,1,1,2,8,0
2020-07-23,379,52,88,290,1,1,2,8,0
2020-07-24,390,53,90,298,2,1,2,8,0
2020-07-25,401,55,93,306,2,1,2,8,0
2020-07-26,412,56,95,315,2,1,2,9,0
2020-07-27,422,57,97,323,2,1,2,9,0
2020-07-28,434,59,100,332,2,1,2,9,0
2020-07-29,445,60,102,341,2,1,3,9,0
2020-07-30,458,62,105,351,2,1,3,9,0
2020-07-31,469,63,107,360,2,2,3,10,0
2020-08-01,482,65,110,370,2,2,3,10,0
2020-08-02,495,66,113,380,2,2,3,10,0
2020-08-03,507,68,115,390,2,2,3,10,0
2020-08-04,521,69,118,401,2,2,3,11,0
2020-08-05,535,71,121,412,2,2,3,11,0
2020-08-06,549,73,124,423,2,2,3,11,0
2020-08-07,563,74,127,434,2,2,3,11,0
2020-08-08,578,76,130,446,2,2,3,12,0
2020-08-09,593,78,133,458,2,2,3,12,0
2020-08-10,608,80,136,470,2,2,3,12,0
2020-08-11,624,81,140,482,2,2,3,13,0
2020-08-12,640,83,143,495,2,2,3,13,0
2020-08-13,657,85,146,508,3,2,3,13,0
2020-08-14,674,87,150,521,3,2,3,14,0
2020-08-15,691,89,153,535,3,2,4,14,0
2020-08-16,709,91,157,549,3,2,4,14,0
2020-08-17,726,93,160,563,3,2,4,15,0
2020-08-18,745,95,164,578,3,2,4,15,0
2020-08-19,764,97,168,593,3,2,4,15,0
2020-08-20,783,99,172,608,3,2,4,16,0
2020-08-21,803,101,176,624,3,2,4,16,0
2020-08-22,823,104,180,640,3,2,4,16,0
2020-08-23,843,106,184,656,3,2,4,17,0
2020-08-24,864,108,188,673,3,2,4,17,0
2020-08-25,885,110,192,690,3,2,4,17,0
2020-08-26,907,113,196,707,4,2,4,18,0
2020-08-27,929,115,200,725,4,2,4,18,0
2020-08-28,953,117,205,744,4,2,4,19,0
2020-08-29,975,120,209,762,4,2,4,19,0
2020-08-30,999,122,214,781,4,2,5,19,0
2020-08-31,1023,125,218,801,4,2,5,20,0
2020-09-01,1048,127,223,821,4,2,5,20,0
2020-09-02,1072,129,227,841,4,2,5,21,0
2020-09-03,1098,132,232,862,4,3,5,21,0
2020-09-04,1124,135,237,883,4,3,5,21,0
2020-09-05,1152,137,242,905,5,3,5,22,0
2020-09-06,1179,140,247,927,5,3,5,22,0
2020-09-07,1206,142,252,949,5,3,5,23,0
2020-09-08,1234,145,257,972,5,3,5,23,0
2020-09-09,1262,147,262,995,5,3,5,24,0
2020-09-10,1291,150,267,1019,5,3,5,24,0
2020-09-11,1321,153,272,1044,5,3,5,25,0
2020-09-12,1350,155,277,1068,5,3,5,25,0
2020-09-13,1383,158,283,1094,6,3,5,26,0
2020-09-14,1413,161,288,1119,6,3,5,26,0
2020-09-15,1445,164,293,1146,6,3,5,27,0
2020-09-16,1477,166,299,1172,6,3,5,27,0
2020-09-17,1510,169,304,1200,6,3,5,28,0
2020-09-18,1543,172,310,1227,6,3,6,28,0
2020-09-19,1576,174,315,1255,6,3,6,29,0
2020-09-20,1611,177,321,1284,6,3,6,29,0
2020-09-21,1646,180,326,1313,7,3,6,30,0
2020-09-22,1682,182,332,1343,7,3,6,30,0
2020-09-23,1718,185,338,1373,7,3,6,31,0
2020-09-24,1754,188,343,1404,7,3,6,31,0
2020-09-25,1791,191,349,1435,7,3,6,32,0
2020-09-26,1828,193,354,1467,7,3,6,32,0
2020-09-27,1867,196,360,1499,8,3,6,33,0
2020-09-28,1906,198,366,1532,8,3,6,33,0
2020-09-29,1944,201,371,1565,8,3,6,34,0
2020-09-30,1984,204,377,1599,8,3,6,34,0
2020-10-01,2024,206,383,1633,8,3,6,35,0
2020-10-02,2064,209,388,1668,8,2,6,35,0
2020-10-03,2106,211,394,1703,9,2,6,36,0
2020-10-04,2148,214,400,1739,9,2,6,36,0
2020-10-05,2190,216,405,1776,9,2,6,37,0
2020-10-06,2232,218,411,1812,9,2,5,37,0
2020-10-07,2275,221,416,1850,9,2,5,38,0
2020-10-08,2320,223,422,1888,10,2,5,38,0
2020-10-09,2363,225,427,1926,10,2,5,39,0
2020-10-10,2407,227,432,1965,10,2,5,39,0
2020-10-11,2452,230,438,2004,10,2,5,40,0
2020-10-12,2497,232,443,2044,10,2,5,40,0
2020-10-13,2543,234,448,2084,11,2,5,41,0
2020-10-14,2589,236,453,2125,11,2,5,41,0
2020-10-15,2635,238,458,2166,11,2,5,41,0
2020-10-16,2681,239,463,2207,11,2,5,42,0
2020-10-17,2728,241,468,2249,11,2,5,42,0
2020-10-18,2776,243,472,2292,12,2,5,43,0
2020-10-19,2824,244,477,2335,12,2,5,43,0
2020-10-20,2872,246,482,2378,12,2,4,44,0
2020-10-21,2920,247,486,2422,12,1,4,44,0
2020-10-22,2968,249,490,2466,12,1,4,44,0
2020-10-23,3018,250,495,2510,13,1,4,45,0
2020-10-24,3067,251,499,2555,13,1,4,45,0
2020-10-25,3117,253,503,2601,13,1,4,45,0
2020-10-26,3165,254,506,2646,13,1,4,46,0
2020-10-27,3216,255,510,2692,14,1,4,46,0
2020-10-28,3265,256,513,2738,14,1,3,46,0
2020-10-29,3316,256,517,2785,14,1,3,47,0
2020-10-30,3366,257,520,2832,14,1,3,47,0
2020-10-31,3417,258,523,2879,15,1,3,47,0
2020-11-01,3467,258,526,2926,15,0,3,48,0
2020-11-02,3518,259,529,2974,15,0,3,48,0
2020-11-03,3568,259,531,3022,15,0,2,48,0
2020-11-04,3620,259,534,3070,16,0,2,48,0
2020-11-05,3670,259,536,3118,16,0,2,48,0
2020-11-06,3721,259,538,3167,16,0,2,49,0
2020-11-07,3772,259,540,3216,16,0,2,49,0
2020-11-08,3823,259,542,3265,16,0,2,49,0
2020-11-09,3874,259,543,3314,17,0,1,49,0
2020-11-10,3925,259,545,3363,17,0,1,49,0
2020-11-11,3975,258,546,3412,17,0,1,49,0
2020-11-12,4026,258,547,3462,17,0,1,49,0
2020-11-13,4077,257,548,3511,18,0,1,50,0
2020-11-14,4127,257,548,3561,18,0,0,50,0
2020-11-15,4177,256,549,3610,18,0,0,50,0
2020-11-16,4227,255,549,3660,18,0,0,50,0
2020-11-17,4277,254,549,3709,19,0,0,50,0
2020-11-18,4327,253,549,3759,19,0,0,50,0
2020-11-19,4376,252,548,3809,19,0,0,50,0
2020-11-20,4425,251,548,3858,19,0,0,50,0
2020-11-21,4475,250,547,3908,20,0,0,49,0
2020-11-22,4523,248,546,3957,20,0,0,49,0
2020-11-23,4572,247,545,4007,20,0,0,49,0
2020-11-24,4620,245,544,4056,20,0,0,49,0
2020-11-25,4669,244,543,4105,21,0,0,49,0
2020-11-26,4716,242,541,4154,21,0,0,49,0
2020-11-27,4763,241,539,4203,21,0,0,49,0
2020-11-28,4810,239,537,4252,21,0,0,49,0
2020-11-29,4857,237,535,4300,22,0,0,48,0
2020-11-30,4904,235,533,4349,22,0,0,48,0
2020-12-01,4950,233,531,4397,22,0,0,48,0
2020-12-02,4995,231,528,4445,22,0,0,48,0
2020-12-03,5040,229,525,4492,23,0,0,48,0
2020-12-04,5085,227,522,4540,23,0,0,47,0
2020-12-05,5129,225,519,4587,23,0,0,47,0
2020-12-06,5173,223,516,4634,23,0,0,47,0
2020-12-07,5217,220,513,4680,24,0,0,46,0
2020-12-08,5260,218,509,4727,24,0,0,46,0
2020-12-09,5302,216,506,4772,24,0,0,46,0
2020-12-10,5344,213,502,4818,24,0,0,45,0
2020-12-11,5386,211,498,4863,25,0,0,45,0
2020-12-12,5427,209,494,4908,25,0,0,45,0
2020-12-13,5468,206,490,4953,25,0,0,44,0
2020-12-14,5508,204,486,4997,25,0,0,44,0
2020-12-15,5548,201,482,5041,25,0,0,44,0
2020-12-16,5587,199,477,5084,26,0,0,43,0
2020-12-17,5626,196,473,5127,26,0,0,43,0
2020-12-18,5664,194,468,5170,26,0,0,42,0
2020-12-19,5702,191,464,5212,26,0,0,42,0
2020-12-20,5740,189,459,5254,27,0,0,42,0
2020-12-21,5776,186,454,5295,27,0,0,41,0
2020-12-22,5812,183,449,5336,27,0,0,41,0
2020-12-23,5848,181,444,5377,27,0,0,40,0
2020-12-24,5883,178,439,5417,27,0,0,40,0
2020-12-25,5918,176,434,5456,28,0,0,39,0
2020-12-26,5952,173,429,5495,28,0,0,39,0
2020-12-27,5986,170,424,5534,28,0,0,38,0
2020-12-28,6019,168,419,5572,28,0,0,38,0
2020-12-29,6052,165,414,5610,28,0,0,37,0
2020-12-30,6084,163,408,5647,29,0,0,37,0
2020-12-31,6116,160,403,5684,29,0,0,36,0
2021-01-01,6147,157,398,5720,29,0,0,36,0
2021-01-02,6178,155,393,5756,29,0,0,36,0
2021-01-03,6207,152,387,5791,29,0,0,35,0
2021-01-04,6237,150,382,5826,29,0,0,35,0
2021-01-05,6268,147,377,5861,30,0,0,34,0
2021-01-06,6296,145,371,5895,30,0,0,34,0
2021-01-07,6324,142,366,5928,30,0,0,33,0
2021-01-08,6351,140,360,5961,30,0,0,33,0
2021-01-09,6378,137,355,5993,30,0,0,32,0
2021-01-10,6405,135,350,6025,30,0,0,32,0
2021-01-11,6432,132,344,6057,31,0,0,31,0
2021-01-12,6458,130,339,6088,31,0,0,31,0
2021-01-13,6483,128,334,6118,31,0,0,30,0
2021-01-14,6507,125,328,6148,31,0,0,30,0
2021-01-15,6532,123,323,6178,31,0,0,29,0
2021-01-16,6556,121,318,6207,31,0,0,29,0
2021-01-17,6579,119,313,6235,31,0,0,28,0
2021-01-18,6603,116,308,6263,32,0,0,28,0
2021-01-19,6625,114,302,6291,32,0,0,27,0
2021-01-20,6647,112,297,6318,32,0,0,27,0
2021-01-21,6669,110,292,6345,32,0,0,26,0
2021-01-22,6690,108,287,6371,32,0,0,26,0
2021-01-23,6711,105,282,6397,32,0,0,26,0
2021-01-24,6731,103,277,6422,32,0,0,25,0
2021-01-25,6752,101,272,6447,33,0,0,25,0
2021-01-26,6772,99,267,6472,33,0,0,24,0
2021-01-27,6792,97,263,6496,33,0,0,24,0
2021-01-28,6810,95,258,6519,33,0,0,23,0
2021-01-29,6829,93,253,6543,33,0,0,23,0
2021-01-30,6847,92,249,6565,33,0,0,22,0
2021-01-31,6865,90,244,6588,33,0,0,22,0
2021-02-01,6881,88,239,6609,33,0,0,22,0
2021-02-02,6899,86,235,6631,33,0,0,21,0
2021-02-03,6916,84,230,6652,34,0,0,21,0
2021-02-04,6933,83,226,6673,34,0,0,20,0
2021-02-05,6949,81,222,6693,34,0,0,20,0
2021-02-06,6964,79,217,6713,34,0,0,20,0
2021-02-07,6979,77,213,6732,34,0,0,19,0
2021-02-08,6995,76,209,6752,34,0,0,19,0
2021-02-09,7009,74,205,6770,34,0,0,19,0
2021-02-10,7024,73,201,6789,34,0,0,18,0
2021-02-11,7038,71,197,6807,34,0,0,18,0
2021-02-12,7051,70,193,6824,34,0,0,17,0
2021-02-13,7066,68,189,6842,35,0,0,17,0
2021-02-14,7079,67,185,6859,35,0,0,17,0
2021-02-15,7091,65,181,6875,35,0,0,16,0
2021-02-16,7105,64,178,6892,35,0,0,16,0
2021-02-17,7117,62,174,6908,35,0,0,16,0
2021-02-18,7128,61,170,6923,35,0,0,15,0
2021-02-19,7140,60,167,6938,35,0,0,15,0
2021-02-20,7151,58,163,6953,35,0,0,15,0
2021-02-21,7163,57,160,6968,35,0,0,14,0
2021-02-22,7175,56,157,6983,35,0,0,14,0
2021-02-23,7185,54,153,6997,35,0,0,14,0
2021-02-24,7195,53,150,7010,35,0,0,14,0
2021-02-25,7206,52,147,7024,35,0,0,13,0
2021-02-26,7217,51,144,7037,36,0,0,13,0
2021-02-27,7227,50,141,7050,36,0,0,13,0
2021-02-28,7237,49,138,7063,36,0,0,12,0
2021-03-01,7246,48,135,7075,36,0,0,12,0
2021-03-02,7255,46,132,7087,36,0,0,12,0
2021-03-03,7264,45,129,7099,36,0,0,12,0
2021-03-04,7272,44,126,7110,36,0,0,11,0
2021-03-05,7281,43,123,7122,36,0,0,11,0
2021-03-06,7290,42,121,7133,36,0,0,11,0
2021-03-07,7298,41,118,7144,36,0,0,11,0
2021-03-08,7305,40,115,7154,36,0,0,10,0
2021-03-09,7314,40,113,7165,36,0,0,10,0
2021-03-10,7321,39,110,7175,36,0,0,10,0
2021-03-11,7329,38,108,7185,36,0,0,10,0
2021-03-12,7336,37,106,7194,36,0,0,10,0
2021-03-13,7343,36,103,7204,36,0,0,9,0
2021-03-14,7350,35,101,7213,36,0,0,9,0
2021-03-15,7357,34,99,7222,36,0,0,9,0
2021-03-16,7364,34,96,7231,37,0,0,9,0
2021-03-17,7371,33,94,7240,37,0,0,9,0
2021-03-18,7377,32,92,7248,37,0,0,8,0
2021-03-19,7383,31,90,7256,37,0,0,8,0
2021-03-20,7389,31,88,7264,37,0,0,8,0
2021-03-21,7395,30,86,7272,37,0,0,8,0
2021-03-22,7401,29,84,7280,37,0,0,8,0
2021-03-23,7407,28,82,7288,37,0,0,7,0
2021-03-24,7412,28,80,7295,37,0,0,7,0
2021-03-25,7417,27,78,7302,37,0,0,7,0
2021-03-26,7423,26,77,7309,37,0,0,7,0
2021-03-27,7428,26,75,7316,37,0,0,7,0
2021-03-28,7433,25,73,7323,37,0,0,7,0
2021-03-29,7437,25,71,7329,37,0,0,6,0
2021-03-30,7443,24,70,7336,37,0,0,6,0
2021-03-31,7447,23,68,7342,37,0,0,6,0
2021-04-01,7452,23,67,7348,37,0,0,6,0
2021-04-02,7456,22,65,7354,37,0,0,6,0
2021-04-03,7461,22,64,7360,37,0,0,6,0
2021-04-04,7465,21,62,7366,37,0,0,6,0
2021-04-05,7469,21,61,7371,37,0,0,5,0
2021-04-06,7473,20,59,7377,37,0,0,5,0
2021-04-07,7477,20,58,7382,37,0,0,5,0
2021-04-08,7480,19,56,7387,37,0,0,5,0
2021-04-09,7484,19,55,7392,37,0,0,5,0
2021-04-10,7488,18,54,7397,37,0,0,5,0
2021-04-11,7492,18,53,7402,37,0,0,5,0
2021-04-12,7495,18,51,7407,37,0,0,5,0
2021-04-13,7498,17,50,7411,37,0,0,5,0
2021-04-14,7502,17,49,7416,37,0,0,4,0
2021-04-15,7505,16,48,7420,37,0,0,4,0
2021-04-16,7508,16,47,7424,37,0,0,4,0
2021-04-17,7513,16,46,7429,38,0,0,4,0
2021-04-18,7516,15,45,7433,38,0,0,4,0
2021-04-19,7518,15,43,7437,38,0,0,4,0
2021-04-20,7521,14,42,7441,38,0,0,4,0
2021-04-21,7523,14,41,7444,38,0,0,4,0
2021-04-22,7526,14,40,7448,38,0,0,4,0
2021-04-23,7529,13,39,7452,38,0,0,4,0
2021-04-24,7532,13,39,7455,38,0,0,3,0
2021-04-25,7535,13,38,7459,38,0,0,3,0
2021-04-26,7537,13,37,7462,38,0,0,3,0
2021-04-27,7539,12,36,7465,38,0,0,3,0
2021-04-28,7542,12,35,7469,38,0,0,3,0
2021-04-29,7544,12,34,7472,38,0,0,3,0
2021-04-30,7546,11,33,7475,38,0,0,3,0
2021-05-01,7549,11,33,7478,38,0,0,3,0
2021-05-02,7551,11,32,7481,38,0,0,3,0
2021-05-03,7553,11,31,7484,38,0,0,3,0
2021-05-04,7554,10,30,7486,38,0,0,3,0
2021-05-05,7557,10,30,7489,38,0,0,3,0
2021-05-06,7559,10,29,7492,38,0,0,3,0
2021-05-07,7560,10,28,7494,38,0,0,3,0
2021-05-08,7562,9,27,7497,38,0,0,2,0
2021-05-09,7564,9,27,7499,38,0,0,2,0
2021-05-10,7566,9,26,7502,38,0,0,2,0
2021-05-11,7568,9,26,7504,38,0,0,2,0
2021-05-12,7569,8,25,7506,38,0,0,2,0
2021-05-13,7570,8,24,7508,38,0,0,2,0
2021-05-14,7573,8,24,7511,38,0,0,2,0
2021-05-15,7574,8,23,7513,38,0,0,2,0
2021-05-16,7576,8,23,7515,38,0,0,2,0
2021-05-17,7577,7,22,7517,38,0,0,2,0
2021-05-18,7578,7,21,7519,38,0,0,2,0
2021-05-19,7580,7,21,7521,38,0,0,2,0
2021-05-20,7581,7,20,7523,38,0,0,2,0
2021-05-21,7582,7,20,7524,38,0,0,2,0
2021-05-22,7583,7,19,7526,38,0,0,2,0
2021-05-23,7585,6,19,7528,38,0,0,2,0
2021-05-24,7587,6,19,7530,38,0,0,2,0
2021-05-25,7587,6,18,7531,38,0,0,2,0
2021-05-26,7589,6,18,7533,38,0,0,2,0
2021-05-27,7590,6,17,7535,38,0,0,2,0
2021-05-28,7591,6,17,7536,38,0,0,2,0
2021-05-29,7592,6,16,7538,38,0,0,1,0
2021-05-30,7593,5,16,7539,38,0,0,1,0
2021-05-31,7595,5,16,7541,38,0,0,1,0
2021-06-01,7595,5,15,7542,38,0,0,1,0
2021-06-02,7596,5,15,7543,38,0,0,1,0
2021-06-03,7598,5,15,7545,38,0,0,1,0
2021-06-04,7598,5,14,7546,38,0,0,1,0
2021-06-05,7599,5,14,7547,38,0,0,1,0
2021-06-06,7599,5,13,7548,38,0,0,1,0
2021-06-07,7601,4,13,7550,38,0,0,1,0
2021-06-08,7602,4,13,7551,38,0,0,1,0
2021-06-09,7603,4,13,7552,38,0,0,1,0
2021-06-10,7603,4,12,7553,38,0,0,1,0
2021-06-11,7604,4,12,7554,38,0,0,1,0
2021-06-12,7605,4,12,7555,38,0,0,1,0
2021-06-13,7605,4,11,7556,38,0,0,1,0
2021-06-14,7606,4,11,7557,38,0,0,1,0
2021-06-15,7607,4,11,7558,38,0,0,1,0
2021-06-16,7608,4,11,7559,38,0,0,1,0
2021-06-17,7608,3,10,7560,38,0,0,1,0
2021-06-18,7609,3,10,7561,38,0,0,1,0
2021-06-19,7610,3,10,7562,38,0,0,1,0
