Date,Infected,Exposed,Active,Recovered,Deaths,Diff Exposed,Diff Active,Diff Recovered,Diff Deaths
2020-07-12,3373,407,730,2636,7,0,13,66,0
2020-07-13,3452,400,742,2703,7,0,11,67,0
2020-07-14,3531,396,753,2771,7,0,9,68,0
2020-07-15,3607,393,761,2839,7,0,8,69,0
2020-07-16,3684,391,769,2908,7,0,7,70,0
2020-07-17,3761,389,775,2978,8,0,6,70,0
2020-07-18,3838,389,781,3049,8,0,5,71,0
2020-07-19,3914,388,786,3120,8,0,5,71,0
2020-07-20,3989,388,790,3191,8,0,4,72,0
2020-07-21,4065,388,794,3263,8,0,4,72,0
2020-07-22,4141,388,798,3335,8,0,4,72,0
2020-07-23,4219,389,802,3408,9,0,3,73,0
2020-07-24,4295,389,805,3481,9,0,3,73,0
2020-07-25,4371,389,808,3554,9,0,3,73,0
2020-07-26,4447,389,811,3627,9,0,3,74,0
2020-07-27,4523,389,813,3701,9,0,2,74,0
2020-07-28,4599,389,815,3774,10,0,2,74,0
2020-07-29,4676,389,818,3848,10,0,2,74,0
2020-07-30,4753,389,820,3923,10,0,2,74,0
2020-07-31,4828,389,821,3997,10,0,2,74,0
2020-08-01,4905,389,823,4072,10,0,1,75,0
2020-08-02,4981,388,824,4146,11,0,1,75,0
2020-08-03,5057,388,825,4221,11,0,1,75,0
2020-08-04,5133,387,826,4296,11,0,1,75,0
2020-08-05,5209,387,827,4371,11,0,1,75,0
2020-08-06,5285,386,828,4446,11,0,0,75,0
2020-08-07,5361,385,828,4521,12,0,0,75,0
2020-08-08,5436,384,828,4596,12,0,0,75,0
2020-08-09,5511,384,828,4671,12,0,0,75,0
2020-08-10,5586,382,828,4746,12,0,0,75,0
2020-08-11,5661,381,828,4821,12,0,0,75,0
2020-08-12,5735,380,827,4896,12,0,0,75,0
2020-08-13,5810,379,826,4971,13,0,0,75,0
2020-08-14,5885,377,826,5046,13,0,0,75,0
2020-08-15,5958,376,824,5121,13,0,0,75,0
2020-08-16,6032,374,823,5196,13,0,0,75,0
2020-08-17,6105,373,822,5270,13,0,0,75,0
2020-08-18,6179,371,820,5345,14,0,0,74,0
2020-08-19,6251,369,818,5419,14,0,0,74,0
2020-08-20,6323,368,816,5493,14,0,0,74,0
2020-08-21,6395,366,814,5567,14,0,0,74,0
2020-08-22,6467,364,812,5641,14,0,0,74,0
2020-08-23,6538,362,809,5714,15,0,0,73,0
2020-08-24,6609,360,806,5788,15,0,0,73,0
2020-08-25,6680,357,804,5861,15,0,0,73,0
2020-08-26,6749,355,801,5933,15,0,0,73,0
2020-08-27,6818,353,797,6006,15,0,0,72,0
2020-08-28,6887,351,794,6078,15,0,0,72,0
2020-08-29,6957,348,791,6150,16,0,0,72,0
2020-08-30,7025,346,787,6222,16,0,0,71,0
2020-08-31,7092,343,783,6293,16,0,0,71,0
2020-09-01,7159,341,779,6364,16,0,0,71,0
2020-09-02,7225,338,775,6434,16,0,0,70,0
2020-09-03,7292,335,771,6504,17,0,0,70,0
2020-09-04,7358,333,767,6574,17,0,0,70,0
2020-09-05,7422,330,762,6643,17,0,0,69,0
2020-09-06,7486,327,757,6712,17,0,0,69,0
2020-09-07,7551,324,753,6781,17,0,0,68,0
2020-09-08,7614,322,748,6849,17,0,0,68,0
2020-09-09,7678,319,743,6917,18,0,0,67,0
2020-09-10,7740,316,738,6984,18,0,0,67,0
2020-09-11,7802,313,733,7051,18,0,0,66,0
2020-09-12,7862,310,727,7117,18,0,0,66,0
2020-09-13,7923,307,722,7183,18,0,0,65,0
2020-09-14,7982,304,716,7248,18,0,0,65,0
2020-09-15,8043,301,711,7313,19,0,0,64,0
2020-09-16,8101,298,705,7377,19,0,0,64,0
2020-09-17,8159,295,699,7441,19,0,0,63,0
2020-09-18,8217,292,694,7504,19,0,0,63,0
2020-09-19,8274,288,688,7567,19,0,0,62,0
2020-09-20,8330,285,682,7629,19,0,0,62,0
2020-09-21,8386,282,676,7690,20,0,0,61,0
2020-09-22,8441,279,670,7751,20,0,0,61,0
2020-09-23,8495,276,663,7812,20,0,0,60,0
2020-09-24,8549,273,657,7872,20,0,0,60,0
2020-09-25,8602,270,651,7931,20,0,0,59,0
2020-09-26,8655,266,645,7990,20,0,0,58,0
2020-09-27,8707,263,638,8048,21,0,0,58,0
2020-09-28,8759,260,632,8106,21,0,0,57,0
2020-09-29,8809,257,625,8163,21,0,0,57,0
2020-09-30,8859,254,619,8219,21,0,0,56,0
2020-10-01,8908,250,612,8275,21,0,0,56,0
2020-10-02,8958,247,606,8331,21,0,0,55,0
2020-10-03,9005,244,599,8385,21,0,0,54,0
2020-10-04,9052,241,592,8439,21,0,0,54,0
2020-10-05,9101,238,586,8493,22,0,0,53,0
2020-10-06,9147,235,579,8546,22,0,0,53,0
2020-10-07,9193,232,573,8598,22,0,0,52,0
2020-10-08,9238,228,566,8650,22,0,0,51,0
2020-10-09,9282,225,559,8701,22,0,0,51,0
2020-10-10,9326,222,553,8751,22,0,0,50,0
2020-10-11,9369,219,546,8801,22,0,0,50,0
2020-10-12,9413,216,539,8851,23,0,0,49,0
2020-10-13,9455,213,533,8899,23,0,0,48,0
2020-10-14,9496,210,526,8947,23,0,0,48,0
2020-10-15,9537,207,519,8995,23,0,0,47,0
2020-10-16,9578,204,513,9042,23,0,0,47,0
2020-10-17,9617,201,506,9088,23,0,0,46,0
2020-10-18,9657,198,500,9134,23,0,0,45,0
2020-10-19,9695,195,493,9179,23,0,0,45,0
2020-10-20,9733,192,487,9223,23,0,0,44,0
2020-10-21,9771,190,480,9267,24,0,0,44,0
2020-10-22,9809,187,474,9311,24,0,0,43,0
2020-10-23,9844,184,467,9353,24,0,0,42,0
2020-10-24,9880,181,461,9395,24,0,0,42,0
2020-10-25,9915,178,454,9437,24,0,0,41,0
2020-10-26,9950,176,448,9478,24,0,0,41,0
2020-10-27,9984,173,442,9518,24,0,0,40,0
2020-10-28,10018,170,436,9558,24,0,0,39,0
2020-10-29,10051,168,429,9598,24,0,0,39,0
2020-10-30,10084,165,423,9636,25,0,0,38,0
2020-10-31,10116,162,417,9674,25,0,0,38,0
2020-11-01,10148,160,411,9712,25,0,0,37,0
2020-11-02,10179,157,405,9749,25,0,0,37,0
2020-11-03,10210,155,399,9786,25,0,0,36,0
2020-11-04,10240,152,393,9822,25,0,0,36,0
2020-11-05,10269,150,387,9857,25,0,0,35,0
2020-11-06,10298,147,381,9892,25,0,0,35,0
2020-11-07,10327,145,376,9926,25,0,0,34,0
2020-11-08,10355,142,370,9960,25,0,0,34,0
2020-11-09,10383,140,364,9994,25,0,0,33,0
2020-11-10,10410,138,358,10026,26,0,0,33,0
2020-11-11,10438,135,353,10059,26,0,0,32,0
2020-11-12,10463,133,347,10090,26,0,0,32,0
2020-11-13,10490,131,342,10122,26,0,0,31,0
2020-11-14,10516,129,337,10153,26,0,0,31,0
2020-11-15,10540,126,331,10183,26,0,0,30,0
2020-11-16,10565,124,326,10213,26,0,0,30,0
2020-11-17,10589,122,321,10242,26,0,0,29,0
2020-11-18,10612,120,315,10271,26,0,0,29,0
2020-11-19,10636,118,310,10300,26,0,0,28,0
2020-11-20,10658,116,305,10327,26,0,0,28,0
2020-11-21,10681,114,300,10355,26,0,0,27,0
2020-11-22,10703,112,295,10382,26,0,0,27,0
2020-11-23,10727,110,291,10409,27,0,0,26,0
2020-11-24,10748,108,286,10435,27,0,0,26,0
2020-11-25,10769,106,281,10461,27,0,0,25,0
2020-11-26,10789,104,276,10486,27,0,0,25,0
2020-11-27,10810,102,272,10511,27,0,0,25,0
2020-11-28,10829,101,267,10535,27,0,0,24,0
2020-11-29,10849,99,263,10559,27,0,0,24,0
2020-11-30,10868,97,258,10583,27,0,0,23,0
2020-12-01,10887,95,254,10606,27,0,0,23,0
2020-12-02,10905,94,249,10629,27,0,0,23,0
2020-12-03,10924,92,245,10652,27,0,0,22,0
2020-12-04,10942,90,241,10674,27,0,0,22,0
2020-12-05,10959,89,237,10695,27,0,0,21,0
2020-12-06,10977,87,233,10717,27,0,0,21,0
2020-12-07,10994,85,229,10738,27,0,0,21,0
2020-12-08,11010,84,225,10758,27,0,0,20,0
2020-12-09,11026,82,221,10778,27,0,0,20,0
2020-12-10,11043,81,217,10798,28,0,0,20,0
2020-12-11,11059,79,213,10818,28,0,0,19,0
2020-12-12,11074,78,209,10837,28,0,0,19,0
2020-12-13,11089,77,205,10856,28,0,0,19,0
2020-12-14,11104,75,202,10874,28,0,0,18,0
2020-12-15,11118,74,198,10892,28,0,0,18,0
2020-12-16,11133,72,195,10910,28,0,0,18,0
2020-12-17,11147,71,191,10928,28,0,0,17,0
2020-12-18,11161,70,188,10945,28,0,0,17,0
2020-12-19,11174,68,184,10962,28,0,0,17,0
2020-12-20,11188,67,181,10979,28,0,0,16,0
2020-12-21,11201,66,178,10995,28,0,0,16,0
2020-12-22,11213,65,174,11011,28,0,0,16,0
2020-12-23,11226,63,171,11027,28,0,0,16,0
2020-12-24,11238,62,168,11042,28,0,0,15,0
2020-12-25,11250,61,165,11057,28,0,0,15,0
2020-12-26,11262,60,162,11072,28,0,0,15,0
2020-12-27,11274,59,159,11087,28,0,0,14,0
2020-12-28,11285,58,156,11101,28,0,0,14,0
2020-12-29,11296,57,153,11115,28,0,0,14,0
2020-12-30,11307,55,150,11129,28,0,0,14,0
2020-12-31,11318,54,148,11142,28,0,0,13,0
2021-01-01,11329,53,145,11156,28,0,0,13,0
2021-01-02,11339,52,142,11169,28,0,0,13,0
2021-01-03,11350,51,140,11182,28,0,0,13,0
2021-01-04,11360,50,137,11194,29,0,0,12,0
2021-01-05,11369,49,134,11206,29,0,0,12,0
2021-01-06,11380,48,132,11219,29,0,0,12,0
2021-01-07,11388,48,129,11230,29,0,0,12,0
2021-01-08,11398,47,127,11242,29,0,0,12,0
2021-01-09,11408,46,125,11254,29,0,0,11,0
2021-01-10,11416,45,122,11265,29,0,0,11,0
2021-01-11,11425,44,120,11276,29,0,0,11,0
2021-01-12,11434,43,118,11287,29,0,0,11,0
2021-01-13,11441,42,115,11297,29,0,0,10,0
2021-01-14,11450,41,113,11308,29,0,0,10,0
2021-01-15,11458,41,111,11318,29,0,0,10,0
2021-01-16,11466,40,109,11328,29,0,0,10,0
2021-01-17,11474,39,107,11338,29,0,0,10,0
2021-01-18,11481,38,105,11347,29,0,0,10,0
2021-01-19,11489,38,103,11357,29,0,0,9,0
2021-01-20,11496,37,101,11366,29,0,0,9,0
2021-01-21,11503,36,99,11375,29,0,0,9,0
2021-01-22,11510,35,97,11384,29,0,0,9,0
2021-01-23,11517,35,95,11393,29,0,0,9,0
2021-01-24,11523,34,93,11401,29,0,0,8,0
2021-01-25,11531,33,92,11410,29,0,0,8,0
2021-01-26,11537,33,90,11418,29,0,0,8,0
2021-01-27,11543,32,88,11426,29,0,0,8,0
2021-01-28,11549,32,86,11434,29,0,0,8,0
2021-01-29,11556,31,85,11442,29,0,0,8,0
2021-01-30,11561,30,83,11449,29,0,0,8,0
2021-01-31,11568,30,82,11457,29,0,0,7,0
2021-02-01,11573,29,80,11464,29,0,0,7,0
2021-02-02,11578,29,78,11471,29,0,0,7,0
2021-02-03,11584,28,77,11478,29,0,0,7,0
2021-02-04,11589,27,75,11485,29,0,0,7,0
2021-02-05,11595,27,74,11492,29,0,0,7,0
2021-02-06,11600,26,72,11499,29,0,0,7,0
2021-02-07,11605,26,71,11505,29,0,0,6,0
2021-02-08,11611,25,70,11512,29,0,0,6,0
2021-02-09,11615,25,68,11518,29,0,0,6,0
2021-02-10,11620,24,67,11524,29,0,0,6,0
2021-02-11,11625,24,66,11530,29,0,0,6,0
2021-02-12,11629,23,64,11536,29,0,0,6,0
2021-02-13,11634,23,63,11542,29,0,0,6,0
2021-02-14,11639,22,62,11548,29,0,0,6,0
2021-02-15,11643,22,61,11553,29,0,0,6,0
2021-02-16,11647,22,59,11559,29,0,0,5,0
2021-02-17,11651,21,58,11564,29,0,0,5,0
2021-02-18,11655,21,57,11569,29,0,0,5,0
2021-02-19,11659,20,56,11574,29,0,0,5,0
2021-02-20,11663,20,55,11579,29,0,0,5,0
2021-02-21,11668,20,54,11584,30,0,0,5,0
2021-02-22,11672,19,53,11589,30,0,0,5,0
2021-02-23,11676,19,52,11594,30,0,0,5,0
2021-02-24,11680,18,51,11599,30,0,0,5,0
2021-02-25,11683,18,50,11603,30,0,0,5,0
2021-02-26,11687,18,49,11608,30,0,0,4,0
2021-02-27,11690,17,48,11612,30,0,0,4,0
2021-02-28,11693,17,47,11616,30,0,0,4,0
2021-03-01,11697,17,46,11621,30,0,0,4,0
2021-03-02,11700,16,45,11625,30,0,0,4,0
2021-03-03,11703,16,44,11629,30,0,0,4,0
2021-03-04,11706,16,43,11633,30,0,0,4,0
2021-03-05,11709,15,42,11637,30,0,0,4,0
2021-03-06,11712,15,42,11640,30,0,0,4,0
2021-03-07,11715,15,41,11644,30,0,0,4,0
2021-03-08,11718,14,40,11648,30,0,0,4,0
2021-03-09,11720,14,39,11651,30,0,0,4,0
2021-03-10,11723,14,38,11655,30,0,0,3,0
2021-03-11,11726,14,38,11658,30,0,0,3,0
2021-03-12,11729,13,37,11662,30,0,0,3,0
2021-03-13,11731,13,36,11665,30,0,0,3,0
2021-03-14,11733,13,35,11668,30,0,0,3,0
2021-03-15,11736,13,35,11671,30,0,0,3,0
2021-03-16,11739,12,34,11675,30,0,0,3,0
2021-03-17,11741,12,33,11678,30,0,0,3,0
2021-03-18,11744,12,33,11681,30,0,0,3,0
2021-03-19,11746,12,32,11684,30,0,0,3,0
2021-03-20,11747,11,31,11686,30,0,0,3,0
2021-03-21,11750,11,31,11689,30,0,0,3,0
2021-03-22,11752,11,30,11692,30,0,0,3,0
2021-03-23,11754,11,29,11695,30,0,0,3,0
2021-03-24,11756,10,29,11697,30,0,0,3,0
2021-03-25,11758,10,28,11700,30,0,0,3,0
2021-03-26,11761,10,28,11703,30,0,0,3,0
2021-03-27,11762,10,27,11705,30,0,0,2,0
2021-03-28,11764,10,27,11707,30,0,0,2,0
2021-03-29,11766,9,26,11710,30,0,0,2,0
2021-03-30,11768,9,26,11712,30,0,0,2,0
2021-03-31,11770,9,25,11715,30,0,0,2,0
2021-04-01,11772,9,25,11717,30,0,0,2,0
2021-04-02,11773,9,24,11719,30,0,0,2,0
2021-04-03,11775,9,24,11721,30,0,0,2,0
2021-04-04,11776,8,23,11723,30,0,0,2,0
2021-04-05,11778,8,23,11725,30,0,0,2,0
2021-04-06,11779,8,22,11727,30,0,0,2,0
2021-04-07,11781,8,22,11729,30,0,0,2,0
2021-04-08,11782,8,21,11731,30,0,0,2,0
2021-04-09,11784,8,21,11733,30,0,0,2,0
2021-04-10,11785,7,20,11735,30,0,0,2,0
2021-04-11,11787,7,20,11737,30,0,0,2,0
2021-04-12,11789,7,20,11739,30,0,0,2,0
2021-04-13,11790,7,19,11741,30,0,0,2,0
2021-04-14,11791,7,19,11742,30,0,0,2,0
2021-04-15,11793,7,19,11744,30,0,0,2,0
2021-04-16,11794,7,18,11746,30,0,0,2,0
2021-04-17,11795,6,18,11747,30,0,0,2,0
2021-04-18,11796,6,17,11749,30,0,0,2,0
2021-04-19,11797,6,17,11750,30,0,0,2,0
2021-04-20,11799,6,17,11752,30,0,0,2,0
2021-04-21,11800,6,16,11754,30,0,0,1,0
2021-04-22,11801,6,16,11755,30,0,0,1,0
2021-04-23,11802,6,16,11756,30,0,0,1,0
2021-04-24,11803,6,15,11758,30,0,0,1,0
2021-04-25,11804,5,15,11759,30,0,0,1,0
2021-04-26,11806,5,15,11761,30,0,0,1,0
2021-04-27,11806,5,14,11762,30,0,0,1,0
2021-04-28,11807,5,14,11763,30,0,0,1,0
2021-04-29,11809,5,14,11765,30,0,0,1,0
2021-04-30,11810,5,14,11766,30,0,0,1,0
2021-05-01,11810,5,13,11767,30,0,0,1,0
2021-05-02,11811,5,13,11768,30,0,0,1,0
2021-05-03,11812,5,13,11769,30,0,0,1,0
2021-05-04,11814,5,13,11771,30,0,0,1,0
2021-05-05,11814,4,12,11772,30,0,0,1,0
2021-05-06,11815,4,12,11773,30,0,0,1,0
2021-05-07,11816,4,12,11774,30,0,0,1,0
2021-05-08,11817,4,12,11775,30,0,0,1,0
2021-05-09,11817,4,11,11776,30,0,0,1,0
2021-05-10,11818,4,11,11777,30,0,0,1,0
2021-05-11,11819,4,11,11778,30,0,0,1,0
2021-05-12,11820,4,11,11779,30,0,0,1,0
2021-05-13,11820,4,10,11780,30,0,0,1,0
2021-05-14,11821,4,10,11781,30,0,0,1,0
2021-05-15,11822,4,10,11782,30,0,0,1,0
2021-05-16,11823,4,10,11783,30,0,0,1,0
2021-05-17,11824,3,10,11784,30,0,0,1,0
2021-05-18,11823,3,9,11784,30,0,0,1,0
2021-05-19,11824,3,9,11785,30,0,0,1,0
2021-05-20,11825,3,9,11786,30,0,0,1,0
2021-05-21,11826,3,9,11787,30,0,0,1,0
2021-05-22,11827,3,9,11788,30,0,0,1,0
2021-05-23,11828,3,9,11789,30,0,0,1,0
2021-05-24,11827,3,8,11789,30,0,0,1,0
2021-05-25,11828,3,8,11790,30,0,0,1,0
2021-05-26,11829,3,8,11791,30,0,0,1,0
2021-05-27,11829,3,8,11791,30,0,0,1,0
2021-05-28,11830,3,8,11792,30,0,0,1,0
2021-05-29,11831,3,8,11793,30,0,0,1,0
2021-05-30,11831,3,7,11794,30,0,0,1,0
2021-05-31,11831,3,7,11794,30,0,0,1,0
2021-06-01,11832,3,7,11795,30,0,0,1,0
2021-06-02,11833,2,7,11796,30,0,0,1,0
2021-06-03,11833,2,7,11796,30,0,0,1,0
2021-06-04,11834,2,7,11797,30,0,0,1,0
2021-06-05,11834,2,7,11797,30,0,0,1,0
2021-06-06,11834,2,6,11798,30,0,0,1,0
2021-06-07,11835,2,6,11799,30,0,0,1,0
2021-06-08,11835,2,6,11799,30,0,0,1,0
2021-06-09,11836,2,6,11800,30,0,0,1,0
2021-06-10,11836,2,6,11800,30,0,0,1,0
2021-06-11,11837,2,6,11801,30,0,0,1,0
2021-06-12,11837,2,6,11801,30,0,0,1,0
2021-06-13,11838,2,6,11802,30,0,0,1,0
2021-06-14,11837,2,5,11802,30,0,0,0,0
2021-06-15,11838,2,5,11803,30,0,0,0,0
2021-06-16,11838,2,5,11803,30,0,0,0,0
2021-06-17,11839,2,5,11804,30,0,0,0,0
2021-06-18,11839,2,5,11804,30,0,0,0,0
2021-06-19,11840,2,5,11805,30,0,0,0,0
2021-06-20,11840,2,5,11805,30,0,0,0,0
2021-06-21,11840,2,5,11805,30,0,0,0,0
2021-06-22,11841,2,5,11806,30,0,0,0,0
2021-06-23,11841,2,5,11806,30,0,0,0,0
2021-06-24,11841,2,4,11807,30,0,0,0,0
2021-06-25,11841,2,4,11807,30,0,0,0,0
2021-06-26,11841,2,4,11807,30,0,0,0,0
2021-06-27,11842,1,4,11808,30,0,0,0,0
2021-06-28,11842,1,4,11808,30,0,0,0,0
2021-06-29,11843,1,4,11809,30,0,0,0,0
2021-06-30,11843,1,4,11809,30,0,0,0,0
2021-07-01,11843,1,4,11809,30,0,0,0,0
2021-07-02,11844,1,4,11810,30,0,0,0,0
2021-07-03,11844,1,4,11810,30,0,0,0,0
2021-07-04,11844,1,4,11810,30,0,0,0,0
2021-07-05,11845,1,4,11811,30,0,0,0,0
2021-07-06,11844,1,3,11811,30,0,0,0,0
2021-07-07,11844,1,3,11811,30,0,0,0,0
