Date,Infected,Exposed,Active,Recovered,Deaths,Diff Exposed,Diff Active,Diff Recovered,Diff Deaths
2020-06-20,336,0,98,237,1,14,0,9,0
2020-06-21,337,12,90,246,1,10,0,8,0
2020-06-22,340,22,85,254,1,8,0,8,0
2020-06-23,345,28,83,261,1,6,0,7,0
2020-06-24,351,34,81,269,1,5,0,7,0
2020-06-25,358,38,81,276,1,4,0,7,0
2020-06-26,365,42,81,283,1,3,1,7,0
2020-06-27,374,45,82,291,1,3,1,7,0
2020-06-28,383,47,84,298,1,2,2,8,0
2020-06-29,392,49,85,306,1,2,2,8,0
2020-06-30,402,52,87,314,1,2,2,8,0
2020-07-01,413,54,90,322,1,2,2,8,0
2020-07-02,423,55,92,330,1,2,3,8,0
2020-07-03,434,57,95,338,1,2,3,9,0
2020-07-04,445,59,97,347,1,2,3,9,0
2020-07-05,457,61,100,356,1,2,3,9,0
2020-07-06,469,63,103,365,1,2,3,9,0
2020-07-07,481,65,106,374,1,2,3,10,0
2020-07-08,494,67,109,384,1,2,3,10,0
2020-07-09,508,69,112,394,2,2,3,10,0
2020-07-10,522,71,116,404,2,2,3,10,0
2020-07-11,536,73,119,415,2,2,3,11,0
2020-07-12,551,75,123,426,2,2,4,11,0
2020-07-13,565,77,126,437,2,2,4,11,0
2020-07-14,581,79,130,449,2,2,4,12,0
2020-07-15,596,82,134,460,2,2,4,12,0
2020-07-16,612,84,137,473,2,2,4,12,0
2020-07-17,628,86,141,485,2,2,4,13,0
2020-07-18,646,89,146,498,2,2,4,13,0
2020-07-19,664,91,150,512,2,3,4,14,0
2020-07-20,681,94,154,525,2,3,4,14,0
2020-07-21,700,96,159,539,2,3,4,14,0
2020-07-22,719,99,163,554,2,3,5,15,0
2020-07-23,739,102,168,569,2,3,5,15,0
2020-07-24,759,105,173,584,2,3,5,16,0
2020-07-25,779,108,177,600,2,3,5,16,0
2020-07-26,800,111,182,616,2,3,5,17,0
2020-07-27,823,114,188,633,2,3,5,17,0
2020-07-28,846,117,193,650,3,3,5,17,0
2020-07-29,869,120,198,668,3,3,5,18,0
2020-07-30,893,123,204,686,3,3,6,18,0
2020-07-31,916,126,209,704,3,3,6,19,0
2020-08-01,942,130,215,724,3,3,6,19,0
2020-08-02,967,133,221,743,3,3,6,20,0
2020-08-03,994,137,227,764,3,4,6,21,0
2020-08-04,1020,140,233,784,3,4,6,21,0
2020-08-05,1049,144,240,806,3,4,6,22,0
2020-08-06,1077,147,246,828,3,4,7,22,0
2020-08-07,1106,151,253,850,3,4,7,23,0
2020-08-08,1135,155,259,873,3,4,7,23,0
2020-08-09,1166,159,266,897,3,4,7,24,0
2020-08-10,1198,163,273,921,4,4,7,25,0
2020-08-11,1230,167,280,946,4,4,7,25,0
2020-08-12,1264,171,288,972,4,4,7,26,0
2020-08-13,1297,175,295,998,4,4,8,27,0
2020-08-14,1332,179,303,1025,4,4,8,27,0
2020-08-15,1367,184,310,1053,4,4,8,28,0
2020-08-16,1403,188,318,1081,4,4,8,29,0
2020-08-17,1440,193,326,1110,4,4,8,30,0
2020-08-18,1478,197,334,1140,4,5,8,30,0
2020-08-19,1519,202,343,1171,5,5,8,31,0
2020-08-20,1558,206,351,1202,5,5,9,32,0
2020-08-21,1599,211,360,1234,5,5,9,33,0
2020-08-22,1640,216,368,1267,5,5,9,33,0
2020-08-23,1683,220,377,1301,5,5,9,34,0
2020-08-24,1726,225,386,1335,5,5,9,35,0
2020-08-25,1770,230,395,1370,5,5,9,36,0
2020-08-26,1815,235,404,1406,5,5,9,37,0
2020-08-27,1863,240,414,1443,6,5,9,37,0
2020-08-28,1910,245,423,1481,6,5,10,38,0
2020-08-29,1959,250,433,1520,6,5,10,39,0
2020-08-30,2007,255,442,1559,6,5,10,40,0
2020-08-31,2058,260,452,1600,6,5,10,41,0
2020-09-01,2109,265,462,1641,6,5,10,42,0
2020-09-02,2162,270,472,1683,7,5,10,43,0
2020-09-03,2215,275,482,1726,7,5,10,44,0
2020-09-04,2269,280,492,1770,7,5,10,45,0
2020-09-05,2325,285,503,1815,7,5,10,46,0
2020-09-06,2381,291,513,1861,7,5,10,46,0
2020-09-07,2438,296,523,1908,7,5,10,47,0
2020-09-08,2498,301,534,1956,8,5,10,48,0
2020-09-09,2556,306,544,2004,8,5,11,49,0
2020-09-10,2617,311,555,2054,8,5,11,50,0
2020-09-11,2677,316,565,2104,8,5,11,51,0
2020-09-12,2740,321,576,2156,8,5,11,52,0
2020-09-13,2803,326,586,2208,9,5,11,53,0
2020-09-14,2868,331,597,2262,9,5,11,54,0
2020-09-15,2933,336,608,2316,9,5,11,55,0
2020-09-16,2999,341,618,2372,9,5,11,56,0
2020-09-17,3066,345,629,2428,9,5,11,57,0
2020-09-18,3134,350,639,2485,10,5,11,58,0
2020-09-19,3204,355,650,2544,10,5,10,59,0
2020-09-20,3273,359,660,2603,10,4,10,60,0
2020-09-21,3344,364,671,2663,10,4,10,61,0
2020-09-22,3416,368,681,2724,11,4,10,62,0
2020-09-23,3488,372,691,2786,11,4,10,63,0
2020-09-24,3561,376,701,2849,11,4,10,63,0
2020-09-25,3635,380,711,2913,11,4,10,64,0
2020-09-26,3711,384,721,2978,12,4,10,65,0
2020-09-27,3786,388,731,3043,12,4,10,66,0
2020-09-28,3862,391,740,3110,12,4,9,67,0
2020-09-29,3939,395,750,3177,12,3,9,68,0
2020-09-30,4017,398,759,3245,13,3,9,69,0
2020-10-01,4095,401,768,3314,13,3,9,70,0
2020-10-02,4174,404,777,3384,13,3,9,70,0
2020-10-03,4253,407,785,3455,13,3,8,71,0
2020-10-04,4334,410,794,3526,14,3,8,72,0
2020-10-05,4414,412,802,3598,14,2,8,73,0
2020-10-06,4495,415,810,3671,14,2,8,73,0
2020-10-07,4577,417,817,3745,15,2,7,74,0
2020-10-08,4659,419,825,3819,15,2,7,75,0
2020-10-09,4741,421,832,3894,15,2,7,75,0
2020-10-10,4822,422,838,3969,15,1,7,76,0
2020-10-11,4906,424,845,4045,16,1,6,77,0
2020-10-12,4989,425,851,4122,16,1,6,77,0
2020-10-13,5072,426,857,4199,16,1,6,78,0
2020-10-14,5156,427,862,4277,17,1,5,78,0
2020-10-15,5239,427,867,4355,17,0,5,79,0
2020-10-16,5323,428,872,4434,17,0,5,79,0
2020-10-17,5406,428,876,4513,17,0,4,79,0
2020-10-18,5492,428,881,4593,18,0,4,80,0
2020-10-19,5575,428,884,4673,18,0,3,80,0
2020-10-20,5659,427,888,4753,18,0,3,80,0
2020-10-21,5742,426,890,4833,19,0,3,81,0
2020-10-22,5826,426,893,4914,19,0,2,81,0
2020-10-23,5909,425,895,4995,19,0,2,81,0
2020-10-24,5993,423,897,5076,20,0,2,81,0
2020-10-25,6075,422,898,5157,20,0,1,81,0
2020-10-26,6158,420,899,5239,20,0,1,81,0
2020-10-27,6241,419,900,5320,21,0,0,81,0
2020-10-28,6323,417,900,5402,21,0,0,81,0
2020-10-29,6404,415,900,5483,21,0,0,81,0
2020-10-30,6486,412,899,5565,22,0,0,81,0
2020-10-31,6566,410,898,5646,22,0,0,81,0
2020-11-01,6646,407,897,5727,22,0,0,81,0
2020-11-02,6726,404,895,5808,23,0,0,81,0
2020-11-03,6805,402,893,5889,23,0,0,81,0
2020-11-04,6883,398,890,5970,23,0,0,81,0
2020-11-05,6961,395,887,6051,23,0,0,80,0
2020-11-06,7039,392,884,6131,24,0,0,80,0
2020-11-07,7115,388,880,6211,24,0,0,80,0
2020-11-08,7190,385,876,6290,24,0,0,79,0
2020-11-09,7267,381,872,6370,25,0,0,79,0
2020-11-10,7340,377,867,6448,25,0,0,79,0
2020-11-11,7414,373,862,6527,25,0,0,78,0
2020-11-12,7488,369,857,6605,26,0,0,78,0
2020-11-13,7559,365,851,6682,26,0,0,77,0
2020-11-14,7630,360,845,6759,26,0,0,77,0
2020-11-15,7700,356,839,6835,26,0,0,76,0
2020-11-16,7770,352,832,6911,27,0,0,75,0
2020-11-17,7838,347,825,6986,27,0,0,75,0
2020-11-18,7906,343,818,7061,27,0,0,74,0
2020-11-19,7973,338,811,7134,28,0,0,73,0
2020-11-20,8040,333,804,7208,28,0,0,73,0
2020-11-21,8104,329,796,7280,28,0,0,72,0
2020-11-22,8168,324,788,7352,28,0,0,71,0
2020-11-23,8232,319,780,7423,29,0,0,71,0
2020-11-24,8293,314,771,7493,29,0,0,70,0
2020-11-25,8355,309,763,7563,29,0,0,69,0
2020-11-26,8416,304,754,7632,30,0,0,68,0
2020-11-27,8475,299,745,7700,30,0,0,67,0
2020-11-28,8533,295,736,7767,30,0,0,67,0
2020-11-29,8590,290,727,7833,30,0,0,66,0
2020-11-30,8646,285,717,7898,31,0,0,65,0
2020-12-01,8702,280,708,7963,31,0,0,64,0
2020-12-02,8756,275,698,8027,31,0,0,63,0
2020-12-03,8810,270,689,8090,31,0,0,62,0
2020-12-04,8863,265,679,8152,32,0,0,61,0
2020-12-05,8914,260,669,8213,32,0,0,61,0
2020-12-06,8964,255,659,8273,32,0,0,60,0
2020-12-07,9015,251,650,8333,32,0,0,59,0
2020-12-08,9064,246,640,8391,33,0,0,58,0
2020-12-09,9112,241,630,8449,33,0,0,57,0
2020-12-10,9158,236,620,8505,33,0,0,56,0
2020-12-11,9204,232,610,8561,33,0,0,55,0
2020-12-12,9249,227,600,8616,33,0,0,54,0
2020-12-13,9294,223,590,8670,34,0,0,53,0
2020-12-14,9337,218,580,8723,34,0,0,53,0
2020-12-15,9379,214,570,8775,34,0,0,52,0
2020-12-16,9421,209,560,8827,34,0,0,51,0
2020-12-17,9461,205,550,8877,34,0,0,50,0
2020-12-18,9502,200,540,8927,35,0,0,49,0
2020-12-19,9541,196,531,8975,35,0,0,48,0
2020-12-20,9579,192,521,9023,35,0,0,47,0
2020-12-21,9616,188,511,9070,35,0,0,46,0
2020-12-22,9653,184,502,9116,35,0,0,45,0
2020-12-23,9688,180,492,9161,35,0,0,45,0
2020-12-24,9724,176,483,9205,36,0,0,44,0
2020-12-25,9757,172,473,9248,36,0,0,43,0
2020-12-26,9791,168,464,9291,36,0,0,42,0
2020-12-27,9824,164,455,9333,36,0,0,41,0
2020-12-28,9855,160,446,9373,36,0,0,40,0
2020-12-29,9886,157,437,9413,36,0,0,40,0
2020-12-30,9918,153,428,9453,37,0,0,39,0
2020-12-31,9947,150,419,9491,37,0,0,38,0
2021-01-01,9976,146,410,9529,37,0,0,37,0
2021-01-02,10005,143,402,9566,37,0,0,36,0
2021-01-03,10032,139,393,9602,37,0,0,36,0
2021-01-04,10059,136,385,9637,37,0,0,35,0
2021-01-05,10085,133,376,9672,37,0,0,34,0
2021-01-06,10111,130,368,9705,38,0,0,33,0
2021-01-07,10136,127,360,9738,38,0,0,33,0
2021-01-08,10161,123,352,9771,38,0,0,32,0
2021-01-09,10185,120,345,9802,38,0,0,31,0
2021-01-10,10208,118,337,9833,38,0,0,31,0
2021-01-11,10231,115,329,9864,38,0,0,30,0
2021-01-12,10253,112,322,9893,38,0,0,29,0
2021-01-13,10275,109,315,9922,38,0,0,28,0
2021-01-14,10297,106,308,9950,39,0,0,28,0
2021-01-15,10317,104,300,9978,39,0,0,27,0
2021-01-16,10338,101,294,10005,39,0,0,27,0
2021-01-17,10357,99,287,10031,39,0,0,26,0
2021-01-18,10376,96,280,10057,39,0,0,25,0
2021-01-19,10395,94,274,10082,39,0,0,25,0
2021-01-20,10413,91,267,10107,39,0,0,24,0
2021-01-21,10431,89,261,10131,39,0,0,24,0
2021-01-22,10448,87,255,10154,39,0,0,23,0
2021-01-23,10465,85,249,10177,39,0,0,23,0
2021-01-24,10482,82,243,10199,40,0,0,22,0
2021-01-25,10498,80,237,10221,40,0,0,21,0
2021-01-26,10513,78,231,10242,40,0,0,21,0
2021-01-27,10528,76,225,10263,40,0,0,20,0
2021-01-28,10543,74,220,10283,40,0,0,20,0
2021-01-29,10558,72,215,10303,40,0,0,19,0
2021-01-30,10571,71,209,10322,40,0,0,19,0
2021-01-31,10585,69,204,10341,40,0,0,18,0
2021-02-01,10598,67,199,10359,40,0,0,18,0
2021-02-02,10611,65,194,10377,40,0,0,18,0
2021-02-03,10624,64,189,10395,40,0,0,17,0
2021-02-04,10637,62,185,10412,40,0,0,17,0
2021-02-05,10648,60,180,10428,40,0,0,16,0
2021-02-06,10659,59,175,10444,40,0,0,16,0
2021-02-07,10672,57,171,10460,41,0,0,15,0
2021-02-08,10683,56,167,10475,41,0,0,15,0
2021-02-09,10694,54,163,10490,41,0,0,15,0
2021-02-10,10704,53,158,10505,41,0,0,14,0
2021-02-11,10714,51,154,10519,41,0,0,14,0
2021-02-12,10724,50,150,10533,41,0,0,14,0
2021-02-13,10734,49,147,10546,41,0,0,13,0
2021-02-14,10744,47,143,10560,41,0,0,13,0
2021-02-15,10752,46,139,10572,41,0,0,13,0
2021-02-16,10762,45,136,10585,41,0,0,12,0
2021-02-17,10770,44,132,10597,41,0,0,12,0
2021-02-18,10779,43,129,10609,41,0,0,12,0
2021-02-19,10786,41,125,10620,41,0,0,11,0
2021-02-20,10795,40,122,10632,41,0,0,11,0
2021-02-21,10803,39,119,10643,41,0,0,11,0
2021-02-22,10810,38,116,10653,41,0,0,10,0
2021-02-23,10818,37,113,10664,41,0,0,10,0
2021-02-24,10825,36,110,10674,41,0,0,10,0
2021-02-25,10832,35,107,10684,41,0,0,10,0
2021-02-26,10838,34,104,10693,41,0,0,9,0
2021-02-27,10845,33,101,10703,41,0,0,9,0
2021-02-28,10853,32,99,10712,42,0,0,9,0
2021-03-01,10858,32,96,10720,42,0,0,9,0
2021-03-02,10865,31,94,10729,42,0,0,8,0
2021-03-03,10870,30,91,10737,42,0,0,8,0
2021-03-04,10877,29,89,10746,42,0,0,8,0
2021-03-05,10882,28,86,10754,42,0,0,8,0
2021-03-06,10887,27,84,10761,42,0,0,8,0
2021-03-07,10893,27,82,10769,42,0,0,7,0
2021-03-08,10898,26,80,10776,42,0,0,7,0
2021-03-09,10903,25,78,10783,42,0,0,7,0
2021-03-10,10907,25,75,10790,42,0,0,7,0
2021-03-11,10912,24,73,10797,42,0,0,7,0
2021-03-12,10917,23,71,10804,42,0,0,6,0
2021-03-13,10922,23,70,10810,42,0,0,6,0
2021-03-14,10926,22,68,10816,42,0,0,6,0
2021-03-15,10930,21,66,10822,42,0,0,6,0
2021-03-16,10934,21,64,10828,42,0,0,6,0
2021-03-17,10938,20,62,10834,42,0,0,6,0
2021-03-18,10943,20,61,10840,42,0,0,5,0
2021-03-19,10946,19,59,10845,42,0,0,5,0
2021-03-20,10949,19,57,10850,42,0,0,5,0
2021-03-21,10953,18,56,10855,42,0,0,5,0
2021-03-22,10957,18,54,10861,42,0,0,5,0
2021-03-23,10960,17,53,10865,42,0,0,5,0
2021-03-24,10964,17,52,10870,42,0,0,5,0
2021-03-25,10967,16,50,10875,42,0,0,5,0
2021-03-26,10970,16,49,10879,42,0,0,4,0
2021-03-27,10973,15,47,10884,42,0,0,4,0
2021-03-28,10976,15,46,10888,42,0,0,4,0
2021-03-29,10979,15,45,10892,42,0,0,4,0
2021-03-30,10982,14,44,10896,42,0,0,4,0
2021-03-31,10984,14,42,10900,42,0,0,4,0
2021-04-01,10987,13,41,10904,42,0,0,4,0
2021-04-02,10989,13,40,10907,42,0,0,4,0
2021-04-03,10992,13,39,10911,42,0,0,4,0
2021-04-04,10995,12,38,10915,42,0,0,3,0
2021-04-05,10997,12,37,10918,42,0,0,3,0
2021-04-06,10999,12,36,10921,42,0,0,3,0
2021-04-07,11002,11,35,10925,42,0,0,3,0
2021-04-08,11004,11,34,10928,42,0,0,3,0
2021-04-09,11006,11,33,10931,42,0,0,3,0
2021-04-10,11008,10,32,10934,42,0,0,3,0
2021-04-11,11010,10,31,10937,42,0,0,3,0
2021-04-12,11011,10,30,10939,42,0,0,3,0
2021-04-13,11014,10,30,10942,42,0,0,3,0
2021-04-14,11016,9,29,10945,42,0,0,3,0
2021-04-15,11017,9,28,10947,42,0,0,3,0
2021-04-16,11019,9,27,10950,42,0,0,2,0
2021-04-17,11021,9,27,10952,42,0,0,2,0
2021-04-18,11023,8,26,10955,42,0,0,2,0
2021-04-19,11024,8,25,10957,42,0,0,2,0
2021-04-20,11025,8,24,10959,42,0,0,2,0
2021-04-21,11027,8,24,10961,42,0,0,2,0
2021-04-22,11029,7,23,10964,42,0,0,2,0
2021-04-23,11030,7,22,10966,42,0,0,2,0
2021-04-24,11032,7,22,10968,42,0,0,2,0
2021-04-25,11034,7,21,10970,43,0,0,2,0
2021-04-26,11035,7,21,10971,43,0,0,2,0
2021-04-27,11036,6,20,10973,43,0,0,2,0
2021-04-28,11038,6,20,10975,43,0,0,2,0
2021-04-29,11039,6,19,10977,43,0,0,2,0
2021-04-30,11040,6,18,10979,43,0,0,2,0
2021-05-01,11041,6,18,10980,43,0,0,2,0
2021-05-02,11042,6,17,10982,43,0,0,2,0
2021-05-03,11043,5,17,10983,43,0,0,2,0
2021-05-04,11045,5,17,10985,43,0,0,1,0
2021-05-05,11045,5,16,10986,43,0,0,1,0
2021-05-06,11047,5,16,10988,43,0,0,1,0
2021-05-07,11047,5,15,10989,43,0,0,1,0
2021-05-08,11049,5,15,10991,43,0,0,1,0
2021-05-09,11049,5,14,10992,43,0,0,1,0
2021-05-10,11050,4,14,10993,43,0,0,1,0
2021-05-11,11051,4,14,10994,43,0,0,1,0
2021-05-12,11052,4,13,10996,43,0,0,1,0
2021-05-13,11053,4,13,10997,43,0,0,1,0
2021-05-14,11053,4,12,10998,43,0,0,1,0
2021-05-15,11054,4,12,10999,43,0,0,1,0
2021-05-16,11055,4,12,11000,43,0,0,1,0
2021-05-17,11055,4,11,11001,43,0,0,1,0
2021-05-18,11056,4,11,11002,43,0,0,1,0
2021-05-19,11057,3,11,11003,43,0,0,1,0
2021-05-20,11058,3,11,11004,43,0,0,1,0
2021-05-21,11058,3,10,11005,43,0,0,1,0
2021-05-22,11059,3,10,11006,43,0,0,1,0
2021-05-23,11060,3,10,11007,43,0,0,1,0
2021-05-24,11060,3,9,11008,43,0,0,1,0
2021-05-25,11061,3,9,11009,43,0,0,1,0
2021-05-26,11062,3,9,11010,43,0,0,1,0
2021-05-27,11062,3,9,11010,43,0,0,1,0
2021-05-28,11062,3,8,11011,43,0,0,1,0
2021-05-29,11063,3,8,11012,43,0,0,1,0
2021-05-30,11064,3,8,11013,43,0,0,1,0
2021-05-31,11064,2,8,11013,43,0,0,1,0
2021-06-01,11065,2,8,11014,43,0,0,1,0
2021-06-02,11065,2,7,11015,43,0,0,1,0
2021-06-03,11065,2,7,11015,43,0,0,1,0
2021-06-04,11066,2,7,11016,43,0,0,1,0
2021-06-05,11067,2,7,11017,43,0,0,1,0
2021-06-06,11067,2,7,11017,43,0,0,1,0
2021-06-07,11067,2,6,11018,43,0,0,1,0
2021-06-08,11067,2,6,11018,43,0,0,1,0
2021-06-09,11068,2,6,11019,43,0,0,1,0
2021-06-10,11068,2,6,11019,43,0,0,1,0
2021-06-11,11069,2,6,11020,43,0,0,1,0
2021-06-12,11069,2,6,11020,43,0,0,1,0
2021-06-13,11069,2,5,11021,43,0,0,0,0
2021-06-14,11069,2,5,11021,43,0,0,0,0
2021-06-15,11070,2,5,11022,43,0,0,0,0
