Date,Infected,Exposed,Active,Recovered,Deaths,Diff Exposed,Diff Active,Diff Recovered,Diff Deaths
2020-07-12,3060,723,657,2398,5,0,82,60,0
2020-07-13,3196,653,731,2460,5,0,62,66,0
2020-07-14,3319,601,786,2528,5,0,46,71,0
2020-07-15,3435,563,828,2601,6,0,35,75,0
2020-07-16,3544,535,860,2678,6,0,27,78,0
2020-07-17,3646,515,884,2756,6,0,21,80,0
2020-07-18,3746,500,903,2837,6,0,16,82,0
2020-07-19,3844,489,918,2920,6,0,12,83,0
2020-07-20,3939,481,929,3004,6,0,10,84,0
2020-07-21,4033,476,938,3088,7,0,8,85,0
2020-07-22,4127,471,946,3174,7,0,6,86,0
2020-07-23,4219,468,952,3260,7,0,5,86,0
2020-07-24,4310,466,957,3346,7,0,4,87,0
2020-07-25,4401,464,961,3433,7,0,4,87,0
2020-07-26,4492,463,964,3520,8,0,3,87,0
2020-07-27,4583,462,967,3608,8,0,3,88,0
2020-07-28,4674,461,970,3696,8,0,2,88,0
2020-07-29,4764,460,972,3784,8,0,2,88,0
2020-07-30,4854,460,974,3872,8,0,2,88,0
2020-07-31,4943,459,975,3960,8,0,1,88,0
2020-08-01,5035,459,977,4049,9,0,1,89,0
2020-08-02,5124,458,978,4137,9,0,1,89,0
2020-08-03,5213,457,978,4226,9,0,1,89,0
2020-08-04,5303,457,979,4315,9,0,1,89,0
2020-08-05,5393,456,980,4404,9,0,0,89,0
2020-08-06,5483,455,980,4493,10,0,0,89,0
2020-08-07,5572,454,980,4582,10,0,0,89,0
2020-08-08,5660,453,980,4670,10,0,0,89,0
2020-08-09,5749,452,980,4759,10,0,0,89,0
2020-08-10,5837,451,979,4848,10,0,0,89,0
2020-08-11,5927,450,979,4937,11,0,0,89,0
2020-08-12,6015,449,978,5026,11,0,0,89,0
2020-08-13,6102,448,977,5114,11,0,0,89,0
2020-08-14,6190,446,976,5203,11,0,0,89,0
2020-08-15,6276,445,974,5291,11,0,0,88,0
2020-08-16,6364,443,973,5380,11,0,0,88,0
2020-08-17,6451,442,971,5468,12,0,0,88,0
2020-08-18,6538,440,970,5556,12,0,0,88,0
2020-08-19,6624,438,968,5644,12,0,0,88,0
2020-08-20,6710,436,966,5732,12,0,0,88,0
2020-08-21,6794,435,963,5819,12,0,0,87,0
2020-08-22,6880,433,961,5906,13,0,0,87,0
2020-08-23,6965,431,958,5994,13,0,0,87,0
2020-08-24,7049,429,956,6080,13,0,0,87,0
2020-08-25,7133,427,953,6167,13,0,0,86,0
2020-08-26,7216,424,950,6253,13,0,0,86,0
2020-08-27,7299,422,946,6339,14,0,0,86,0
2020-08-28,7382,420,943,6425,14,0,0,86,0
2020-08-29,7465,418,940,6511,14,0,0,85,0
2020-08-30,7546,415,936,6596,14,0,0,85,0
2020-08-31,7626,413,932,6680,14,0,0,85,0
2020-09-01,7708,410,929,6765,14,0,0,84,0
2020-09-02,7789,408,925,6849,15,0,0,84,0
2020-09-03,7868,405,920,6933,15,0,0,83,0
2020-09-04,7947,403,916,7016,15,0,0,83,0
2020-09-05,8026,400,912,7099,15,0,0,83,0
2020-09-06,8104,397,907,7182,15,0,0,82,0
2020-09-07,8182,395,903,7264,15,0,0,82,0
2020-09-08,8259,392,898,7345,16,0,0,81,0
2020-09-09,8336,389,893,7427,16,0,0,81,0
2020-09-10,8412,386,888,7508,16,0,0,81,0
2020-09-11,8487,383,883,7588,16,0,0,80,0
2020-09-12,8562,380,878,7668,16,0,0,80,0
2020-09-13,8637,377,873,7747,17,0,0,79,0
2020-09-14,8710,374,867,7826,17,0,0,79,0
2020-09-15,8784,371,862,7905,17,0,0,78,0
2020-09-16,8856,368,856,7983,17,0,0,78,0
2020-09-17,8927,365,850,8060,17,0,0,77,0
2020-09-18,8999,362,845,8137,17,0,0,77,0
2020-09-19,9071,359,839,8214,18,0,0,76,0
2020-09-20,9141,356,833,8290,18,0,0,76,0
2020-09-21,9210,353,827,8365,18,0,0,75,0
2020-09-22,9279,350,821,8440,18,0,0,74,0
2020-09-23,9347,346,815,8514,18,0,0,74,0
2020-09-24,9415,343,809,8588,18,0,0,73,0
2020-09-25,9481,340,802,8661,18,0,0,73,0
2020-09-26,9548,337,796,8733,19,0,0,72,0
2020-09-27,9614,334,790,8805,19,0,0,72,0
2020-09-28,9679,330,783,8877,19,0,0,71,0
2020-09-29,9744,327,777,8948,19,0,0,70,0
2020-09-30,9807,324,770,9018,19,0,0,70,0
2020-10-01,9871,321,764,9088,19,0,0,69,0
2020-10-02,9934,317,757,9157,20,0,0,69,0
2020-10-03,9996,314,751,9225,20,0,0,68,0
2020-10-04,10057,311,744,9293,20,0,0,67,0
2020-10-05,10117,307,737,9360,20,0,0,67,0
2020-10-06,10177,304,730,9427,20,0,0,66,0
2020-10-07,10237,301,724,9493,20,0,0,66,0
2020-10-08,10295,298,717,9558,20,0,0,65,0
2020-10-09,10354,294,710,9623,21,0,0,64,0
2020-10-10,10411,291,703,9687,21,0,0,64,0
2020-10-11,10468,288,696,9751,21,0,0,63,0
2020-10-12,10524,285,689,9814,21,0,0,63,0
2020-10-13,10580,281,683,9876,21,0,0,62,0
2020-10-14,10635,278,676,9938,21,0,0,61,0
2020-10-15,10689,275,669,9999,21,0,0,61,0
2020-10-16,10742,272,662,10059,21,0,0,60,0
2020-10-17,10796,269,655,10119,22,0,0,59,0
2020-10-18,10848,265,648,10178,22,0,0,59,0
2020-10-19,10900,262,641,10237,22,0,0,58,0
2020-10-20,10951,259,634,10295,22,0,0,58,0
2020-10-21,11001,256,627,10352,22,0,0,57,0
2020-10-22,11052,253,621,10409,22,0,0,56,0
2020-10-23,11101,250,614,10465,22,0,0,56,0
2020-10-24,11149,247,607,10520,22,0,0,55,0
2020-10-25,11198,243,600,10575,23,0,0,54,0
2020-10-26,11245,240,593,10629,23,0,0,54,0
2020-10-27,11292,237,586,10683,23,0,0,53,0
2020-10-28,11339,234,580,10736,23,0,0,53,0
2020-10-29,11384,231,573,10788,23,0,0,52,0
2020-10-30,11429,228,566,10840,23,0,0,51,0
2020-10-31,11473,225,559,10891,23,0,0,51,0
2020-11-01,11518,222,553,10942,23,0,0,50,0
2020-11-02,11561,219,546,10992,23,0,0,50,0
2020-11-03,11605,217,540,11041,24,0,0,49,0
2020-11-04,11647,214,533,11090,24,0,0,48,0
2020-11-05,11688,211,526,11138,24,0,0,48,0
2020-11-06,11729,208,520,11185,24,0,0,47,0
2020-11-07,11769,205,513,11232,24,0,0,47,0
2020-11-08,11810,202,507,11279,24,0,0,46,0
2020-11-09,11849,200,501,11324,24,0,0,45,0
2020-11-10,11888,197,494,11370,24,0,0,45,0
2020-11-11,11926,194,488,11414,24,0,0,44,0
2020-11-12,11964,191,482,11458,24,0,0,44,0
2020-11-13,12002,189,475,11502,25,0,0,43,0
2020-11-14,12039,186,469,11545,25,0,0,43,0
2020-11-15,12075,184,463,11587,25,0,0,42,0
2020-11-16,12111,181,457,11629,25,0,0,41,0
2020-11-17,12146,178,451,11670,25,0,0,41,0
2020-11-18,12181,176,445,11711,25,0,0,40,0
2020-11-19,12215,173,439,11751,25,0,0,40,0
2020-11-20,12249,171,433,11791,25,0,0,39,0
2020-11-21,12282,168,427,11830,25,0,0,39,0
2020-11-22,12314,166,421,11868,25,0,0,38,0
2020-11-23,12347,163,416,11906,25,0,0,38,0
2020-11-24,12379,161,410,11944,25,0,0,37,0
2020-11-25,12411,159,404,11981,26,0,0,37,0
2020-11-26,12442,156,399,12017,26,0,0,36,0
2020-11-27,12472,154,393,12053,26,0,0,36,0
2020-11-28,12503,152,388,12089,26,0,0,35,0
2020-11-29,12532,150,382,12124,26,0,0,35,0
2020-11-30,12561,147,377,12158,26,0,0,34,0
2020-12-01,12589,145,371,12192,26,0,0,34,0
2020-12-02,12618,143,366,12226,26,0,0,33,0
2020-12-03,12646,141,361,12259,26,0,0,33,0
2020-12-04,12673,139,356,12291,26,0,0,32,0
2020-12-05,12700,137,351,12323,26,0,0,32,0
2020-12-06,12727,134,346,12355,26,0,0,31,0
2020-12-07,12752,132,340,12386,26,0,0,31,0
2020-12-08,12779,130,336,12417,26,0,0,30,0
2020-12-09,12805,128,331,12447,27,0,0,30,0
2020-12-10,12830,126,326,12477,27,0,0,30,0
2020-12-11,12854,124,321,12506,27,0,0,29,0
2020-12-12,12878,123,316,12535,27,0,0,29,0
2020-12-13,12902,121,311,12564,27,0,0,28,0
2020-12-14,12926,119,307,12592,27,0,0,28,0
2020-12-15,12949,117,302,12620,27,0,0,27,0
2020-12-16,12972,115,298,12647,27,0,0,27,0
2020-12-17,12994,113,293,12674,27,0,0,27,0
2020-12-18,13016,112,289,12700,27,0,0,26,0
2020-12-19,13037,110,284,12726,27,0,0,26,0
2020-12-20,13059,108,280,12752,27,0,0,25,0
2020-12-21,13080,106,276,12777,27,0,0,25,0
2020-12-22,13101,105,272,12802,27,0,0,25,0
2020-12-23,13120,103,267,12826,27,0,0,24,0
2020-12-24,13141,101,263,12851,27,0,0,24,0
2020-12-25,13160,100,259,12874,27,0,0,24,0
2020-12-26,13181,98,255,12898,28,0,0,23,0
2020-12-27,13200,97,251,12921,28,0,0,23,0
2020-12-28,13218,95,247,12943,28,0,0,22,0
2020-12-29,13238,93,244,12966,28,0,0,22,0
2020-12-30,13256,92,240,12988,28,0,0,22,0
2020-12-31,13273,90,236,13009,28,0,0,21,0
2021-01-01,13291,89,232,13031,28,0,0,21,0
2021-01-02,13309,88,229,13052,28,0,0,21,0
2021-01-03,13325,86,225,13072,28,0,0,20,0
2021-01-04,13343,85,222,13093,28,0,0,20,0
2021-01-05,13359,83,218,13113,28,0,0,20,0
2021-01-06,13375,82,215,13132,28,0,0,19,0
2021-01-07,13391,81,211,13152,28,0,0,19,0
2021-01-08,13407,79,208,13171,28,0,0,19,0
2021-01-09,13421,78,204,13189,28,0,0,19,0
2021-01-10,13437,77,201,13208,28,0,0,18,0
2021-01-11,13452,75,198,13226,28,0,0,18,0
2021-01-12,13467,74,195,13244,28,0,0,18,0
2021-01-13,13481,73,192,13261,28,0,0,17,0
2021-01-14,13496,72,189,13279,28,0,0,17,0
2021-01-15,13510,71,186,13296,28,0,0,17,0
2021-01-16,13523,69,183,13312,28,0,0,17,0
2021-01-17,13537,68,180,13329,28,0,0,16,0
2021-01-18,13550,67,177,13345,28,0,0,16,0
2021-01-19,13564,66,174,13361,29,0,0,16,0
2021-01-20,13577,65,171,13377,29,0,0,16,0
2021-01-21,13589,64,168,13392,29,0,0,15,0
2021-01-22,13601,63,165,13407,29,0,0,15,0
2021-01-23,13614,62,163,13422,29,0,0,15,0
2021-01-24,13626,61,160,13437,29,0,0,15,0
2021-01-25,13637,60,157,13451,29,0,0,14,0
2021-01-26,13649,59,155,13465,29,0,0,14,0
2021-01-27,13660,58,152,13479,29,0,0,14,0
2021-01-28,13672,57,150,13493,29,0,0,14,0
2021-01-29,13683,56,147,13507,29,0,0,13,0
2021-01-30,13694,55,145,13520,29,0,0,13,0
2021-01-31,13704,54,142,13533,29,0,0,13,0
2021-02-01,13715,53,140,13546,29,0,0,13,0
2021-02-02,13725,52,138,13558,29,0,0,12,0
2021-02-03,13735,51,135,13571,29,0,0,12,0
2021-02-04,13745,50,133,13583,29,0,0,12,0
2021-02-05,13755,49,131,13595,29,0,0,12,0
2021-02-06,13765,49,129,13607,29,0,0,12,0
2021-02-07,13774,48,127,13618,29,0,0,11,0
2021-02-08,13784,47,125,13630,29,0,0,11,0
2021-02-09,13792,46,122,13641,29,0,0,11,0
2021-02-10,13801,45,120,13652,29,0,0,11,0
2021-02-11,13810,45,118,13663,29,0,0,11,0
2021-02-12,13819,44,116,13674,29,0,0,11,0
2021-02-13,13827,43,114,13684,29,0,0,10,0
2021-02-14,13835,42,112,13694,29,0,0,10,0
2021-02-15,13844,42,111,13704,29,0,0,10,0
2021-02-16,13852,41,109,13714,29,0,0,10,0
2021-02-17,13860,40,107,13724,29,0,0,10,0
2021-02-18,13868,40,105,13734,29,0,0,10,0
2021-02-19,13875,39,103,13743,29,0,0,9,0
2021-02-20,13884,38,102,13753,29,0,0,9,0
2021-02-21,13891,38,100,13762,29,0,0,9,0
2021-02-22,13898,37,98,13771,29,0,0,9,0
2021-02-23,13905,36,96,13780,29,0,0,9,0
2021-02-24,13912,36,95,13788,29,0,0,9,0
2021-02-25,13919,35,93,13797,29,0,0,8,0
2021-02-26,13926,34,92,13805,29,0,0,8,0
2021-02-27,13933,34,90,13814,29,0,0,8,0
2021-02-28,13939,33,88,13822,29,0,0,8,0
2021-03-01,13947,33,87,13830,30,0,0,8,0
2021-03-02,13952,32,85,13837,30,0,0,8,0
2021-03-03,13959,32,84,13845,30,0,0,8,0
2021-03-04,13966,31,83,13853,30,0,0,7,0
2021-03-05,13971,30,81,13860,30,0,0,7,0
2021-03-06,13978,30,80,13868,30,0,0,7,0
2021-03-07,13983,29,78,13875,30,0,0,7,0
2021-03-08,13989,29,77,13882,30,0,0,7,0
2021-03-09,13995,28,76,13889,30,0,0,7,0
2021-03-10,14000,28,74,13896,30,0,0,7,0
2021-03-11,14005,27,73,13902,30,0,0,7,0
2021-03-12,14011,27,72,13909,30,0,0,7,0
2021-03-13,14016,26,71,13915,30,0,0,6,0
2021-03-14,14021,26,69,13922,30,0,0,6,0
2021-03-15,14026,26,68,13928,30,0,0,6,0
2021-03-16,14031,25,67,13934,30,0,0,6,0
2021-03-17,14036,25,66,13940,30,0,0,6,0
2021-03-18,14041,24,65,13946,30,0,0,6,0
2021-03-19,14046,24,64,13952,30,0,0,6,0
2021-03-20,14051,23,63,13958,30,0,0,6,0
2021-03-21,14054,23,61,13963,30,0,0,6,0
2021-03-22,14059,23,60,13969,30,0,0,5,0
2021-03-23,14063,22,59,13974,30,0,0,5,0
2021-03-24,14068,22,58,13980,30,0,0,5,0
2021-03-25,14072,21,57,13985,30,0,0,5,0
2021-03-26,14076,21,56,13990,30,0,0,5,0
2021-03-27,14080,21,55,13995,30,0,0,5,0
2021-03-28,14084,20,54,14000,30,0,0,5,0
2021-03-29,14088,20,53,14005,30,0,0,5,0
2021-03-30,14092,20,52,14010,30,0,0,5,0
2021-03-31,14096,19,52,14014,30,0,0,5,0
2021-04-01,14100,19,51,14019,30,0,0,5,0
2021-04-02,14104,19,50,14024,30,0,0,5,0
2021-04-03,14107,18,49,14028,30,0,0,4,0
2021-04-04,14111,18,48,14033,30,0,0,4,0
2021-04-05,14114,18,47,14037,30,0,0,4,0
2021-04-06,14117,17,46,14041,30,0,0,4,0
2021-04-07,14121,17,46,14045,30,0,0,4,0
2021-04-08,14124,17,45,14049,30,0,0,4,0
2021-04-09,14128,16,44,14054,30,0,0,4,0
2021-04-10,14130,16,43,14057,30,0,0,4,0
2021-04-11,14133,16,42,14061,30,0,0,4,0
2021-04-12,14137,16,42,14065,30,0,0,4,0
2021-04-13,14140,15,41,14069,30,0,0,4,0
2021-04-14,14143,15,40,14073,30,0,0,4,0
2021-04-15,14146,15,40,14076,30,0,0,4,0
2021-04-16,14149,15,39,14080,30,0,0,4,0
2021-04-17,14151,14,38,14083,30,0,0,3,0
2021-04-18,14155,14,38,14087,30,0,0,3,0
2021-04-19,14157,14,37,14090,30,0,0,3,0
2021-04-20,14159,14,36,14093,30,0,0,3,0
2021-04-21,14163,13,36,14097,30,0,0,3,0
2021-04-22,14165,13,35,14100,30,0,0,3,0
2021-04-23,14167,13,34,14103,30,0,0,3,0
2021-04-24,14170,13,34,14106,30,0,0,3,0
2021-04-25,14172,12,33,14109,30,0,0,3,0
2021-04-26,14175,12,33,14112,30,0,0,3,0
2021-04-27,14177,12,32,14115,30,0,0,3,0
2021-04-28,14179,12,31,14118,30,0,0,3,0
2021-04-29,14182,12,31,14121,30,0,0,3,0
2021-04-30,14184,11,30,14124,30,0,0,3,0
2021-05-01,14186,11,30,14126,30,0,0,3,0
2021-05-02,14188,11,29,14129,30,0,0,3,0
2021-05-03,14191,11,29,14132,30,0,0,3,0
2021-05-04,14192,11,28,14134,30,0,0,3,0
2021-05-05,14195,10,28,14137,30,0,0,3,0
2021-05-06,14196,10,27,14139,30,0,0,2,0
2021-05-07,14199,10,27,14142,30,0,0,2,0
2021-05-08,14200,10,26,14144,30,0,0,2,0
2021-05-09,14203,10,26,14147,30,0,0,2,0
2021-05-10,14204,9,25,14149,30,0,0,2,0
2021-05-11,14206,9,25,14151,30,0,0,2,0
2021-05-12,14207,9,24,14153,30,0,0,2,0
2021-05-13,14210,9,24,14156,30,0,0,2,0
2021-05-14,14212,9,24,14158,30,0,0,2,0
2021-05-15,14213,9,23,14160,30,0,0,2,0
2021-05-16,14215,9,23,14162,30,0,0,2,0
2021-05-17,14216,8,22,14164,30,0,0,2,0
2021-05-18,14218,8,22,14166,30,0,0,2,0
2021-05-19,14220,8,22,14168,30,0,0,2,0
2021-05-20,14221,8,21,14170,30,0,0,2,0
2021-05-21,14223,8,21,14172,30,0,0,2,0
2021-05-22,14224,8,20,14174,30,0,0,2,0
2021-05-23,14226,8,20,14176,30,0,0,2,0
2021-05-24,14228,7,20,14178,30,0,0,2,0
2021-05-25,14228,7,19,14179,30,0,0,2,0
2021-05-26,14230,7,19,14181,30,0,0,2,0
2021-05-27,14232,7,19,14183,30,0,0,2,0
2021-05-28,14232,7,18,14184,30,0,0,2,0
2021-05-29,14234,7,18,14186,30,0,0,2,0
2021-05-30,14236,7,18,14188,30,0,0,2,0
2021-05-31,14236,6,17,14189,30,0,0,2,0
2021-06-01,14238,6,17,14191,30,0,0,2,0
2021-06-02,14239,6,17,14192,30,0,0,2,0
2021-06-03,14241,6,17,14194,30,0,0,1,0
2021-06-04,14241,6,16,14195,30,0,0,1,0
2021-06-05,14243,6,16,14197,30,0,0,1,0
2021-06-06,14244,6,16,14198,30,0,0,1,0
2021-06-07,14245,6,15,14200,30,0,0,1,0
2021-06-08,14246,6,15,14201,30,0,0,1,0
2021-06-09,14248,6,15,14203,30,0,0,1,0
2021-06-10,14249,5,15,14204,30,0,0,1,0
2021-06-11,14249,5,14,14205,30,0,0,1,0
2021-06-12,14250,5,14,14206,30,0,0,1,0
2021-06-13,14252,5,14,14208,30,0,0,1,0
2021-06-14,14253,5,14,14209,30,0,0,1,0
2021-06-15,14253,5,13,14210,30,0,0,1,0
2021-06-16,14254,5,13,14211,30,0,0,1,0
2021-06-17,14256,5,13,14213,30,0,0,1,0
2021-06-18,14257,5,13,14214,30,0,0,1,0
2021-06-19,14257,5,12,14215,30,0,0,1,0
2021-06-20,14258,5,12,14216,30,0,0,1,0
2021-06-21,14259,4,12,14217,30,0,0,1,0
2021-06-22,14260,4,12,14218,30,0,0,1,0
2021-06-23,14261,4,12,14219,30,0,0,1,0
2021-06-24,14261,4,11,14220,30,0,0,1,0
2021-06-25,14262,4,11,14221,30,0,0,1,0
2021-06-26,14263,4,11,14222,30,0,0,1,0
2021-06-27,14264,4,11,14223,30,0,0,1,0
2021-06-28,14265,4,11,14224,30,0,0,1,0
2021-06-29,14265,4,10,14225,30,0,0,1,0
2021-06-30,14266,4,10,14226,30,0,0,1,0
2021-07-01,14267,4,10,14227,30,0,0,1,0
2021-07-02,14268,4,10,14228,30,0,0,1,0
2021-07-03,14269,4,10,14229,30,0,0,1,0
2021-07-04,14269,4,9,14230,30,0,0,1,0
2021-07-05,14270,3,9,14231,30,0,0,1,0
2021-07-06,14270,3,9,14231,30,0,0,1,0
2021-07-07,14271,3,9,14232,30,0,0,1,0
