Date,Infected,Exposed,Active,Recovered,Deaths,Diff Exposed,Diff Active,Diff Recovered,Diff Deaths
2020-06-23,941,170,252,687,2,0,10,23,0
2020-06-24,974,168,262,710,2,0,9,24,0
2020-06-25,1007,168,271,734,2,1,8,25,0
2020-06-26,1040,169,279,759,2,1,8,25,0
2020-06-27,1074,171,287,785,2,2,7,26,0
2020-06-28,1107,173,294,811,2,2,7,27,0
2020-06-29,1141,175,301,838,2,3,7,27,0
2020-06-30,1176,178,308,865,3,3,7,28,0
2020-07-01,1211,181,315,893,3,3,7,29,0
2020-07-02,1247,185,322,922,3,3,7,29,0
2020-07-03,1284,188,329,952,3,4,7,30,0
2020-07-04,1321,192,336,982,3,4,7,30,0
2020-07-05,1358,196,343,1012,3,4,7,31,0
2020-07-06,1397,199,350,1044,3,4,7,32,0
2020-07-07,1436,203,357,1076,3,4,7,32,0
2020-07-08,1476,207,365,1108,3,4,7,33,0
2020-07-09,1517,211,372,1142,3,4,8,34,0
2020-07-10,1559,216,380,1176,3,4,8,34,0
2020-07-11,1602,220,388,1210,4,4,8,35,0
2020-07-12,1646,224,396,1246,4,4,8,36,0
2020-07-13,1690,229,404,1282,4,4,8,37,0
2020-07-14,1735,233,412,1319,4,5,8,37,0
2020-07-15,1780,238,420,1356,4,5,8,38,0
2020-07-16,1828,242,429,1395,4,5,9,39,0
2020-07-17,1875,247,437,1434,4,5,9,40,0
2020-07-18,1924,252,446,1474,4,5,9,40,0
2020-07-19,1974,257,455,1515,4,5,9,41,0
2020-07-20,2025,261,464,1556,5,5,9,42,0
2020-07-21,2077,266,473,1599,5,5,9,43,0
2020-07-22,2129,271,482,1642,5,5,9,44,0
2020-07-23,2183,277,492,1686,5,5,10,45,0
2020-07-24,2237,282,501,1731,5,5,10,45,0
2020-07-25,2292,287,511,1776,5,5,10,46,0
2020-07-26,2349,292,521,1823,5,5,10,47,0
2020-07-27,2407,298,531,1871,5,5,10,48,0
2020-07-28,2466,303,541,1919,6,6,10,49,0
2020-07-29,2526,309,551,1969,6,6,10,50,0
2020-07-30,2587,314,562,2019,6,6,11,51,0
2020-07-31,2649,320,573,2070,6,6,11,52,0
2020-08-01,2711,326,583,2122,6,6,11,53,0
2020-08-02,2776,332,594,2176,6,6,11,54,0
2020-08-03,2842,338,605,2230,7,6,11,55,0
2020-08-04,2909,344,617,2285,7,6,11,56,0
2020-08-05,2976,350,628,2341,7,6,11,57,0
2020-08-06,3045,356,639,2399,7,6,12,58,0
2020-08-07,3115,362,651,2457,7,6,12,59,0
2020-08-08,3187,368,663,2517,7,6,12,60,0
2020-08-09,3260,374,675,2577,8,6,12,61,0
2020-08-10,3334,381,687,2639,8,6,12,62,0
2020-08-11,3408,387,699,2701,8,6,12,63,0
2020-08-12,3485,393,712,2765,8,6,12,64,0
2020-08-13,3562,400,724,2830,8,7,13,66,0
2020-08-14,3641,407,737,2896,8,7,13,67,0
2020-08-15,3721,413,749,2963,9,7,13,68,0
2020-08-16,3803,420,762,3032,9,7,13,69,0
2020-08-17,3885,427,775,3101,9,7,13,70,0
2020-08-18,3970,433,789,3172,9,7,13,71,0
2020-08-19,4055,440,802,3244,9,7,13,73,0
2020-08-20,4142,447,815,3317,10,7,14,74,0
2020-08-21,4230,454,829,3391,10,7,14,75,0
2020-08-22,4320,461,843,3467,10,7,14,76,0
2020-08-23,4410,468,856,3544,10,7,14,78,0
2020-08-24,4503,475,870,3622,11,7,14,79,0
2020-08-25,4596,482,884,3701,11,7,14,80,0
2020-08-26,4691,489,898,3782,11,7,14,81,0
2020-08-27,4788,496,913,3864,11,7,14,83,0
2020-08-28,4886,503,927,3947,12,7,14,84,0
2020-08-29,4985,510,941,4032,12,7,14,85,0
2020-08-30,5085,517,956,4117,12,7,15,87,0
2020-08-31,5188,525,971,4205,12,7,15,88,0
2020-09-01,5291,532,985,4293,13,7,15,89,0
2020-09-02,5396,539,1000,4383,13,7,15,91,0
2020-09-03,5502,546,1015,4474,13,7,15,92,0
2020-09-04,5609,553,1030,4566,13,7,15,93,0
2020-09-05,5718,560,1044,4660,14,7,15,95,0
2020-09-06,5828,568,1059,4755,14,7,15,96,0
2020-09-07,5940,575,1074,4852,14,7,15,97,0
2020-09-08,6053,582,1089,4950,14,7,15,99,0
2020-09-09,6168,589,1104,5049,15,7,15,100,0
2020-09-10,6285,596,1120,5150,15,7,15,101,0
2020-09-11,6402,603,1135,5252,15,7,15,103,0
2020-09-12,6521,610,1150,5355,16,7,15,104,0
2020-09-13,6641,617,1165,5460,16,7,15,106,0
2020-09-14,6762,624,1180,5566,16,7,15,107,0
2020-09-15,6885,631,1195,5673,17,7,15,108,0
2020-09-16,7009,638,1210,5782,17,7,15,110,0
2020-09-17,7134,644,1225,5892,17,7,15,111,0
2020-09-18,7262,651,1240,6004,18,7,15,112,0
2020-09-19,7390,658,1255,6117,18,7,15,114,0
2020-09-20,7519,664,1270,6231,18,7,15,115,0
2020-09-21,7651,671,1285,6347,19,6,15,116,0
2020-09-22,7782,677,1299,6464,19,6,15,118,0
2020-09-23,7915,684,1314,6582,19,6,15,119,0
2020-09-24,8050,690,1328,6702,20,6,14,120,0
2020-09-25,8185,696,1343,6822,20,6,14,122,0
2020-09-26,8322,702,1357,6945,20,6,14,123,0
2020-09-27,8460,708,1371,7068,21,6,14,124,0
2020-09-28,8599,714,1385,7193,21,6,14,126,0
2020-09-29,8739,719,1399,7319,21,6,14,127,0
2020-09-30,8881,725,1413,7446,22,5,14,128,0
2020-10-01,9024,730,1427,7575,22,5,13,129,0
2020-10-02,9168,736,1440,7705,23,5,13,131,0
2020-10-03,9312,741,1453,7836,23,5,13,132,0
2020-10-04,9457,746,1466,7968,23,5,13,133,0
2020-10-05,9604,751,1479,8101,24,5,13,134,0
2020-10-06,9752,755,1492,8236,24,5,12,135,0
2020-10-07,9899,760,1504,8371,24,4,12,136,0
2020-10-08,10050,764,1517,8508,25,4,12,137,0
2020-10-09,10199,769,1528,8646,25,4,12,139,0
2020-10-10,10351,773,1540,8785,26,4,12,140,0
2020-10-11,10503,777,1552,8925,26,4,11,141,0
2020-10-12,10656,781,1563,9066,27,4,11,142,0
2020-10-13,10809,784,1574,9208,27,3,11,143,0
2020-10-14,10962,788,1584,9351,27,3,10,144,0
2020-10-15,11118,791,1595,9495,28,3,10,145,0
2020-10-16,11273,794,1605,9640,28,3,10,145,0
2020-10-17,11429,797,1614,9786,29,3,9,146,0
2020-10-18,11585,799,1624,9932,29,3,9,147,0
2020-10-19,11742,802,1633,10080,29,2,9,148,0
2020-10-20,11899,804,1641,10228,30,2,8,149,0
2020-10-21,12057,806,1650,10377,30,2,8,150,0
2020-10-22,12216,808,1658,10527,31,2,8,150,0
2020-10-23,12373,810,1665,10677,31,2,7,151,0
2020-10-24,12533,811,1672,10829,32,1,7,152,0
2020-10-25,12691,813,1679,10980,32,1,7,152,0
2020-10-26,12852,814,1686,11133,33,1,6,153,0
2020-10-27,13011,814,1692,11286,33,1,6,153,0
2020-10-28,13170,815,1698,11439,33,1,5,154,0
2020-10-29,13331,816,1703,11594,34,0,5,154,0
2020-10-30,13490,816,1708,11748,34,0,5,155,0
2020-10-31,13651,816,1713,11903,35,0,4,155,0
2020-11-01,13810,816,1717,12058,35,0,4,156,0
2020-11-02,13970,815,1720,12214,36,0,3,156,0
2020-11-03,14130,815,1724,12370,36,0,3,156,0
2020-11-04,14291,814,1727,12527,37,0,3,157,0
2020-11-05,14449,813,1729,12683,37,0,2,157,0
2020-11-06,14609,812,1731,12840,38,0,2,157,0
2020-11-07,14768,810,1733,12997,38,0,1,157,0
2020-11-08,14926,809,1734,13154,38,0,1,157,0
2020-11-09,15085,807,1735,13311,39,0,1,157,0
2020-11-10,15243,805,1735,13469,39,0,0,157,0
2020-11-11,15401,803,1735,13626,40,0,0,157,0
2020-11-12,15558,800,1735,13783,40,0,0,157,0
2020-11-13,15715,798,1734,13940,41,0,0,157,0
2020-11-14,15870,795,1732,14097,41,0,0,157,0
2020-11-15,16027,792,1731,14254,42,0,0,157,0
2020-11-16,16181,789,1728,14411,42,0,0,157,0
2020-11-17,16337,786,1726,14568,43,0,0,156,0
2020-11-18,16490,782,1723,14724,43,0,0,156,0
2020-11-19,16643,779,1719,14880,44,0,0,156,0
2020-11-20,16796,775,1716,15036,44,0,0,156,0
2020-11-21,16946,771,1711,15191,44,0,0,155,0
2020-11-22,17098,767,1707,15346,45,0,0,155,0
2020-11-23,17248,762,1702,15501,45,0,0,154,0
2020-11-24,17397,758,1696,15655,46,0,0,154,0
2020-11-25,17545,753,1691,15808,46,0,0,153,0
2020-11-26,17693,749,1685,15961,47,0,0,153,0
2020-11-27,17839,744,1678,16114,47,0,0,152,0
2020-11-28,17985,739,1671,16266,48,0,0,151,0
2020-11-29,18129,734,1664,16417,48,0,0,151,0
2020-11-30,18271,728,1656,16567,48,0,0,150,0
2020-12-01,18414,723,1648,16717,49,0,0,149,0
2020-12-02,18556,717,1640,16867,49,0,0,149,0
2020-12-03,18697,712,1632,17015,50,0,0,148,0
2020-12-04,18835,706,1623,17162,50,0,0,147,0
2020-12-05,18974,700,1614,17309,51,0,0,146,0
2020-12-06,19110,694,1604,17455,51,0,0,145,0
2020-12-07,19245,688,1594,17600,51,0,0,145,0
2020-12-08,19380,682,1584,17744,52,0,0,144,0
2020-12-09,19514,676,1574,17888,52,0,0,143,0
2020-12-10,19646,670,1563,18030,53,0,0,142,0
2020-12-11,19776,664,1552,18171,53,0,0,141,0
2020-12-12,19907,657,1541,18312,54,0,0,140,0
2020-12-13,20035,651,1530,18451,54,0,0,139,0
2020-12-14,20161,644,1518,18589,54,0,0,138,0
2020-12-15,20289,638,1507,18727,55,0,0,137,0
2020-12-16,20413,631,1495,18863,55,0,0,135,0
2020-12-17,20536,624,1482,18998,56,0,0,134,0
2020-12-18,20658,618,1470,19132,56,0,0,133,0
2020-12-19,20778,611,1457,19265,56,0,0,132,0
2020-12-20,20898,604,1445,19396,57,0,0,131,0
2020-12-21,21016,597,1432,19527,57,0,0,130,0
2020-12-22,21131,590,1418,19656,57,0,0,129,0
2020-12-23,21247,583,1405,19784,58,0,0,127,0
2020-12-24,21361,577,1392,19911,58,0,0,126,0
2020-12-25,21474,570,1378,20037,59,0,0,125,0
2020-12-26,21585,563,1365,20161,59,0,0,124,0
2020-12-27,21694,556,1351,20284,59,0,0,122,0
2020-12-28,21803,549,1337,20406,60,0,0,121,0
2020-12-29,21910,542,1323,20527,60,0,0,120,0
2020-12-30,22016,535,1309,20647,60,0,0,119,0
2020-12-31,22121,528,1295,20765,61,0,0,117,0
2021-01-01,22224,521,1281,20882,61,0,0,116,0
2021-01-02,22325,514,1267,20997,61,0,0,115,0
2021-01-03,22426,508,1252,21112,62,0,0,114,0
2021-01-04,22525,501,1238,21225,62,0,0,112,0
2021-01-05,22622,494,1224,21336,62,0,0,111,0
2021-01-06,22719,487,1209,21447,63,0,0,110,0
2021-01-07,22814,480,1195,21556,63,0,0,108,0
2021-01-08,22907,474,1180,21664,63,0,0,107,0
2021-01-09,23000,467,1166,21770,64,0,0,106,0
2021-01-10,23091,460,1152,21875,64,0,0,104,0
2021-01-11,23180,454,1137,21979,64,0,0,103,0
2021-01-12,23270,447,1123,22082,65,0,0,102,0
2021-01-13,23356,440,1108,22183,65,0,0,100,0
2021-01-14,23442,434,1094,22283,65,0,0,99,0
2021-01-15,23527,427,1080,22382,65,0,0,98,0
2021-01-16,23610,421,1065,22479,66,0,0,97,0
2021-01-17,23692,415,1051,22575,66,0,0,95,0
2021-01-18,23773,408,1037,22670,66,0,0,94,0
2021-01-19,23854,402,1023,22764,67,0,0,93,0
2021-01-20,23931,396,1008,22856,67,0,0,91,0
2021-01-21,24008,390,994,22947,67,0,0,90,0
2021-01-22,24083,384,980,23036,67,0,0,89,0
2021-01-23,24160,377,967,23125,68,0,0,88,0
2021-01-24,24233,371,953,23212,68,0,0,86,0
2021-01-25,24305,366,939,23298,68,0,0,85,0
2021-01-26,24375,360,925,23382,68,0,0,84,0
2021-01-27,24447,354,912,23466,69,0,0,83,0
2021-01-28,24515,348,898,23548,69,0,0,81,0
2021-01-29,24583,342,885,23629,69,0,0,80,0
2021-01-30,24650,337,872,23709,69,0,0,79,0
2021-01-31,24715,331,858,23787,70,0,0,78,0
2021-02-01,24780,326,845,23865,70,0,0,77,0
2021-02-02,24843,320,832,23941,70,0,0,75,0
2021-02-03,24906,315,820,24016,70,0,0,74,0
2021-02-04,24967,309,807,24090,70,0,0,73,0
2021-02-05,25027,304,794,24162,71,0,0,72,0
2021-02-06,25087,299,782,24234,71,0,0,71,0
2021-02-07,25144,294,769,24304,71,0,0,70,0
2021-02-08,25202,289,757,24374,71,0,0,69,0
2021-02-09,25258,284,745,24442,71,0,0,68,0
2021-02-10,25314,279,733,24509,72,0,0,66,0
2021-02-11,25368,274,721,24575,72,0,0,65,0
2021-02-12,25421,269,709,24640,72,0,0,64,0
2021-02-13,25474,264,698,24704,72,0,0,63,0
2021-02-14,25525,260,686,24767,72,0,0,62,0
2021-02-15,25577,255,675,24829,73,0,0,61,0
2021-02-16,25625,251,663,24889,73,0,0,60,0
2021-02-17,25674,246,652,24949,73,0,0,59,0
2021-02-18,25722,242,641,25008,73,0,0,58,0
2021-02-19,25769,237,630,25066,73,0,0,57,0
2021-02-20,25815,233,620,25122,73,0,0,56,0
2021-02-21,25861,229,609,25178,74,0,0,55,0
2021-02-22,25906,225,599,25233,74,0,0,54,0
2021-02-23,25949,221,588,25287,74,0,0,53,0
2021-02-24,25992,217,578,25340,74,0,0,52,0
2021-02-25,26034,213,568,25392,74,0,0,51,0
2021-02-26,26075,209,558,25443,74,0,0,51,0
2021-02-27,26116,205,548,25493,75,0,0,50,0
2021-02-28,26157,201,539,25543,75,0,0,49,0
2021-03-01,26195,197,529,25591,75,0,0,48,0
2021-03-02,26234,194,520,25639,75,0,0,47,0
2021-03-03,26272,190,511,25686,75,0,0,46,0
2021-03-04,26308,186,501,25732,75,0,0,45,0
2021-03-05,26345,183,493,25777,75,0,0,45,0
2021-03-06,26381,179,484,25821,76,0,0,44,0
2021-03-07,26416,176,475,25865,76,0,0,43,0
2021-03-08,26450,173,466,25908,76,0,0,42,0
2021-03-09,26483,169,458,25949,76,0,0,42,0
2021-03-10,26517,166,450,25991,76,0,0,41,0
2021-03-11,26548,163,441,26031,76,0,0,40,0
2021-03-12,26580,160,433,26071,76,0,0,39,0
2021-03-13,26611,157,425,26110,76,0,0,39,0
2021-03-14,26641,154,417,26148,76,0,0,38,0
2021-03-15,26673,151,410,26186,77,0,0,37,0
2021-03-16,26702,148,402,26223,77,0,0,36,0
2021-03-17,26731,145,395,26259,77,0,0,36,0
2021-03-18,26758,142,387,26294,77,0,0,35,0
2021-03-19,26786,140,380,26329,77,0,0,34,0
2021-03-20,26813,137,373,26363,77,0,0,34,0
2021-03-21,26840,134,366,26397,77,0,0,33,0
2021-03-22,26866,132,359,26430,77,0,0,33,0
2021-03-23,26891,129,352,26462,77,0,0,32,0
2021-03-24,26917,127,346,26494,77,0,0,31,0
2021-03-25,26942,124,339,26525,78,0,0,31,0
2021-03-26,26967,122,333,26556,78,0,0,30,0
2021-03-27,26989,119,326,26585,78,0,0,30,0
2021-03-28,27013,117,320,26615,78,0,0,29,0
2021-03-29,27036,115,314,26644,78,0,0,28,0
2021-03-30,27058,112,308,26672,78,0,0,28,0
2021-03-31,27080,110,302,26700,78,0,0,27,0
2021-04-01,27101,108,296,26727,78,0,0,27,0
2021-04-02,27121,106,290,26753,78,0,0,26,0
2021-04-03,27143,104,285,26780,78,0,0,26,0
2021-04-04,27162,102,279,26805,78,0,0,25,0
2021-04-05,27182,100,274,26830,78,0,0,25,0
2021-04-06,27203,98,269,26855,79,0,0,24,0
2021-04-07,27221,96,263,26879,79,0,0,24,0
2021-04-08,27240,94,258,26903,79,0,0,23,0
2021-04-09,27258,92,253,26926,79,0,0,23,0
2021-04-10,27276,90,248,26949,79,0,0,23,0
2021-04-11,27293,88,243,26971,79,0,0,22,0
2021-04-12,27311,87,239,26993,79,0,0,22,0
2021-04-13,27327,85,234,27014,79,0,0,21,0
2021-04-14,27344,83,229,27036,79,0,0,21,0
2021-04-15,27360,81,225,27056,79,0,0,20,0
2021-04-16,27375,80,220,27076,79,0,0,20,0
2021-04-17,27391,78,216,27096,79,0,0,20,0
2021-04-18,27407,77,212,27116,79,0,0,19,0
2021-04-19,27422,75,208,27135,79,0,0,19,0
2021-04-20,27435,74,203,27153,79,0,0,18,0
2021-04-21,27450,72,199,27172,79,0,0,18,0
2021-04-22,27465,71,195,27190,80,0,0,18,0
2021-04-23,27479,69,192,27207,80,0,0,17,0
2021-04-24,27492,68,188,27224,80,0,0,17,0
2021-04-25,27505,66,184,27241,80,0,0,17,0
2021-04-26,27518,65,180,27258,80,0,0,16,0
2021-04-27,27531,64,177,27274,80,0,0,16,0
2021-04-28,27543,62,173,27290,80,0,0,16,0
2021-04-29,27556,61,170,27306,80,0,0,15,0
2021-04-30,27567,60,166,27321,80,0,0,15,0
2021-05-01,27579,59,163,27336,80,0,0,15,0
2021-05-02,27590,58,160,27350,80,0,0,14,0
2021-05-03,27601,56,156,27365,80,0,0,14,0
2021-05-04,27612,55,153,27379,80,0,0,14,0
2021-05-05,27623,54,150,27393,80,0,0,14,0
2021-05-06,27633,53,147,27406,80,0,0,13,0
2021-05-07,27643,52,144,27419,80,0,0,13,0
2021-05-08,27653,51,141,27432,80,0,0,13,0
2021-05-09,27663,50,138,27445,80,0,0,13,0
2021-05-10,27674,49,136,27458,80,0,0,12,0
2021-05-11,27683,48,133,27470,80,0,0,12,0
2021-05-12,27692,47,130,27482,80,0,0,12,0
2021-05-13,27701,46,128,27493,80,0,0,12,0
2021-05-14,27710,45,125,27505,80,0,0,11,0
2021-05-15,27718,44,122,27516,80,0,0,11,0
2021-05-16,27728,43,120,27527,81,0,0,11,0
2021-05-17,27736,42,117,27538,81,0,0,11,0
2021-05-18,27744,41,115,27548,81,0,0,10,0
2021-05-19,27753,40,113,27559,81,0,0,10,0
2021-05-20,27760,40,110,27569,81,0,0,10,0
2021-05-21,27768,39,108,27579,81,0,0,10,0
2021-05-22,27776,38,106,27589,81,0,0,10,0
2021-05-23,27783,37,104,27598,81,0,0,9,0
2021-05-24,27790,36,102,27607,81,0,0,9,0
2021-05-25,27798,36,100,27617,81,0,0,9,0
2021-05-26,27805,35,98,27626,81,0,0,9,0
2021-05-27,27811,34,96,27634,81,0,0,9,0
2021-05-28,27818,34,94,27643,81,0,0,8,0
2021-05-29,27824,33,92,27651,81,0,0,8,0
2021-05-30,27831,32,90,27660,81,0,0,8,0
2021-05-31,27837,31,88,27668,81,0,0,8,0
2021-06-01,27843,31,86,27676,81,0,0,8,0
2021-06-02,27848,30,84,27683,81,0,0,8,0
2021-06-03,27855,30,83,27691,81,0,0,7,0
2021-06-04,27860,29,81,27698,81,0,0,7,0
2021-06-05,27866,28,79,27706,81,0,0,7,0
2021-06-06,27872,28,78,27713,81,0,0,7,0
2021-06-07,27877,27,76,27720,81,0,0,7,0
2021-06-08,27882,27,74,27727,81,0,0,7,0
2021-06-09,27887,26,73,27733,81,0,0,7,0
2021-06-10,27892,26,71,27740,81,0,0,6,0
2021-06-11,27897,25,70,27746,81,0,0,6,0
2021-06-12,27903,24,69,27753,81,0,0,6,0
2021-06-13,27907,24,67,27759,81,0,0,6,0
2021-06-14,27912,23,66,27765,81,0,0,6,0
2021-06-15,27916,23,64,27771,81,0,0,6,0
2021-06-16,27920,23,63,27776,81,0,0,6,0
2021-06-17,27925,22,62,27782,81,0,0,6,0
2021-06-18,27929,22,60,27788,81,0,0,5,0
