Date,Infected,Exposed,Active,Recovered,Deaths,Diff Exposed,Diff Active,Diff Recovered,Diff Deaths
2020-07-18,348,17,64,280,4,5,0,6,0
2020-07-19,352,21,62,286,4,4,0,6,0
2020-07-20,357,25,61,292,4,3,0,5,0
2020-07-21,361,28,60,297,4,2,0,5,0
2020-07-22,367,30,61,302,4,2,0,5,0
2020-07-23,373,32,61,308,4,2,1,5,0
2020-07-24,379,33,62,313,4,1,1,6,0
2020-07-25,386,35,63,319,4,1,1,6,0
2020-07-26,393,36,64,325,4,1,1,6,0
2020-07-27,399,37,65,330,4,1,1,6,0
2020-07-28,407,38,67,336,4,1,1,6,0
2020-07-29,414,39,68,342,4,1,2,6,0
2020-07-30,423,40,70,348,5,1,2,6,0
2020-07-31,431,41,71,355,5,1,2,6,0
2020-08-01,439,42,73,361,5,1,2,7,0
2020-08-02,448,43,75,368,5,1,2,7,0
2020-08-03,456,44,76,375,5,1,2,7,0
2020-08-04,464,46,78,381,5,1,2,7,0
2020-08-05,474,47,80,389,5,1,2,7,0
2020-08-06,483,48,82,396,5,1,2,7,0
2020-08-07,492,49,84,403,5,1,2,8,0
2020-08-08,502,50,86,411,5,1,2,8,0
2020-08-09,512,51,88,419,5,1,2,8,0
2020-08-10,522,52,90,426,6,1,2,8,0
2020-08-11,533,54,92,435,6,1,2,8,0
2020-08-12,543,55,94,443,6,1,2,8,0
2020-08-13,553,56,96,451,6,1,2,9,0
2020-08-14,565,57,99,460,6,1,2,9,0
2020-08-15,576,59,101,469,6,1,2,9,0
2020-08-16,587,60,103,478,6,1,2,9,0
2020-08-17,600,61,106,488,6,1,2,9,0
2020-08-18,611,63,108,497,6,1,2,10,0
2020-08-19,624,64,110,507,7,1,3,10,0
2020-08-20,637,65,113,517,7,1,3,10,0
2020-08-21,650,67,116,527,7,1,3,10,0
2020-08-22,663,68,118,538,7,1,3,11,0
2020-08-23,676,70,121,548,7,2,3,11,0
2020-08-24,690,71,124,559,7,2,3,11,0
2020-08-25,703,73,126,570,7,2,3,11,0
2020-08-26,719,75,129,582,8,2,3,12,0
2020-08-27,734,76,132,594,8,2,3,12,0
2020-08-28,748,78,135,605,8,2,3,12,0
2020-08-29,764,79,138,618,8,2,3,12,0
2020-08-30,779,81,141,630,8,2,3,13,0
2020-08-31,795,83,144,643,8,2,3,13,0
2020-09-01,812,85,147,656,9,2,3,13,0
2020-09-02,829,86,151,669,9,2,3,14,0
2020-09-03,846,88,154,683,9,2,3,14,0
2020-09-04,863,90,157,697,9,2,3,14,0
2020-09-05,881,92,161,711,9,2,3,14,0
2020-09-06,899,94,164,726,9,2,3,15,0
2020-09-07,917,96,167,740,10,2,4,15,0
2020-09-08,937,98,171,756,10,2,4,15,0
2020-09-09,956,100,175,771,10,2,4,16,0
2020-09-10,975,101,178,787,10,2,4,16,0
2020-09-11,995,104,182,803,10,2,4,16,0
2020-09-12,1016,106,186,819,11,2,4,17,0
2020-09-13,1037,108,190,836,11,2,4,17,0
2020-09-14,1057,110,193,853,11,2,4,17,0
2020-09-15,1079,112,197,871,11,2,4,18,0
2020-09-16,1102,114,201,889,12,2,4,18,0
2020-09-17,1124,116,205,907,12,2,4,18,0
2020-09-18,1148,118,210,926,12,2,4,19,0
2020-09-19,1170,120,214,944,12,2,4,19,0
2020-09-20,1195,123,218,964,13,2,4,20,0
2020-09-21,1218,125,222,983,13,2,4,20,0
2020-09-22,1243,127,226,1004,13,2,4,20,0
2020-09-23,1268,129,231,1024,13,2,4,21,0
2020-09-24,1294,132,235,1045,14,2,4,21,0
2020-09-25,1320,134,240,1066,14,2,4,22,0
2020-09-26,1346,136,244,1088,14,2,5,22,0
2020-09-27,1373,139,249,1110,14,2,5,22,0
2020-09-28,1400,141,253,1132,15,2,5,23,0
2020-09-29,1428,143,258,1155,15,2,5,23,0
2020-09-30,1457,146,263,1179,15,2,5,24,0
2020-10-01,1485,148,267,1202,16,2,5,24,0
2020-10-02,1514,151,272,1226,16,2,5,24,0
2020-10-03,1544,153,277,1251,16,2,5,25,0
2020-10-04,1575,156,282,1276,17,2,5,25,0
2020-10-05,1606,158,287,1302,17,2,5,26,0
2020-10-06,1636,160,292,1327,17,2,5,26,0
2020-10-07,1669,163,297,1354,18,2,5,27,0
2020-10-08,1701,165,302,1381,18,2,5,27,0
2020-10-09,1733,168,307,1408,18,2,5,28,0
2020-10-10,1767,170,312,1436,19,2,5,28,0
2020-10-11,1800,173,317,1464,19,2,5,28,0
2020-10-12,1833,175,322,1492,19,2,5,29,0
2020-10-13,1868,177,327,1521,20,2,5,29,0
2020-10-14,1903,180,332,1551,20,2,5,30,0
2020-10-15,1939,182,337,1581,21,2,5,30,0
2020-10-16,1974,185,342,1611,21,2,5,31,0
2020-10-17,2010,187,347,1642,21,2,5,31,0
2020-10-18,2047,189,352,1673,22,2,5,32,0
2020-10-19,2084,192,357,1705,22,2,5,32,0
2020-10-20,2123,194,363,1737,23,2,5,33,0
2020-10-21,2161,196,368,1770,23,2,5,33,0
2020-10-22,2199,199,373,1803,23,2,5,33,0
2020-10-23,2239,201,378,1837,24,2,5,34,0
2020-10-24,2278,203,383,1871,24,2,5,34,0
2020-10-25,2318,205,388,1905,25,2,5,35,0
2020-10-26,2358,208,393,1940,25,2,5,35,0
2020-10-27,2400,210,398,1976,26,2,5,36,0
2020-10-28,2441,212,403,2012,26,2,5,36,0
2020-10-29,2483,214,408,2048,27,2,5,37,0
2020-10-30,2524,216,412,2085,27,2,5,37,0
2020-10-31,2567,218,417,2122,28,2,5,37,0
2020-11-01,2610,220,422,2160,28,2,5,38,0
2020-11-02,2654,222,427,2198,29,2,5,38,0
2020-11-03,2696,223,431,2236,29,2,5,39,1
2020-11-04,2741,225,436,2275,30,2,5,39,1
2020-11-05,2784,227,440,2314,30,2,4,40,1
2020-11-06,2830,229,445,2354,31,2,4,40,1
2020-11-07,2874,230,449,2394,31,2,4,40,1
2020-11-08,2920,232,454,2434,32,2,4,41,1
2020-11-09,2965,233,458,2475,32,1,4,41,1
2020-11-10,3011,235,462,2516,33,1,4,41,1
2020-11-11,3057,236,466,2558,33,1,4,42,1
2020-11-12,3104,238,470,2600,34,1,4,42,1
2020-11-13,3150,239,474,2642,34,1,4,43,1
2020-11-14,3197,240,477,2685,35,1,4,43,1
2020-11-15,3244,241,481,2728,35,1,4,43,1
2020-11-16,3292,242,485,2771,36,1,3,43,1
2020-11-17,3340,243,488,2815,37,1,3,44,1
2020-11-18,3387,244,491,2859,37,1,3,44,1
2020-11-19,3435,245,494,2903,38,1,3,44,1
2020-11-20,3482,246,497,2947,38,1,3,45,1
2020-11-21,3531,246,500,2992,39,1,3,45,1
2020-11-22,3580,247,503,3037,40,1,3,45,1
2020-11-23,3628,247,506,3082,40,0,3,45,1
2020-11-24,3677,248,508,3128,41,0,2,46,1
2020-11-25,3725,248,511,3173,41,0,2,46,1
2020-11-26,3774,249,513,3219,42,0,2,46,1
2020-11-27,3822,249,515,3265,42,0,2,46,1
2020-11-28,3872,249,517,3312,43,0,2,46,1
2020-11-29,3921,249,519,3358,44,0,2,47,1
2020-11-30,3969,249,520,3405,44,0,2,47,1
2020-12-01,4019,249,522,3452,45,0,1,47,1
2020-12-02,4067,249,523,3498,46,0,1,47,1
2020-12-03,4115,249,524,3545,46,0,1,47,1
2020-12-04,4164,248,525,3592,47,0,1,47,1
2020-12-05,4213,248,526,3640,47,0,1,47,1
2020-12-06,4262,247,527,3687,48,0,1,47,1
2020-12-07,4310,247,527,3734,49,0,0,47,1
2020-12-08,4358,246,528,3781,49,0,0,47,1
2020-12-09,4407,245,528,3829,50,0,0,47,1
2020-12-10,4454,245,528,3876,50,0,0,47,1
2020-12-11,4503,244,528,3924,51,0,0,47,1
2020-12-12,4551,243,528,3971,52,0,0,47,1
2020-12-13,4597,242,527,4018,52,0,0,47,1
2020-12-14,4646,241,527,4066,53,0,0,47,1
2020-12-15,4693,240,526,4113,54,0,0,47,1
2020-12-16,4739,239,525,4160,54,0,0,47,1
2020-12-17,4786,237,524,4207,55,0,0,47,1
2020-12-18,4832,236,523,4254,55,0,0,47,1
2020-12-19,4879,235,522,4301,56,0,0,47,1
2020-12-20,4925,233,520,4348,57,0,0,47,1
2020-12-21,4969,232,518,4394,57,0,0,47,1
2020-12-22,5016,230,517,4441,58,0,0,46,1
2020-12-23,5060,228,515,4487,58,0,0,46,1
2020-12-24,5105,227,513,4533,59,0,0,46,1
2020-12-25,5150,225,511,4579,60,0,0,46,1
2020-12-26,5193,223,508,4625,60,0,0,46,1
2020-12-27,5237,222,506,4670,61,0,0,45,1
2020-12-28,5280,220,503,4716,61,0,0,45,1
2020-12-29,5323,218,500,4761,62,0,0,45,1
2020-12-30,5367,216,498,4806,63,0,0,45,1
2020-12-31,5408,214,495,4850,63,0,0,44,1
2021-01-01,5450,212,492,4894,64,0,0,44,1
2021-01-02,5490,210,488,4938,64,0,0,44,1
2021-01-03,5532,208,485,4982,65,0,0,44,1
2021-01-04,5573,206,482,5026,65,0,0,43,1
2021-01-05,5613,203,478,5069,66,0,0,43,1
2021-01-06,5654,201,475,5112,67,0,0,43,1
2021-01-07,5692,199,471,5154,67,0,0,42,1
2021-01-08,5731,197,467,5196,68,0,0,42,1
2021-01-09,5769,195,463,5238,68,0,0,42,1
2021-01-10,5807,192,459,5279,69,0,0,41,1
2021-01-11,5844,190,455,5320,69,0,0,41,1
2021-01-12,5882,188,451,5361,70,0,0,40,1
2021-01-13,5918,186,447,5401,70,0,0,40,1
2021-01-14,5955,183,443,5441,71,0,0,40,1
2021-01-15,5990,181,438,5481,71,0,0,39,1
2021-01-16,6026,179,434,5520,72,0,0,39,1
2021-01-17,6060,176,429,5559,72,0,0,39,1
2021-01-18,6095,174,425,5597,73,0,0,38,0
2021-01-19,6128,172,420,5635,73,0,0,38,0
2021-01-20,6163,169,416,5673,74,0,0,37,0
2021-01-21,6195,167,411,5710,74,0,0,37,0
2021-01-22,6229,165,407,5747,75,0,0,36,0
2021-01-23,6260,162,402,5783,75,0,0,36,0
2021-01-24,6292,160,397,5819,76,0,0,36,0
2021-01-25,6323,158,392,5855,76,0,0,35,0
2021-01-26,6355,155,388,5890,77,0,0,35,0
2021-01-27,6384,153,383,5924,77,0,0,34,0
2021-01-28,6414,151,378,5958,78,0,0,34,0
2021-01-29,6443,148,373,5992,78,0,0,33,0
2021-01-30,6471,146,368,6025,78,0,0,33,0
2021-01-31,6500,144,363,6058,79,0,0,33,0
2021-02-01,6529,141,359,6091,79,0,0,32,0
2021-02-02,6557,139,354,6123,80,0,0,32,0
2021-02-03,6583,137,349,6154,80,0,0,31,0
2021-02-04,6610,135,344,6186,80,0,0,31,0
2021-02-05,6636,132,339,6216,81,0,0,30,0
2021-02-06,6661,130,334,6246,81,0,0,30,0
2021-02-07,6687,128,329,6276,82,0,0,30,0
2021-02-08,6713,126,325,6306,82,0,0,29,0
2021-02-09,6737,124,320,6335,82,0,0,29,0
2021-02-10,6761,122,315,6363,83,0,0,28,0
2021-02-11,6784,120,310,6391,83,0,0,28,0
2021-02-12,6809,118,306,6419,84,0,0,27,0
2021-02-13,6831,115,301,6446,84,0,0,27,0
2021-02-14,6853,113,296,6473,84,0,0,27,0
2021-02-15,6876,111,291,6500,85,0,0,26,0
2021-02-16,6898,109,287,6526,85,0,0,26,0
2021-02-17,6918,107,282,6551,85,0,0,25,0
2021-02-18,6940,106,278,6576,86,0,0,25,0
2021-02-19,6960,104,273,6601,86,0,0,25,0
2021-02-20,6980,102,269,6625,86,0,0,24,0
2021-02-21,7000,100,264,6649,87,0,0,24,0
2021-02-22,7020,98,260,6673,87,0,0,23,0
2021-02-23,7038,96,255,6696,87,0,0,23,0
2021-02-24,7057,94,251,6719,87,0,0,23,0
2021-02-25,7076,93,247,6741,88,0,0,22,0
2021-02-26,7093,91,242,6763,88,0,0,22,0
2021-02-27,7111,89,238,6785,88,0,0,21,0
2021-02-28,7129,87,234,6806,89,0,0,21,0
2021-03-01,7146,86,230,6827,89,0,0,21,0
2021-03-02,7162,84,226,6847,89,0,0,20,0
2021-03-03,7179,82,222,6868,89,0,0,20,0
2021-03-04,7195,81,218,6887,90,0,0,20,0
2021-03-05,7211,79,214,6907,90,0,0,19,0
2021-03-06,7226,78,210,6926,90,0,0,19,0
2021-03-07,7240,76,206,6944,90,0,0,18,0
2021-03-08,7256,75,202,6963,91,0,0,18,0
2021-03-09,7271,73,199,6981,91,0,0,18,0
2021-03-10,7285,72,195,6999,91,0,0,17,0
2021-03-11,7298,70,191,7016,91,0,0,17,0
2021-03-12,7313,69,188,7033,92,0,0,17,0
2021-03-13,7326,67,184,7050,92,0,0,17,0
2021-03-14,7339,66,181,7066,92,0,0,16,0
2021-03-15,7351,65,177,7082,92,0,0,16,0
2021-03-16,7364,63,174,7098,92,0,0,16,0
2021-03-17,7376,62,170,7113,93,0,0,15,0
2021-03-18,7389,61,167,7129,93,0,0,15,0
2021-03-19,7400,60,164,7143,93,0,0,15,0
2021-03-20,7412,58,161,7158,93,0,0,14,0
2021-03-21,7422,57,157,7172,93,0,0,14,0
2021-03-22,7434,56,154,7186,94,0,0,14,0
2021-03-23,7445,55,151,7200,94,0,0,14,0
2021-03-24,7456,54,148,7214,94,0,0,13,0
2021-03-25,7466,53,145,7227,94,0,0,13,0
2021-03-26,7476,51,142,7240,94,0,0,13,0
2021-03-27,7487,50,140,7253,94,0,0,13,0
2021-03-28,7497,49,137,7265,95,0,0,12,0
2021-03-29,7506,48,134,7277,95,0,0,12,0
2021-03-30,7515,47,131,7289,95,0,0,12,0
2021-03-31,7525,46,129,7301,95,0,0,12,0
2021-04-01,7533,45,126,7312,95,0,0,11,0
2021-04-02,7541,44,123,7323,95,0,0,11,0
2021-04-03,7550,43,121,7334,95,0,0,11,0
2021-04-04,7559,42,118,7345,96,0,0,11,0
2021-04-05,7568,41,116,7356,96,0,0,10,0
2021-04-06,7576,41,114,7366,96,0,0,10,0
2021-04-07,7583,40,111,7376,96,0,0,10,0
2021-04-08,7591,39,109,7386,96,0,0,10,0
2021-04-09,7599,38,107,7396,96,0,0,10,0
2021-04-10,7605,37,104,7405,96,0,0,9,0
2021-04-11,7613,36,102,7415,96,0,0,9,0
2021-04-12,7621,36,100,7424,97,0,0,9,0
2021-04-13,7628,35,98,7433,97,0,0,9,0
2021-04-14,7634,34,96,7441,97,0,0,9,0
2021-04-15,7641,33,94,7450,97,0,0,8,0
2021-04-16,7647,33,92,7458,97,0,0,8,0
2021-04-17,7653,32,90,7466,97,0,0,8,0
2021-04-18,7659,31,88,7474,97,0,0,8,0
2021-04-19,7665,30,86,7482,97,0,0,8,0
2021-04-20,7671,30,84,7490,97,0,0,8,0
2021-04-21,7678,29,83,7497,98,0,0,7,0
2021-04-22,7684,29,81,7505,98,0,0,7,0
2021-04-23,7689,28,79,7512,98,0,0,7,0
2021-04-24,7694,27,77,7519,98,0,0,7,0
2021-04-25,7700,27,76,7526,98,0,0,7,0
2021-04-26,7705,26,74,7533,98,0,0,7,0
2021-04-27,7709,25,72,7539,98,0,0,6,0
2021-04-28,7715,25,71,7546,98,0,0,6,0
2021-04-29,7719,24,69,7552,98,0,0,6,0
2021-04-30,7724,24,68,7558,98,0,0,6,0
2021-05-01,7728,23,66,7564,98,0,0,6,0
2021-05-02,7734,23,65,7570,99,0,0,6,0
2021-05-03,7738,22,63,7576,99,0,0,6,0
2021-05-04,7742,22,62,7581,99,0,0,6,0
2021-05-05,7747,21,61,7587,99,0,0,5,0
2021-05-06,7750,21,59,7592,99,0,0,5,0
2021-05-07,7755,20,58,7598,99,0,0,5,0
2021-05-08,7759,20,57,7603,99,0,0,5,0
2021-05-09,7763,19,56,7608,99,0,0,5,0
2021-05-10,7766,19,54,7613,99,0,0,5,0
2021-05-11,7770,19,53,7618,99,0,0,5,0
2021-05-12,7773,18,52,7622,99,0,0,5,0
2021-05-13,7777,18,51,7627,99,0,0,5,0
2021-05-14,7781,17,50,7632,99,0,0,4,0
2021-05-15,7784,17,49,7636,99,0,0,4,0
2021-05-16,7786,17,47,7640,99,0,0,4,0
2021-05-17,7790,16,46,7645,99,0,0,4,0
2021-05-18,7794,16,45,7649,100,0,0,4,0
2021-05-19,7797,15,44,7653,100,0,0,4,0
2021-05-20,7800,15,43,7657,100,0,0,4,0
2021-05-21,7802,15,42,7660,100,0,0,4,0
2021-05-22,7805,14,41,7664,100,0,0,4,0
2021-05-23,7809,14,41,7668,100,0,0,4,0
2021-05-24,7812,14,40,7672,100,0,0,4,0
2021-05-25,7814,13,39,7675,100,0,0,3,0
2021-05-26,7817,13,38,7679,100,0,0,3,0
2021-05-27,7819,13,37,7682,100,0,0,3,0
2021-05-28,7821,13,36,7685,100,0,0,3,0
2021-05-29,7823,12,35,7688,100,0,0,3,0
2021-05-30,7827,12,35,7692,100,0,0,3,0
2021-05-31,7829,12,34,7695,100,0,0,3,0
2021-06-01,7831,11,33,7698,100,0,0,3,0
2021-06-02,7833,11,32,7701,100,0,0,3,0
2021-06-03,7835,11,32,7703,100,0,0,3,0
2021-06-04,7837,11,31,7706,100,0,0,3,0
2021-06-05,7839,10,30,7709,100,0,0,3,0
2021-06-06,7841,10,29,7712,100,0,0,3,0
2021-06-07,7843,10,29,7714,100,0,0,3,0
2021-06-08,7845,10,28,7717,100,0,0,3,0
2021-06-09,7847,10,28,7719,100,0,0,2,0
2021-06-10,7849,9,27,7722,100,0,0,2,0
2021-06-11,7851,9,26,7724,101,0,0,2,0
2021-06-12,7854,9,26,7727,101,0,0,2,0
2021-06-13,7855,9,25,7729,101,0,0,2,0
2021-06-14,7857,9,25,7731,101,0,0,2,0
2021-06-15,7858,8,24,7733,101,0,0,2,0
2021-06-16,7859,8,23,7735,101,0,0,2,0
2021-06-17,7861,8,23,7737,101,0,0,2,0
2021-06-18,7863,8,22,7740,101,0,0,2,0
2021-06-19,7864,8,22,7741,101,0,0,2,0
2021-06-20,7865,7,21,7743,101,0,0,2,0
2021-06-21,7867,7,21,7745,101,0,0,2,0
2021-06-22,7868,7,20,7747,101,0,0,2,0
2021-06-23,7870,7,20,7749,101,0,0,2,0
2021-06-24,7871,7,19,7751,101,0,0,2,0
2021-06-25,7873,7,19,7753,101,0,0,2,0
2021-06-26,7874,6,19,7754,101,0,0,2,0
2021-06-27,7875,6,18,7756,101,0,0,2,0
2021-06-28,7876,6,18,7757,101,0,0,2,0
2021-06-29,7877,6,17,7759,101,0,0,2,0
2021-06-30,7879,6,17,7761,101,0,0,2,0
2021-07-01,7880,6,17,7762,101,0,0,1,0
2021-07-02,7881,6,16,7764,101,0,0,1,0
2021-07-03,7882,5,16,7765,101,0,0,1,0
2021-07-04,7882,5,15,7766,101,0,0,1,0
2021-07-05,7884,5,15,7768,101,0,0,1,0
2021-07-06,7885,5,15,7769,101,0,0,1,0
2021-07-07,7885,5,14,7770,101,0,0,1,0
2021-07-08,7887,5,14,7772,101,0,0,1,0
2021-07-09,7888,5,14,7773,101,0,0,1,0
2021-07-10,7888,5,13,7774,101,0,0,1,0
2021-07-11,7889,5,13,7775,101,0,0,1,0
2021-07-12,7891,4,13,7777,101,0,0,1,0
2021-07-13,7892,4,13,7778,101,0,0,1,0
