Date,Infected,Exposed,Active,Recovered,Deaths,Diff Exposed,Diff Active,Diff Recovered,Diff Deaths
2020-06-23,1842,428,490,1344,8,0,39,44,0
2020-06-24,1924,402,526,1390,8,0,31,48,0
2020-06-25,2001,384,555,1438,8,0,25,50,0
2020-06-26,2076,372,578,1489,9,0,20,52,0
2020-06-27,2148,364,597,1542,9,0,17,54,0
2020-06-28,2219,360,613,1597,9,0,15,55,0
2020-06-29,2290,357,627,1653,10,0,13,57,0
2020-06-30,2360,357,640,1710,10,0,12,58,0
2020-07-01,2429,357,651,1768,10,1,11,59,0
2020-07-02,2500,359,662,1827,11,2,10,60,0
2020-07-03,2570,361,672,1887,11,2,10,61,0
2020-07-04,2640,364,681,1948,11,3,9,62,0
2020-07-05,2712,367,690,2010,12,3,9,62,0
2020-07-06,2784,370,699,2073,12,3,9,63,0
2020-07-07,2856,373,708,2136,12,4,9,64,0
2020-07-08,2931,377,717,2201,13,4,9,65,0
2020-07-09,3005,380,726,2266,13,4,9,66,0
2020-07-10,3080,384,734,2332,14,4,9,66,0
2020-07-11,3155,388,743,2398,14,4,9,67,0
2020-07-12,3231,392,751,2466,14,4,8,68,0
2020-07-13,3309,395,760,2534,15,4,8,69,0
2020-07-14,3386,399,768,2603,15,4,8,69,0
2020-07-15,3465,403,777,2673,15,4,8,70,0
2020-07-16,3544,407,785,2743,16,4,8,71,0
2020-07-17,3623,410,793,2814,16,4,8,72,0
2020-07-18,3705,414,802,2886,17,4,8,72,0
2020-07-19,3786,418,810,2959,17,4,8,73,0
2020-07-20,3869,421,818,3033,18,4,8,74,0
2020-07-21,3951,425,826,3107,18,4,8,75,0
2020-07-22,4035,429,835,3182,18,4,8,75,0
2020-07-23,4120,432,843,3258,19,4,8,76,0
2020-07-24,4204,436,851,3334,19,3,8,77,0
2020-07-25,4290,439,859,3411,20,3,8,78,0
2020-07-26,4376,443,867,3489,20,3,8,78,0
2020-07-27,4464,446,875,3568,21,3,8,79,0
2020-07-28,4551,449,883,3647,21,3,8,80,0
2020-07-29,4640,453,891,3727,22,3,8,80,0
2020-07-30,4728,456,898,3808,22,3,8,81,0
2020-07-31,4818,459,906,3889,23,3,8,82,0
2020-08-01,4908,462,914,3971,23,3,8,83,0
2020-08-02,4998,465,921,4054,23,3,7,83,0
2020-08-03,5090,468,928,4138,24,3,7,84,0
2020-08-04,5182,471,936,4222,24,3,7,85,0
2020-08-05,5275,474,943,4307,25,3,7,85,0
2020-08-06,5367,477,950,4392,25,3,7,86,0
2020-08-07,5461,479,957,4478,26,3,7,87,1
2020-08-08,5555,482,964,4565,26,3,7,87,1
2020-08-09,5651,485,971,4653,27,3,7,88,1
2020-08-10,5746,487,978,4741,27,2,7,88,1
2020-08-11,5841,490,984,4829,28,2,7,89,1
2020-08-12,5937,492,991,4918,28,2,6,90,1
2020-08-13,6034,494,997,5008,29,2,6,90,1
2020-08-14,6131,496,1003,5098,30,2,6,91,1
2020-08-15,6228,498,1009,5189,30,2,6,91,1
2020-08-16,6327,500,1015,5281,31,2,6,92,1
2020-08-17,6425,502,1021,5373,31,2,6,92,1
2020-08-18,6524,504,1027,5465,32,2,6,93,1
2020-08-19,6622,506,1032,5558,32,2,5,93,1
2020-08-20,6722,508,1037,5652,33,2,5,94,1
2020-08-21,6822,509,1043,5746,33,2,5,94,1
2020-08-22,6922,511,1048,5840,34,1,5,95,1
2020-08-23,7022,512,1053,5935,34,1,5,95,1
2020-08-24,7122,514,1057,6030,35,1,5,96,1
2020-08-25,7223,515,1062,6126,35,1,4,96,1
2020-08-26,7324,516,1066,6222,36,1,4,96,1
2020-08-27,7425,517,1070,6318,37,1,4,97,1
2020-08-28,7526,518,1074,6415,37,1,4,97,1
2020-08-29,7629,519,1078,6513,38,1,4,97,1
2020-08-30,7730,520,1082,6610,38,1,4,98,1
2020-08-31,7832,520,1085,6708,39,1,3,98,1
2020-09-01,7933,521,1088,6806,39,0,3,98,1
2020-09-02,8037,521,1092,6905,40,0,3,99,1
2020-09-03,8139,522,1094,7004,41,0,3,99,1
2020-09-04,8241,522,1097,7103,41,0,3,99,1
2020-09-05,8344,522,1100,7202,42,0,2,99,1
2020-09-06,8445,522,1102,7301,42,0,2,100,1
2020-09-07,8548,522,1104,7401,43,0,2,100,1
2020-09-08,8650,522,1106,7501,43,0,2,100,1
2020-09-09,8753,522,1108,7601,44,0,2,100,1
2020-09-10,8855,521,1109,7701,45,0,1,100,1
2020-09-11,8956,521,1110,7801,45,0,1,100,1
2020-09-12,9059,520,1111,7902,46,0,1,100,1
2020-09-13,9160,520,1112,8002,46,0,1,101,1
2020-09-14,9263,519,1113,8103,47,0,1,101,1
2020-09-15,9365,518,1114,8203,48,0,0,101,1
2020-09-16,9466,517,1114,8304,48,0,0,101,1
2020-09-17,9568,516,1114,8405,49,0,0,101,1
2020-09-18,9668,515,1114,8505,49,0,0,101,1
2020-09-19,9769,514,1113,8606,50,0,0,101,1
2020-09-20,9870,512,1113,8707,50,0,0,101,1
2020-09-21,9970,511,1112,8807,51,0,0,101,1
2020-09-22,10071,510,1111,8908,52,0,0,100,1
2020-09-23,10170,508,1110,9008,52,0,0,100,1
2020-09-24,10270,506,1109,9108,53,0,0,100,1
2020-09-25,10368,505,1107,9208,53,0,0,100,1
2020-09-26,10467,503,1105,9308,54,0,0,100,1
2020-09-27,10566,501,1103,9408,55,0,0,100,1
2020-09-28,10664,499,1101,9508,55,0,0,100,1
2020-09-29,10762,497,1099,9607,56,0,0,99,1
2020-09-30,10859,495,1096,9707,56,0,0,99,1
2020-10-01,10956,492,1093,9806,57,0,0,99,1
2020-10-02,11052,490,1091,9904,57,0,0,99,1
2020-10-03,11148,488,1087,10003,58,0,0,98,1
2020-10-04,11244,485,1084,10101,59,0,0,98,1
2020-10-05,11339,483,1081,10199,59,0,0,98,1
2020-10-06,11433,480,1077,10296,60,0,0,97,1
2020-10-07,11527,478,1073,10394,60,0,0,97,1
2020-10-08,11620,475,1069,10490,61,0,0,97,1
2020-10-09,11713,472,1065,10587,61,0,0,96,1
2020-10-10,11806,469,1061,10683,62,0,0,96,1
2020-10-11,11897,466,1056,10779,62,0,0,95,1
2020-10-12,11989,463,1052,10874,63,0,0,95,1
2020-10-13,12080,460,1047,10969,64,0,0,95,1
2020-10-14,12169,457,1042,11063,64,0,0,94,1
2020-10-15,12259,454,1037,11157,65,0,0,94,1
2020-10-16,12347,451,1031,11251,65,0,0,93,1
2020-10-17,12436,448,1026,11344,66,0,0,93,1
2020-10-18,12523,444,1020,11437,66,0,0,92,1
2020-10-19,12611,441,1015,11529,67,0,0,92,1
2020-10-20,12696,438,1009,11620,67,0,0,91,1
2020-10-21,12782,434,1003,11711,68,0,0,91,1
2020-10-22,12867,431,997,11802,68,0,0,90,1
2020-10-23,12951,427,991,11891,69,0,0,90,1
2020-10-24,13034,424,984,11981,69,0,0,89,1
2020-10-25,13118,420,978,12070,70,0,0,88,1
2020-10-26,13199,417,971,12158,70,0,0,88,1
2020-10-27,13281,413,965,12245,71,0,0,87,1
2020-10-28,13361,409,958,12332,71,0,0,87,1
2020-10-29,13442,406,951,12419,72,0,0,86,0
2020-10-30,13520,402,944,12504,72,0,0,85,0
2020-10-31,13599,398,937,12589,73,0,0,85,0
2020-11-01,13677,395,930,12674,73,0,0,84,0
2020-11-02,13755,391,923,12758,74,0,0,83,0
2020-11-03,13831,387,916,12841,74,0,0,83,0
2020-11-04,13906,383,908,12923,75,0,0,82,0
2020-11-05,13981,380,901,13005,75,0,0,81,0
2020-11-06,14055,376,893,13086,76,0,0,81,0
2020-11-07,14129,372,886,13167,76,0,0,80,0
2020-11-08,14202,368,878,13247,77,0,0,79,0
2020-11-09,14274,364,871,13326,77,0,0,79,0
2020-11-10,14345,360,863,13404,78,0,0,78,0
2020-11-11,14415,357,855,13482,78,0,0,77,0
2020-11-12,14485,353,847,13559,79,0,0,77,0
2020-11-13,14553,349,839,13635,79,0,0,76,0
2020-11-14,14621,345,831,13711,79,0,0,75,0
2020-11-15,14690,341,824,13786,80,0,0,74,0
2020-11-16,14756,337,816,13860,80,0,0,74,0
2020-11-17,14822,334,808,13933,81,0,0,73,0
2020-11-18,14887,330,800,14006,81,0,0,72,0
2020-11-19,14952,326,792,14078,82,0,0,72,0
2020-11-20,15015,322,784,14149,82,0,0,71,0
2020-11-21,15077,318,775,14220,82,0,0,70,0
2020-11-22,15140,315,767,14290,83,0,0,69,0
2020-11-23,15201,311,759,14359,83,0,0,69,0
2020-11-24,15262,307,751,14427,84,0,0,68,0
2020-11-25,15322,303,743,14495,84,0,0,67,0
2020-11-26,15381,300,735,14562,84,0,0,66,0
2020-11-27,15440,296,727,14628,85,0,0,66,0
2020-11-28,15497,292,719,14693,85,0,0,65,0
2020-11-29,15554,289,711,14758,85,0,0,64,0
2020-11-30,15611,285,703,14822,86,0,0,64,0
2020-12-01,15666,281,695,14885,86,0,0,63,0
2020-12-02,15722,278,687,14948,87,0,0,62,0
2020-12-03,15776,274,679,15010,87,0,0,61,0
2020-12-04,15829,270,671,15071,87,0,0,61,0
2020-12-05,15882,267,663,15131,88,0,0,60,0
2020-12-06,15934,263,655,15191,88,0,0,59,0
2020-12-07,15985,260,647,15250,88,0,0,58,0
2020-12-08,16036,256,639,15308,89,0,0,58,0
2020-12-09,16085,253,631,15365,89,0,0,57,0
2020-12-10,16135,250,624,15422,89,0,0,56,0
2020-12-11,16184,246,616,15478,90,0,0,56,0
2020-12-12,16232,243,608,15534,90,0,0,55,0
2020-12-13,16279,239,601,15588,90,0,0,54,0
2020-12-14,16326,236,593,15642,91,0,0,54,0
2020-12-15,16372,233,585,15696,91,0,0,53,0
2020-12-16,16417,230,578,15748,91,0,0,52,0
2020-12-17,16462,226,570,15800,92,0,0,52,0
2020-12-18,16507,223,563,15852,92,0,0,51,0
2020-12-19,16549,220,555,15902,92,0,0,50,0
2020-12-20,16592,217,548,15952,92,0,0,50,0
2020-12-21,16636,214,541,16002,93,0,0,49,0
2020-12-22,16676,211,533,16050,93,0,0,48,0
2020-12-23,16717,207,526,16098,93,0,0,48,0
2020-12-24,16758,204,519,16145,94,0,0,47,0
2020-12-25,16798,201,512,16192,94,0,0,46,0
2020-12-26,16837,199,505,16238,94,0,0,46,0
2020-12-27,16876,196,498,16284,94,0,0,45,0
2020-12-28,16914,193,491,16328,95,0,0,44,0
2020-12-29,16952,190,484,16373,95,0,0,44,0
2020-12-30,16989,187,478,16416,95,0,0,43,0
2020-12-31,17025,184,471,16459,95,0,0,43,0
2021-01-01,17061,181,464,16501,96,0,0,42,0
2021-01-02,17097,179,458,16543,96,0,0,41,0
2021-01-03,17131,176,451,16584,96,0,0,41,0
2021-01-04,17165,173,444,16625,96,0,0,40,0
2021-01-05,17200,171,438,16665,97,0,0,40,0
2021-01-06,17233,168,432,16704,97,0,0,39,0
2021-01-07,17265,165,425,16743,97,0,0,38,0
2021-01-08,17297,163,419,16781,97,0,0,38,0
2021-01-09,17329,160,413,16819,97,0,0,37,0
2021-01-10,17361,158,407,16856,98,0,0,37,0
2021-01-11,17392,155,401,16893,98,0,0,36,0
2021-01-12,17422,153,395,16929,98,0,0,36,0
2021-01-13,17451,150,389,16964,98,0,0,35,0
2021-01-14,17480,148,383,16999,98,0,0,35,0
2021-01-15,17509,146,377,17033,99,0,0,34,0
2021-01-16,17538,143,372,17067,99,0,0,34,0
2021-01-17,17566,141,366,17101,99,0,0,33,0
2021-01-18,17594,139,361,17134,99,0,0,33,0
2021-01-19,17620,137,355,17166,99,0,0,32,0
2021-01-20,17648,135,350,17198,100,0,0,32,0
2021-01-21,17673,132,344,17229,100,0,0,31,0
2021-01-22,17699,130,339,17260,100,0,0,31,0
2021-01-23,17725,128,334,17291,100,0,0,30,0
2021-01-24,17749,126,328,17321,100,0,0,30,0
2021-01-25,17774,124,323,17350,101,0,0,29,0
2021-01-26,17798,122,318,17379,101,0,0,29,0
2021-01-27,17822,120,313,17408,101,0,0,28,0
2021-01-28,17845,118,308,17436,101,0,0,28,0
2021-01-29,17868,116,303,17464,101,0,0,27,0
2021-01-30,17891,114,299,17491,101,0,0,27,0
2021-01-31,17913,112,294,17518,101,0,0,27,0
2021-02-01,17935,110,289,17544,102,0,0,26,0
2021-02-02,17957,109,285,17570,102,0,0,26,0
2021-02-03,17978,107,280,17596,102,0,0,25,0
2021-02-04,17999,105,276,17621,102,0,0,25,0
2021-02-05,18019,103,271,17646,102,0,0,25,0
2021-02-06,18039,102,267,17670,102,0,0,24,0
2021-02-07,18059,100,262,17694,103,0,0,24,0
2021-02-08,18079,98,258,17718,103,0,0,23,0
2021-02-09,18098,97,254,17741,103,0,0,23,0
2021-02-10,18117,95,250,17764,103,0,0,23,0
2021-02-11,18135,93,246,17786,103,0,0,22,0
2021-02-12,18153,92,242,17808,103,0,0,22,0
2021-02-13,18171,90,238,17830,103,0,0,21,0
2021-02-14,18188,89,234,17851,103,0,0,21,0
2021-02-15,18206,87,230,17872,104,0,0,21,0
2021-02-16,18223,86,226,17893,104,0,0,20,0
2021-02-17,18240,84,223,17913,104,0,0,20,0
2021-02-18,18256,83,219,17933,104,0,0,20,0
2021-02-19,18272,81,215,17953,104,0,0,19,0
2021-02-20,18288,80,212,17972,104,0,0,19,0
2021-02-21,18303,79,208,17991,104,0,0,19,0
2021-02-22,18319,77,205,18010,104,0,0,18,0
2021-02-23,18333,76,201,18028,104,0,0,18,0
2021-02-24,18349,75,198,18046,105,0,0,18,0
2021-02-25,18364,73,195,18064,105,0,0,18,0
2021-02-26,18378,72,191,18082,105,0,0,17,0
2021-02-27,18392,71,188,18099,105,0,0,17,0
2021-02-28,18406,70,185,18116,105,0,0,17,0
2021-03-01,18419,68,182,18132,105,0,0,16,0
2021-03-02,18433,67,179,18149,105,0,0,16,0
2021-03-03,18446,66,176,18165,105,0,0,16,0
2021-03-04,18458,65,173,18180,105,0,0,16,0
2021-03-05,18471,64,170,18196,105,0,0,15,0
2021-03-06,18483,63,167,18211,105,0,0,15,0
2021-03-07,18496,62,164,18226,106,0,0,15,0
2021-03-08,18508,61,161,18241,106,0,0,15,0
2021-03-09,18519,60,158,18255,106,0,0,14,0
2021-03-10,18532,59,156,18270,106,0,0,14,0
2021-03-11,18543,57,153,18284,106,0,0,14,0
2021-03-12,18553,56,150,18297,106,0,0,14,0
2021-03-13,18565,55,148,18311,106,0,0,13,0
2021-03-14,18575,55,145,18324,106,0,0,13,0
2021-03-15,18586,54,143,18337,106,0,0,13,0
2021-03-16,18596,53,140,18350,106,0,0,13,0
2021-03-17,18607,52,138,18363,106,0,0,12,0
2021-03-18,18617,51,136,18375,106,0,0,12,0
2021-03-19,18627,50,133,18387,107,0,0,12,0
2021-03-20,18637,49,131,18399,107,0,0,12,0
2021-03-21,18647,48,129,18411,107,0,0,12,0
2021-03-22,18655,47,126,18422,107,0,0,11,0
2021-03-23,18665,46,124,18434,107,0,0,11,0
2021-03-24,18674,46,122,18445,107,0,0,11,0
2021-03-25,18683,45,120,18456,107,0,0,11,0
2021-03-26,18692,44,118,18467,107,0,0,11,0
2021-03-27,18700,43,116,18477,107,0,0,10,0
2021-03-28,18709,43,114,18488,107,0,0,10,0
2021-03-29,18717,42,112,18498,107,0,0,10,0
2021-03-30,18725,41,110,18508,107,0,0,10,0
2021-03-31,18733,40,108,18518,107,0,0,10,0
2021-04-01,18740,40,106,18527,107,0,0,10,0
2021-04-02,18748,39,104,18537,107,0,0,9,0
2021-04-03,18755,38,102,18546,107,0,0,9,0
2021-04-04,18762,37,100,18555,107,0,0,9,0
2021-04-05,18771,37,99,18564,108,0,0,9,0
2021-04-06,18778,36,97,18573,108,0,0,9,0
2021-04-07,18785,36,95,18582,108,0,0,9,0
2021-04-08,18793,35,94,18591,108,0,0,8,0
2021-04-09,18799,34,92,18599,108,0,0,8,0
2021-04-10,18805,34,90,18607,108,0,0,8,0
2021-04-11,18812,33,89,18615,108,0,0,8,0
2021-04-12,18818,32,87,18623,108,0,0,8,0
2021-04-13,18825,32,86,18631,108,0,0,8,0
2021-04-14,18831,31,84,18639,108,0,0,8,0
2021-04-15,18837,31,83,18646,108,0,0,7,0
2021-04-16,18843,30,81,18654,108,0,0,7,0
2021-04-17,18849,30,80,18661,108,0,0,7,0
2021-04-18,18854,29,78,18668,108,0,0,7,0
2021-04-19,18860,29,77,18675,108,0,0,7,0
2021-04-20,18865,28,75,18682,108,0,0,7,0
2021-04-21,18871,28,74,18689,108,0,0,7,0
2021-04-22,18876,27,73,18695,108,0,0,7,0
2021-04-23,18882,27,72,18702,108,0,0,6,0
2021-04-24,18886,26,70,18708,108,0,0,6,0
2021-04-25,18892,26,69,18715,108,0,0,6,0
2021-04-26,18897,25,68,18721,108,0,0,6,0
2021-04-27,18902,25,67,18727,108,0,0,6,0
2021-04-28,18907,24,65,18733,109,0,0,6,0
2021-04-29,18912,24,64,18739,109,0,0,6,0
2021-04-30,18917,23,63,18745,109,0,0,6,0
2021-05-01,18921,23,62,18750,109,0,0,6,0
2021-05-02,18926,23,61,18756,109,0,0,5,0
2021-05-03,18930,22,60,18761,109,0,0,5,0
2021-05-04,18935,22,59,18767,109,0,0,5,0
2021-05-05,18939,21,58,18772,109,0,0,5,0
2021-05-06,18943,21,57,18777,109,0,0,5,0
2021-05-07,18947,21,56,18782,109,0,0,5,0
2021-05-08,18951,20,55,18787,109,0,0,5,0
2021-05-09,18955,20,54,18792,109,0,0,5,0
2021-05-10,18959,20,53,18797,109,0,0,5,0
2021-05-11,18963,19,52,18802,109,0,0,5,0
2021-05-12,18966,19,51,18806,109,0,0,5,0
2021-05-13,18970,18,50,18811,109,0,0,5,0
2021-05-14,18973,18,49,18815,109,0,0,4,0
2021-05-15,18977,18,48,18820,109,0,0,4,0
2021-05-16,18980,17,47,18824,109,0,0,4,0
2021-05-17,18983,17,46,18828,109,0,0,4,0
2021-05-18,18986,17,45,18832,109,0,0,4,0
2021-05-19,18990,17,45,18836,109,0,0,4,0
2021-05-20,18993,16,44,18840,109,0,0,4,0
2021-05-21,18996,16,43,18844,109,0,0,4,0
2021-05-22,18999,16,42,18848,109,0,0,4,0
2021-05-23,19003,15,42,18852,109,0,0,4,0
2021-05-24,19006,15,41,18856,109,0,0,4,0
2021-05-25,19008,15,40,18859,109,0,0,4,0
2021-05-26,19011,15,39,18863,109,0,0,4,0
2021-05-27,19015,14,39,18867,109,0,0,3,0
2021-05-28,19017,14,38,18870,109,0,0,3,0
2021-05-29,19019,14,37,18873,109,0,0,3,0
2021-05-30,19023,14,37,18877,109,0,0,3,0
2021-05-31,19025,13,36,18880,109,0,0,3,0
2021-06-01,19027,13,35,18883,109,0,0,3,0
2021-06-02,19030,13,35,18886,109,0,0,3,0
2021-06-03,19032,13,34,18889,109,0,0,3,0
2021-06-04,19035,12,33,18893,109,0,0,3,0
2021-06-05,19038,12,33,18896,109,0,0,3,0
2021-06-06,19039,12,32,18898,109,0,0,3,0
2021-06-07,19042,12,32,18901,109,0,0,3,0
2021-06-08,19045,11,31,18904,110,0,0,3,0
2021-06-09,19047,11,30,18907,110,0,0,3,0
2021-06-10,19050,11,30,18910,110,0,0,3,0
2021-06-11,19051,11,29,18912,110,0,0,3,0
2021-06-12,19054,11,29,18915,110,0,0,3,0
2021-06-13,19056,10,28,18918,110,0,0,3,0
2021-06-14,19058,10,28,18920,110,0,0,3,0
2021-06-15,19060,10,27,18923,110,0,0,2,0
2021-06-16,19062,10,27,18925,110,0,0,2,0
2021-06-17,19063,10,26,18927,110,0,0,2,0
2021-06-18,19066,10,26,18930,110,0,0,2,0
