Date,Infected,Exposed,Active,Recovered,Deaths,Diff Exposed,Diff Active,Diff Recovered,Diff Deaths
2020-07-09,14,20,2,12,0,0,4,0,0
2020-07-10,17,17,5,12,0,0,3,0,0
2020-07-11,21,15,8,13,0,0,2,1,0
2020-07-12,24,13,10,14,0,0,2,1,0
2020-07-13,26,12,11,15,0,0,1,1,0
2020-07-14,29,11,13,16,0,0,1,1,0
2020-07-15,31,11,14,17,0,0,1,1,0
2020-07-16,33,11,15,18,0,0,1,1,0
2020-07-17,34,11,15,19,0,0,1,1,0
2020-07-18,37,11,16,21,0,0,1,1,0
2020-07-19,39,11,17,22,0,0,1,2,0
2020-07-20,41,11,17,24,0,0,1,2,0
2020-07-21,43,11,18,25,0,0,1,2,0
2020-07-22,46,12,19,27,0,0,1,2,0
2020-07-23,48,12,19,29,0,0,1,2,0
2020-07-24,50,12,20,30,0,0,1,2,0
2020-07-25,52,13,20,32,0,0,1,2,0
2020-07-26,55,13,21,34,0,0,1,2,0
2020-07-27,58,14,22,36,0,0,1,2,0
2020-07-28,60,14,22,38,0,0,1,2,0
2020-07-29,63,14,23,40,0,0,1,2,0
2020-07-30,66,15,24,42,0,0,1,2,0
2020-07-31,69,15,25,44,0,0,1,2,0
2020-08-01,72,16,25,47,0,0,1,2,0
2020-08-02,75,16,26,49,0,0,1,2,0
2020-08-03,78,17,27,51,0,1,1,2,0
2020-08-04,82,17,28,54,0,1,1,3,0
2020-08-05,85,18,29,56,0,1,1,3,0
2020-08-06,89,18,30,59,0,1,1,3,0
2020-08-07,93,19,31,62,0,1,1,3,0
2020-08-08,96,19,31,65,0,1,1,3,0
2020-08-09,99,20,32,67,0,1,1,3,0
2020-08-10,103,21,33,70,0,1,1,3,0
2020-08-11,107,21,34,73,0,1,1,3,0
2020-08-12,112,22,35,77,0,1,1,3,0
2020-08-13,117,23,37,80,0,1,1,3,0
2020-08-14,122,23,38,83,1,1,1,3,0
2020-08-15,127,24,39,87,1,1,1,4,0
2020-08-16,131,25,40,90,1,1,1,4,0
2020-08-17,136,25,41,94,1,1,1,4,0
2020-08-18,141,26,42,98,1,1,1,4,0
2020-08-19,146,27,44,101,1,1,1,4,0
2020-08-20,151,28,45,105,1,1,1,4,0
2020-08-21,157,29,46,110,1,1,1,4,0
2020-08-22,163,30,48,114,1,1,1,4,0
2020-08-23,168,30,49,118,1,1,1,4,0
2020-08-24,175,31,51,123,1,1,2,5,0
2020-08-25,180,32,52,127,1,1,2,5,0
2020-08-26,187,33,54,132,1,1,2,5,0
2020-08-27,194,34,56,137,1,1,2,5,0
2020-08-28,200,35,57,142,1,1,2,5,0
2020-08-29,207,36,59,147,1,1,2,5,0
2020-08-30,215,37,61,153,1,1,2,5,0
2020-08-31,221,38,62,158,1,1,2,6,0
2020-09-01,229,39,64,164,1,1,2,6,0
2020-09-02,237,41,66,170,1,1,2,6,0
2020-09-03,245,42,68,176,1,1,2,6,0
2020-09-04,253,43,70,182,1,1,2,6,0
2020-09-05,262,44,72,189,1,1,2,7,0
2020-09-06,270,46,74,195,1,1,2,7,0
2020-09-07,280,47,77,202,1,1,2,7,0
2020-09-08,289,48,79,209,1,1,2,7,0
2020-09-09,298,50,81,216,1,1,2,7,0
2020-09-10,308,51,83,224,1,1,2,8,0
2020-09-11,318,52,86,231,1,1,2,8,0
2020-09-12,328,54,88,239,1,1,3,8,0
2020-09-13,340,55,91,247,2,2,3,8,0
2020-09-14,351,57,94,255,2,2,3,8,0
2020-09-15,362,58,96,264,2,2,3,9,0
2020-09-16,374,60,99,273,2,2,3,9,0
2020-09-17,386,62,102,282,2,2,3,9,0
2020-09-18,398,63,105,291,2,2,3,9,0
2020-09-19,411,65,108,301,2,2,3,10,0
2020-09-20,423,67,111,310,2,2,3,10,0
2020-09-21,437,69,114,321,2,2,3,10,0
2020-09-22,450,71,117,331,2,2,3,11,0
2020-09-23,464,73,120,342,2,2,3,11,0
2020-09-24,479,74,124,353,2,2,3,11,0
2020-09-25,493,76,127,364,2,2,3,11,0
2020-09-26,507,78,130,375,2,2,4,12,0
2020-09-27,523,81,134,387,2,2,4,12,0
2020-09-28,540,83,138,400,2,2,4,12,0
2020-09-29,556,85,141,412,3,2,4,13,0
2020-09-30,573,87,145,425,3,2,4,13,0
2020-10-01,590,89,149,438,3,2,4,13,0
2020-10-02,608,91,153,452,3,2,4,14,0
2020-10-03,626,94,157,466,3,2,4,14,0
2020-10-04,644,96,161,480,3,2,4,15,0
2020-10-05,663,98,165,495,3,2,4,15,0
2020-10-06,683,101,170,510,3,2,4,15,0
2020-10-07,702,103,174,525,3,2,4,16,0
2020-10-08,723,106,179,541,3,3,5,16,0
2020-10-09,744,108,183,558,3,3,5,17,0
2020-10-10,766,111,188,574,4,3,5,17,0
2020-10-11,787,114,192,591,4,3,5,17,0
2020-10-12,810,116,197,609,4,3,5,18,0
2020-10-13,833,119,202,627,4,3,5,18,0
2020-10-14,856,122,207,645,4,3,5,19,0
2020-10-15,880,124,212,664,4,3,5,19,0
2020-10-16,905,127,217,684,4,3,5,20,0
2020-10-17,930,130,223,703,4,3,5,20,0
2020-10-18,956,133,228,724,4,3,5,21,0
2020-10-19,982,136,233,744,5,3,5,21,0
2020-10-20,1010,139,239,766,5,3,5,22,0
2020-10-21,1036,142,244,787,5,3,6,22,0
2020-10-22,1065,145,250,810,5,3,6,23,0
2020-10-23,1092,148,255,832,5,3,6,23,0
2020-10-24,1122,150,261,856,5,3,6,24,0
2020-10-25,1152,153,267,880,5,3,6,24,0
2020-10-26,1183,157,273,904,6,3,6,25,0
2020-10-27,1214,160,279,929,6,3,6,25,0
2020-10-28,1245,163,285,954,6,3,6,26,0
2020-10-29,1277,166,291,980,6,3,6,26,0
2020-10-30,1309,169,297,1006,6,3,6,27,0
2020-10-31,1343,172,303,1034,6,3,6,27,0
2020-11-01,1377,175,309,1061,7,3,6,28,0
2020-11-02,1411,178,315,1089,7,3,6,28,0
2020-11-03,1446,181,321,1118,7,3,6,29,0
2020-11-04,1482,184,328,1147,7,3,6,30,0
2020-11-05,1518,187,334,1177,7,3,6,30,0
2020-11-06,1554,190,340,1207,7,3,6,31,0
2020-11-07,1593,193,347,1238,8,3,6,31,0
2020-11-08,1631,196,353,1270,8,3,6,32,0
2020-11-09,1669,199,359,1302,8,3,6,32,0
2020-11-10,1708,201,365,1335,8,3,6,33,0
2020-11-11,1748,204,372,1368,8,3,6,34,0
2020-11-12,1789,207,378,1402,9,3,6,34,0
2020-11-13,1829,210,384,1436,9,3,6,35,0
2020-11-14,1870,213,390,1471,9,3,6,35,0
2020-11-15,1912,215,397,1506,9,3,6,36,0
2020-11-16,1955,218,403,1542,10,3,6,36,0
2020-11-17,1998,220,409,1579,10,2,6,37,0
2020-11-18,2041,223,415,1616,10,2,6,37,0
2020-11-19,2085,225,421,1654,10,2,6,38,0
2020-11-20,2129,228,427,1692,10,2,6,39,0
2020-11-21,2174,230,432,1731,11,2,6,39,0
2020-11-22,2219,232,438,1770,11,2,6,40,0
2020-11-23,2265,234,444,1810,11,2,6,40,0
2020-11-24,2310,236,449,1850,11,2,5,41,0
2020-11-25,2358,238,455,1891,12,2,5,41,0
2020-11-26,2404,240,460,1932,12,2,5,42,0
2020-11-27,2451,242,465,1974,12,2,5,42,0
2020-11-28,2498,243,470,2016,12,2,5,42,0
2020-11-29,2547,245,475,2059,13,1,5,43,0
2020-11-30,2595,246,480,2102,13,1,5,43,0
2020-12-01,2642,247,484,2145,13,1,4,44,0
2020-12-02,2692,249,489,2189,14,1,4,44,0
2020-12-03,2741,250,493,2234,14,1,4,45,0
2020-12-04,2789,251,497,2278,14,1,4,45,0
2020-12-05,2838,252,501,2323,14,1,4,45,0
2020-12-06,2889,252,505,2369,15,1,4,46,0
2020-12-07,2937,253,508,2414,15,1,3,46,0
2020-12-08,2987,254,512,2460,15,0,3,46,0
2020-12-09,3038,254,515,2507,16,0,3,47,0
2020-12-10,3087,254,518,2553,16,0,3,47,0
2020-12-11,3136,254,520,2600,16,0,3,47,0
2020-12-12,3186,255,523,2647,16,0,2,47,0
2020-12-13,3237,254,525,2695,17,0,2,47,0
2020-12-14,3286,254,527,2742,17,0,2,48,0
2020-12-15,3336,254,529,2790,17,0,2,48,0
2020-12-16,3387,254,531,2838,18,0,1,48,0
2020-12-17,3436,253,532,2886,18,0,1,48,0
2020-12-18,3485,252,533,2934,18,0,1,48,0
2020-12-19,3534,252,534,2982,18,0,1,48,0
2020-12-20,3584,251,535,3030,19,0,1,48,0
2020-12-21,3633,250,535,3079,19,0,0,48,0
2020-12-22,3681,249,535,3127,19,0,0,48,0
2020-12-23,3730,247,535,3175,20,0,0,48,0
2020-12-24,3779,246,535,3224,20,0,0,48,0
2020-12-25,3827,245,535,3272,20,0,0,48,0
2020-12-26,3875,243,534,3320,21,0,0,48,0
2020-12-27,3923,241,533,3369,21,0,0,48,0
2020-12-28,3970,240,532,3417,21,0,0,48,0
2020-12-29,4016,238,530,3465,21,0,0,48,0
2020-12-30,4064,236,529,3513,22,0,0,48,0
2020-12-31,4109,234,527,3560,22,0,0,48,0
2021-01-01,4155,232,525,3608,22,0,0,47,0
2021-01-02,4200,230,522,3655,23,0,0,47,0
2021-01-03,4245,228,520,3702,23,0,0,47,0
2021-01-04,4289,225,517,3749,23,0,0,47,0
2021-01-05,4334,223,514,3796,24,0,0,46,0
2021-01-06,4377,221,511,3842,24,0,0,46,0
2021-01-07,4420,218,508,3888,24,0,0,46,0
2021-01-08,4463,216,505,3934,24,0,0,46,0
2021-01-09,4506,213,501,3980,25,0,0,45,0
2021-01-10,4547,211,497,4025,25,0,0,45,0
2021-01-11,4587,208,493,4069,25,0,0,45,0
2021-01-12,4628,205,489,4114,25,0,0,44,0
2021-01-13,4669,202,485,4158,26,0,0,44,0
2021-01-14,4708,200,480,4202,26,0,0,43,0
2021-01-15,4747,197,476,4245,26,0,0,43,0
2021-01-16,4786,194,471,4288,27,0,0,43,0
2021-01-17,4823,191,466,4330,27,0,0,42,0
2021-01-18,4860,188,461,4372,27,0,0,42,0
2021-01-19,4897,185,456,4414,27,0,0,41,0
2021-01-20,4934,183,451,4455,28,0,0,41,0
2021-01-21,4969,180,446,4495,28,0,0,40,0
2021-01-22,5004,177,441,4535,28,0,0,40,0
2021-01-23,5038,174,435,4575,28,0,0,39,0
2021-01-24,5073,171,430,4614,29,0,0,39,0
2021-01-25,5106,168,424,4653,29,0,0,38,0
2021-01-26,5138,165,418,4691,29,0,0,38,0
2021-01-27,5170,162,413,4728,29,0,0,37,0
2021-01-28,5202,159,407,4765,30,0,0,37,0
2021-01-29,5233,156,401,4802,30,0,0,36,0
2021-01-30,5263,154,395,4838,30,0,0,36,0
2021-01-31,5294,151,390,4874,30,0,0,35,0
2021-02-01,5323,148,384,4909,30,0,0,35,0
2021-02-02,5352,145,378,4943,31,0,0,34,0
2021-02-03,5380,142,372,4977,31,0,0,34,0
2021-02-04,5407,139,366,5010,31,0,0,33,0
2021-02-05,5434,137,360,5043,31,0,0,33,0
2021-02-06,5461,134,354,5076,31,0,0,32,0
2021-02-07,5487,131,348,5107,32,0,0,31,0
2021-02-08,5513,129,342,5139,32,0,0,31,0
2021-02-09,5537,126,336,5169,32,0,0,30,0
2021-02-10,5561,123,330,5199,32,0,0,30,0
2021-02-11,5586,121,325,5229,32,0,0,29,0
2021-02-12,5610,118,319,5258,33,0,0,29,0
2021-02-13,5633,116,313,5287,33,0,0,28,0
2021-02-14,5655,113,307,5315,33,0,0,28,0
2021-02-15,5676,111,301,5342,33,0,0,27,0
2021-02-16,5699,108,296,5370,33,0,0,27,0
2021-02-17,5719,106,290,5396,33,0,0,26,0
2021-02-18,5740,104,284,5422,34,0,0,26,0
2021-02-19,5761,101,279,5448,34,0,0,25,0
2021-02-20,5780,99,273,5473,34,0,0,25,0
2021-02-21,5799,97,268,5497,34,0,0,24,0
2021-02-22,5818,94,263,5521,34,0,0,24,0
2021-02-23,5836,92,257,5545,34,0,0,23,0
2021-02-24,5854,90,252,5568,34,0,0,23,0
2021-02-25,5872,88,247,5590,35,0,0,22,0
2021-02-26,5889,86,242,5612,35,0,0,22,0
2021-02-27,5906,84,237,5634,35,0,0,21,0
2021-02-28,5922,82,232,5655,35,0,0,21,0
2021-03-01,5938,80,227,5676,35,0,0,20,0
2021-03-02,5953,78,222,5696,35,0,0,20,0
2021-03-03,5968,76,217,5716,35,0,0,20,0
2021-03-04,5984,74,212,5736,36,0,0,19,0
2021-03-05,5999,73,208,5755,36,0,0,19,0
2021-03-06,6012,71,203,5773,36,0,0,18,0
2021-03-07,6026,69,198,5792,36,0,0,18,0
2021-03-08,6039,68,194,5809,36,0,0,18,0
2021-03-09,6053,66,190,5827,36,0,0,17,0
2021-03-10,6065,64,185,5844,36,0,0,17,0
2021-03-11,6077,63,181,5860,36,0,0,16,0
2021-03-12,6090,61,177,5877,36,0,0,16,0
2021-03-13,6101,60,173,5892,36,0,0,16,0
2021-03-14,6114,58,169,5908,37,0,0,15,0
2021-03-15,6125,57,165,5923,37,0,0,15,0
2021-03-16,6136,55,161,5938,37,0,0,15,0
2021-03-17,6146,54,157,5952,37,0,0,14,0
2021-03-18,6157,52,154,5966,37,0,0,14,0
2021-03-19,6167,51,150,5980,37,0,0,14,0
2021-03-20,6176,50,146,5993,37,0,0,13,0
2021-03-21,6187,49,143,6007,37,0,0,13,0
2021-03-22,6195,47,139,6019,37,0,0,13,0
2021-03-23,6205,46,136,6032,37,0,0,12,0
2021-03-24,6214,45,133,6044,37,0,0,12,0
2021-03-25,6224,44,130,6056,38,0,0,12,0
2021-03-26,6231,43,126,6067,38,0,0,11,0
2021-03-27,6240,42,123,6079,38,0,0,11,0
2021-03-28,6248,40,120,6090,38,0,0,11,0
2021-03-29,6256,39,117,6101,38,0,0,11,0
2021-03-30,6263,38,114,6111,38,0,0,10,0
2021-03-31,6270,37,111,6121,38,0,0,10,0
2021-04-01,6278,36,109,6131,38,0,0,10,0
2021-04-02,6285,35,106,6141,38,0,0,10,0
2021-04-03,6291,35,103,6150,38,0,0,9,0
2021-04-04,6299,34,101,6160,38,0,0,9,0
2021-04-05,6305,33,98,6169,38,0,0,9,0
2021-04-06,6312,32,96,6178,38,0,0,9,0
2021-04-07,6317,31,93,6186,38,0,0,8,0
2021-04-08,6323,30,91,6194,38,0,0,8,0
2021-04-09,6330,29,89,6203,38,0,0,8,0
2021-04-10,6335,29,86,6211,38,0,0,8,0
2021-04-11,6341,28,84,6218,39,0,0,8,0
2021-04-12,6347,27,82,6226,39,0,0,7,0
2021-04-13,6352,26,80,6233,39,0,0,7,0
2021-04-14,6357,26,78,6240,39,0,0,7,0
2021-04-15,6362,25,76,6247,39,0,0,7,0
2021-04-16,6367,24,74,6254,39,0,0,7,0
2021-04-17,6372,24,72,6261,39,0,0,6,0
2021-04-18,6376,23,70,6267,39,0,0,6,0
2021-04-19,6380,22,68,6273,39,0,0,6,0
2021-04-20,6384,22,66,6279,39,0,0,6,0
2021-04-21,6389,21,65,6285,39,0,0,6,0
2021-04-22,6393,21,63,6291,39,0,0,6,0
2021-04-23,6397,20,61,6297,39,0,0,6,0
2021-04-24,6401,20,60,6302,39,0,0,5,0
2021-04-25,6405,19,58,6308,39,0,0,5,0
2021-04-26,6409,19,57,6313,39,0,0,5,0
2021-04-27,6412,18,55,6318,39,0,0,5,0
2021-04-28,6416,18,54,6323,39,0,0,5,0
2021-04-29,6419,17,52,6328,39,0,0,5,0
2021-04-30,6422,17,51,6332,39,0,0,5,0
2021-05-01,6426,16,50,6337,39,0,0,4,0
2021-05-02,6428,16,48,6341,39,0,0,4,0
2021-05-03,6432,15,47,6346,39,0,0,4,0
2021-05-04,6435,15,46,6350,39,0,0,4,0
2021-05-05,6437,14,44,6354,39,0,0,4,0
2021-05-06,6440,14,43,6358,39,0,0,4,0
2021-05-07,6443,14,42,6362,39,0,0,4,0
2021-05-08,6445,13,41,6365,39,0,0,4,0
2021-05-09,6448,13,40,6369,39,0,0,4,0
2021-05-10,6451,13,39,6373,39,0,0,4,0
2021-05-11,6453,12,38,6376,39,0,0,3,0
2021-05-12,6457,12,37,6380,40,0,0,3,0
2021-05-13,6459,12,36,6383,40,0,0,3,0
2021-05-14,6461,11,35,6386,40,0,0,3,0
2021-05-15,6463,11,34,6389,40,0,0,3,0
2021-05-16,6465,11,33,6392,40,0,0,3,0
2021-05-17,6467,10,32,6395,40,0,0,3,0
2021-05-18,6469,10,31,6398,40,0,0,3,0
2021-05-19,6471,10,30,6401,40,0,0,3,0
2021-05-20,6473,10,30,6403,40,0,0,3,0
2021-05-21,6475,9,29,6406,40,0,0,3,0
2021-05-22,6477,9,28,6409,40,0,0,3,0
2021-05-23,6478,9,27,6411,40,0,0,2,0
2021-05-24,6480,9,26,6414,40,0,0,2,0
2021-05-25,6482,8,26,6416,40,0,0,2,0
2021-05-26,6483,8,25,6418,40,0,0,2,0
2021-05-27,6485,8,24,6421,40,0,0,2,0
2021-05-28,6487,8,24,6423,40,0,0,2,0
2021-05-29,6488,7,23,6425,40,0,0,2,0
2021-05-30,6489,7,22,6427,40,0,0,2,0
2021-05-31,6491,7,22,6429,40,0,0,2,0
2021-06-01,6492,7,21,6431,40,0,0,2,0
2021-06-02,6494,7,21,6433,40,0,0,2,0
2021-06-03,6495,6,20,6435,40,0,0,2,0
2021-06-04,6496,6,20,6436,40,0,0,2,0
2021-06-05,6497,6,19,6438,40,0,0,2,0
2021-06-06,6498,6,18,6440,40,0,0,2,0
2021-06-07,6499,6,18,6441,40,0,0,2,0
2021-06-08,6500,6,17,6443,40,0,0,2,0
2021-06-09,6502,5,17,6445,40,0,0,2,0
2021-06-10,6503,5,17,6446,40,0,0,1,0
2021-06-11,6504,5,16,6448,40,0,0,1,0
2021-06-12,6505,5,16,6449,40,0,0,1,0
2021-06-13,6505,5,15,6450,40,0,0,1,0
2021-06-14,6507,5,15,6452,40,0,0,1,0
2021-06-15,6507,5,14,6453,40,0,0,1,0
2021-06-16,6508,5,14,6454,40,0,0,1,0
2021-06-17,6510,4,14,6456,40,0,0,1,0
2021-06-18,6510,4,13,6457,40,0,0,1,0
2021-06-19,6511,4,13,6458,40,0,0,1,0
2021-06-20,6512,4,13,6459,40,0,0,1,0
2021-06-21,6512,4,12,6460,40,0,0,1,0
2021-06-22,6513,4,12,6461,40,0,0,1,0
2021-06-23,6515,4,12,6463,40,0,0,1,0
2021-06-24,6515,4,11,6464,40,0,0,1,0
2021-06-25,6516,4,11,6465,40,0,0,1,0
2021-06-26,6517,3,11,6466,40,0,0,1,0
2021-06-27,6516,3,10,6466,40,0,0,1,0
2021-06-28,6517,3,10,6467,40,0,0,1,0
2021-06-29,6518,3,10,6468,40,0,0,1,0
2021-06-30,6518,3,9,6469,40,0,0,1,0
2021-07-01,6519,3,9,6470,40,0,0,1,0
2021-07-02,6520,3,9,6471,40,0,0,1,0
2021-07-03,6521,3,9,6472,40,0,0,1,0
2021-07-04,6520,3,8,6472,40,0,0,1,0
