Date,Infected,Exposed,Active,Recovered,Deaths,Diff Exposed,Diff Active,Diff Recovered,Diff Deaths
2020-06-28,290,30,76,213,1,3,0,7,0
2020-06-29,296,33,75,220,1,3,0,7,0
2020-06-30,303,36,75,227,1,2,0,7,0
2020-07-01,310,38,75,234,1,2,1,7,0
2020-07-02,318,39,76,241,1,2,1,7,0
2020-07-03,325,41,77,247,1,1,1,7,0
2020-07-04,333,42,78,254,1,1,1,7,0
2020-07-05,342,43,79,262,1,1,1,7,0
2020-07-06,350,44,80,269,1,1,1,7,0
2020-07-07,359,45,82,276,1,1,1,7,0
2020-07-08,368,46,83,284,1,1,2,8,0
2020-07-09,377,47,85,291,1,1,2,8,0
2020-07-10,386,48,86,299,1,1,2,8,0
2020-07-11,396,49,88,307,1,1,2,8,0
2020-07-12,406,50,90,315,1,1,2,8,0
2020-07-13,416,51,92,323,1,1,2,8,0
2020-07-14,425,52,93,331,1,1,2,8,0
2020-07-15,436,53,95,340,1,1,2,9,0
2020-07-16,447,54,97,349,1,1,2,9,0
2020-07-17,457,55,99,357,1,1,2,9,0
2020-07-18,468,56,101,366,1,1,2,9,0
2020-07-19,480,58,103,376,1,1,2,9,0
2020-07-20,491,59,105,385,1,1,2,9,0
2020-07-21,503,60,107,395,1,1,2,10,0
2020-07-22,514,61,109,404,1,1,2,10,0
2020-07-23,526,62,111,414,1,1,2,10,0
2020-07-24,538,63,113,424,1,1,2,10,0
2020-07-25,552,64,115,435,2,1,2,10,0
2020-07-26,564,65,117,445,2,1,2,11,0
2020-07-27,577,67,119,456,2,1,2,11,0
2020-07-28,590,68,121,467,2,1,2,11,0
2020-07-29,604,69,124,478,2,1,2,11,0
2020-07-30,617,70,126,489,2,1,2,11,0
2020-07-31,630,72,128,500,2,1,2,12,0
2020-08-01,645,73,131,512,2,1,2,12,0
2020-08-02,659,74,133,524,2,1,2,12,0
2020-08-03,674,76,136,536,2,1,2,12,0
2020-08-04,689,77,138,549,2,1,3,13,0
2020-08-05,704,78,141,561,2,1,3,13,0
2020-08-06,719,80,143,574,2,1,3,13,0
2020-08-07,735,81,146,587,2,1,3,13,0
2020-08-08,751,82,149,600,2,1,3,13,0
2020-08-09,767,84,151,614,2,1,3,14,0
2020-08-10,784,85,154,628,2,1,3,14,0
2020-08-11,801,87,157,642,2,1,3,14,0
2020-08-12,818,88,160,656,2,2,3,14,0
2020-08-13,835,90,162,671,2,2,3,15,0
2020-08-14,852,91,165,685,2,2,3,15,0
2020-08-15,871,93,168,701,2,2,3,15,0
2020-08-16,890,95,171,716,3,2,3,15,0
2020-08-17,908,96,174,731,3,2,3,16,0
2020-08-18,927,98,177,747,3,2,3,16,0
2020-08-19,946,99,180,763,3,2,3,16,0
2020-08-20,966,101,183,780,3,2,3,17,0
2020-08-21,986,103,186,797,3,2,3,17,0
2020-08-22,1007,104,190,814,3,2,3,17,0
2020-08-23,1027,106,193,831,3,2,3,17,0
2020-08-24,1048,108,196,849,3,2,3,18,0
2020-08-25,1068,109,199,866,3,2,3,18,0
2020-08-26,1091,111,203,885,3,2,3,18,0
2020-08-27,1112,113,206,903,3,2,3,19,0
2020-08-28,1135,115,210,922,3,2,3,19,0
2020-08-29,1157,117,213,941,3,2,3,19,0
2020-08-30,1180,118,217,960,3,2,4,20,0
2020-08-31,1203,120,220,980,3,2,4,20,0
2020-09-01,1228,122,224,1000,4,2,4,20,0
2020-09-02,1252,124,227,1021,4,2,4,21,0
2020-09-03,1276,126,231,1041,4,2,4,21,0
2020-09-04,1301,128,235,1062,4,2,4,21,0
2020-09-05,1326,130,238,1084,4,2,4,22,0
2020-09-06,1351,132,242,1105,4,2,4,22,0
2020-09-07,1378,133,246,1128,4,2,4,22,0
2020-09-08,1404,135,250,1150,4,2,4,23,0
2020-09-09,1431,137,254,1173,4,2,4,23,0
2020-09-10,1458,139,258,1196,4,2,4,23,0
2020-09-11,1484,141,261,1219,4,2,4,24,0
2020-09-12,1512,143,265,1243,4,2,4,24,0
2020-09-13,1540,145,269,1267,4,2,4,24,0
2020-09-14,1570,147,273,1292,5,2,4,25,0
2020-09-15,1599,149,277,1317,5,2,4,25,0
2020-09-16,1628,151,281,1342,5,2,4,25,0
2020-09-17,1659,153,286,1368,5,2,4,26,0
2020-09-18,1689,155,290,1394,5,2,4,26,0
2020-09-19,1719,157,294,1420,5,2,4,27,0
2020-09-20,1750,159,298,1447,5,2,4,27,0
2020-09-21,1781,161,302,1474,5,2,4,27,0
2020-09-22,1812,164,306,1501,5,2,4,28,0
2020-09-23,1845,166,311,1529,5,2,4,28,0
2020-09-24,1878,168,315,1558,5,2,4,29,0
2020-09-25,1911,170,319,1586,6,2,4,29,0
2020-09-26,1944,172,323,1615,6,2,4,29,0
2020-09-27,1979,174,328,1645,6,2,4,30,0
2020-09-28,2013,176,332,1675,6,2,4,30,0
2020-09-29,2047,178,336,1705,6,2,4,30,0
2020-09-30,2081,180,340,1735,6,2,4,31,0
2020-10-01,2117,182,345,1766,6,2,4,31,0
2020-10-02,2153,184,349,1798,6,2,4,32,0
2020-10-03,2188,186,353,1829,6,2,4,32,0
2020-10-04,2227,188,358,1862,7,2,4,32,0
2020-10-05,2263,190,362,1894,7,2,4,33,0
2020-10-06,2300,192,366,1927,7,2,4,33,0
2020-10-07,2339,194,371,1961,7,2,4,34,0
2020-10-08,2376,196,375,1994,7,2,4,34,0
2020-10-09,2414,198,379,2028,7,2,4,34,0
2020-10-10,2454,200,384,2063,7,2,4,35,0
2020-10-11,2493,202,388,2098,7,2,4,35,0
2020-10-12,2533,204,392,2133,8,2,4,36,0
2020-10-13,2573,205,396,2169,8,2,4,36,0
2020-10-14,2614,207,401,2205,8,2,4,36,0
2020-10-15,2654,209,405,2241,8,2,4,37,0
2020-10-16,2695,211,409,2278,8,2,4,37,0
2020-10-17,2736,213,413,2315,8,2,4,37,0
2020-10-18,2778,214,417,2353,8,2,4,38,0
2020-10-19,2820,216,421,2391,8,2,4,38,0
2020-10-20,2864,218,426,2429,9,2,4,39,0
2020-10-21,2907,220,430,2468,9,2,4,39,0
2020-10-22,2950,221,434,2507,9,2,4,39,0
2020-10-23,2993,223,438,2546,9,2,4,40,0
2020-10-24,3036,224,441,2586,9,2,4,40,0
2020-10-25,3080,226,445,2626,9,2,4,40,0
2020-10-26,3125,228,449,2667,9,1,4,41,0
2020-10-27,3170,229,453,2707,10,1,4,41,0
2020-10-28,3216,230,457,2749,10,1,4,41,0
2020-10-29,3260,232,460,2790,10,1,4,42,0
2020-10-30,3306,233,464,2832,10,1,4,42,0
2020-10-31,3351,235,467,2874,10,1,4,42,0
2020-11-01,3397,236,471,2916,10,1,3,43,0
2020-11-02,3443,237,474,2959,10,1,3,43,0
2020-11-03,3491,238,478,3002,11,1,3,43,0
2020-11-04,3538,240,481,3046,11,1,3,44,0
2020-11-05,3584,241,484,3089,11,1,3,44,0
2020-11-06,3631,242,487,3133,11,1,3,44,0
2020-11-07,3679,243,490,3178,11,1,3,44,0
2020-11-08,3726,244,493,3222,11,1,3,45,0
2020-11-09,3774,245,496,3267,11,1,3,45,0
2020-11-10,3823,246,499,3312,12,1,3,45,0
2020-11-11,3871,246,502,3357,12,1,3,45,0
2020-11-12,3919,247,504,3403,12,1,3,46,0
2020-11-13,3968,248,507,3449,12,1,3,46,0
2020-11-14,4017,249,510,3495,12,1,2,46,0
2020-11-15,4065,249,512,3541,12,1,2,46,0
2020-11-16,4114,250,514,3587,13,1,2,47,0
2020-11-17,4163,250,516,3634,13,0,2,47,0
2020-11-18,4213,251,519,3681,13,0,2,47,0
2020-11-19,4262,251,521,3728,13,0,2,47,0
2020-11-20,4310,252,522,3775,13,0,2,47,0
2020-11-21,4360,252,524,3823,13,0,2,47,0
2020-11-22,4410,252,526,3870,14,0,2,48,0
2020-11-23,4460,252,528,3918,14,0,2,48,0
2020-11-24,4509,253,529,3966,14,0,1,48,0
2020-11-25,4558,253,530,4014,14,0,1,48,0
2020-11-26,4608,253,532,4062,14,0,1,48,0
2020-11-27,4657,253,533,4110,14,0,1,48,0
2020-11-28,4707,253,534,4158,15,0,1,48,0
2020-11-29,4757,252,535,4207,15,0,1,48,0
2020-11-30,4806,252,536,4255,15,0,1,49,0
2020-12-01,4855,252,536,4304,15,0,1,49,0
2020-12-02,4904,252,537,4352,15,0,1,49,0
2020-12-03,4954,251,538,4401,15,0,0,49,0
2020-12-04,5004,251,538,4450,16,0,0,49,0
2020-12-05,5052,251,538,4498,16,0,0,49,0
2020-12-06,5101,250,538,4547,16,0,0,49,0
2020-12-07,5150,250,538,4596,16,0,0,49,0
2020-12-08,5199,249,538,4645,16,0,0,49,0
2020-12-09,5248,248,538,4693,17,0,0,49,0
2020-12-10,5297,248,538,4742,17,0,0,49,0
2020-12-11,5345,247,537,4791,17,0,0,49,0
2020-12-12,5394,246,537,4840,17,0,0,49,0
2020-12-13,5441,245,536,4888,17,0,0,49,0
2020-12-14,5490,244,536,4937,17,0,0,49,0
2020-12-15,5538,243,535,4985,18,0,0,48,0
2020-12-16,5586,242,534,5034,18,0,0,48,0
2020-12-17,5633,241,533,5082,18,0,0,48,0
2020-12-18,5680,240,532,5130,18,0,0,48,0
2020-12-19,5726,239,530,5178,18,0,0,48,0
2020-12-20,5773,238,529,5226,18,0,0,48,0
2020-12-21,5821,237,528,5274,19,0,0,48,0
2020-12-22,5867,235,526,5322,19,0,0,48,0
2020-12-23,5913,234,524,5370,19,0,0,47,0
2020-12-24,5959,233,523,5417,19,0,0,47,0
2020-12-25,6004,232,521,5464,19,0,0,47,0
2020-12-26,6049,230,519,5511,19,0,0,47,0
2020-12-27,6095,229,517,5558,20,0,0,47,0
2020-12-28,6139,227,514,5605,20,0,0,47,0
2020-12-29,6183,226,512,5651,20,0,0,46,0
2020-12-30,6228,224,510,5698,20,0,0,46,0
2020-12-31,6271,223,507,5744,20,0,0,46,0
2021-01-01,6315,221,505,5790,20,0,0,46,0
2021-01-02,6358,219,502,5835,21,0,0,46,0
2021-01-03,6402,218,500,5881,21,0,0,45,0
2021-01-04,6444,216,497,5926,21,0,0,45,0
2021-01-05,6486,214,494,5971,21,0,0,45,0
2021-01-06,6528,213,491,6016,21,0,0,44,0
2021-01-07,6569,211,488,6060,21,0,0,44,0
2021-01-08,6610,209,485,6104,21,0,0,44,0
2021-01-09,6652,207,482,6148,22,0,0,44,0
2021-01-10,6693,206,479,6192,22,0,0,43,0
2021-01-11,6733,204,476,6235,22,0,0,43,0
2021-01-12,6772,202,472,6278,22,0,0,43,0
2021-01-13,6811,200,469,6320,22,0,0,42,0
2021-01-14,6850,198,465,6363,22,0,0,42,0
2021-01-15,6890,196,462,6405,23,0,0,42,0
2021-01-16,6928,194,458,6447,23,0,0,42,0
2021-01-17,6966,192,455,6488,23,0,0,41,0
2021-01-18,7003,191,451,6529,23,0,0,41,0
2021-01-19,7041,189,448,6570,23,0,0,41,0
2021-01-20,7077,187,444,6610,23,0,0,40,0
2021-01-21,7113,185,440,6650,23,0,0,40,0
2021-01-22,7150,183,436,6690,24,0,0,40,0
2021-01-23,7185,181,432,6729,24,0,0,39,0
2021-01-24,7222,179,429,6769,24,0,0,39,0
2021-01-25,7256,177,425,6807,24,0,0,38,0
2021-01-26,7291,175,421,6846,24,0,0,38,0
2021-01-27,7324,173,417,6883,24,0,0,38,0
2021-01-28,7358,171,413,6921,24,0,0,37,0
2021-01-29,7391,169,409,6958,24,0,0,37,0
2021-01-30,7425,167,405,6995,25,0,0,37,0
2021-01-31,7458,165,401,7032,25,0,0,36,0
2021-02-01,7490,163,397,7068,25,0,0,36,0
2021-02-02,7521,161,392,7104,25,0,0,36,0
2021-02-03,7552,159,388,7139,25,0,0,35,0
2021-02-04,7583,157,384,7174,25,0,0,35,0
2021-02-05,7614,155,380,7209,25,0,0,34,0
2021-02-06,7644,153,376,7243,25,0,0,34,0
2021-02-07,7675,151,372,7277,26,0,0,34,0
2021-02-08,7705,149,368,7311,26,0,0,33,0
2021-02-09,7733,147,363,7344,26,0,0,33,0
2021-02-10,7762,145,359,7377,26,0,0,33,0
2021-02-11,7790,144,355,7409,26,0,0,32,0
2021-02-12,7818,142,351,7441,26,0,0,32,0
2021-02-13,7846,140,347,7473,26,0,0,31,0
2021-02-14,7873,138,343,7504,26,0,0,31,0
2021-02-15,7901,136,339,7535,27,0,0,31,0
2021-02-16,7926,134,334,7565,27,0,0,30,0
2021-02-17,7952,132,330,7595,27,0,0,30,0
2021-02-18,7978,130,326,7625,27,0,0,30,0
2021-02-19,8004,129,322,7655,27,0,0,29,0
2021-02-20,8029,127,318,7684,27,0,0,29,0
2021-02-21,8053,125,314,7712,27,0,0,28,0
2021-02-22,8078,123,310,7741,27,0,0,28,0
2021-02-23,8102,121,306,7769,27,0,0,28,0
2021-02-24,8125,120,302,7796,27,0,0,27,0
2021-02-25,8149,118,298,7823,28,0,0,27,0
2021-02-26,8172,116,294,7850,28,0,0,27,0
2021-02-27,8195,114,290,7877,28,0,0,26,0
2021-02-28,8217,113,286,7903,28,0,0,26,0
2021-03-01,8239,111,282,7929,28,0,0,26,0
2021-03-02,8260,109,278,7954,28,0,0,25,0
2021-03-03,8282,108,275,7979,28,0,0,25,0
2021-03-04,8303,106,271,8004,28,0,0,25,0
2021-03-05,8323,104,267,8028,28,0,0,24,0
2021-03-06,8344,103,263,8053,28,0,0,24,0
2021-03-07,8363,101,259,8076,28,0,0,24,0
2021-03-08,8385,100,256,8100,29,0,0,23,0
2021-03-09,8404,98,252,8123,29,0,0,23,0
2021-03-10,8422,97,248,8145,29,0,0,23,0
2021-03-11,8442,95,245,8168,29,0,0,22,0
2021-03-12,8460,94,241,8190,29,0,0,22,0
2021-03-13,8478,92,238,8211,29,0,0,22,0
2021-03-14,8496,91,234,8233,29,0,0,21,0
2021-03-15,8514,89,231,8254,29,0,0,21,0
2021-03-16,8531,88,227,8275,29,0,0,21,0
2021-03-17,8548,86,224,8295,29,0,0,20,0
2021-03-18,8564,85,220,8315,29,0,0,20,0
2021-03-19,8581,84,217,8335,29,0,0,20,0
2021-03-20,8598,82,214,8355,29,0,0,19,0
2021-03-21,8613,81,210,8374,29,0,0,19,0
2021-03-22,8630,80,207,8393,30,0,0,19,0
2021-03-23,8646,78,204,8412,30,0,0,18,0
2021-03-24,8661,77,201,8430,30,0,0,18,0
2021-03-25,8676,76,198,8448,30,0,0,18,0
2021-03-26,8691,74,195,8466,30,0,0,18,0
2021-03-27,8704,73,191,8483,30,0,0,17,0
2021-03-28,8719,72,188,8501,30,0,0,17,0
2021-03-29,8733,71,185,8518,30,0,0,17,0
2021-03-30,8746,70,182,8534,30,0,0,17,0
2021-03-31,8760,68,179,8551,30,0,0,16,0
2021-04-01,8774,67,177,8567,30,0,0,16,0
2021-04-02,8787,66,174,8583,30,0,0,16,0
2021-04-03,8799,65,171,8598,30,0,0,15,0
2021-04-04,8812,64,168,8614,30,0,0,15,0
2021-04-05,8824,63,165,8629,30,0,0,15,0
2021-04-06,8837,62,163,8644,30,0,0,15,0
2021-04-07,8848,61,160,8658,30,0,0,14,0
2021-04-08,8861,60,157,8673,31,0,0,14,0
2021-04-09,8873,59,155,8687,31,0,0,14,0
2021-04-10,8884,58,152,8701,31,0,0,14,0
2021-04-11,8896,57,150,8715,31,0,0,14,0
2021-04-12,8906,56,147,8728,31,0,0,13,0
2021-04-13,8917,55,145,8741,31,0,0,13,0
2021-04-14,8927,54,142,8754,31,0,0,13,0
2021-04-15,8938,53,140,8767,31,0,0,13,0
2021-04-16,8948,52,137,8780,31,0,0,12,0
2021-04-17,8958,51,135,8792,31,0,0,12,0
2021-04-18,8968,50,133,8804,31,0,0,12,0
2021-04-19,8978,49,131,8816,31,0,0,12,0
2021-04-20,8987,48,128,8828,31,0,0,12,0
2021-04-21,8997,47,126,8840,31,0,0,11,0
2021-04-22,9006,46,124,8851,31,0,0,11,0
2021-04-23,9015,46,122,8862,31,0,0,11,0
2021-04-24,9024,45,120,8873,31,0,0,11,0
2021-04-25,9033,44,118,8884,31,0,0,11,0
2021-04-26,9041,43,116,8894,31,0,0,10,0
2021-04-27,9050,42,114,8905,31,0,0,10,0
2021-04-28,9058,42,112,8915,31,0,0,10,0
2021-04-29,9066,41,110,8925,31,0,0,10,0
2021-04-30,9074,40,108,8935,31,0,0,10,0
2021-05-01,9082,39,106,8945,31,0,0,10,0
2021-05-02,9090,39,104,8954,32,0,0,9,0
2021-05-03,9097,38,102,8963,32,0,0,9,0
2021-05-04,9105,37,100,8973,32,0,0,9,0
2021-05-05,9112,37,98,8982,32,0,0,9,0
2021-05-06,9120,36,97,8991,32,0,0,9,0
2021-05-07,9126,35,95,8999,32,0,0,9,0
2021-05-08,9133,35,93,9008,32,0,0,8,0
2021-05-09,9140,34,92,9016,32,0,0,8,0
2021-05-10,9146,33,90,9024,32,0,0,8,0
2021-05-11,9153,33,88,9033,32,0,0,8,0
2021-05-12,9159,32,87,9040,32,0,0,8,0
2021-05-13,9165,32,85,9048,32,0,0,8,0
2021-05-14,9172,31,84,9056,32,0,0,8,0
2021-05-15,9177,30,82,9063,32,0,0,7,0
2021-05-16,9184,30,81,9071,32,0,0,7,0
2021-05-17,9189,29,79,9078,32,0,0,7,0
2021-05-18,9195,29,78,9085,32,0,0,7,0
2021-05-19,9200,28,76,9092,32,0,0,7,0
2021-05-20,9206,28,75,9099,32,0,0,7,0
2021-05-21,9212,27,74,9106,32,0,0,7,0
2021-05-22,9217,27,72,9113,32,0,0,7,0
2021-05-23,9222,26,71,9119,32,0,0,6,0
2021-05-24,9227,26,70,9125,32,0,0,6,0
2021-05-25,9232,25,68,9132,32,0,0,6,0
2021-05-26,9237,25,67,9138,32,0,0,6,0
2021-05-27,9242,24,66,9144,32,0,0,6,0
2021-05-28,9247,24,65,9150,32,0,0,6,0
2021-05-29,9252,23,64,9156,32,0,0,6,0
2021-05-30,9255,23,62,9161,32,0,0,6,0
2021-05-31,9260,23,61,9167,32,0,0,6,0
2021-06-01,9264,22,60,9172,32,0,0,5,0
2021-06-02,9269,22,59,9178,32,0,0,5,0
2021-06-03,9273,21,58,9183,32,0,0,5,0
2021-06-04,9277,21,57,9188,32,0,0,5,0
2021-06-05,9281,21,56,9193,32,0,0,5,0
2021-06-06,9285,20,55,9198,32,0,0,5,0
2021-06-07,9289,20,54,9203,32,0,0,5,0
2021-06-08,9293,19,53,9208,32,0,0,5,0
2021-06-09,9297,19,52,9213,32,0,0,5,0
2021-06-10,9301,19,51,9218,32,0,0,5,0
2021-06-11,9304,18,50,9222,32,0,0,5,0
2021-06-12,9308,18,49,9227,32,0,0,4,0
2021-06-13,9311,18,48,9231,32,0,0,4,0
2021-06-14,9315,17,47,9235,33,0,0,4,0
2021-06-15,9319,17,46,9240,33,0,0,4,0
2021-06-16,9322,17,45,9244,33,0,0,4,0
2021-06-17,9325,16,44,9248,33,0,0,4,0
2021-06-18,9329,16,44,9252,33,0,0,4,0
2021-06-19,9332,16,43,9256,33,0,0,4,0
2021-06-20,9335,15,42,9260,33,0,0,4,0
2021-06-21,9337,15,41,9263,33,0,0,4,0
2021-06-22,9340,15,40,9267,33,0,0,4,0
2021-06-23,9344,15,40,9271,33,0,0,4,0
