Date,Infected,Exposed,Active,Recovered,Deaths,Diff Exposed,Diff Active,Diff Recovered,Diff Deaths
2020-06-28,149,0,39,109,1,7,0,4,0
2020-06-29,150,6,36,113,1,5,0,3,0
2020-06-30,151,11,34,116,1,4,0,3,0
2020-07-01,154,14,34,119,1,3,0,3,0
2020-07-02,157,17,34,122,1,3,0,3,0
2020-07-03,160,20,34,125,1,2,1,3,0
2020-07-04,164,22,35,128,1,2,1,3,0
2020-07-05,168,23,36,131,1,2,1,3,0
2020-07-06,174,25,38,135,1,2,1,3,0
2020-07-07,178,27,39,138,1,2,2,4,0
2020-07-08,184,28,41,142,1,2,2,4,0
2020-07-09,189,30,43,145,1,2,2,4,0
2020-07-10,195,31,45,149,1,2,2,4,0
2020-07-11,201,33,47,153,1,2,2,4,0
2020-07-12,208,34,49,158,1,2,2,4,0
2020-07-13,214,36,51,162,1,2,2,5,0
2020-07-14,222,38,54,167,1,2,2,5,0
2020-07-15,229,39,56,172,1,2,3,5,0
2020-07-16,237,41,59,177,1,2,3,5,0
2020-07-17,245,43,62,182,1,2,3,6,0
2020-07-18,253,45,64,188,1,2,3,6,0
2020-07-19,262,47,67,194,1,2,3,6,0
2020-07-20,271,49,70,200,1,2,3,6,0
2020-07-21,282,51,74,207,1,2,3,7,0
2020-07-22,291,53,77,213,1,2,3,7,0
2020-07-23,302,55,80,220,2,2,4,7,0
2020-07-24,314,58,84,228,2,2,4,8,0
2020-07-25,325,60,88,235,2,2,4,8,0
2020-07-26,338,62,92,244,2,2,4,8,0
2020-07-27,349,65,95,252,2,3,4,9,0
2020-07-28,363,67,100,261,2,3,4,9,0
2020-07-29,376,70,104,270,2,3,4,9,0
2020-07-30,389,73,108,279,2,3,4,10,0
2020-07-31,403,75,112,289,2,3,5,10,0
2020-08-01,419,78,117,300,2,3,5,11,0
2020-08-02,434,81,122,310,2,3,5,11,0
2020-08-03,450,84,127,321,2,3,5,11,0
2020-08-04,466,86,131,333,2,3,5,12,0
2020-08-05,483,89,136,345,2,3,5,12,0
2020-08-06,502,92,142,358,2,3,5,13,0
2020-08-07,520,95,147,370,3,3,5,13,0
2020-08-08,539,98,152,384,3,3,5,14,0
2020-08-09,559,101,158,398,3,3,5,14,0
2020-08-10,578,104,163,412,3,3,6,15,0
2020-08-11,599,107,169,427,3,3,6,15,0
2020-08-12,620,109,174,443,3,3,6,16,0
2020-08-13,641,112,180,458,3,3,6,16,0
2020-08-14,663,115,185,475,3,3,6,17,0
2020-08-15,686,118,191,492,3,3,6,17,0
2020-08-16,710,120,197,509,4,3,6,18,0
2020-08-17,733,123,202,527,4,3,6,18,0
2020-08-18,758,125,208,546,4,2,6,19,0
2020-08-19,783,128,214,565,4,2,6,19,0
2020-08-20,807,130,219,584,4,2,6,20,0
2020-08-21,833,132,225,604,4,2,5,20,0
2020-08-22,859,134,230,625,4,2,5,21,0
2020-08-23,886,136,236,646,4,2,5,21,0
2020-08-24,913,138,241,667,5,2,5,22,0
2020-08-25,940,139,246,689,5,2,5,22,0
2020-08-26,967,141,251,711,5,1,5,23,0
2020-08-27,995,142,256,734,5,1,5,23,0
2020-08-28,1022,143,260,757,5,1,4,23,0
2020-08-29,1051,144,265,781,5,1,4,24,0
2020-08-30,1080,145,269,805,6,1,4,24,0
2020-08-31,1109,146,273,830,6,0,4,25,0
2020-09-01,1136,146,276,854,6,0,3,25,0
2020-09-02,1165,146,280,879,6,0,3,25,0
2020-09-03,1194,146,283,905,6,0,3,26,0
2020-09-04,1222,146,286,930,6,0,3,26,0
2020-09-05,1251,145,288,956,7,0,2,26,0
2020-09-06,1279,145,290,982,7,0,2,26,0
2020-09-07,1308,144,292,1009,7,0,2,26,0
2020-09-08,1336,143,294,1035,7,0,1,27,0
2020-09-09,1364,142,295,1062,7,0,1,27,0
2020-09-10,1392,141,296,1088,8,0,1,27,0
2020-09-11,1420,139,297,1115,8,0,0,27,0
2020-09-12,1447,138,297,1142,8,0,0,27,0
2020-09-13,1474,136,297,1169,8,0,0,27,0
2020-09-14,1499,134,296,1195,8,0,0,27,0
2020-09-15,1526,132,296,1222,8,0,0,27,0
2020-09-16,1553,130,295,1249,9,0,0,27,0
2020-09-17,1577,128,293,1275,9,0,0,26,0
2020-09-18,1602,126,291,1302,9,0,0,26,0
2020-09-19,1627,123,290,1328,9,0,0,26,0
2020-09-20,1650,121,287,1354,9,0,0,26,0
2020-09-21,1675,118,285,1380,10,0,0,26,0
2020-09-22,1697,116,282,1405,10,0,0,25,0
2020-09-23,1720,113,279,1431,10,0,0,25,0
2020-09-24,1742,110,276,1456,10,0,0,25,0
2020-09-25,1763,107,272,1481,10,0,0,25,0
2020-09-26,1783,105,268,1505,10,0,0,24,0
2020-09-27,1804,102,264,1529,11,0,0,24,0
2020-09-28,1824,99,260,1553,11,0,0,23,0
2020-09-29,1843,96,256,1576,11,0,0,23,0
2020-09-30,1862,94,252,1599,11,0,0,23,0
2020-10-01,1880,91,247,1622,11,0,0,22,0
2020-10-02,1897,88,242,1644,11,0,0,22,0
2020-10-03,1915,85,237,1666,12,0,0,21,0
2020-10-04,1932,83,233,1687,12,0,0,21,0
2020-10-05,1948,80,228,1708,12,0,0,21,0
2020-10-06,1963,77,223,1728,12,0,0,20,0
2020-10-07,1978,75,218,1748,12,0,0,20,0
2020-10-08,1991,72,212,1767,12,0,0,19,0
2020-10-09,2005,70,207,1786,12,0,0,19,0
2020-10-10,2020,67,202,1805,13,0,0,18,0
2020-10-11,2033,65,197,1823,13,0,0,18,0
2020-10-12,2046,63,192,1841,13,0,0,17,0
2020-10-13,2058,61,187,1858,13,0,0,17,0
2020-10-14,2070,58,182,1875,13,0,0,16,0
2020-10-15,2081,56,177,1891,13,0,0,16,0
2020-10-16,2092,54,172,1907,13,0,0,15,0
2020-10-17,2102,52,167,1922,13,0,0,15,0
2020-10-18,2112,50,162,1937,13,0,0,15,0
2020-10-19,2122,48,157,1951,14,0,0,14,0
2020-10-20,2131,46,152,1965,14,0,0,14,0
2020-10-21,2140,45,147,1979,14,0,0,13,0
2020-10-22,2149,43,143,1992,14,0,0,13,0
2020-10-23,2157,41,138,2005,14,0,0,12,0
2020-10-24,2165,40,134,2017,14,0,0,12,0
2020-10-25,2172,38,129,2029,14,0,0,12,0
2020-10-26,2179,37,125,2040,14,0,0,11,0
2020-10-27,2187,35,121,2052,14,0,0,11,0
2020-10-28,2193,34,117,2062,14,0,0,11,0
2020-10-29,2200,32,113,2073,14,0,0,10,0
2020-10-30,2206,31,109,2083,14,0,0,10,0
2020-10-31,2213,30,105,2093,15,0,0,10,0
2020-11-01,2219,29,102,2102,15,0,0,9,0
2020-11-02,2224,27,98,2111,15,0,0,9,0
2020-11-03,2229,26,94,2120,15,0,0,9,0
2020-11-04,2234,25,91,2128,15,0,0,8,0
2020-11-05,2239,24,88,2136,15,0,0,8,0
2020-11-06,2244,23,85,2144,15,0,0,8,0
2020-11-07,2248,22,81,2152,15,0,0,7,0
2020-11-08,2252,21,78,2159,15,0,0,7,0
2020-11-09,2257,20,76,2166,15,0,0,7,0
2020-11-10,2261,20,73,2173,15,0,0,7,0
2020-11-11,2264,19,70,2179,15,0,0,6,0
2020-11-12,2267,18,67,2185,15,0,0,6,0
2020-11-13,2271,17,65,2191,15,0,0,6,0
2020-11-14,2274,17,62,2197,15,0,0,6,0
2020-11-15,2278,16,60,2203,15,0,0,5,0
2020-11-16,2281,15,58,2208,15,0,0,5,0
2020-11-17,2283,15,55,2213,15,0,0,5,0
2020-11-18,2286,14,53,2218,15,0,0,5,0
2020-11-19,2289,13,51,2223,15,0,0,5,0
2020-11-20,2291,13,49,2227,15,0,0,4,0
2020-11-21,2294,12,47,2232,15,0,0,4,0
2020-11-22,2297,12,45,2236,16,0,0,4,0
2020-11-23,2300,11,44,2240,16,0,0,4,0
2020-11-24,2302,11,42,2244,16,0,0,4,0
2020-11-25,2304,10,40,2248,16,0,0,4,0
2020-11-26,2306,10,39,2251,16,0,0,3,0
2020-11-27,2307,9,37,2254,16,0,0,3,0
2020-11-28,2310,9,36,2258,16,0,0,3,0
2020-11-29,2311,9,34,2261,16,0,0,3,0
2020-11-30,2313,8,33,2264,16,0,0,3,0
2020-12-01,2314,8,31,2267,16,0,0,3,0
2020-12-02,2316,8,30,2270,16,0,0,3,0
2020-12-03,2317,7,29,2272,16,0,0,3,0
2020-12-04,2319,7,28,2275,16,0,0,3,0
2020-12-05,2320,7,27,2277,16,0,0,2,0
2020-12-06,2321,6,25,2280,16,0,0,2,0
2020-12-07,2322,6,24,2282,16,0,0,2,0
2020-12-08,2323,6,23,2284,16,0,0,2,0
2020-12-09,2324,6,22,2286,16,0,0,2,0
2020-12-10,2326,5,22,2288,16,0,0,2,0
2020-12-11,2327,5,21,2290,16,0,0,2,0
2020-12-12,2328,5,20,2292,16,0,0,2,0
2020-12-13,2329,5,19,2294,16,0,0,2,0
2020-12-14,2329,5,18,2295,16,0,0,2,0
2020-12-15,2330,4,17,2297,16,0,0,2,0
2020-12-16,2332,4,17,2299,16,0,0,2,0
2020-12-17,2332,4,16,2300,16,0,0,1,0
2020-12-18,2333,4,15,2302,16,0,0,1,0
2020-12-19,2334,4,15,2303,16,0,0,1,0
2020-12-20,2334,3,14,2304,16,0,0,1,0
2020-12-21,2335,3,14,2305,16,0,0,1,0
2020-12-22,2336,3,13,2307,16,0,0,1,0
2020-12-23,2336,3,12,2308,16,0,0,1,0
2020-12-24,2337,3,12,2309,16,0,0,1,0
2020-12-25,2337,3,11,2310,16,0,0,1,0
2020-12-26,2338,3,11,2311,16,0,0,1,0
2020-12-27,2338,3,10,2312,16,0,0,1,0
2020-12-28,2339,2,10,2313,16,0,0,1,0
2020-12-29,2340,2,10,2314,16,0,0,1,0
2020-12-30,2340,2,9,2315,16,0,0,1,0
2020-12-31,2340,2,9,2315,16,0,0,1,0
2021-01-01,2340,2,8,2316,16,0,0,1,0
2021-01-02,2341,2,8,2317,16,0,0,1,0
2021-01-03,2342,2,8,2318,16,0,0,1,0
2021-01-04,2341,2,7,2318,16,0,0,1,0
2021-01-05,2342,2,7,2319,16,0,0,1,0
2021-01-06,2343,2,7,2320,16,0,0,1,0
2021-01-07,2343,2,7,2320,16,0,0,1,0
2021-01-08,2343,2,6,2321,16,0,0,1,0
2021-01-09,2343,1,6,2321,16,0,0,1,0
2021-01-10,2344,1,6,2322,16,0,0,1,0
2021-01-11,2343,1,5,2322,16,0,0,0,0
2021-01-12,2344,1,5,2323,16,0,0,0,0
2021-01-13,2344,1,5,2323,16,0,0,0,0
2021-01-14,2345,1,5,2324,16,0,0,0,0
2021-01-15,2345,1,5,2324,16,0,0,0,0
2021-01-16,2345,1,4,2325,16,0,0,0,0
2021-01-17,2345,1,4,2325,16,0,0,0,0
2021-01-18,2345,1,4,2325,16,0,0,0,0
2021-01-19,2346,1,4,2326,16,0,0,0,0
2021-01-20,2346,1,4,2326,16,0,0,0,0
2021-01-21,2347,1,4,2327,16,0,0,0,0
2021-01-22,2346,1,3,2327,16,0,0,0,0
2021-01-23,2346,1,3,2327,16,0,0,0,0
2021-01-24,2346,1,3,2327,16,0,0,0,0
2021-01-25,2347,1,3,2328,16,0,0,0,0
2021-01-26,2347,1,3,2328,16,0,0,0,0
2021-01-27,2347,1,3,2328,16,0,0,0,0
2021-01-28,2347,1,3,2328,16,0,0,0,0
2021-01-29,2348,1,3,2329,16,0,0,0,0
2021-01-30,2347,1,2,2329,16,0,0,0,0
2021-01-31,2347,1,2,2329,16,0,0,0,0
2021-02-01,2347,1,2,2329,16,0,0,0,0
2021-02-02,2348,1,2,2330,16,0,0,0,0
2021-02-03,2348,0,2,2330,16,0,0,0,0
2021-02-04,2348,0,2,2330,16,0,0,0,0
2021-02-05,2348,0,2,2330,16,0,0,0,0
2021-02-06,2348,0,2,2330,16,0,0,0,0
2021-02-07,2348,0,2,2330,16,0,0,0,0
2021-02-08,2349,0,2,2331,16,0,0,0,0
2021-02-09,2349,0,2,2331,16,0,0,0,0
2021-02-10,2348,0,1,2331,16,0,0,0,0
2021-02-11,2348,0,1,2331,16,0,0,0,0
2021-02-12,2348,0,1,2331,16,0,0,0,0
2021-02-13,2348,0,1,2331,16,0,0,0,0
2021-02-14,2348,0,1,2331,16,0,0,0,0
2021-02-15,2348,0,1,2331,16,0,0,0,0
2021-02-16,2349,0,1,2332,16,0,0,0,0
2021-02-17,2349,0,1,2332,16,0,0,0,0
2021-02-18,2349,0,1,2332,16,0,0,0,0
2021-02-19,2349,0,1,2332,16,0,0,0,0
2021-02-20,2349,0,1,2332,16,0,0,0,0
2021-02-21,2349,0,1,2332,16,0,0,0,0
2021-02-22,2349,0,1,2332,16,0,0,0,0
2021-02-23,2349,0,1,2332,16,0,0,0,0
2021-02-24,2349,0,1,2332,16,0,0,0,0
2021-02-25,2349,0,1,2332,16,0,0,0,0
2021-02-26,2349,0,1,2332,16,0,0,0,0
2021-02-27,2349,0,1,2332,16,0,0,0,0
2021-02-28,2350,0,1,2333,16,0,0,0,0
2021-03-01,2350,0,1,2333,16,0,0,0,0
2021-03-02,2350,0,1,2333,16,0,0,0,0
2021-03-03,2350,0,1,2333,16,0,0,0,0
2021-03-04,2350,0,1,2333,16,0,0,0,0
2021-03-05,2350,0,1,2333,16,0,0,0,0
2021-03-06,2350,0,1,2333,16,0,0,0,0
2021-03-07,2350,0,1,2333,16,0,0,0,0
2021-03-08,2349,0,0,2333,16,0,0,0,0
2021-03-09,2349,0,0,2333,16,0,0,0,0
2021-03-10,2349,0,0,2333,16,0,0,0,0
2021-03-11,2349,0,0,2333,16,0,0,0,0
2021-03-12,2349,0,0,2333,16,0,0,0,0
2021-03-13,2349,0,0,2333,16,0,0,0,0
2021-03-14,2349,0,0,2333,16,0,0,0,0
2021-03-15,2349,0,0,2333,16,0,0,0,0
2021-03-16,2349,0,0,2333,16,0,0,0,0
2021-03-17,2349,0,0,2333,16,0,0,0,0
2021-03-18,2349,0,0,2333,16,0,0,0,0
2021-03-19,2349,0,0,2333,16,0,0,0,0
2021-03-20,2349,0,0,2333,16,0,0,0,0
2021-03-21,2349,0,0,2333,16,0,0,0,0
2021-03-22,2349,0,0,2333,16,0,0,0,0
2021-03-23,2349,0,0,2333,16,0,0,0,0
2021-03-24,2349,0,0,2333,16,0,0,0,0
2021-03-25,2349,0,0,2333,16,0,0,0,0
2021-03-26,2350,0,0,2334,16,0,0,0,0
2021-03-27,2350,0,0,2334,16,0,0,0,0
2021-03-28,2350,0,0,2334,16,0,0,0,0
2021-03-29,2350,0,0,2334,16,0,0,0,0
2021-03-30,2350,0,0,2334,16,0,0,0,0
2021-03-31,2350,0,0,2334,16,0,0,0,0
2021-04-01,2350,0,0,2334,16,0,0,0,0
2021-04-02,2350,0,0,2334,16,0,0,0,0
2021-04-03,2350,0,0,2334,16,0,0,0,0
2021-04-04,2350,0,0,2334,16,0,0,0,0
2021-04-05,2350,0,0,2334,16,0,0,0,0
2021-04-06,2350,0,0,2334,16,0,0,0,0
2021-04-07,2350,0,0,2334,16,0,0,0,0
2021-04-08,2350,0,0,2334,16,0,0,0,0
2021-04-09,2350,0,0,2334,16,0,0,0,0
2021-04-10,2350,0,0,2334,16,0,0,0,0
2021-04-11,2350,0,0,2334,16,0,0,0,0
2021-04-12,2350,0,0,2334,16,0,0,0,0
2021-04-13,2350,0,0,2334,16,0,0,0,0
2021-04-14,2350,0,0,2334,16,0,0,0,0
2021-04-15,2350,0,0,2334,16,0,0,0,0
2021-04-16,2350,0,0,2334,16,0,0,0,0
2021-04-17,2350,0,0,2334,16,0,0,0,0
2021-04-18,2350,0,0,2334,16,0,0,0,0
2021-04-19,2350,0,0,2334,16,0,0,0,0
2021-04-20,2350,0,0,2334,16,0,0,0,0
2021-04-21,2350,0,0,2334,16,0,0,0,0
2021-04-22,2350,0,0,2334,16,0,0,0,0
2021-04-23,2350,0,0,2334,16,0,0,0,0
2021-04-24,2350,0,0,2334,16,0,0,0,0
2021-04-25,2350,0,0,2334,16,0,0,0,0
2021-04-26,2350,0,0,2334,16,0,0,0,0
2021-04-27,2350,0,0,2334,16,0,0,0,0
2021-04-28,2350,0,0,2334,16,0,0,0,0
2021-04-29,2350,0,0,2334,16,0,0,0,0
2021-04-30,2350,0,0,2334,16,0,0,0,0
2021-05-01,2350,0,0,2334,16,0,0,0,0
2021-05-02,2350,0,0,2334,16,0,0,0,0
2021-05-03,2350,0,0,2334,16,0,0,0,0
2021-05-04,2350,0,0,2334,16,0,0,0,0
2021-05-05,2350,0,0,2334,16,0,0,0,0
2021-05-06,2350,0,0,2334,16,0,0,0,0
2021-05-07,2350,0,0,2334,16,0,0,0,0
2021-05-08,2350,0,0,2334,16,0,0,0,0
2021-05-09,2350,0,0,2334,16,0,0,0,0
2021-05-10,2350,0,0,2334,16,0,0,0,0
2021-05-11,2350,0,0,2334,16,0,0,0,0
2021-05-12,2350,0,0,2334,16,0,0,0,0
2021-05-13,2350,0,0,2334,16,0,0,0,0
2021-05-14,2350,0,0,2334,16,0,0,0,0
2021-05-15,2350,0,0,2334,16,0,0,0,0
2021-05-16,2350,0,0,2334,16,0,0,0,0
2021-05-17,2350,0,0,2334,16,0,0,0,0
2021-05-18,2350,0,0,2334,16,0,0,0,0
2021-05-19,2350,0,0,2334,16,0,0,0,0
2021-05-20,2350,0,0,2334,16,0,0,0,0
2021-05-21,2350,0,0,2334,16,0,0,0,0
2021-05-22,2350,0,0,2334,16,0,0,0,0
2021-05-23,2350,0,0,2334,16,0,0,0,0
2021-05-24,2350,0,0,2334,16,0,0,0,0
2021-05-25,2350,0,0,2334,16,0,0,0,0
2021-05-26,2350,0,0,2334,16,0,0,0,0
2021-05-27,2350,0,0,2334,16,0,0,0,0
2021-05-28,2350,0,0,2334,16,0,0,0,0
2021-05-29,2350,0,0,2334,16,0,0,0,0
2021-05-30,2350,0,0,2334,16,0,0,0,0
2021-05-31,2350,0,0,2334,16,0,0,0,0
2021-06-01,2350,0,0,2334,16,0,0,0,0
2021-06-02,2350,0,0,2334,16,0,0,0,0
2021-06-03,2350,0,0,2334,16,0,0,0,0
2021-06-04,2350,0,0,2334,16,0,0,0,0
2021-06-05,2350,0,0,2334,16,0,0,0,0
2021-06-06,2350,0,0,2334,16,0,0,0,0
2021-06-07,2350,0,0,2334,16,0,0,0,0
2021-06-08,2350,0,0,2334,16,0,0,0,0
2021-06-09,2350,0,0,2334,16,0,0,0,0
2021-06-10,2350,0,0,2334,16,0,0,0,0
2021-06-11,2350,0,0,2334,16,0,0,0,0
2021-06-12,2350,0,0,2334,16,0,0,0,0
2021-06-13,2350,0,0,2334,16,0,0,0,0
2021-06-14,2350,0,0,2334,16,0,0,0,0
2021-06-15,2350,0,0,2334,16,0,0,0,0
2021-06-16,2350,0,0,2334,16,0,0,0,0
2021-06-17,2350,0,0,2334,16,0,0,0,0
2021-06-18,2350,0,0,2334,16,0,0,0,0
2021-06-19,2350,0,0,2334,16,0,0,0,0
2021-06-20,2350,0,0,2334,16,0,0,0,0
2021-06-21,2350,0,0,2334,16,0,0,0,0
2021-06-22,2350,0,0,2334,16,0,0,0,0
2021-06-23,2350,0,0,2334,16,0,0,0,0
