Date,Infected,Exposed,Active,Recovered,Deaths,Diff Exposed,Diff Active,Diff Recovered,Diff Deaths
2020-07-06,687,119,157,529,1,0,9,14,0
2020-07-07,710,114,165,544,1,0,7,15,0
2020-07-08,732,110,172,559,1,0,6,16,0
2020-07-09,754,108,178,575,1,0,5,16,0
2020-07-10,774,107,182,591,1,0,4,17,0
2020-07-11,796,106,187,608,1,0,4,17,0
2020-07-12,816,106,190,625,1,0,3,17,0
2020-07-13,837,106,194,642,1,0,3,18,0
2020-07-14,858,107,197,660,1,1,3,18,0
2020-07-15,879,108,200,678,1,1,3,18,0
2020-07-16,900,108,203,696,1,1,3,18,0
2020-07-17,920,109,205,714,1,1,3,19,0
2020-07-18,942,111,208,733,1,1,3,19,0
2020-07-19,964,112,211,752,1,1,3,19,0
2020-07-20,986,113,214,771,1,1,3,19,0
2020-07-21,1008,114,216,791,1,1,3,20,0
2020-07-22,1032,116,219,811,2,1,3,20,0
2020-07-23,1055,117,222,831,2,1,3,20,0
2020-07-24,1078,118,225,851,2,1,3,20,0
2020-07-25,1100,120,227,871,2,1,3,21,0
2020-07-26,1124,121,230,892,2,1,3,21,0
2020-07-27,1148,123,233,913,2,1,3,21,0
2020-07-28,1172,124,236,934,2,1,3,21,0
2020-07-29,1197,125,239,956,2,1,3,22,0
2020-07-30,1222,127,242,978,2,1,3,22,0
2020-07-31,1247,128,245,1000,2,2,3,22,0
2020-08-01,1272,130,248,1022,2,2,3,22,0
2020-08-02,1297,131,251,1044,2,2,3,23,0
2020-08-03,1323,133,254,1067,2,2,3,23,0
2020-08-04,1349,135,257,1090,2,2,3,23,0
2020-08-05,1376,136,260,1114,2,2,3,24,0
2020-08-06,1402,138,263,1137,2,2,3,24,0
2020-08-07,1429,139,266,1161,2,2,3,24,0
2020-08-08,1457,141,269,1186,2,2,3,24,0
2020-08-09,1484,142,272,1210,2,2,3,25,0
2020-08-10,1512,144,275,1235,2,2,3,25,0
2020-08-11,1541,146,279,1260,2,2,3,25,0
2020-08-12,1569,147,282,1285,2,2,3,26,0
2020-08-13,1598,149,285,1311,2,2,3,26,0
2020-08-14,1628,151,289,1337,2,2,3,26,0
2020-08-15,1658,152,292,1363,3,2,3,26,0
2020-08-16,1688,154,295,1390,3,2,3,27,0
2020-08-17,1719,156,299,1417,3,2,3,27,0
2020-08-18,1749,158,302,1444,3,2,3,27,0
2020-08-19,1780,159,305,1472,3,2,3,28,0
2020-08-20,1812,161,309,1500,3,2,3,28,0
2020-08-21,1843,163,312,1528,3,2,4,28,0
2020-08-22,1875,165,316,1556,3,2,4,29,0
2020-08-23,1908,166,320,1585,3,2,4,29,0
2020-08-24,1940,168,323,1614,3,2,4,29,0
2020-08-25,1973,170,327,1643,3,2,4,30,0
2020-08-26,2006,172,330,1673,3,2,4,30,0
2020-08-27,2040,174,334,1703,3,2,4,30,0
2020-08-28,2075,175,338,1734,3,2,4,31,0
2020-08-29,2109,177,341,1765,3,2,4,31,0
2020-08-30,2144,179,345,1796,3,2,4,31,0
2020-08-31,2179,181,349,1827,3,2,4,32,0
2020-09-01,2215,183,353,1859,3,2,4,32,0
2020-09-02,2252,185,357,1891,4,2,4,32,0
2020-09-03,2288,187,360,1924,4,2,4,33,0
2020-09-04,2324,189,364,1956,4,2,4,33,0
2020-09-05,2362,191,368,1990,4,2,4,33,0
2020-09-06,2399,193,372,2023,4,2,4,34,0
2020-09-07,2437,194,376,2057,4,2,4,34,0
2020-09-08,2475,196,380,2091,4,2,4,34,0
2020-09-09,2514,198,384,2126,4,2,4,35,0
2020-09-10,2553,200,388,2161,4,2,4,35,0
2020-09-11,2592,202,392,2196,4,2,4,36,0
2020-09-12,2632,204,396,2232,4,2,4,36,0
2020-09-13,2672,206,400,2268,4,2,4,36,0
2020-09-14,2712,208,404,2304,4,2,4,37,0
2020-09-15,2753,210,408,2341,4,2,4,37,0
2020-09-16,2794,212,412,2378,4,2,4,37,0
2020-09-17,2838,214,417,2416,5,2,4,38,0
2020-09-18,2880,216,421,2454,5,2,4,38,0
2020-09-19,2922,218,425,2492,5,2,4,39,0
2020-09-20,2965,221,429,2531,5,2,4,39,0
2020-09-21,3008,223,433,2570,5,2,4,39,0
2020-09-22,3052,225,438,2609,5,2,4,40,0
2020-09-23,3096,227,442,2649,5,2,4,40,0
2020-09-24,3141,229,446,2690,5,2,4,40,0
2020-09-25,3185,231,450,2730,5,2,4,41,0
2020-09-26,3231,233,455,2771,5,2,4,41,0
2020-09-27,3277,235,459,2813,5,2,4,42,0
2020-09-28,3322,237,463,2854,5,2,4,42,0
2020-09-29,3370,239,468,2897,5,2,4,42,0
2020-09-30,3416,241,472,2939,5,2,4,43,0
2020-10-01,3465,243,477,2982,6,2,4,43,0
2020-10-02,3513,245,481,3026,6,2,4,44,0
2020-10-03,3560,248,485,3069,6,2,4,44,0
2020-10-04,3610,250,490,3114,6,2,4,44,0
2020-10-05,3658,252,494,3158,6,2,4,45,0
2020-10-06,3708,254,499,3203,6,2,4,45,0
2020-10-07,3758,256,503,3249,6,2,4,46,0
2020-10-08,3807,258,507,3294,6,2,4,46,0
2020-10-09,3859,260,512,3341,6,2,4,46,0
2020-10-10,3909,262,516,3387,6,2,4,47,0
2020-10-11,3961,264,521,3434,6,2,4,47,0
2020-10-12,4014,266,525,3482,7,2,4,48,0
2020-10-13,4066,268,530,3529,7,2,4,48,0
2020-10-14,4119,270,534,3578,7,2,4,48,0
2020-10-15,4172,273,539,3626,7,2,4,49,0
2020-10-16,4225,275,543,3675,7,2,4,49,0
2020-10-17,4280,277,548,3725,7,2,4,50,0
2020-10-18,4334,279,552,3775,7,2,4,50,0
2020-10-19,4389,281,557,3825,7,2,4,51,0
2020-10-20,4444,283,561,3876,7,2,4,51,0
2020-10-21,4500,285,566,3927,7,2,4,51,0
2020-10-22,4555,287,570,3978,7,2,4,52,0
2020-10-23,4612,289,574,4030,8,2,4,52,0
2020-10-24,4669,291,579,4082,8,2,4,53,0
2020-10-25,4726,293,583,4135,8,2,4,53,0
2020-10-26,4784,295,588,4188,8,2,4,53,0
2020-10-27,4841,297,592,4241,8,2,4,54,0
2020-10-28,4900,299,597,4295,8,2,4,54,0
2020-10-29,4959,301,601,4350,8,2,4,55,0
2020-10-30,5017,303,605,4404,8,2,4,55,0
2020-10-31,5077,305,610,4459,8,2,4,55,0
2020-11-01,5137,307,614,4515,8,2,4,56,0
2020-11-02,5198,309,618,4571,9,2,4,56,0
2020-11-03,5259,311,623,4627,9,2,4,56,0
2020-11-04,5320,312,627,4684,9,2,4,57,0
2020-11-05,5381,314,631,4741,9,2,4,57,0
2020-11-06,5442,316,635,4798,9,2,4,58,0
2020-11-07,5505,318,640,4856,9,2,4,58,0
2020-11-08,5567,320,644,4914,9,2,4,58,0
2020-11-09,5630,322,648,4973,9,2,4,59,0
2020-11-10,5692,323,652,5031,9,2,4,59,0
2020-11-11,5757,325,656,5091,10,2,4,60,0
2020-11-12,5820,327,660,5150,10,2,4,60,0
2020-11-13,5885,329,664,5211,10,2,4,60,0
2020-11-14,5949,330,668,5271,10,2,4,61,0
2020-11-15,6014,332,672,5332,10,2,4,61,0
2020-11-16,6079,334,676,5393,10,2,4,61,0
2020-11-17,6144,335,680,5454,10,2,4,62,0
2020-11-18,6210,337,684,5516,10,2,4,62,0
2020-11-19,6277,339,688,5579,10,2,4,62,0
2020-11-20,6344,340,692,5641,11,2,4,63,0
2020-11-21,6411,342,696,5704,11,2,4,63,0
2020-11-22,6477,343,699,5767,11,2,4,63,0
2020-11-23,6545,345,703,5831,11,1,4,64,0
2020-11-24,6613,346,707,5895,11,1,4,64,0
2020-11-25,6680,348,710,5959,11,1,4,64,0
2020-11-26,6749,349,714,6024,11,1,4,65,0
2020-11-27,6818,351,718,6089,11,1,3,65,0
2020-11-28,6886,352,721,6154,11,1,3,65,0
2020-11-29,6956,353,725,6219,12,1,3,66,0
2020-11-30,7025,355,728,6285,12,1,3,66,0
2020-12-01,7094,356,731,6351,12,1,3,66,0
2020-12-02,7165,357,735,6418,12,1,3,67,0
2020-12-03,7235,358,738,6485,12,1,3,67,0
2020-12-04,7305,360,741,6552,12,1,3,67,0
2020-12-05,7375,361,744,6619,12,1,3,68,0
2020-12-06,7446,362,747,6687,12,1,3,68,0
2020-12-07,7517,363,750,6754,13,1,3,68,0
2020-12-08,7589,364,753,6823,13,1,3,68,0
2020-12-09,7660,365,756,6891,13,1,3,69,0
2020-12-10,7732,366,759,6960,13,1,3,69,0
2020-12-11,7804,367,762,7029,13,1,3,69,0
2020-12-12,7875,368,764,7098,13,1,3,69,0
2020-12-13,7947,369,767,7167,13,1,3,70,0
2020-12-14,8020,370,769,7237,14,1,3,70,0
2020-12-15,8093,371,772,7307,14,1,2,70,0
2020-12-16,8165,371,774,7377,14,1,2,70,0
2020-12-17,8238,372,777,7447,14,1,2,70,0
2020-12-18,8311,373,779,7518,14,1,2,71,0
2020-12-19,8384,374,781,7589,14,1,2,71,0
2020-12-20,8458,374,784,7660,14,1,2,71,0
2020-12-21,8531,375,786,7731,14,1,2,71,0
2020-12-22,8605,375,788,7802,15,1,2,71,0
2020-12-23,8679,376,790,7874,15,1,2,72,0
2020-12-24,8753,376,792,7946,15,0,2,72,0
2020-12-25,8825,377,793,8017,15,0,2,72,0
2020-12-26,8900,377,795,8090,15,0,2,72,0
2020-12-27,8974,378,797,8162,15,0,2,72,0
2020-12-28,9047,378,798,8234,15,0,2,72,0
2020-12-29,9123,378,800,8307,16,0,1,73,0
2020-12-30,9196,379,801,8379,16,0,1,73,0
2020-12-31,9271,379,803,8452,16,0,1,73,0
2021-01-01,9345,379,804,8525,16,0,1,73,0
2021-01-02,9419,379,805,8598,16,0,1,73,0
2021-01-03,9494,380,807,8671,16,0,1,73,0
2021-01-04,9568,380,808,8744,16,0,1,73,0
2021-01-05,9643,380,809,8818,16,0,1,73,0
2021-01-06,9717,380,809,8891,17,0,1,73,0
2021-01-07,9791,380,810,8964,17,0,1,74,0
2021-01-08,9866,380,811,9038,17,0,1,74,0
2021-01-09,9941,380,812,9112,17,0,1,74,0
2021-01-10,10014,379,812,9185,17,0,1,74,0
2021-01-11,10089,379,813,9259,17,0,0,74,0
2021-01-12,10163,379,813,9333,17,0,0,74,0
2021-01-13,10239,379,814,9407,18,0,0,74,0
2021-01-14,10312,378,814,9480,18,0,0,74,0
2021-01-15,10386,378,814,9554,18,0,0,74,0
2021-01-16,10460,378,814,9628,18,0,0,74,0
2021-01-17,10534,377,814,9702,18,0,0,74,0
2021-01-18,10608,377,814,9776,18,0,0,74,0
2021-01-19,10682,377,814,9850,18,0,0,74,0
2021-01-20,10757,376,814,9924,19,0,0,74,0
2021-01-21,10831,375,814,9998,19,0,0,74,0
2021-01-22,10903,375,813,10071,19,0,0,74,0
2021-01-23,10977,374,813,10145,19,0,0,74,0
2021-01-24,11050,374,812,10219,19,0,0,74,0
2021-01-25,11124,373,812,10293,19,0,0,74,0
2021-01-26,11196,372,811,10366,19,0,0,74,0
2021-01-27,11270,371,810,10440,20,0,0,74,0
2021-01-28,11342,371,809,10513,20,0,0,73,0
2021-01-29,11415,370,808,10587,20,0,0,73,0
2021-01-30,11487,369,807,10660,20,0,0,73,0
2021-01-31,11559,368,806,10733,20,0,0,73,0
2021-02-01,11631,367,805,10806,20,0,0,73,0
2021-02-02,11703,366,804,10879,20,0,0,73,0
2021-02-03,11775,365,803,10952,20,0,0,73,0
2021-02-04,11847,364,801,11025,21,0,0,73,0
2021-02-05,11919,363,800,11098,21,0,0,73,0
2021-02-06,11989,362,798,11170,21,0,0,72,0
2021-02-07,12061,361,797,11243,21,0,0,72,0
2021-02-08,12131,360,795,11315,21,0,0,72,0
2021-02-09,12201,359,793,11387,21,0,0,72,0
2021-02-10,12271,357,791,11459,21,0,0,72,0
2021-02-11,12341,356,789,11530,22,0,0,72,0
2021-02-12,12412,355,788,11602,22,0,0,71,0
2021-02-13,12480,354,785,11673,22,0,0,71,0
2021-02-14,12550,352,783,11745,22,0,0,71,0
2021-02-15,12619,351,781,11816,22,0,0,71,0
2021-02-16,12687,350,779,11886,22,0,0,71,0
2021-02-17,12756,348,777,11957,22,0,0,70,0
2021-02-18,12823,347,774,12027,22,0,0,70,0
2021-02-19,12893,345,772,12098,23,0,0,70,0
2021-02-20,12960,344,769,12168,23,0,0,70,0
2021-02-21,13027,342,767,12237,23,0,0,70,0
2021-02-22,13094,341,764,12307,23,0,0,69,0
2021-02-23,13161,339,762,12376,23,0,0,69,0
2021-02-24,13227,338,759,12445,23,0,0,69,0
2021-02-25,13293,336,756,12514,23,0,0,69,0
2021-02-26,13359,334,753,12582,24,0,0,68,0
2021-02-27,13425,333,750,12651,24,0,0,68,0
2021-02-28,13490,331,747,12719,24,0,0,68,0
2021-03-01,13554,329,744,12786,24,0,0,68,0
2021-03-02,13619,328,741,12854,24,0,0,67,0
2021-03-03,13683,326,738,12921,24,0,0,67,0
2021-03-04,13747,324,735,12988,24,0,0,67,0
2021-03-05,13810,323,732,13054,24,0,0,66,0
2021-03-06,13874,321,728,13121,25,0,0,66,0
2021-03-07,13937,319,725,13187,25,0,0,66,0
2021-03-08,13999,317,722,13252,25,0,0,65,0
2021-03-09,14061,315,718,13318,25,0,0,65,0
2021-03-10,14123,314,715,13383,25,0,0,65,0
2021-03-11,14183,312,711,13447,25,0,0,65,0
2021-03-12,14245,310,708,13512,25,0,0,64,0
2021-03-13,14305,308,704,13576,25,0,0,64,0
2021-03-14,14366,306,701,13640,25,0,0,64,0
2021-03-15,14426,304,697,13703,26,0,0,63,0
2021-03-16,14485,302,693,13766,26,0,0,63,0
2021-03-17,14544,300,689,13829,26,0,0,63,0
2021-03-18,14603,299,686,13891,26,0,0,62,0
2021-03-19,14662,297,682,13954,26,0,0,62,0
2021-03-20,14719,295,678,14015,26,0,0,62,0
2021-03-21,14777,293,674,14077,26,0,0,61,0
2021-03-22,14834,291,670,14138,26,0,0,61,0
2021-03-23,14891,289,666,14198,27,0,0,60,0
2021-03-24,14948,287,662,14259,27,0,0,60,0
2021-03-25,15004,285,658,14319,27,0,0,60,0
2021-03-26,15059,283,654,14378,27,0,0,59,0
2021-03-27,15114,281,650,14437,27,0,0,59,0
2021-03-28,15169,279,646,14496,27,0,0,59,0
2021-03-29,15224,277,642,14555,27,0,0,58,0
2021-03-30,15278,275,638,14613,27,0,0,58,0
2021-03-31,15332,273,634,14671,27,0,0,58,0
2021-04-01,15386,271,630,14728,28,0,0,57,0
2021-04-02,15438,269,625,14785,28,0,0,57,0
2021-04-03,15491,267,621,14842,28,0,0,56,0
2021-04-04,15543,265,617,14898,28,0,0,56,0
2021-04-05,15595,263,613,14954,28,0,0,56,0
2021-04-06,15646,260,609,15009,28,0,0,55,0
2021-04-07,15696,258,604,15064,28,0,0,55,0
2021-04-08,15747,256,600,15119,28,0,0,54,0
2021-04-09,15797,254,596,15173,28,0,0,54,0
2021-04-10,15847,252,592,15227,28,0,0,54,0
2021-04-11,15897,250,587,15281,29,0,0,53,0
2021-04-12,15946,248,583,15334,29,0,0,53,0
2021-04-13,15995,246,579,15387,29,0,0,53,0
2021-04-14,16042,244,574,15439,29,0,0,52,0
2021-04-15,16090,242,570,15491,29,0,0,52,0
2021-04-16,16138,240,566,15543,29,0,0,51,0
2021-04-17,16184,238,561,15594,29,0,0,51,0
2021-04-18,16230,236,557,15644,29,0,0,51,0
2021-04-19,16277,234,553,15695,29,0,0,50,0
2021-04-20,16322,232,548,15745,29,0,0,50,0
2021-04-21,16368,230,544,15794,30,0,0,49,0
2021-04-22,16414,228,540,15844,30,0,0,49,0
2021-04-23,16457,226,535,15892,30,0,0,49,0
2021-04-24,16502,224,531,15941,30,0,0,48,0
2021-04-25,16546,222,527,15989,30,0,0,48,0
2021-04-26,16589,220,522,16037,30,0,0,47,0
2021-04-27,16632,218,518,16084,30,0,0,47,0
2021-04-28,16675,216,514,16131,30,0,0,47,0
2021-04-29,16716,214,509,16177,30,0,0,46,0
2021-04-30,16758,212,505,16223,30,0,0,46,0
2021-05-01,16800,210,501,16269,30,0,0,45,0
2021-05-02,16840,208,496,16314,30,0,0,45,0
2021-05-03,16882,206,492,16359,31,0,0,45,0
2021-05-04,16922,204,488,16403,31,0,0,44,0
2021-05-05,16962,202,483,16448,31,0,0,44,0
2021-05-06,17001,200,479,16491,31,0,0,43,0
2021-05-07,17041,199,475,16535,31,0,0,43,0
2021-05-08,17080,197,471,16578,31,0,0,43,0
2021-05-09,17117,195,466,16620,31,0,0,42,0
2021-05-10,17155,193,462,16662,31,0,0,42,0
2021-05-11,17193,191,458,16704,31,0,0,42,0
2021-05-12,17231,189,454,16746,31,0,0,41,0
2021-05-13,17268,187,450,16787,31,0,0,41,0
2021-05-14,17304,185,446,16827,31,0,0,40,0
2021-05-15,17341,184,441,16868,32,0,0,40,0
2021-05-16,17376,182,437,16907,32,0,0,40,0
2021-05-17,17412,180,433,16947,32,0,0,39,0
2021-05-18,17447,178,429,16986,32,0,0,39,0
2021-05-19,17482,176,425,17025,32,0,0,39,0
2021-05-20,17516,175,421,17063,32,0,0,38,0
2021-05-21,17550,173,417,17101,32,0,0,38,0
2021-05-22,17584,171,413,17139,32,0,0,37,0
2021-05-23,17617,169,409,17176,32,0,0,37,0
2021-05-24,17650,168,405,17213,32,0,0,37,0
2021-05-25,17683,166,401,17250,32,0,0,36,0
2021-05-26,17715,164,397,17286,32,0,0,36,0
2021-05-27,17747,162,393,17322,32,0,0,36,0
2021-05-28,17779,161,389,17358,32,0,0,35,0
2021-05-29,17810,159,385,17393,32,0,0,35,0
2021-05-30,17842,157,381,17428,33,0,0,35,0
2021-05-31,17873,156,378,17462,33,0,0,34,0
2021-06-01,17903,154,374,17496,33,0,0,34,0
2021-06-02,17933,152,370,17530,33,0,0,34,0
2021-06-03,17963,151,366,17564,33,0,0,33,0
2021-06-04,17993,149,363,17597,33,0,0,33,0
2021-06-05,18021,147,359,17629,33,0,0,33,0
2021-06-06,18050,146,355,17662,33,0,0,32,0
2021-06-07,18078,144,351,17694,33,0,0,32,0
2021-06-08,18107,143,348,17726,33,0,0,32,0
2021-06-09,18134,141,344,17757,33,0,0,31,0
2021-06-10,18162,140,341,17788,33,0,0,31,0
2021-06-11,18189,138,337,17819,33,0,0,31,0
2021-06-12,18216,137,333,17850,33,0,0,30,0
2021-06-13,18243,135,330,17880,33,0,0,30,0
2021-06-14,18268,134,326,17909,33,0,0,30,0
2021-06-15,18296,132,323,17939,34,0,0,29,0
2021-06-16,18322,131,320,17968,34,0,0,29,0
2021-06-17,18347,129,316,17997,34,0,0,29,0
2021-06-18,18373,128,313,18026,34,0,0,28,0
2021-06-19,18397,126,309,18054,34,0,0,28,0
2021-06-20,18422,125,306,18082,34,0,0,28,0
2021-06-21,18446,123,303,18109,34,0,0,27,0
2021-06-22,18470,122,299,18137,34,0,0,27,0
2021-06-23,18494,121,296,18164,34,0,0,27,0
2021-06-24,18518,119,293,18191,34,0,0,27,0
2021-06-25,18541,118,290,18217,34,0,0,26,0
2021-06-26,18563,117,286,18243,34,0,0,26,0
2021-06-27,18586,115,283,18269,34,0,0,26,0
2021-06-28,18609,114,280,18295,34,0,0,25,0
2021-06-29,18631,113,277,18320,34,0,0,25,0
2021-06-30,18653,111,274,18345,34,0,0,25,0
2021-07-01,18675,110,271,18370,34,0,0,25,0
