Date,Infected,Exposed,Active,Recovered,Deaths,Diff Exposed,Diff Active,Diff Recovered,Diff Deaths
2020-06-25,2532,345,676,1841,15,8,6,61,1
2020-06-26,2601,352,683,1902,16,7,7,62,1
2020-06-27,2670,359,690,1964,16,6,8,62,1
2020-06-28,2741,364,698,2026,17,5,8,63,1
2020-06-29,2812,370,706,2089,17,5,8,64,1
2020-06-30,2885,374,714,2153,18,5,9,64,1
2020-07-01,2959,379,723,2218,18,5,9,65,1
2020-07-02,3033,384,731,2283,19,4,9,66,1
2020-07-03,3109,388,740,2349,20,4,9,67,1
2020-07-04,3185,392,749,2416,20,4,9,68,1
2020-07-05,3263,396,758,2484,21,4,9,68,1
2020-07-06,3340,400,766,2553,21,4,9,69,1
2020-07-07,3419,404,775,2622,22,4,9,70,1
2020-07-08,3498,407,784,2692,22,4,9,71,1
2020-07-09,3578,411,792,2763,23,4,9,71,1
2020-07-10,3660,414,801,2835,24,3,8,72,1
2020-07-11,3741,418,809,2908,24,3,8,73,1
2020-07-12,3823,421,817,2981,25,3,8,74,1
2020-07-13,3906,424,826,3055,25,3,8,74,1
2020-07-14,3989,427,834,3129,26,3,8,75,1
2020-07-15,4074,430,842,3205,27,3,8,76,1
2020-07-16,4158,433,850,3281,27,3,8,77,1
2020-07-17,4243,436,857,3358,28,3,8,77,1
2020-07-18,4329,439,865,3435,29,3,7,78,1
2020-07-19,4415,442,872,3514,29,3,7,79,1
2020-07-20,4502,444,879,3593,30,2,7,79,1
2020-07-21,4590,447,887,3672,31,2,7,80,1
2020-07-22,4676,449,893,3752,31,2,7,81,1
2020-07-23,4765,451,900,3833,32,2,7,81,1
2020-07-24,4854,453,907,3914,33,2,6,82,1
2020-07-25,4942,455,913,3996,33,2,6,82,1
2020-07-26,5032,457,919,4079,34,2,6,83,1
2020-07-27,5122,458,925,4162,35,2,6,83,1
2020-07-28,5212,460,931,4246,35,1,6,84,1
2020-07-29,5302,461,936,4330,36,1,5,84,1
2020-07-30,5393,463,942,4414,37,1,5,85,1
2020-07-31,5483,464,947,4499,37,1,5,85,1
2020-08-01,5574,465,951,4585,38,1,5,86,1
2020-08-02,5666,466,956,4671,39,1,4,86,1
2020-08-03,5757,467,960,4757,40,1,4,87,1
2020-08-04,5849,467,965,4844,40,1,4,87,1
2020-08-05,5940,468,968,4931,41,0,4,87,1
2020-08-06,6032,468,972,5018,42,0,3,88,1
2020-08-07,6124,468,975,5106,43,0,3,88,1
2020-08-08,6215,469,978,5194,43,0,3,88,1
2020-08-09,6307,468,981,5282,44,0,3,88,1
2020-08-10,6400,468,984,5371,45,0,2,89,1
2020-08-11,6491,468,986,5460,45,0,2,89,1
2020-08-12,6583,468,988,5549,46,0,2,89,1
2020-08-13,6675,467,990,5638,47,0,2,89,1
2020-08-14,6766,466,991,5727,48,0,1,89,1
2020-08-15,6858,465,993,5817,48,0,1,89,1
2020-08-16,6948,464,993,5906,49,0,1,90,1
2020-08-17,7040,463,994,5996,50,0,0,90,1
2020-08-18,7130,462,994,6085,51,0,0,90,1
2020-08-19,7221,461,995,6175,51,0,0,90,1
2020-08-20,7311,459,994,6265,52,0,0,90,1
2020-08-21,7401,458,994,6354,53,0,0,90,1
2020-08-22,7491,456,993,6444,54,0,0,90,1
2020-08-23,7579,454,992,6533,54,0,0,89,1
2020-08-24,7669,452,991,6623,55,0,0,89,1
2020-08-25,7757,450,989,6712,56,0,0,89,1
2020-08-26,7846,448,988,6801,57,0,0,89,1
2020-08-27,7932,445,985,6890,57,0,0,89,1
2020-08-28,8020,443,983,6979,58,0,0,89,1
2020-08-29,8108,441,981,7068,59,0,0,88,1
2020-08-30,8194,438,978,7156,60,0,0,88,1
2020-08-31,8279,435,975,7244,60,0,0,88,1
2020-09-01,8364,432,971,7332,61,0,0,88,1
2020-09-02,8449,429,968,7419,62,0,0,87,1
2020-09-03,8533,426,964,7506,63,0,0,87,1
2020-09-04,8616,423,960,7593,63,0,0,87,1
2020-09-05,8698,420,955,7679,64,0,0,86,1
2020-09-06,8781,417,951,7765,65,0,0,86,1
2020-09-07,8862,414,946,7851,65,0,0,85,1
2020-09-08,8943,410,941,7936,66,0,0,85,1
2020-09-09,9024,407,936,8021,67,0,0,84,1
2020-09-10,9102,403,930,8105,67,0,0,84,1
2020-09-11,9182,399,925,8189,68,0,0,83,1
2020-09-12,9260,396,919,8272,69,0,0,83,1
2020-09-13,9337,392,913,8354,70,0,0,82,1
2020-09-14,9414,388,907,8437,70,0,0,82,1
2020-09-15,9489,384,900,8518,71,0,0,81,1
2020-09-16,9565,381,894,8599,72,0,0,81,1
2020-09-17,9638,377,887,8679,72,0,0,80,1
2020-09-18,9712,373,880,8759,73,0,0,79,1
2020-09-19,9785,369,873,8838,74,0,0,79,1
2020-09-20,9857,365,866,8917,74,0,0,78,1
2020-09-21,9929,361,859,8995,75,0,0,77,1
2020-09-22,9999,356,851,9072,76,0,0,77,1
2020-09-23,10068,352,844,9148,76,0,0,76,1
2020-09-24,10137,348,836,9224,77,0,0,75,1
2020-09-25,10204,344,828,9299,77,0,0,75,1
2020-09-26,10272,340,820,9374,78,0,0,74,1
2020-09-27,10338,336,812,9447,79,0,0,73,1
2020-09-28,10403,331,804,9520,79,0,0,73,1
2020-09-29,10469,327,796,9593,80,0,0,72,1
2020-09-30,10532,323,788,9664,80,0,0,71,1
2020-10-01,10596,319,780,9735,81,0,0,70,1
2020-10-02,10658,314,771,9805,82,0,0,70,1
2020-10-03,10719,310,763,9874,82,0,0,69,1
2020-10-04,10780,306,754,9943,83,0,0,68,1
2020-10-05,10838,302,745,10010,83,0,0,67,1
2020-10-06,10898,297,737,10077,84,0,0,66,1
2020-10-07,10955,293,728,10143,84,0,0,66,1
2020-10-08,11013,289,719,10209,85,0,0,65,1
2020-10-09,11070,285,711,10273,86,0,0,64,1
2020-10-10,11125,281,702,10337,86,0,0,63,1
2020-10-11,11180,276,693,10400,87,0,0,62,1
2020-10-12,11233,272,684,10462,87,0,0,62,1
2020-10-13,11288,268,676,10524,88,0,0,61,1
2020-10-14,11339,264,667,10584,88,0,0,60,1
2020-10-15,11391,260,658,10644,89,0,0,59,0
2020-10-16,11441,256,649,10703,89,0,0,59,0
2020-10-17,11491,252,640,10761,90,0,0,58,0
2020-10-18,11541,248,632,10819,90,0,0,57,0
2020-10-19,11589,244,623,10875,91,0,0,56,0
2020-10-20,11636,240,614,10931,91,0,0,55,0
2020-10-21,11682,236,605,10986,91,0,0,55,0
2020-10-22,11729,232,597,11040,92,0,0,54,0
2020-10-23,11774,229,588,11094,92,0,0,53,0
2020-10-24,11819,225,579,11147,93,0,0,52,0
2020-10-25,11863,221,571,11199,93,0,0,51,0
2020-10-26,11906,217,562,11250,94,0,0,51,0
2020-10-27,11948,214,554,11300,94,0,0,50,0
2020-10-28,11990,210,545,11350,95,0,0,49,0
2020-10-29,12031,206,537,11399,95,0,0,48,0
2020-10-30,12071,203,529,11447,95,0,0,48,0
2020-10-31,12110,199,520,11494,96,0,0,47,0
2020-11-01,12149,196,512,11541,96,0,0,46,0
2020-11-02,12187,192,504,11587,96,0,0,45,0
2020-11-03,12225,189,496,11632,97,0,0,45,0
2020-11-04,12261,186,488,11676,97,0,0,44,0
2020-11-05,12298,182,480,11720,98,0,0,43,0
2020-11-06,12333,179,472,11763,98,0,0,43,0
2020-11-07,12367,176,464,11805,98,0,0,42,0
2020-11-08,12403,173,457,11847,99,0,0,41,0
2020-11-09,12436,169,449,11888,99,0,0,40,0
2020-11-10,12468,166,441,11928,99,0,0,40,0
2020-11-11,12502,163,434,11968,100,0,0,39,0
2020-11-12,12532,160,426,12006,100,0,0,38,0
2020-11-13,12564,157,419,12045,100,0,0,38,0
2020-11-14,12595,154,412,12082,101,0,0,37,0
2020-11-15,12625,151,405,12119,101,0,0,36,0
2020-11-16,12654,149,398,12155,101,0,0,36,0
2020-11-17,12684,146,391,12191,102,0,0,35,0
2020-11-18,12712,143,384,12226,102,0,0,35,0
2020-11-19,12739,140,377,12260,102,0,0,34,0
2020-11-20,12766,138,370,12294,102,0,0,33,0
2020-11-21,12793,135,363,12327,103,0,0,33,0
2020-11-22,12820,132,357,12360,103,0,0,32,0
2020-11-23,12845,130,350,12392,103,0,0,32,0
2020-11-24,12870,127,344,12423,103,0,0,31,0
2020-11-25,12896,125,338,12454,104,0,0,30,0
2020-11-26,12920,122,332,12484,104,0,0,30,0
2020-11-27,12943,120,325,12514,104,0,0,29,0
2020-11-28,12966,118,319,12543,104,0,0,29,0
2020-11-29,12990,115,313,12572,105,0,0,28,0
2020-11-30,13013,113,308,12600,105,0,0,28,0
2020-12-01,13034,111,302,12627,105,0,0,27,0
2020-12-02,13055,108,296,12654,105,0,0,27,0
2020-12-03,13077,106,290,12681,106,0,0,26,0
2020-12-04,13098,104,285,12707,106,0,0,26,0
2020-12-05,13117,102,279,12732,106,0,0,25,0
2020-12-06,13137,100,274,12757,106,0,0,25,0
2020-12-07,13157,98,269,12782,106,0,0,24,0
2020-12-08,13177,96,264,12806,107,0,0,24,0
2020-12-09,13195,94,259,12829,107,0,0,23,0
2020-12-10,13213,92,254,12852,107,0,0,23,0
2020-12-11,13231,90,249,12875,107,0,0,22,0
2020-12-12,13248,88,244,12897,107,0,0,22,0
2020-12-13,13266,87,239,12919,108,0,0,22,0
2020-12-14,13283,85,234,12941,108,0,0,21,0
2020-12-15,13300,83,230,12962,108,0,0,21,0
2020-12-16,13315,81,225,12982,108,0,0,20,0
2020-12-17,13331,80,221,13002,108,0,0,20,0
2020-12-18,13346,78,216,13022,108,0,0,19,0
2020-12-19,13362,76,212,13041,109,0,0,19,0
2020-12-20,13377,75,208,13060,109,0,0,19,0
2020-12-21,13391,73,203,13079,109,0,0,18,0
2020-12-22,13405,72,199,13097,109,0,0,18,0
2020-12-23,13419,70,195,13115,109,0,0,18,0
2020-12-24,13432,69,191,13132,109,0,0,17,0
2020-12-25,13447,67,188,13150,109,0,0,17,0
2020-12-26,13460,66,184,13166,110,0,0,17,0
2020-12-27,13473,65,180,13183,110,0,0,16,0
2020-12-28,13485,63,176,13199,110,0,0,16,0
2020-12-29,13498,62,173,13215,110,0,0,16,0
2020-12-30,13509,61,169,13230,110,0,0,15,0
2020-12-31,13521,59,166,13245,110,0,0,15,0
2021-01-01,13532,58,162,13260,110,0,0,15,0
2021-01-02,13545,57,159,13275,111,0,0,14,0
2021-01-03,13556,56,156,13289,111,0,0,14,0
2021-01-04,13566,54,152,13303,111,0,0,14,0
2021-01-05,13576,53,149,13316,111,0,0,13,0
2021-01-06,13587,52,146,13330,111,0,0,13,0
2021-01-07,13597,51,143,13343,111,0,0,13,0
2021-01-08,13607,50,140,13356,111,0,0,13,0
2021-01-09,13616,49,137,13368,111,0,0,12,0
2021-01-10,13625,48,134,13380,111,0,0,12,0
2021-01-11,13636,47,132,13392,112,0,0,12,0
2021-01-12,13645,46,129,13404,112,0,0,12,0
2021-01-13,13654,45,126,13416,112,0,0,11,0
2021-01-14,13662,44,123,13427,112,0,0,11,0
2021-01-15,13671,43,121,13438,112,0,0,11,0
2021-01-16,13679,42,118,13449,112,0,0,11,0
2021-01-17,13687,41,116,13459,112,0,0,10,0
2021-01-18,13695,40,113,13470,112,0,0,10,0
2021-01-19,13703,39,111,13480,112,0,0,10,0
2021-01-20,13711,39,109,13490,112,0,0,10,0
2021-01-21,13718,38,106,13500,112,0,0,10,0
2021-01-22,13725,37,104,13509,112,0,0,9,0
2021-01-23,13733,36,102,13518,113,0,0,9,0
2021-01-24,13741,35,100,13528,113,0,0,9,0
2021-01-25,13747,35,98,13536,113,0,0,9,0
2021-01-26,13753,34,95,13545,113,0,0,9,0
2021-01-27,13760,33,93,13554,113,0,0,8,0
2021-01-28,13766,32,91,13562,113,0,0,8,0
2021-01-29,13773,32,90,13570,113,0,0,8,0
2021-01-30,13779,31,88,13578,113,0,0,8,0
2021-01-31,13785,30,86,13586,113,0,0,8,0
2021-02-01,13791,30,84,13594,113,0,0,8,0
2021-02-02,13796,29,82,13601,113,0,0,7,0
2021-02-03,13802,28,80,13609,113,0,0,7,0
2021-02-04,13808,28,79,13616,113,0,0,7,0
2021-02-05,13813,27,77,13623,113,0,0,7,0
2021-02-06,13818,27,75,13630,113,0,0,7,0
2021-02-07,13824,26,74,13636,114,0,0,7,0
2021-02-08,13829,25,72,13643,114,0,0,6,0
2021-02-09,13833,25,70,13649,114,0,0,6,0
2021-02-10,13839,24,69,13656,114,0,0,6,0
2021-02-11,13843,24,67,13662,114,0,0,6,0
2021-02-12,13848,23,66,13668,114,0,0,6,0
2021-02-13,13853,23,65,13674,114,0,0,6,0
2021-02-14,13857,22,63,13680,114,0,0,6,0
2021-02-15,13861,22,62,13685,114,0,0,6,0
2021-02-16,13865,21,60,13691,114,0,0,5,0
2021-02-17,13869,21,59,13696,114,0,0,5,0
2021-02-18,13873,20,58,13701,114,0,0,5,0
2021-02-19,13878,20,57,13707,114,0,0,5,0
2021-02-20,13881,19,55,13712,114,0,0,5,0
2021-02-21,13885,19,54,13717,114,0,0,5,0
2021-02-22,13888,19,53,13721,114,0,0,5,0
2021-02-23,13892,18,52,13726,114,0,0,5,0
2021-02-24,13896,18,51,13731,114,0,0,5,0
2021-02-25,13899,17,50,13735,114,0,0,4,0
2021-02-26,13902,17,48,13740,114,0,0,4,0
2021-02-27,13905,17,47,13744,114,0,0,4,0
2021-02-28,13908,16,46,13748,114,0,0,4,0
2021-03-01,13912,16,45,13752,115,0,0,4,0
2021-03-02,13916,16,44,13757,115,0,0,4,0
2021-03-03,13919,15,43,13761,115,0,0,4,0
2021-03-04,13921,15,42,13764,115,0,0,4,0
2021-03-05,13925,15,42,13768,115,0,0,4,0
2021-03-06,13928,14,41,13772,115,0,0,4,0
2021-03-07,13931,14,40,13776,115,0,0,4,0
2021-03-08,13933,14,39,13779,115,0,0,4,0
2021-03-09,13936,13,38,13783,115,0,0,3,0
2021-03-10,13938,13,37,13786,115,0,0,3,0
2021-03-11,13940,13,36,13789,115,0,0,3,0
2021-03-12,13944,12,36,13793,115,0,0,3,0
2021-03-13,13946,12,35,13796,115,0,0,3,0
2021-03-14,13948,12,34,13799,115,0,0,3,0
2021-03-15,13950,12,33,13802,115,0,0,3,0
2021-03-16,13952,11,32,13805,115,0,0,3,0
2021-03-17,13955,11,32,13808,115,0,0,3,0
2021-03-18,13957,11,31,13811,115,0,0,3,0
2021-03-19,13958,11,30,13813,115,0,0,3,0
2021-03-20,13961,10,30,13816,115,0,0,3,0
2021-03-21,13963,10,29,13819,115,0,0,3,0
2021-03-22,13964,10,28,13821,115,0,0,3,0
2021-03-23,13967,10,28,13824,115,0,0,3,0
2021-03-24,13968,10,27,13826,115,0,0,2,0
2021-03-25,13971,9,27,13829,115,0,0,2,0
2021-03-26,13972,9,26,13831,115,0,0,2,0
2021-03-27,13973,9,25,13833,115,0,0,2,0
2021-03-28,13976,9,25,13836,115,0,0,2,0
2021-03-29,13977,9,24,13838,115,0,0,2,0
2021-03-30,13979,8,24,13840,115,0,0,2,0
2021-03-31,13980,8,23,13842,115,0,0,2,0
2021-04-01,13982,8,23,13844,115,0,0,2,0
2021-04-02,13983,8,22,13846,115,0,0,2,0
2021-04-03,13985,8,22,13848,115,0,0,2,0
2021-04-04,13986,7,21,13850,115,0,0,2,0
2021-04-05,13988,7,21,13852,115,0,0,2,0
2021-04-06,13989,7,20,13854,115,0,0,2,0
2021-04-07,13991,7,20,13856,115,0,0,2,0
2021-04-08,13992,7,19,13858,115,0,0,2,0
2021-04-09,13993,7,19,13859,115,0,0,2,0
2021-04-10,13995,6,19,13861,115,0,0,2,0
2021-04-11,13996,6,18,13863,115,0,0,2,0
2021-04-12,13997,6,18,13864,115,0,0,2,0
2021-04-13,13998,6,17,13866,115,0,0,2,0
2021-04-14,14000,6,17,13868,115,0,0,2,0
2021-04-15,14001,6,17,13869,115,0,0,1,0
2021-04-16,14002,6,16,13871,115,0,0,1,0
2021-04-17,14004,6,16,13872,116,0,0,1,0
2021-04-18,14005,5,16,13873,116,0,0,1,0
2021-04-19,14006,5,15,13875,116,0,0,1,0
2021-04-20,14007,5,15,13876,116,0,0,1,0
2021-04-21,14008,5,15,13877,116,0,0,1,0
2021-04-22,14009,5,14,13879,116,0,0,1,0
2021-04-23,14010,5,14,13880,116,0,0,1,0
2021-04-24,14011,5,14,13881,116,0,0,1,0
2021-04-25,14011,5,13,13882,116,0,0,1,0
2021-04-26,14013,5,13,13884,116,0,0,1,0
2021-04-27,14014,4,13,13885,116,0,0,1,0
2021-04-28,14014,4,12,13886,116,0,0,1,0
2021-04-29,14015,4,12,13887,116,0,0,1,0
2021-04-30,14016,4,12,13888,116,0,0,1,0
2021-05-01,14017,4,12,13889,116,0,0,1,0
2021-05-02,14017,4,11,13890,116,0,0,1,0
2021-05-03,14018,4,11,13891,116,0,0,1,0
2021-05-04,14019,4,11,13892,116,0,0,1,0
2021-05-05,14020,4,11,13893,116,0,0,1,0
2021-05-06,14020,4,10,13894,116,0,0,1,0
2021-05-07,14021,4,10,13895,116,0,0,1,0
2021-05-08,14022,3,10,13896,116,0,0,1,0
2021-05-09,14023,3,10,13897,116,0,0,1,0
2021-05-10,14023,3,9,13898,116,0,0,1,0
2021-05-11,14024,3,9,13899,116,0,0,1,0
2021-05-12,14024,3,9,13899,116,0,0,1,0
2021-05-13,14025,3,9,13900,116,0,0,1,0
2021-05-14,14026,3,9,13901,116,0,0,1,0
2021-05-15,14026,3,8,13902,116,0,0,1,0
2021-05-16,14027,3,8,13903,116,0,0,1,0
2021-05-17,14027,3,8,13903,116,0,0,1,0
2021-05-18,14028,3,8,13904,116,0,0,1,0
2021-05-19,14029,3,8,13905,116,0,0,1,0
2021-05-20,14029,3,8,13905,116,0,0,1,0
2021-05-21,14029,3,7,13906,116,0,0,1,0
2021-05-22,14030,3,7,13907,116,0,0,1,0
2021-05-23,14030,2,7,13907,116,0,0,1,0
2021-05-24,14031,2,7,13908,116,0,0,1,0
2021-05-25,14032,2,7,13909,116,0,0,1,0
2021-05-26,14032,2,7,13909,116,0,0,1,0
2021-05-27,14032,2,6,13910,116,0,0,1,0
2021-05-28,14032,2,6,13910,116,0,0,1,0
2021-05-29,14033,2,6,13911,116,0,0,1,0
2021-05-30,14033,2,6,13911,116,0,0,1,0
2021-05-31,14034,2,6,13912,116,0,0,1,0
2021-06-01,14035,2,6,13913,116,0,0,1,0
2021-06-02,14035,2,6,13913,116,0,0,1,0
2021-06-03,14036,2,6,13914,116,0,0,0,0
2021-06-04,14035,2,5,13914,116,0,0,0,0
2021-06-05,14036,2,5,13915,116,0,0,0,0
2021-06-06,14036,2,5,13915,116,0,0,0,0
2021-06-07,14036,2,5,13915,116,0,0,0,0
2021-06-08,14037,2,5,13916,116,0,0,0,0
2021-06-09,14037,2,5,13916,116,0,0,0,0
2021-06-10,14038,2,5,13917,116,0,0,0,0
2021-06-11,14038,2,5,13917,116,0,0,0,0
2021-06-12,14038,2,4,13918,116,0,0,0,0
2021-06-13,14038,2,4,13918,116,0,0,0,0
2021-06-14,14038,1,4,13918,116,0,0,0,0
2021-06-15,14039,1,4,13919,116,0,0,0,0
2021-06-16,14039,1,4,13919,116,0,0,0,0
2021-06-17,14040,1,4,13920,116,0,0,0,0
2021-06-18,14040,1,4,13920,116,0,0,0,0
2021-06-19,14040,1,4,13920,116,0,0,0,0
2021-06-20,14041,1,4,13921,116,0,0,0,0
