Date,Infected,Exposed,Active,Recovered,Deaths,Diff Exposed,Diff Active,Diff Recovered,Diff Deaths
2020-07-08,241,18,55,185,1,3,0,5,0
2020-07-09,245,21,54,190,1,2,0,5,0
2020-07-10,249,23,53,195,1,2,0,5,0
2020-07-11,254,24,53,200,1,1,0,5,0
2020-07-12,259,25,53,205,1,1,0,5,0
2020-07-13,263,27,53,209,1,1,0,5,0
2020-07-14,269,27,54,214,1,1,1,5,0
2020-07-15,274,28,54,219,1,1,1,5,0
2020-07-16,280,29,55,224,1,1,1,5,0
2020-07-17,285,30,55,229,1,1,1,5,0
2020-07-18,291,30,56,234,1,1,1,5,0
2020-07-19,297,31,57,239,1,1,1,5,0
2020-07-20,303,31,58,244,1,1,1,5,0
2020-07-21,310,32,59,250,1,1,1,5,0
2020-07-22,316,32,60,255,1,1,1,5,0
2020-07-23,322,33,61,260,1,1,1,5,0
2020-07-24,329,33,62,266,1,1,1,6,0
2020-07-25,334,34,62,271,1,1,1,6,0
2020-07-26,341,34,63,277,1,1,1,6,0
2020-07-27,348,35,64,283,1,1,1,6,0
2020-07-28,355,36,65,289,1,1,1,6,0
2020-07-29,362,36,66,295,1,1,1,6,0
2020-07-30,370,37,68,301,1,1,1,6,0
2020-07-31,377,37,69,307,1,1,1,6,0
2020-08-01,384,38,70,313,1,1,1,6,0
2020-08-02,392,38,71,320,1,1,1,6,0
2020-08-03,399,39,72,326,1,1,1,7,0
2020-08-04,407,40,73,333,1,1,1,7,0
2020-08-05,414,40,74,339,1,1,1,7,0
2020-08-06,422,41,75,346,1,1,1,7,0
2020-08-07,430,41,76,353,1,1,1,7,0
2020-08-08,439,42,78,360,1,1,1,7,0
2020-08-09,448,43,79,367,2,1,1,7,0
2020-08-10,456,43,80,374,2,1,1,7,0
2020-08-11,464,44,81,381,2,1,1,7,0
2020-08-12,473,45,82,389,2,1,1,7,0
2020-08-13,482,45,84,396,2,1,1,8,0
2020-08-14,491,46,85,404,2,1,1,8,0
2020-08-15,500,47,86,412,2,1,1,8,0
2020-08-16,508,47,87,419,2,1,1,8,0
2020-08-17,518,48,89,427,2,1,1,8,0
2020-08-18,527,49,90,435,2,1,1,8,0
2020-08-19,537,49,91,444,2,1,1,8,0
2020-08-20,547,50,93,452,2,1,1,8,0
2020-08-21,556,51,94,460,2,1,1,9,0
2020-08-22,567,51,96,469,2,1,1,9,0
2020-08-23,577,52,97,478,2,1,1,9,0
2020-08-24,586,53,98,486,2,1,1,9,0
2020-08-25,597,54,100,495,2,1,1,9,0
2020-08-26,607,54,101,504,2,1,1,9,0
2020-08-27,619,55,103,514,2,1,1,9,0
2020-08-28,629,56,104,523,2,1,1,9,0
2020-08-29,641,57,106,533,2,1,2,10,0
2020-08-30,651,57,107,542,2,1,2,10,0
2020-08-31,663,58,109,552,2,1,2,10,0
2020-09-01,674,59,110,562,2,1,2,10,0
2020-09-02,686,60,112,572,2,1,2,10,0
2020-09-03,697,61,113,582,2,1,2,10,0
2020-09-04,709,61,115,592,2,1,2,10,0
2020-09-05,723,62,117,603,3,1,2,11,0
2020-09-06,734,63,118,613,3,1,2,11,0
2020-09-07,747,64,120,624,3,1,2,11,0
2020-09-08,759,65,121,635,3,1,2,11,0
2020-09-09,772,66,123,646,3,1,2,11,0
2020-09-10,785,66,125,657,3,1,2,11,0
2020-09-11,798,67,126,669,3,1,2,11,0
2020-09-12,811,68,128,680,3,1,2,12,0
2020-09-13,825,69,130,692,3,1,2,12,0
2020-09-14,839,70,132,704,3,1,2,12,0
2020-09-15,852,71,133,716,3,1,2,12,0
2020-09-16,866,72,135,728,3,1,2,12,0
2020-09-17,880,73,137,740,3,1,2,12,0
2020-09-18,895,73,139,753,3,1,2,13,0
2020-09-19,909,74,141,765,3,1,2,13,0
2020-09-20,923,75,142,778,3,1,2,13,0
2020-09-21,938,76,144,791,3,1,2,13,0
2020-09-22,953,77,146,804,3,1,2,13,0
2020-09-23,968,78,148,817,3,1,2,13,0
2020-09-24,984,79,150,831,3,1,2,14,0
2020-09-25,1000,80,152,844,4,1,2,14,0
2020-09-26,1015,81,153,858,4,1,2,14,0
2020-09-27,1031,82,155,872,4,1,2,14,0
2020-09-28,1047,83,157,886,4,1,2,14,0
2020-09-29,1063,84,159,900,4,1,2,14,0
2020-09-30,1080,85,161,915,4,1,2,15,0
2020-10-01,1097,86,163,930,4,1,2,15,0
2020-10-02,1113,86,165,944,4,1,2,15,0
2020-10-03,1130,87,167,959,4,1,2,15,0
2020-10-04,1148,88,169,975,4,1,2,15,0
2020-10-05,1165,89,171,990,4,1,2,15,0
2020-10-06,1183,90,173,1006,4,1,2,16,0
2020-10-07,1200,91,175,1021,4,1,2,16,0
2020-10-08,1218,92,177,1037,4,1,2,16,0
2020-10-09,1236,93,179,1053,4,1,2,16,0
2020-10-10,1255,94,181,1070,4,1,2,16,0
2020-10-11,1274,95,183,1086,5,1,2,17,0
2020-10-12,1293,96,185,1103,5,1,2,17,0
2020-10-13,1311,97,187,1119,5,1,2,17,0
2020-10-14,1330,98,189,1136,5,1,2,17,0
2020-10-15,1350,99,191,1154,5,1,2,17,0
2020-10-16,1369,100,193,1171,5,1,2,17,0
2020-10-17,1389,101,195,1189,5,1,2,18,0
2020-10-18,1408,102,197,1206,5,1,2,18,0
2020-10-19,1428,103,199,1224,5,1,2,18,0
2020-10-20,1448,104,201,1242,5,1,2,18,0
2020-10-21,1469,105,203,1261,5,1,2,18,0
2020-10-22,1489,106,205,1279,5,1,2,19,0
2020-10-23,1510,107,207,1298,5,1,2,19,0
2020-10-24,1531,108,209,1317,5,1,2,19,0
2020-10-25,1553,108,211,1336,6,1,2,19,0
2020-10-26,1575,109,214,1355,6,1,2,19,0
2020-10-27,1596,110,216,1374,6,1,2,20,0
2020-10-28,1618,111,218,1394,6,1,2,20,0
2020-10-29,1640,112,220,1414,6,1,2,20,0
2020-10-30,1662,113,222,1434,6,1,2,20,0
2020-10-31,1684,114,224,1454,6,1,2,20,0
2020-11-01,1706,115,226,1474,6,1,2,20,0
2020-11-02,1728,116,228,1494,6,1,2,21,0
2020-11-03,1751,117,230,1515,6,1,2,21,0
2020-11-04,1774,117,232,1536,6,1,2,21,0
2020-11-05,1797,118,234,1557,6,1,2,21,0
2020-11-06,1821,119,236,1578,7,1,2,21,0
2020-11-07,1844,120,237,1600,7,1,2,21,0
2020-11-08,1867,121,239,1621,7,1,2,22,0
2020-11-09,1891,122,241,1643,7,1,2,22,0
2020-11-10,1915,122,243,1665,7,1,2,22,0
2020-11-11,1939,123,245,1687,7,1,2,22,0
2020-11-12,1963,124,247,1709,7,1,2,22,0
2020-11-13,1988,125,249,1732,7,1,2,23,0
2020-11-14,2012,126,251,1754,7,1,2,23,0
2020-11-15,2036,126,252,1777,7,1,2,23,0
2020-11-16,2061,127,254,1800,7,1,2,23,0
2020-11-17,2087,128,256,1823,8,1,2,23,0
2020-11-18,2112,128,258,1846,8,1,2,23,0
2020-11-19,2138,129,260,1870,8,1,2,23,0
2020-11-20,2162,130,261,1893,8,1,2,24,0
2020-11-21,2188,130,263,1917,8,1,2,24,0
2020-11-22,2214,131,265,1941,8,1,2,24,0
2020-11-23,2239,132,266,1965,8,1,2,24,0
2020-11-24,2265,132,268,1989,8,1,2,24,0
2020-11-25,2290,133,269,2013,8,1,2,24,0
2020-11-26,2317,134,271,2038,8,1,2,25,0
2020-11-27,2344,134,273,2062,9,1,2,25,0
2020-11-28,2370,135,274,2087,9,1,1,25,0
2020-11-29,2397,135,276,2112,9,1,1,25,0
2020-11-30,2423,136,277,2137,9,1,1,25,0
2020-12-01,2449,136,278,2162,9,0,1,25,0
2020-12-02,2476,137,280,2187,9,0,1,25,0
2020-12-03,2503,137,281,2213,9,0,1,25,0
2020-12-04,2530,138,283,2238,9,0,1,26,0
2020-12-05,2557,138,284,2264,9,0,1,26,0
2020-12-06,2584,138,285,2289,10,0,1,26,0
2020-12-07,2611,139,286,2315,10,0,1,26,0
2020-12-08,2638,139,287,2341,10,0,1,26,0
2020-12-09,2666,140,289,2367,10,0,1,26,0
2020-12-10,2694,140,290,2394,10,0,1,26,0
2020-12-11,2721,140,291,2420,10,0,1,26,0
2020-12-12,2748,140,292,2446,10,0,1,26,0
2020-12-13,2776,141,293,2473,10,0,1,27,0
2020-12-14,2803,141,294,2499,10,0,1,27,0
2020-12-15,2831,141,295,2526,10,0,1,27,0
2020-12-16,2859,141,296,2552,11,0,1,27,0
2020-12-17,2886,142,296,2579,11,0,1,27,0
2020-12-18,2914,142,297,2606,11,0,1,27,0
2020-12-19,2942,142,298,2633,11,0,1,27,0
2020-12-20,2970,142,299,2660,11,0,1,27,0
2020-12-21,2997,142,299,2687,11,0,1,27,0
2020-12-22,3025,142,300,2714,11,0,1,27,0
2020-12-23,3053,142,301,2741,11,0,1,27,0
2020-12-24,3081,142,301,2769,11,0,1,27,0
2020-12-25,3110,142,302,2796,12,0,0,27,0
2020-12-26,3137,142,302,2823,12,0,0,27,0
2020-12-27,3166,142,303,2851,12,0,0,27,0
2020-12-28,3193,142,303,2878,12,0,0,27,0
2020-12-29,3221,142,303,2906,12,0,0,27,0
2020-12-30,3249,142,304,2933,12,0,0,27,0
2020-12-31,3276,142,304,2960,12,0,0,28,0
2021-01-01,3304,142,304,2988,12,0,0,28,0
2021-01-02,3333,142,304,3016,13,0,0,28,0
2021-01-03,3360,141,304,3043,13,0,0,28,0
2021-01-04,3388,141,304,3071,13,0,0,28,0
2021-01-05,3415,141,304,3098,13,0,0,28,0
2021-01-06,3443,141,304,3126,13,0,0,28,0
2021-01-07,3470,141,304,3153,13,0,0,28,0
2021-01-08,3498,140,304,3181,13,0,0,28,0
2021-01-09,3525,140,304,3208,13,0,0,28,0
2021-01-10,3553,140,304,3236,13,0,0,27,0
2021-01-11,3580,139,303,3263,14,0,0,27,0
2021-01-12,3608,139,303,3291,14,0,0,27,0
2021-01-13,3635,139,303,3318,14,0,0,27,0
2021-01-14,3662,138,302,3346,14,0,0,27,0
2021-01-15,3689,138,302,3373,14,0,0,27,0
2021-01-16,3716,137,302,3400,14,0,0,27,0
2021-01-17,3743,137,301,3428,14,0,0,27,0
2021-01-18,3769,136,300,3455,14,0,0,27,0
2021-01-19,3796,136,300,3482,14,0,0,27,0
2021-01-20,3823,135,299,3509,15,0,0,27,0
2021-01-21,3850,135,299,3536,15,0,0,27,0
2021-01-22,3876,134,298,3563,15,0,0,27,0
2021-01-23,3902,134,297,3590,15,0,0,27,0
2021-01-24,3928,133,296,3617,15,0,0,27,0
2021-01-25,3954,133,295,3644,15,0,0,27,0
2021-01-26,3980,132,295,3670,15,0,0,27,0
2021-01-27,4006,131,294,3697,15,0,0,27,0
2021-01-28,4032,131,293,3724,15,0,0,26,0
2021-01-29,4058,130,292,3750,16,0,0,26,0
2021-01-30,4083,129,291,3776,16,0,0,26,0
2021-01-31,4109,129,290,3803,16,0,0,26,0
2021-02-01,4133,128,288,3829,16,0,0,26,0
2021-02-02,4158,127,287,3855,16,0,0,26,0
2021-02-03,4183,127,286,3881,16,0,0,26,0
2021-02-04,4208,126,285,3907,16,0,0,26,0
2021-02-05,4233,125,284,3933,16,0,0,26,0
2021-02-06,4256,124,282,3958,16,0,0,26,0
2021-02-07,4282,124,281,3984,17,0,0,25,0
2021-02-08,4306,123,280,4009,17,0,0,25,0
2021-02-09,4329,122,278,4034,17,0,0,25,0
2021-02-10,4354,121,277,4060,17,0,0,25,0
2021-02-11,4378,120,276,4085,17,0,0,25,0
2021-02-12,4400,120,274,4109,17,0,0,25,0
2021-02-13,4424,119,273,4134,17,0,0,25,0
2021-02-14,4447,118,271,4159,17,0,0,25,0
2021-02-15,4470,117,270,4183,17,0,0,24,0
2021-02-16,4493,116,268,4208,17,0,0,24,0
2021-02-17,4516,115,266,4232,18,0,0,24,0
2021-02-18,4539,115,265,4256,18,0,0,24,0
2021-02-19,4561,114,263,4280,18,0,0,24,0
2021-02-20,4584,113,262,4304,18,0,0,24,0
2021-02-21,4605,112,260,4327,18,0,0,24,0
2021-02-22,4627,111,258,4351,18,0,0,23,0
2021-02-23,4648,110,256,4374,18,0,0,23,0
2021-02-24,4670,109,255,4397,18,0,0,23,0
2021-02-25,4691,108,253,4420,18,0,0,23,0
2021-02-26,4712,107,251,4443,18,0,0,23,0
2021-02-27,4734,106,249,4466,19,0,0,23,0
2021-02-28,4755,106,248,4488,19,0,0,22,0
2021-03-01,4776,105,246,4511,19,0,0,22,0
2021-03-02,4796,104,244,4533,19,0,0,22,0
2021-03-03,4816,103,242,4555,19,0,0,22,0
2021-03-04,4836,102,240,4577,19,0,0,22,0
2021-03-05,4855,101,238,4598,19,0,0,22,0
2021-03-06,4875,100,236,4620,19,0,0,21,0
2021-03-07,4895,99,235,4641,19,0,0,21,0
2021-03-08,4914,98,233,4662,19,0,0,21,0
2021-03-09,4933,97,231,4683,19,0,0,21,0
2021-03-10,4953,96,229,4704,20,0,0,21,0
2021-03-11,4972,95,227,4725,20,0,0,21,0
2021-03-12,4990,94,225,4745,20,0,0,20,0
2021-03-13,5009,93,223,4766,20,0,0,20,0
2021-03-14,5027,93,221,4786,20,0,0,20,0
2021-03-15,5045,92,219,4806,20,0,0,20,0
2021-03-16,5063,91,217,4826,20,0,0,20,0
2021-03-17,5080,90,215,4845,20,0,0,19,0
2021-03-18,5098,89,213,4865,20,0,0,19,0
2021-03-19,5115,88,211,4884,20,0,0,19,0
2021-03-20,5132,87,209,4903,20,0,0,19,0
2021-03-21,5149,86,207,4922,20,0,0,19,0
2021-03-22,5166,85,205,4940,21,0,0,19,0
2021-03-23,5183,84,203,4959,21,0,0,18,0
2021-03-24,5199,83,201,4977,21,0,0,18,0
2021-03-25,5216,82,199,4996,21,0,0,18,0
2021-03-26,5232,81,197,5014,21,0,0,18,0
2021-03-27,5247,81,195,5031,21,0,0,18,0
2021-03-28,5264,80,194,5049,21,0,0,18,0
2021-03-29,5279,79,192,5066,21,0,0,17,0
2021-03-30,5295,78,190,5084,21,0,0,17,0
2021-03-31,5310,77,188,5101,21,0,0,17,0
2021-04-01,5325,76,186,5118,21,0,0,17,0
2021-04-02,5339,75,184,5134,21,0,0,17,0
2021-04-03,5354,74,182,5151,21,0,0,16,0
2021-04-04,5368,74,180,5167,21,0,0,16,0
2021-04-05,5384,73,178,5184,22,0,0,16,0
2021-04-06,5398,72,176,5200,22,0,0,16,0
2021-04-07,5412,71,174,5216,22,0,0,16,0
2021-04-08,5425,70,172,5231,22,0,0,16,0
2021-04-09,5439,69,170,5247,22,0,0,15,0
2021-04-10,5452,68,168,5262,22,0,0,15,0
2021-04-11,5465,68,166,5277,22,0,0,15,0
2021-04-12,5479,67,165,5292,22,0,0,15,0
2021-04-13,5492,66,163,5307,22,0,0,15,0
2021-04-14,5505,65,161,5322,22,0,0,15,0
2021-04-15,5517,64,159,5336,22,0,0,14,0
2021-04-16,5530,63,157,5351,22,0,0,14,0
2021-04-17,5542,63,155,5365,22,0,0,14,0
2021-04-18,5554,62,153,5379,22,0,0,14,0
2021-04-19,5567,61,152,5393,22,0,0,14,0
2021-04-20,5578,60,150,5406,22,0,0,14,0
2021-04-21,5591,60,148,5420,23,0,0,13,0
2021-04-22,5602,59,146,5433,23,0,0,13,0
2021-04-23,5614,58,145,5446,23,0,0,13,0
2021-04-24,5625,57,143,5459,23,0,0,13,0
2021-04-25,5636,57,141,5472,23,0,0,13,0
2021-04-26,5647,56,139,5485,23,0,0,13,0
2021-04-27,5658,55,138,5497,23,0,0,12,0
2021-04-28,5669,54,136,5510,23,0,0,12,0
2021-04-29,5679,54,134,5522,23,0,0,12,0
2021-04-30,5690,53,133,5534,23,0,0,12,0
2021-05-01,5700,52,131,5546,23,0,0,12,0
2021-05-02,5710,52,129,5558,23,0,0,12,0
2021-05-03,5721,51,128,5570,23,0,0,12,0
2021-05-04,5730,50,126,5581,23,0,0,11,0
2021-05-05,5739,49,124,5592,23,0,0,11,0
2021-05-06,5750,49,123,5604,23,0,0,11,0
2021-05-07,5759,48,121,5615,23,0,0,11,0
2021-05-08,5769,47,120,5626,23,0,0,11,0
2021-05-09,5777,47,118,5636,23,0,0,11,0
2021-05-10,5786,46,116,5647,23,0,0,11,0
2021-05-11,5795,46,115,5657,23,0,0,10,0
2021-05-12,5805,45,113,5668,24,0,0,10,0
2021-05-13,5814,44,112,5678,24,0,0,10,0
2021-05-14,5822,44,110,5688,24,0,0,10,0
2021-05-15,5831,43,109,5698,24,0,0,10,0
2021-05-16,5840,42,108,5708,24,0,0,10,0
2021-05-17,5848,42,106,5718,24,0,0,10,0
2021-05-18,5856,41,105,5727,24,0,0,9,0
2021-05-19,5864,41,103,5737,24,0,0,9,0
2021-05-20,5872,40,102,5746,24,0,0,9,0
2021-05-21,5879,40,100,5755,24,0,0,9,0
2021-05-22,5887,39,99,5764,24,0,0,9,0
2021-05-23,5895,38,98,5773,24,0,0,9,0
2021-05-24,5902,38,96,5782,24,0,0,9,0
2021-05-25,5910,37,95,5791,24,0,0,9,0
2021-05-26,5917,37,94,5799,24,0,0,8,0
2021-05-27,5924,36,92,5808,24,0,0,8,0
2021-05-28,5931,36,91,5816,24,0,0,8,0
2021-05-29,5938,35,90,5824,24,0,0,8,0
2021-05-30,5945,35,89,5832,24,0,0,8,0
2021-05-31,5951,34,87,5840,24,0,0,8,0
2021-06-01,5958,34,86,5848,24,0,0,8,0
2021-06-02,5965,33,85,5856,24,0,0,8,0
2021-06-03,5971,33,84,5863,24,0,0,8,0
2021-06-04,5978,32,83,5871,24,0,0,7,0
2021-06-05,5983,32,81,5878,24,0,0,7,0
2021-06-06,5990,31,80,5886,24,0,0,7,0
2021-06-07,5996,31,79,5893,24,0,0,7,0
2021-06-08,6002,30,78,5900,24,0,0,7,0
2021-06-09,6009,30,77,5907,25,0,0,7,0
2021-06-10,6015,30,76,5914,25,0,0,7,0
2021-06-11,6021,29,75,5921,25,0,0,7,0
2021-06-12,6027,29,74,5928,25,0,0,7,0
2021-06-13,6032,28,73,5934,25,0,0,7,0
2021-06-14,6037,28,71,5941,25,0,0,6,0
2021-06-15,6042,27,70,5947,25,0,0,6,0
2021-06-16,6047,27,69,5953,25,0,0,6,0
2021-06-17,6053,27,68,5960,25,0,0,6,0
2021-06-18,6058,26,67,5966,25,0,0,6,0
2021-06-19,6063,26,66,5972,25,0,0,6,0
2021-06-20,6068,25,65,5978,25,0,0,6,0
2021-06-21,6073,25,64,5984,25,0,0,6,0
2021-06-22,6078,25,63,5990,25,0,0,6,0
2021-06-23,6083,24,63,5995,25,0,0,6,0
2021-06-24,6088,24,62,6001,25,0,0,6,0
2021-06-25,6093,24,61,6007,25,0,0,5,0
2021-06-26,6097,23,60,6012,25,0,0,5,0
2021-06-27,6101,23,59,6017,25,0,0,5,0
2021-06-28,6106,22,58,6023,25,0,0,5,0
2021-06-29,6110,22,57,6028,25,0,0,5,0
2021-06-30,6114,22,56,6033,25,0,0,5,0
2021-07-01,6118,21,55,6038,25,0,0,5,0
2021-07-02,6123,21,55,6043,25,0,0,5,0
2021-07-03,6127,21,54,6048,25,0,0,5,0
