Date,Infected,Exposed,Active,Recovered,Deaths,Diff Exposed,Diff Active,Diff Recovered,Diff Deaths
2020-07-11,394,77,88,305,1,0,7,8,0
2020-07-12,409,71,94,314,1,0,5,9,0
2020-07-13,422,67,99,322,1,0,4,9,0
2020-07-14,436,65,103,332,1,0,3,9,0
2020-07-15,448,62,106,341,1,0,3,10,0
2020-07-16,461,61,109,351,1,0,2,10,0
2020-07-17,472,60,110,361,1,0,2,10,0
2020-07-18,484,59,112,371,1,0,1,10,0
2020-07-19,495,58,113,381,1,0,1,10,0
2020-07-20,506,58,114,391,1,0,1,10,0
2020-07-21,518,58,115,402,1,0,1,10,0
2020-07-22,529,58,116,412,1,0,1,11,0
2020-07-23,541,57,117,423,1,0,1,11,0
2020-07-24,551,57,117,433,1,0,1,11,0
2020-07-25,563,57,118,444,1,0,0,11,0
2020-07-26,574,57,118,455,1,0,0,11,0
2020-07-27,586,57,119,466,1,0,0,11,0
2020-07-28,596,57,119,476,1,0,0,11,0
2020-07-29,608,57,120,487,1,0,0,11,0
2020-07-30,619,57,120,498,1,0,0,11,0
2020-07-31,630,57,120,509,1,0,0,11,0
2020-08-01,641,57,120,520,1,0,0,11,0
2020-08-02,652,56,120,531,1,0,0,11,0
2020-08-03,663,56,120,542,1,0,0,11,0
2020-08-04,674,56,120,553,1,0,0,11,0
2020-08-05,685,56,120,564,1,0,0,11,0
2020-08-06,696,56,120,575,1,0,0,11,0
2020-08-07,706,55,120,585,1,0,0,11,0
2020-08-08,717,55,120,596,1,0,0,11,0
2020-08-09,728,55,120,607,1,0,0,11,0
2020-08-10,739,55,120,618,1,0,0,11,0
2020-08-11,750,54,120,629,1,0,0,11,0
2020-08-12,761,54,120,640,1,0,0,11,0
2020-08-13,771,54,119,651,1,0,0,11,0
2020-08-14,782,53,119,662,1,0,0,11,0
2020-08-15,792,53,119,672,1,0,0,11,0
2020-08-16,802,53,118,683,1,0,0,11,0
2020-08-17,813,52,118,694,1,0,0,11,0
2020-08-18,822,52,117,704,1,0,0,11,0
2020-08-19,833,51,117,715,1,0,0,11,0
2020-08-20,843,51,116,726,1,0,0,11,0
2020-08-21,853,51,116,736,1,0,0,10,0
2020-08-22,863,50,115,747,1,0,0,10,0
2020-08-23,872,50,114,757,1,0,0,10,0
2020-08-24,882,49,114,767,1,0,0,10,0
2020-08-25,892,49,113,778,1,0,0,10,0
2020-08-26,901,48,112,788,1,0,0,10,0
2020-08-27,911,48,112,798,1,0,0,10,0
2020-08-28,920,47,111,808,1,0,0,10,0
2020-08-29,929,47,110,818,1,0,0,10,0
2020-08-30,938,46,109,828,1,0,0,10,0
2020-08-31,947,46,108,838,1,0,0,10,0
2020-09-01,957,45,108,848,1,0,0,10,0
2020-09-02,966,45,107,858,1,0,0,10,0
2020-09-03,974,44,106,867,1,0,0,10,0
2020-09-04,983,44,105,877,1,0,0,10,0
2020-09-05,991,43,104,886,1,0,0,9,0
2020-09-06,1000,43,103,896,1,0,0,9,0
2020-09-07,1009,42,102,905,2,0,0,9,0
2020-09-08,1017,42,101,914,2,0,0,9,0
2020-09-09,1025,41,100,923,2,0,0,9,0
2020-09-10,1034,41,99,933,2,0,0,9,0
2020-09-11,1041,40,98,941,2,0,0,9,0
2020-09-12,1049,39,97,950,2,0,0,9,0
2020-09-13,1057,39,96,959,2,0,0,9,0
2020-09-14,1065,38,95,968,2,0,0,9,0
2020-09-15,1072,38,94,976,2,0,0,8,0
2020-09-16,1079,37,92,985,2,0,0,8,0
2020-09-17,1086,37,91,993,2,0,0,8,0
2020-09-18,1093,36,90,1001,2,0,0,8,0
2020-09-19,1100,36,89,1009,2,0,0,8,0
2020-09-20,1108,35,88,1018,2,0,0,8,0
2020-09-21,1114,34,87,1025,2,0,0,8,0
2020-09-22,1121,34,86,1033,2,0,0,8,0
2020-09-23,1128,33,85,1041,2,0,0,8,0
2020-09-24,1134,33,83,1049,2,0,0,8,0
2020-09-25,1140,32,82,1056,2,0,0,7,0
2020-09-26,1147,32,81,1064,2,0,0,7,0
2020-09-27,1153,31,80,1071,2,0,0,7,0
2020-09-28,1159,31,79,1078,2,0,0,7,0
2020-09-29,1165,30,78,1085,2,0,0,7,0
2020-09-30,1171,30,77,1092,2,0,0,7,0
2020-10-01,1176,29,75,1099,2,0,0,7,0
2020-10-02,1182,29,74,1106,2,0,0,7,0
2020-10-03,1188,28,73,1113,2,0,0,7,0
2020-10-04,1193,28,72,1119,2,0,0,7,0
2020-10-05,1199,27,71,1126,2,0,0,6,0
2020-10-06,1204,27,70,1132,2,0,0,6,0
2020-10-07,1210,26,69,1139,2,0,0,6,0
2020-10-08,1215,26,68,1145,2,0,0,6,0
2020-10-09,1220,25,67,1151,2,0,0,6,0
2020-10-10,1224,25,65,1157,2,0,0,6,0
2020-10-11,1229,24,64,1163,2,0,0,6,0
2020-10-12,1234,24,63,1169,2,0,0,6,0
2020-10-13,1238,23,62,1174,2,0,0,6,0
2020-10-14,1243,23,61,1180,2,0,0,6,0
2020-10-15,1247,23,60,1185,2,0,0,5,0
2020-10-16,1252,22,59,1191,2,0,0,5,0
2020-10-17,1256,22,58,1196,2,0,0,5,0
2020-10-18,1260,21,57,1201,2,0,0,5,0
2020-10-19,1265,21,56,1207,2,0,0,5,0
2020-10-20,1269,20,55,1212,2,0,0,5,0
2020-10-21,1273,20,54,1217,2,0,0,5,0
2020-10-22,1277,20,53,1222,2,0,0,5,0
2020-10-23,1280,19,52,1226,2,0,0,5,0
2020-10-24,1284,19,51,1231,2,0,0,5,0
2020-10-25,1288,19,50,1236,2,0,0,5,0
2020-10-26,1291,18,49,1240,2,0,0,4,0
2020-10-27,1295,18,48,1245,2,0,0,4,0
2020-10-28,1298,17,47,1249,2,0,0,4,0
2020-10-29,1302,17,47,1253,2,0,0,4,0
2020-10-30,1305,17,46,1257,2,0,0,4,0
2020-10-31,1309,16,45,1262,2,0,0,4,0
2020-11-01,1312,16,44,1266,2,0,0,4,0
2020-11-02,1315,16,43,1270,2,0,0,4,0
2020-11-03,1317,15,42,1273,2,0,0,4,0
2020-11-04,1320,15,41,1277,2,0,0,4,0
2020-11-05,1324,15,41,1281,2,0,0,4,0
2020-11-06,1327,14,40,1285,2,0,0,4,0
2020-11-07,1329,14,39,1288,2,0,0,4,0
2020-11-08,1332,14,38,1292,2,0,0,3,0
2020-11-09,1335,14,38,1295,2,0,0,3,0
2020-11-10,1338,13,37,1299,2,0,0,3,0
2020-11-11,1340,13,36,1302,2,0,0,3,0
2020-11-12,1342,13,35,1305,2,0,0,3,0
2020-11-13,1345,12,35,1308,2,0,0,3,0
2020-11-14,1347,12,34,1311,2,0,0,3,0
2020-11-15,1349,12,33,1314,2,0,0,3,0
2020-11-16,1352,12,33,1317,2,0,0,3,0
2020-11-17,1354,11,32,1320,2,0,0,3,0
2020-11-18,1356,11,31,1323,2,0,0,3,0
2020-11-19,1359,11,31,1326,2,0,0,3,0
2020-11-20,1361,11,30,1329,2,0,0,3,0
2020-11-21,1363,10,29,1332,2,0,0,3,0
2020-11-22,1365,10,29,1334,2,0,0,3,0
2020-11-23,1367,10,28,1337,2,0,0,3,0
2020-11-24,1368,10,27,1339,2,0,0,2,0
2020-11-25,1371,10,27,1342,2,0,0,2,0
2020-11-26,1372,9,26,1344,2,0,0,2,0
2020-11-27,1375,9,26,1347,2,0,0,2,0
2020-11-28,1376,9,25,1349,2,0,0,2,0
2020-11-29,1378,9,25,1351,2,0,0,2,0
2020-11-30,1379,9,24,1353,2,0,0,2,0
2020-12-01,1382,8,24,1356,2,0,0,2,0
2020-12-02,1383,8,23,1358,2,0,0,2,0
2020-12-03,1385,8,23,1360,2,0,0,2,0
2020-12-04,1386,8,22,1362,2,0,0,2,0
2020-12-05,1388,8,22,1364,2,0,0,2,0
2020-12-06,1389,7,21,1366,2,0,0,2,0
2020-12-07,1391,7,21,1368,2,0,0,2,0
2020-12-08,1391,7,20,1369,2,0,0,2,0
2020-12-09,1393,7,20,1371,2,0,0,2,0
2020-12-10,1394,7,19,1373,2,0,0,2,0
2020-12-11,1396,7,19,1375,2,0,0,2,0
2020-12-12,1398,6,19,1377,2,0,0,2,0
2020-12-13,1398,6,18,1378,2,0,0,2,0
2020-12-14,1400,6,18,1380,2,0,0,2,0
2020-12-15,1400,6,17,1381,2,0,0,2,0
2020-12-16,1402,6,17,1383,2,0,0,2,0
2020-12-17,1404,6,17,1385,2,0,0,2,0
2020-12-18,1404,6,16,1386,2,0,0,1,0
2020-12-19,1405,6,16,1387,2,0,0,1,0
2020-12-20,1406,5,15,1389,2,0,0,1,0
2020-12-21,1407,5,15,1390,2,0,0,1,0
2020-12-22,1409,5,15,1392,2,0,0,1,0
2020-12-23,1409,5,14,1393,2,0,0,1,0
2020-12-24,1410,5,14,1394,2,0,0,1,0
2020-12-25,1412,5,14,1396,2,0,0,1,0
2020-12-26,1413,5,14,1397,2,0,0,1,0
2020-12-27,1413,5,13,1398,2,0,0,1,0
2020-12-28,1414,4,13,1399,2,0,0,1,0
2020-12-29,1415,4,13,1400,2,0,0,1,0
2020-12-30,1416,4,12,1402,2,0,0,1,0
2020-12-31,1417,4,12,1403,2,0,0,1,0
2021-01-01,1418,4,12,1404,2,0,0,1,0
2021-01-02,1419,4,12,1405,2,0,0,1,0
2021-01-03,1419,4,11,1406,2,0,0,1,0
2021-01-04,1420,4,11,1407,2,0,0,1,0
2021-01-05,1421,4,11,1408,2,0,0,1,0
2021-01-06,1421,4,10,1409,2,0,0,1,0
2021-01-07,1422,4,10,1410,2,0,0,1,0
2021-01-08,1423,3,10,1411,2,0,0,1,0
2021-01-09,1424,3,10,1412,2,0,0,1,0
2021-01-10,1424,3,10,1412,2,0,0,1,0
2021-01-11,1424,3,9,1413,2,0,0,1,0
2021-01-12,1425,3,9,1414,2,0,0,1,0
2021-01-13,1426,3,9,1415,2,0,0,1,0
2021-01-14,1427,3,9,1416,2,0,0,1,0
2021-01-15,1428,3,9,1417,2,0,0,1,0
2021-01-16,1427,3,8,1417,2,0,0,1,0
2021-01-17,1428,3,8,1418,2,0,0,1,0
2021-01-18,1429,3,8,1419,2,0,0,1,0
2021-01-19,1429,3,8,1419,2,0,0,1,0
2021-01-20,1430,3,8,1420,2,0,0,1,0
2021-01-21,1430,3,7,1421,2,0,0,1,0
2021-01-22,1431,2,7,1422,2,0,0,1,0
2021-01-23,1431,2,7,1422,2,0,0,1,0
2021-01-24,1432,2,7,1423,2,0,0,1,0
2021-01-25,1432,2,7,1423,2,0,0,1,0
2021-01-26,1433,2,7,1424,2,0,0,1,0
2021-01-27,1433,2,6,1425,2,0,0,1,0
2021-01-28,1433,2,6,1425,2,0,0,1,0
2021-01-29,1434,2,6,1426,2,0,0,1,0
2021-01-30,1434,2,6,1426,2,0,0,1,0
2021-01-31,1435,2,6,1427,2,0,0,1,0
2021-02-01,1435,2,6,1427,2,0,0,1,0
2021-02-02,1436,2,6,1428,2,0,0,1,0
2021-02-03,1435,2,5,1428,2,0,0,0,0
2021-02-04,1436,2,5,1429,2,0,0,0,0
2021-02-05,1436,2,5,1429,2,0,0,0,0
2021-02-06,1437,2,5,1430,2,0,0,0,0
2021-02-07,1437,2,5,1430,2,0,0,0,0
2021-02-08,1438,2,5,1431,2,0,0,0,0
2021-02-09,1438,2,5,1431,2,0,0,0,0
2021-02-10,1439,2,5,1432,2,0,0,0,0
2021-02-11,1439,2,5,1432,2,0,0,0,0
2021-02-12,1438,2,4,1432,2,0,0,0,0
2021-02-13,1439,1,4,1433,2,0,0,0,0
2021-02-14,1439,1,4,1433,2,0,0,0,0
2021-02-15,1440,1,4,1434,2,0,0,0,0
2021-02-16,1440,1,4,1434,2,0,0,0,0
2021-02-17,1440,1,4,1434,2,0,0,0,0
2021-02-18,1441,1,4,1435,2,0,0,0,0
2021-02-19,1441,1,4,1435,2,0,0,0,0
2021-02-20,1441,1,4,1435,2,0,0,0,0
2021-02-21,1442,1,4,1436,2,0,0,0,0
2021-02-22,1441,1,3,1436,2,0,0,0,0
2021-02-23,1441,1,3,1436,2,0,0,0,0
2021-02-24,1442,1,3,1437,2,0,0,0,0
2021-02-25,1442,1,3,1437,2,0,0,0,0
2021-02-26,1442,1,3,1437,2,0,0,0,0
2021-02-27,1442,1,3,1437,2,0,0,0,0
2021-02-28,1443,1,3,1438,2,0,0,0,0
2021-03-01,1443,1,3,1438,2,0,0,0,0
2021-03-02,1443,1,3,1438,2,0,0,0,0
2021-03-03,1444,1,3,1439,2,0,0,0,0
2021-03-04,1444,1,3,1439,2,0,0,0,0
2021-03-05,1444,1,3,1439,2,0,0,0,0
2021-03-06,1444,1,3,1439,2,0,0,0,0
2021-03-07,1445,1,3,1440,2,0,0,0,0
2021-03-08,1444,1,2,1440,2,0,0,0,0
2021-03-09,1444,1,2,1440,2,0,0,0,0
2021-03-10,1444,1,2,1440,2,0,0,0,0
2021-03-11,1444,1,2,1440,2,0,0,0,0
2021-03-12,1445,1,2,1441,2,0,0,0,0
2021-03-13,1445,1,2,1441,2,0,0,0,0
2021-03-14,1445,1,2,1441,2,0,0,0,0
2021-03-15,1445,1,2,1441,2,0,0,0,0
2021-03-16,1445,1,2,1441,2,0,0,0,0
2021-03-17,1446,1,2,1442,2,0,0,0,0
2021-03-18,1446,1,2,1442,2,0,0,0,0
2021-03-19,1446,1,2,1442,2,0,0,0,0
2021-03-20,1446,1,2,1442,2,0,0,0,0
2021-03-21,1446,1,2,1442,2,0,0,0,0
2021-03-22,1446,1,2,1442,2,0,0,0,0
2021-03-23,1447,1,2,1443,2,0,0,0,0
2021-03-24,1447,1,2,1443,2,0,0,0,0
2021-03-25,1447,1,2,1443,2,0,0,0,0
2021-03-26,1447,1,2,1443,2,0,0,0,0
2021-03-27,1447,1,2,1443,2,0,0,0,0
2021-03-28,1447,1,2,1443,2,0,0,0,0
2021-03-29,1447,1,2,1443,2,0,0,0,0
2021-03-30,1447,1,1,1444,2,0,0,0,0
2021-03-31,1447,0,1,1444,2,0,0,0,0
2021-04-01,1447,0,1,1444,2,0,0,0,0
2021-04-02,1447,0,1,1444,2,0,0,0,0
2021-04-03,1447,0,1,1444,2,0,0,0,0
2021-04-04,1447,0,1,1444,2,0,0,0,0
2021-04-05,1447,0,1,1444,2,0,0,0,0
2021-04-06,1447,0,1,1444,2,0,0,0,0
2021-04-07,1448,0,1,1445,2,0,0,0,0
2021-04-08,1448,0,1,1445,2,0,0,0,0
2021-04-09,1448,0,1,1445,2,0,0,0,0
2021-04-10,1448,0,1,1445,2,0,0,0,0
2021-04-11,1448,0,1,1445,2,0,0,0,0
2021-04-12,1448,0,1,1445,2,0,0,0,0
2021-04-13,1448,0,1,1445,2,0,0,0,0
2021-04-14,1448,0,1,1445,2,0,0,0,0
2021-04-15,1448,0,1,1445,2,0,0,0,0
2021-04-16,1448,0,1,1445,2,0,0,0,0
2021-04-17,1449,0,1,1446,2,0,0,0,0
2021-04-18,1449,0,1,1446,2,0,0,0,0
2021-04-19,1449,0,1,1446,2,0,0,0,0
2021-04-20,1449,0,1,1446,2,0,0,0,0
2021-04-21,1449,0,1,1446,2,0,0,0,0
2021-04-22,1449,0,1,1446,2,0,0,0,0
2021-04-23,1449,0,1,1446,2,0,0,0,0
2021-04-24,1449,0,1,1446,2,0,0,0,0
2021-04-25,1449,0,1,1446,2,0,0,0,0
2021-04-26,1449,0,1,1446,2,0,0,0,0
2021-04-27,1449,0,1,1446,2,0,0,0,0
2021-04-28,1449,0,1,1446,2,0,0,0,0
2021-04-29,1449,0,1,1446,2,0,0,0,0
2021-04-30,1450,0,1,1447,2,0,0,0,0
2021-05-01,1450,0,1,1447,2,0,0,0,0
2021-05-02,1450,0,1,1447,2,0,0,0,0
2021-05-03,1450,0,1,1447,2,0,0,0,0
2021-05-04,1450,0,1,1447,2,0,0,0,0
2021-05-05,1450,0,1,1447,2,0,0,0,0
2021-05-06,1450,0,1,1447,2,0,0,0,0
2021-05-07,1450,0,1,1447,2,0,0,0,0
2021-05-08,1450,0,1,1447,2,0,0,0,0
2021-05-09,1450,0,1,1447,2,0,0,0,0
2021-05-10,1450,0,1,1447,2,0,0,0,0
2021-05-11,1450,0,1,1447,2,0,0,0,0
2021-05-12,1450,0,1,1447,2,0,0,0,0
2021-05-13,1450,0,1,1447,2,0,0,0,0
2021-05-14,1449,0,0,1447,2,0,0,0,0
2021-05-15,1449,0,0,1447,2,0,0,0,0
2021-05-16,1449,0,0,1447,2,0,0,0,0
2021-05-17,1449,0,0,1447,2,0,0,0,0
2021-05-18,1449,0,0,1447,2,0,0,0,0
2021-05-19,1449,0,0,1447,2,0,0,0,0
2021-05-20,1450,0,0,1448,2,0,0,0,0
2021-05-21,1450,0,0,1448,2,0,0,0,0
2021-05-22,1450,0,0,1448,2,0,0,0,0
2021-05-23,1450,0,0,1448,2,0,0,0,0
2021-05-24,1450,0,0,1448,2,0,0,0,0
2021-05-25,1450,0,0,1448,2,0,0,0,0
2021-05-26,1450,0,0,1448,2,0,0,0,0
2021-05-27,1450,0,0,1448,2,0,0,0,0
2021-05-28,1450,0,0,1448,2,0,0,0,0
2021-05-29,1450,0,0,1448,2,0,0,0,0
2021-05-30,1450,0,0,1448,2,0,0,0,0
2021-05-31,1450,0,0,1448,2,0,0,0,0
2021-06-01,1450,0,0,1448,2,0,0,0,0
2021-06-02,1450,0,0,1448,2,0,0,0,0
2021-06-03,1450,0,0,1448,2,0,0,0,0
2021-06-04,1450,0,0,1448,2,0,0,0,0
2021-06-05,1450,0,0,1448,2,0,0,0,0
2021-06-06,1450,0,0,1448,2,0,0,0,0
2021-06-07,1450,0,0,1448,2,0,0,0,0
2021-06-08,1450,0,0,1448,2,0,0,0,0
2021-06-09,1450,0,0,1448,2,0,0,0,0
2021-06-10,1450,0,0,1448,2,0,0,0,0
2021-06-11,1450,0,0,1448,2,0,0,0,0
2021-06-12,1450,0,0,1448,2,0,0,0,0
2021-06-13,1450,0,0,1448,2,0,0,0,0
2021-06-14,1450,0,0,1448,2,0,0,0,0
2021-06-15,1450,0,0,1448,2,0,0,0,0
2021-06-16,1450,0,0,1448,2,0,0,0,0
2021-06-17,1450,0,0,1448,2,0,0,0,0
2021-06-18,1450,0,0,1448,2,0,0,0,0
2021-06-19,1450,0,0,1448,2,0,0,0,0
2021-06-20,1450,0,0,1448,2,0,0,0,0
2021-06-21,1450,0,0,1448,2,0,0,0,0
2021-06-22,1450,0,0,1448,2,0,0,0,0
2021-06-23,1450,0,0,1448,2,0,0,0,0
2021-06-24,1450,0,0,1448,2,0,0,0,0
2021-06-25,1450,0,0,1448,2,0,0,0,0
2021-06-26,1450,0,0,1448,2,0,0,0,0
2021-06-27,1451,0,0,1449,2,0,0,0,0
2021-06-28,1451,0,0,1449,2,0,0,0,0
2021-06-29,1451,0,0,1449,2,0,0,0,0
2021-06-30,1451,0,0,1449,2,0,0,0,0
2021-07-01,1451,0,0,1449,2,0,0,0,0
2021-07-02,1451,0,0,1449,2,0,0,0,0
2021-07-03,1451,0,0,1449,2,0,0,0,0
2021-07-04,1451,0,0,1449,2,0,0,0,0
2021-07-05,1451,0,0,1449,2,0,0,0,0
2021-07-06,1451,0,0,1449,2,0,0,0,0
