Date,Infected,Exposed,Active,Recovered,Deaths,Diff Exposed,Diff Active,Diff Recovered,Diff Deaths
2020-07-07,365,0,82,280,3,11,0,7,0
2020-07-08,367,10,76,288,3,9,0,7,0
2020-07-09,368,18,71,294,3,6,0,6,0
2020-07-10,373,24,69,301,3,5,0,6,0
2020-07-11,378,28,68,307,3,4,0,6,0
2020-07-12,384,32,68,313,3,3,0,6,0
2020-07-13,390,35,68,319,3,3,1,6,0
2020-07-14,397,37,69,325,3,2,1,6,0
2020-07-15,404,39,70,331,3,2,1,6,0
2020-07-16,412,41,71,338,3,2,2,6,0
2020-07-17,420,43,73,344,3,2,2,7,0
2020-07-18,429,45,75,351,3,2,2,7,0
2020-07-19,437,46,77,357,3,2,2,7,0
2020-07-20,446,48,79,364,3,2,2,7,0
2020-07-21,456,49,81,372,3,2,2,7,0
2020-07-22,467,51,84,379,4,2,2,8,0
2020-07-23,477,53,86,387,4,2,2,8,0
2020-07-24,488,54,89,395,4,2,3,8,0
2020-07-25,498,56,91,403,4,2,3,8,0
2020-07-26,509,58,94,411,4,2,3,8,0
2020-07-27,520,59,97,419,4,2,3,9,0
2020-07-28,531,61,99,428,4,2,3,9,0
2020-07-29,543,63,102,437,4,2,3,9,0
2020-07-30,556,65,105,447,4,2,3,9,0
2020-07-31,569,66,109,456,4,2,3,10,0
2020-08-01,582,68,112,466,4,2,3,10,0
2020-08-02,595,70,115,476,4,2,3,10,0
2020-08-03,610,72,118,487,5,2,3,11,0
2020-08-04,625,75,122,498,5,2,4,11,0
2020-08-05,639,77,125,509,5,2,4,11,0
2020-08-06,654,79,129,520,5,2,4,12,0
2020-08-07,670,81,133,532,5,2,4,12,0
2020-08-08,686,83,137,544,5,2,4,12,0
2020-08-09,702,86,141,556,5,2,4,13,0
2020-08-10,719,88,145,569,5,2,4,13,0
2020-08-11,736,91,149,582,5,3,4,13,0
2020-08-12,755,93,153,596,6,3,4,14,0
2020-08-13,774,96,158,610,6,3,4,14,0
2020-08-14,792,99,162,624,6,3,5,15,0
2020-08-15,812,102,167,639,6,3,5,15,0
2020-08-16,832,104,172,654,6,3,5,15,0
2020-08-17,853,107,177,670,6,3,5,16,0
2020-08-18,874,110,182,686,6,3,5,16,0
2020-08-19,896,113,187,702,7,3,5,17,0
2020-08-20,918,116,192,719,7,3,5,17,0
2020-08-21,941,120,197,737,7,3,5,18,0
2020-08-22,965,123,203,755,7,3,6,18,0
2020-08-23,989,126,209,773,7,3,6,19,0
2020-08-24,1014,130,215,792,7,3,6,19,0
2020-08-25,1041,133,221,812,8,4,6,20,0
2020-08-26,1067,137,227,832,8,4,6,20,0
2020-08-27,1094,140,233,853,8,4,6,21,0
2020-08-28,1121,144,239,874,8,4,7,22,0
2020-08-29,1150,148,246,896,8,4,7,22,0
2020-08-30,1180,152,253,918,9,4,7,23,0
2020-08-31,1209,156,259,941,9,4,7,23,0
2020-09-01,1241,160,267,965,9,4,7,24,0
2020-09-02,1272,164,274,989,9,4,7,25,0
2020-09-03,1304,168,281,1014,9,4,7,25,0
2020-09-04,1338,173,289,1039,10,4,8,26,0
2020-09-05,1372,177,296,1066,10,4,8,27,0
2020-09-06,1406,182,304,1092,10,5,8,27,0
2020-09-07,1442,186,312,1120,10,5,8,28,0
2020-09-08,1480,191,320,1149,11,5,8,29,0
2020-09-09,1518,196,329,1178,11,5,8,30,0
2020-09-10,1556,200,337,1208,11,5,9,30,0
2020-09-11,1596,205,346,1238,12,5,9,31,0
2020-09-12,1637,210,355,1270,12,5,9,32,0
2020-09-13,1678,215,364,1302,12,5,9,33,0
2020-09-14,1720,221,373,1335,12,5,9,34,0
2020-09-15,1764,226,382,1369,13,5,10,34,0
2020-09-16,1809,231,392,1404,13,5,10,35,0
2020-09-17,1854,237,402,1439,13,5,10,36,0
2020-09-18,1902,242,412,1476,14,6,10,37,0
2020-09-19,1949,248,422,1513,14,6,10,38,0
2020-09-20,1999,253,432,1552,15,6,10,39,0
2020-09-21,2049,259,443,1591,15,6,11,40,0
2020-09-22,2099,265,453,1631,15,6,11,41,0
2020-09-23,2152,271,464,1672,16,6,11,42,0
2020-09-24,2205,276,475,1714,16,6,11,43,0
2020-09-25,2260,282,486,1758,16,6,11,44,0
2020-09-26,2316,288,497,1802,17,6,11,45,0
2020-09-27,2373,294,509,1847,17,6,12,46,0
2020-09-28,2431,301,520,1893,18,6,12,47,0
2020-09-29,2490,307,532,1940,18,6,12,48,0
2020-09-30,2552,313,544,1989,19,6,12,49,0
2020-10-01,2613,319,556,2038,19,6,12,50,0
2020-10-02,2676,326,568,2088,20,6,12,51,0
2020-10-03,2740,332,580,2140,20,6,12,52,0
2020-10-04,2806,338,592,2193,21,6,12,53,0
2020-10-05,2872,345,605,2246,21,6,13,54,1
2020-10-06,2941,351,618,2301,22,6,13,56,1
2020-10-07,3009,357,630,2357,22,6,13,57,1
2020-10-08,3081,364,643,2415,23,6,13,58,1
2020-10-09,3152,370,656,2473,23,6,13,59,1
2020-10-10,3225,377,669,2532,24,6,13,60,1
2020-10-11,3299,383,682,2593,24,6,13,61,1
2020-10-12,3375,389,695,2655,25,6,13,63,1
2020-10-13,3451,396,708,2718,25,6,13,64,1
2020-10-14,3530,402,722,2782,26,6,13,65,1
2020-10-15,3610,408,735,2848,27,6,13,66,1
2020-10-16,3689,415,748,2914,27,6,13,67,1
2020-10-17,3771,421,761,2982,28,6,13,69,1
2020-10-18,3855,427,775,3051,29,6,13,70,1
2020-10-19,3938,433,788,3121,29,6,13,71,1
2020-10-20,4024,439,801,3193,30,6,13,72,1
2020-10-21,4110,445,814,3265,31,6,13,73,1
2020-10-22,4197,450,827,3339,31,6,13,75,1
2020-10-23,4287,456,841,3414,32,6,13,76,1
2020-10-24,4376,462,853,3490,33,6,13,77,1
2020-10-25,4467,467,866,3568,33,5,13,78,1
2020-10-26,4559,472,879,3646,34,5,13,79,1
2020-10-27,4653,478,892,3726,35,5,13,80,1
2020-10-28,4747,483,904,3807,36,5,12,81,1
2020-10-29,4841,488,917,3888,36,5,12,83,1
2020-10-30,4937,492,929,3971,37,5,12,84,1
2020-10-31,5034,497,941,4055,38,5,12,85,1
2020-11-01,5133,501,953,4141,39,4,12,86,1
2020-11-02,5231,506,964,4227,40,4,11,87,1
2020-11-03,5330,510,976,4314,40,4,11,88,1
2020-11-04,5430,514,987,4402,41,4,11,89,1
2020-11-05,5532,517,998,4492,42,4,11,90,1
2020-11-06,5634,521,1009,4582,43,3,10,91,1
2020-11-07,5736,524,1019,4673,44,3,10,92,1
2020-11-08,5839,527,1029,4765,45,3,10,93,1
2020-11-09,5942,530,1039,4858,45,3,10,94,1
2020-11-10,6046,533,1048,4952,46,2,9,94,1
2020-11-11,6151,535,1057,5047,47,2,9,95,1
2020-11-12,6256,537,1066,5142,48,2,8,96,1
2020-11-13,6361,539,1074,5238,49,2,8,97,1
2020-11-14,6468,541,1082,5336,50,2,8,97,1
2020-11-15,6574,543,1090,5433,51,1,7,98,1
2020-11-16,6681,544,1097,5532,52,1,7,99,1
2020-11-17,6788,545,1104,5631,53,1,6,99,1
2020-11-18,6894,545,1110,5730,54,1,6,100,1
2020-11-19,7001,546,1116,5830,55,0,6,100,1
2020-11-20,7108,546,1121,5931,56,0,5,101,1
2020-11-21,7214,546,1126,6032,56,0,5,101,1
2020-11-22,7322,546,1131,6134,57,0,4,102,1
2020-11-23,7429,545,1135,6236,58,0,4,102,1
2020-11-24,7535,545,1138,6338,59,0,3,103,1
2020-11-25,7643,544,1142,6441,60,0,3,103,1
2020-11-26,7749,543,1144,6544,61,0,2,103,1
2020-11-27,7855,541,1146,6647,62,0,2,103,1
2020-11-28,7961,539,1148,6750,63,0,1,103,1
2020-11-29,8067,538,1149,6854,64,0,1,104,1
2020-11-30,8172,535,1150,6957,65,0,0,104,1
2020-12-01,8277,533,1150,7061,66,0,0,104,1
2020-12-02,8381,530,1150,7164,67,0,0,104,1
2020-12-03,8485,528,1149,7268,68,0,0,104,1
2020-12-04,8588,525,1148,7371,69,0,0,103,1
2020-12-05,8691,521,1146,7475,70,0,0,103,1
2020-12-06,8793,518,1144,7578,71,0,0,103,1
2020-12-07,8895,514,1142,7681,72,0,0,103,1
2020-12-08,8995,511,1138,7784,73,0,0,103,1
2020-12-09,9095,507,1135,7886,74,0,0,102,1
2020-12-10,9194,502,1131,7988,75,0,0,102,1
2020-12-11,9292,498,1126,8090,76,0,0,101,1
2020-12-12,9390,494,1122,8191,77,0,0,101,1
2020-12-13,9486,489,1116,8292,78,0,0,101,1
2020-12-14,9581,484,1110,8392,79,0,0,100,1
2020-12-15,9676,479,1104,8492,80,0,0,99,1
2020-12-16,9769,474,1098,8591,80,0,0,99,1
2020-12-17,9862,469,1091,8690,81,0,0,98,1
2020-12-18,9953,464,1083,8788,82,0,0,98,1
2020-12-19,10044,458,1076,8885,83,0,0,97,1
2020-12-20,10134,453,1068,8982,84,0,0,96,1
2020-12-21,10222,447,1059,9078,85,0,0,95,1
2020-12-22,10310,442,1051,9173,86,0,0,95,1
2020-12-23,10396,436,1042,9267,87,0,0,94,1
2020-12-24,10481,430,1032,9361,88,0,0,93,1
2020-12-25,10565,424,1023,9453,89,0,0,92,1
2020-12-26,10647,418,1013,9545,89,0,0,91,1
2020-12-27,10729,412,1003,9636,90,0,0,90,1
2020-12-28,10809,406,992,9726,91,0,0,89,1
2020-12-29,10889,400,982,9815,92,0,0,88,1
2020-12-30,10967,394,971,9903,93,0,0,87,1
2020-12-31,11044,388,960,9990,94,0,0,86,1
2021-01-01,11119,382,949,10076,94,0,0,85,1
2021-01-02,11193,376,937,10161,95,0,0,84,1
2021-01-03,11267,370,926,10245,96,0,0,83,1
2021-01-04,11339,364,914,10328,97,0,0,82,1
2021-01-05,11409,358,902,10410,97,0,0,81,1
2021-01-06,11479,351,890,10491,98,0,0,80,1
2021-01-07,11548,345,878,10571,99,0,0,79,1
2021-01-08,11616,339,866,10650,100,0,0,78,1
2021-01-09,11681,333,854,10727,100,0,0,77,1
2021-01-10,11746,327,841,10804,101,0,0,76,1
2021-01-11,11810,321,829,10879,102,0,0,75,1
2021-01-12,11873,315,817,10953,103,0,0,74,1
2021-01-13,11934,309,804,11027,103,0,0,72,1
2021-01-14,11995,303,792,11099,104,0,0,71,1
2021-01-15,12053,297,779,11169,105,0,0,70,1
2021-01-16,12111,292,767,11239,105,0,0,69,1
2021-01-17,12168,286,754,11308,106,0,0,68,1
2021-01-18,12224,280,742,11375,107,0,0,67,1
2021-01-19,12278,275,729,11442,107,0,0,66,1
2021-01-20,12332,269,717,11507,108,0,0,65,1
2021-01-21,12383,264,704,11571,108,0,0,63,1
2021-01-22,12435,258,692,11634,109,0,0,62,1
2021-01-23,12486,253,680,11696,110,0,0,61,1
2021-01-24,12535,248,668,11757,110,0,0,60,1
2021-01-25,12584,242,656,11817,111,0,0,59,1
2021-01-26,12629,237,643,11875,111,0,0,58,1
2021-01-27,12676,232,631,11933,112,0,0,57,1
2021-01-28,12721,227,620,11989,112,0,0,56,1
2021-01-29,12766,222,608,12045,113,0,0,55,1
2021-01-30,12808,217,596,12099,113,0,0,54,1
2021-01-31,12851,212,585,12152,114,0,0,53,0
2021-02-01,12892,208,573,12205,114,0,0,52,0
2021-02-02,12933,203,562,12256,115,0,0,51,0
2021-02-03,12972,199,551,12306,115,0,0,50,0
2021-02-04,13011,194,540,12355,116,0,0,49,0
2021-02-05,13048,190,529,12403,116,0,0,48,0
2021-02-06,13086,185,518,12451,117,0,0,47,0
2021-02-07,13121,181,507,12497,117,0,0,46,0
2021-02-08,13155,177,496,12542,117,0,0,45,0
2021-02-09,13191,173,486,12587,118,0,0,44,0
2021-02-10,13224,169,476,12630,118,0,0,43,0
2021-02-11,13258,165,466,12673,119,0,0,42,0
2021-02-12,13289,161,456,12714,119,0,0,41,0
2021-02-13,13320,157,446,12755,119,0,0,40,0
2021-02-14,13351,153,436,12795,120,0,0,39,0
2021-02-15,13381,150,427,12834,120,0,0,38,0
2021-02-16,13410,146,417,12872,121,0,0,38,0
2021-02-17,13438,143,408,12909,121,0,0,37,0
2021-02-18,13466,139,399,12946,121,0,0,36,0
2021-02-19,13493,136,390,12981,122,0,0,35,0
2021-02-20,13519,132,381,13016,122,0,0,34,0
2021-02-21,13545,129,373,13050,122,0,0,34,0
2021-02-22,13570,126,364,13083,123,0,0,33,0
2021-02-23,13595,123,356,13116,123,0,0,32,0
2021-02-24,13619,120,348,13148,123,0,0,31,0
2021-02-25,13642,117,340,13179,123,0,0,31,0
2021-02-26,13665,114,332,13209,124,0,0,30,0
2021-02-27,13687,111,324,13239,124,0,0,29,0
2021-02-28,13708,109,316,13268,124,0,0,29,0
2021-03-01,13729,106,309,13296,124,0,0,28,0
2021-03-02,13750,103,302,13323,125,0,0,27,0
2021-03-03,13770,101,295,13350,125,0,0,27,0
2021-03-04,13790,98,288,13377,125,0,0,26,0
2021-03-05,13808,96,281,13402,125,0,0,25,0
2021-03-06,13827,93,274,13427,126,0,0,25,0
2021-03-07,13845,91,267,13452,126,0,0,24,0
2021-03-08,13863,88,261,13476,126,0,0,24,0
2021-03-09,13880,86,255,13499,126,0,0,23,0
2021-03-10,13897,84,248,13522,127,0,0,22,0
2021-03-11,13913,82,242,13544,127,0,0,22,0
2021-03-12,13928,80,236,13565,127,0,0,21,0
2021-03-13,13945,78,231,13587,127,0,0,21,0
2021-03-14,13959,76,225,13607,127,0,0,20,0
2021-03-15,13974,74,219,13627,128,0,0,20,0
2021-03-16,13989,72,214,13647,128,0,0,19,0
2021-03-17,14003,70,209,13666,128,0,0,19,0
2021-03-18,14015,68,203,13684,128,0,0,18,0
2021-03-19,14029,66,198,13703,128,0,0,18,0
2021-03-20,14041,65,193,13720,128,0,0,17,0
2021-03-21,14056,63,189,13738,129,0,0,17,0
2021-03-22,14067,61,184,13754,129,0,0,17,0
2021-03-23,14079,60,179,13771,129,0,0,16,0
2021-03-24,14091,58,175,13787,129,0,0,16,0
2021-03-25,14101,57,170,13802,129,0,0,15,0
2021-03-26,14113,55,166,13818,129,0,0,15,0
2021-03-27,14124,54,162,13832,130,0,0,15,0
2021-03-28,14135,52,158,13847,130,0,0,14,0
2021-03-29,14145,51,154,13861,130,0,0,14,0
2021-03-30,14155,50,150,13875,130,0,0,13,0
2021-03-31,14164,48,146,13888,130,0,0,13,0
2021-04-01,14173,47,142,13901,130,0,0,13,0
2021-04-02,14182,46,138,13914,130,0,0,12,0
2021-04-03,14191,45,135,13926,130,0,0,12,0
2021-04-04,14200,43,131,13938,131,0,0,12,0
2021-04-05,14209,42,128,13950,131,0,0,12,0
2021-04-06,14217,41,125,13961,131,0,0,11,0
2021-04-07,14225,40,122,13972,131,0,0,11,0
2021-04-08,14232,39,118,13983,131,0,0,11,0
2021-04-09,14240,38,115,13994,131,0,0,10,0
2021-04-10,14247,37,112,14004,131,0,0,10,0
2021-04-11,14254,36,109,14014,131,0,0,10,0
2021-04-12,14262,35,107,14024,131,0,0,10,0
2021-04-13,14268,34,104,14033,131,0,0,9,0
2021-04-14,14275,33,101,14043,131,0,0,9,0
2021-04-15,14282,32,98,14052,132,0,0,9,0
2021-04-16,14288,31,96,14060,132,0,0,9,0
2021-04-17,14294,31,93,14069,132,0,0,8,0
2021-04-18,14300,30,91,14077,132,0,0,8,0
2021-04-19,14305,29,88,14085,132,0,0,8,0
2021-04-20,14311,28,86,14093,132,0,0,8,0
2021-04-21,14317,28,84,14101,132,0,0,8,0
2021-04-22,14322,27,82,14108,132,0,0,7,0
2021-04-23,14328,26,80,14116,132,0,0,7,0
2021-04-24,14332,25,77,14123,132,0,0,7,0
2021-04-25,14337,25,75,14130,132,0,0,7,0
2021-04-26,14341,24,73,14136,132,0,0,7,0
2021-04-27,14346,23,71,14143,132,0,0,6,0
2021-04-28,14351,23,70,14149,132,0,0,6,0
2021-04-29,14356,22,68,14155,133,0,0,6,0
2021-04-30,14360,22,66,14161,133,0,0,6,0
2021-05-01,14364,21,64,14167,133,0,0,6,0
2021-05-02,14368,20,62,14173,133,0,0,6,0
2021-05-03,14373,20,61,14179,133,0,0,5,0
2021-05-04,14376,19,59,14184,133,0,0,5,0
2021-05-05,14380,19,58,14189,133,0,0,5,0
2021-05-06,14383,18,56,14194,133,0,0,5,0
2021-05-07,14387,18,55,14199,133,0,0,5,0
2021-05-08,14390,17,53,14204,133,0,0,5,0
2021-05-09,14394,17,52,14209,133,0,0,5,0
2021-05-10,14397,16,50,14214,133,0,0,5,0
2021-05-11,14400,16,49,14218,133,0,0,4,0
2021-05-12,14404,16,48,14223,133,0,0,4,0
2021-05-13,14406,15,46,14227,133,0,0,4,0
2021-05-14,14409,15,45,14231,133,0,0,4,0
2021-05-15,14412,14,44,14235,133,0,0,4,0
2021-05-16,14415,14,43,14239,133,0,0,4,0
2021-05-17,14418,14,42,14243,133,0,0,4,0
2021-05-18,14419,13,40,14246,133,0,0,4,0
2021-05-19,14422,13,39,14250,133,0,0,4,0
2021-05-20,14424,12,38,14253,133,0,0,3,0
2021-05-21,14427,12,37,14257,133,0,0,3,0
2021-05-22,14430,12,36,14260,134,0,0,3,0
2021-05-23,14432,11,35,14263,134,0,0,3,0
2021-05-24,14435,11,34,14267,134,0,0,3,0
2021-05-25,14437,11,33,14270,134,0,0,3,0
2021-05-26,14440,11,33,14273,134,0,0,3,0
2021-05-27,14442,10,32,14276,134,0,0,3,0
2021-05-28,14443,10,31,14278,134,0,0,3,0
2021-05-29,14445,10,30,14281,134,0,0,3,0
2021-05-30,14447,9,29,14284,134,0,0,3,0
2021-05-31,14448,9,28,14286,134,0,0,3,0
2021-06-01,14451,9,28,14289,134,0,0,2,0
2021-06-02,14452,9,27,14291,134,0,0,2,0
2021-06-03,14454,8,26,14294,134,0,0,2,0
2021-06-04,14455,8,25,14296,134,0,0,2,0
2021-06-05,14457,8,25,14298,134,0,0,2,0
2021-06-06,14459,8,24,14301,134,0,0,2,0
2021-06-07,14460,8,23,14303,134,0,0,2,0
2021-06-08,14462,7,23,14305,134,0,0,2,0
2021-06-09,14463,7,22,14307,134,0,0,2,0
2021-06-10,14465,7,22,14309,134,0,0,2,0
2021-06-11,14466,7,21,14311,134,0,0,2,0
2021-06-12,14467,7,20,14313,134,0,0,2,0
2021-06-13,14468,6,20,14314,134,0,0,2,0
2021-06-14,14469,6,19,14316,134,0,0,2,0
2021-06-15,14471,6,19,14318,134,0,0,2,0
2021-06-16,14472,6,18,14320,134,0,0,2,0
2021-06-17,14473,6,18,14321,134,0,0,2,0
2021-06-18,14474,6,17,14323,134,0,0,2,0
2021-06-19,14475,5,17,14324,134,0,0,2,0
2021-06-20,14476,5,16,14326,134,0,0,1,0
2021-06-21,14477,5,16,14327,134,0,0,1,0
2021-06-22,14479,5,16,14329,134,0,0,1,0
2021-06-23,14479,5,15,14330,134,0,0,1,0
2021-06-24,14481,5,15,14332,134,0,0,1,0
2021-06-25,14481,5,14,14333,134,0,0,1,0
2021-06-26,14482,5,14,14334,134,0,0,1,0
2021-06-27,14483,4,14,14335,134,0,0,1,0
2021-06-28,14484,4,13,14337,134,0,0,1,0
2021-06-29,14485,4,13,14338,134,0,0,1,0
2021-06-30,14485,4,12,14339,134,0,0,1,0
2021-07-01,14486,4,12,14340,134,0,0,1,0
2021-07-02,14487,4,12,14341,134,0,0,1,0
