Date,Infected,Exposed,Active,Recovered,Deaths,Diff Exposed,Diff Active,Diff Recovered,Diff Deaths
2020-07-20,170,22,30,139,1,0,2,3,0
2020-07-21,175,22,32,142,1,0,1,3,0
2020-07-22,179,21,33,145,1,0,1,3,0
2020-07-23,183,21,34,148,1,0,1,3,0
2020-07-24,187,21,35,151,1,0,1,3,0
2020-07-25,191,21,36,154,1,0,1,3,0
2020-07-26,195,21,37,157,1,0,1,3,0
2020-07-27,200,22,38,161,1,0,1,3,0
2020-07-28,203,22,38,164,1,0,1,3,0
2020-07-29,208,22,39,168,1,0,1,4,0
2020-07-30,212,23,40,171,1,0,1,4,0
2020-07-31,217,23,41,175,1,0,1,4,0
2020-08-01,222,23,42,179,1,0,1,4,0
2020-08-02,225,24,42,182,1,0,1,4,0
2020-08-03,230,24,43,186,1,0,1,4,0
2020-08-04,235,25,44,190,1,0,1,4,0
2020-08-05,240,25,45,194,1,0,1,4,0
2020-08-06,245,26,46,198,1,0,1,4,0
2020-08-07,250,26,47,202,1,0,1,4,0
2020-08-08,255,26,47,207,1,0,1,4,0
2020-08-09,260,27,48,211,1,0,1,4,0
2020-08-10,265,27,49,215,1,0,1,4,0
2020-08-11,271,28,50,220,1,1,1,5,0
2020-08-12,276,28,51,224,1,1,1,5,0
2020-08-13,282,29,52,229,1,1,1,5,0
2020-08-14,288,29,53,234,1,1,1,5,0
2020-08-15,294,30,54,239,1,1,1,5,0
2020-08-16,300,31,55,243,2,1,1,5,0
2020-08-17,306,31,56,248,2,1,1,5,0
2020-08-18,313,32,57,254,2,1,1,5,0
2020-08-19,319,32,58,259,2,1,1,5,0
2020-08-20,325,33,59,264,2,1,1,5,0
2020-08-21,331,33,60,269,2,1,1,5,0
2020-08-22,338,34,61,275,2,1,1,6,0
2020-08-23,344,35,62,280,2,1,1,6,0
2020-08-24,351,35,63,286,2,1,1,6,0
2020-08-25,359,36,65,292,2,1,1,6,0
2020-08-26,366,36,66,298,2,1,1,6,0
2020-08-27,373,37,67,304,2,1,1,6,0
2020-08-28,380,38,68,310,2,1,1,6,0
2020-08-29,387,38,69,316,2,1,1,6,0
2020-08-30,394,39,70,322,2,1,1,6,0
2020-08-31,403,40,72,329,2,1,1,6,0
2020-09-01,410,40,73,335,2,1,1,7,0
2020-09-02,418,41,74,342,2,1,1,7,0
2020-09-03,425,42,75,348,2,1,1,7,0
2020-09-04,434,42,77,355,2,1,1,7,0
2020-09-05,442,43,78,362,2,1,1,7,0
2020-09-06,450,44,79,369,2,1,1,7,0
2020-09-07,460,44,81,377,2,1,1,7,0
2020-09-08,468,45,82,384,2,1,1,7,0
2020-09-09,477,46,84,391,2,1,1,8,0
2020-09-10,486,47,85,399,2,1,1,8,0
2020-09-11,496,47,86,407,3,1,1,8,0
2020-09-12,506,48,88,415,3,1,1,8,0
2020-09-13,515,49,89,423,3,1,1,8,0
2020-09-14,525,50,91,431,3,1,1,8,0
2020-09-15,534,50,92,439,3,1,2,8,0
2020-09-16,544,51,94,447,3,1,2,8,0
2020-09-17,554,52,95,456,3,1,2,9,0
2020-09-18,565,53,97,465,3,1,2,9,0
2020-09-19,574,54,98,473,3,1,2,9,0
2020-09-20,585,54,100,482,3,1,2,9,0
2020-09-21,596,55,102,491,3,1,2,9,0
2020-09-22,607,56,103,501,3,1,2,9,0
2020-09-23,618,57,105,510,3,1,2,9,0
2020-09-24,628,58,106,519,3,1,2,10,0
2020-09-25,640,59,108,529,3,1,2,10,0
2020-09-26,652,59,110,539,3,1,2,10,0
2020-09-27,663,60,111,549,3,1,2,10,0
2020-09-28,675,61,113,559,3,1,2,10,0
2020-09-29,688,62,115,569,4,1,2,10,0
2020-09-30,701,63,117,580,4,1,2,11,0
2020-10-01,712,64,118,590,4,1,2,11,0
2020-10-02,725,65,120,601,4,1,2,11,0
2020-10-03,738,66,122,612,4,1,2,11,0
2020-10-04,751,66,124,623,4,1,2,11,0
2020-10-05,763,67,125,634,4,1,2,11,0
2020-10-06,777,68,127,646,4,1,2,11,0
2020-10-07,790,69,129,657,4,1,2,12,0
2020-10-08,804,70,131,669,4,1,2,12,0
2020-10-09,818,71,133,681,4,1,2,12,0
2020-10-10,832,72,135,693,4,1,2,12,0
2020-10-11,845,73,136,705,4,1,2,12,0
2020-10-12,860,74,138,718,4,1,2,12,0
2020-10-13,875,75,140,730,5,1,2,13,0
2020-10-14,890,76,142,743,5,1,2,13,0
2020-10-15,905,77,144,756,5,1,2,13,0
2020-10-16,920,77,146,769,5,1,2,13,0
2020-10-17,935,78,148,782,5,1,2,13,0
2020-10-18,950,79,150,795,5,1,2,14,0
2020-10-19,966,80,152,809,5,1,2,14,0
2020-10-20,982,81,154,823,5,1,2,14,0
2020-10-21,998,82,156,837,5,1,2,14,0
2020-10-22,1014,83,158,851,5,1,2,14,0
2020-10-23,1030,84,160,865,5,1,2,14,0
2020-10-24,1046,85,161,880,5,1,2,15,0
2020-10-25,1063,86,163,894,6,1,2,15,0
2020-10-26,1080,87,165,909,6,1,2,15,0
2020-10-27,1097,88,167,924,6,1,2,15,0
2020-10-28,1114,88,169,939,6,1,2,15,0
2020-10-29,1132,89,171,955,6,1,2,15,0
2020-10-30,1149,90,173,970,6,1,2,16,0
2020-10-31,1167,91,175,986,6,1,2,16,0
2020-11-01,1185,92,177,1002,6,1,2,16,0
2020-11-02,1203,93,179,1018,6,1,2,16,0
2020-11-03,1221,94,181,1034,6,1,2,16,0
2020-11-04,1241,95,183,1051,7,1,2,17,0
2020-11-05,1259,95,185,1067,7,1,2,17,0
2020-11-06,1278,96,187,1084,7,1,2,17,0
2020-11-07,1297,97,189,1101,7,1,2,17,0
2020-11-08,1316,98,191,1118,7,1,2,17,0
2020-11-09,1334,99,192,1135,7,1,2,17,0
2020-11-10,1354,100,194,1153,7,1,2,18,0
2020-11-11,1373,100,196,1170,7,1,2,18,0
2020-11-12,1393,101,198,1188,7,1,2,18,0
2020-11-13,1413,102,200,1206,7,1,2,18,0
2020-11-14,1434,103,202,1224,8,1,2,18,0
2020-11-15,1454,103,203,1243,8,1,2,18,0
2020-11-16,1474,104,205,1261,8,1,2,19,0
2020-11-17,1495,105,207,1280,8,1,2,19,0
2020-11-18,1515,106,209,1298,8,1,2,19,0
2020-11-19,1535,106,210,1317,8,1,2,19,0
2020-11-20,1556,107,212,1336,8,1,2,19,0
2020-11-21,1578,108,214,1356,8,1,2,19,0
2020-11-22,1599,108,215,1375,9,1,2,19,0
2020-11-23,1620,109,217,1394,9,1,2,20,0
2020-11-24,1642,109,219,1414,9,1,2,20,0
2020-11-25,1663,110,220,1434,9,1,2,20,0
2020-11-26,1685,111,222,1454,9,1,2,20,0
2020-11-27,1706,111,223,1474,9,1,1,20,0
2020-11-28,1728,112,225,1494,9,1,1,20,0
2020-11-29,1749,112,226,1514,9,0,1,20,0
2020-11-30,1773,113,228,1535,10,0,1,21,0
2020-12-01,1795,113,229,1556,10,0,1,21,0
2020-12-02,1816,113,230,1576,10,0,1,21,0
2020-12-03,1839,114,232,1597,10,0,1,21,0
2020-12-04,1861,114,233,1618,10,0,1,21,0
2020-12-05,1883,115,234,1639,10,0,1,21,0
2020-12-06,1905,115,235,1660,10,0,1,21,0
2020-12-07,1928,115,236,1682,10,0,1,21,0
2020-12-08,1951,116,237,1703,11,0,1,21,0
2020-12-09,1975,116,239,1725,11,0,1,22,0
2020-12-10,1997,116,240,1746,11,0,1,22,0
2020-12-11,2020,116,241,1768,11,0,1,22,0
2020-12-12,2043,117,242,1790,11,0,1,22,0
2020-12-13,2064,117,242,1811,11,0,1,22,0
2020-12-14,2087,117,243,1833,11,0,1,22,0
2020-12-15,2111,117,244,1855,12,0,1,22,0
2020-12-16,2134,117,245,1877,12,0,1,22,0
2020-12-17,2158,117,246,1900,12,0,1,22,0
2020-12-18,2180,117,246,1922,12,0,1,22,0
2020-12-19,2203,118,247,1944,12,0,1,22,0
2020-12-20,2225,118,247,1966,12,0,1,22,0
2020-12-21,2249,118,248,1989,12,0,1,22,0
2020-12-22,2272,118,248,2011,13,0,0,22,0
2020-12-23,2296,117,249,2034,13,0,0,22,0
2020-12-24,2318,117,249,2056,13,0,0,23,0
2020-12-25,2342,117,250,2079,13,0,0,23,0
2020-12-26,2364,117,250,2101,13,0,0,23,0
2020-12-27,2387,117,250,2124,13,0,0,23,0
2020-12-28,2409,117,250,2146,13,0,0,23,0
2020-12-29,2433,117,251,2169,13,0,0,23,0
2020-12-30,2457,117,251,2192,14,0,0,23,0
2020-12-31,2479,116,251,2214,14,0,0,23,0
2021-01-01,2502,116,251,2237,14,0,0,23,0
2021-01-02,2525,116,251,2260,14,0,0,23,0
2021-01-03,2547,115,251,2282,14,0,0,23,0
2021-01-04,2569,115,250,2305,14,0,0,23,0
2021-01-05,2592,115,250,2328,14,0,0,23,0
2021-01-06,2615,114,250,2350,15,0,0,23,0
2021-01-07,2638,114,250,2373,15,0,0,23,0
2021-01-08,2659,114,249,2395,15,0,0,23,0
2021-01-09,2682,113,249,2418,15,0,0,22,0
2021-01-10,2703,113,248,2440,15,0,0,22,0
2021-01-11,2726,112,248,2463,15,0,0,22,0
2021-01-12,2747,112,247,2485,15,0,0,22,0
2021-01-13,2770,111,247,2507,16,0,0,22,0
2021-01-14,2792,111,246,2530,16,0,0,22,0
2021-01-15,2813,110,245,2552,16,0,0,22,0
2021-01-16,2835,110,245,2574,16,0,0,22,0
2021-01-17,2856,109,244,2596,16,0,0,22,0
2021-01-18,2877,108,243,2618,16,0,0,22,0
2021-01-19,2898,108,242,2640,16,0,0,22,0
2021-01-20,2920,107,241,2662,17,0,0,22,0
2021-01-21,2942,107,241,2684,17,0,0,22,0
2021-01-22,2962,106,240,2705,17,0,0,22,0
2021-01-23,2983,105,239,2727,17,0,0,22,0
2021-01-24,3003,105,237,2749,17,0,0,21,0
2021-01-25,3023,104,236,2770,17,0,0,21,0
2021-01-26,3043,103,235,2791,17,0,0,21,0
2021-01-27,3063,102,234,2812,17,0,0,21,0
2021-01-28,3085,102,233,2834,18,0,0,21,0
2021-01-29,3105,101,232,2855,18,0,0,21,0
2021-01-30,3123,100,230,2875,18,0,0,21,0
2021-01-31,3143,99,229,2896,18,0,0,21,0
2021-02-01,3163,99,228,2917,18,0,0,21,0
2021-02-02,3181,98,226,2937,18,0,0,20,0
2021-02-03,3201,97,225,2958,18,0,0,20,0
2021-02-04,3221,96,224,2978,19,0,0,20,0
2021-02-05,3239,95,222,2998,19,0,0,20,0
2021-02-06,3258,95,221,3018,19,0,0,20,0
2021-02-07,3276,94,219,3038,19,0,0,20,0
2021-02-08,3295,93,218,3058,19,0,0,20,0
2021-02-09,3312,92,216,3077,19,0,0,20,0
2021-02-10,3330,91,214,3097,19,0,0,19,0
2021-02-11,3348,90,213,3116,19,0,0,19,0
2021-02-12,3365,89,211,3135,19,0,0,19,0
2021-02-13,3383,89,209,3154,20,0,0,19,0
2021-02-14,3401,88,208,3173,20,0,0,19,0
2021-02-15,3418,87,206,3192,20,0,0,19,0
2021-02-16,3435,86,204,3211,20,0,0,18,0
2021-02-17,3452,85,203,3229,20,0,0,18,0
2021-02-18,3468,84,201,3247,20,0,0,18,0
2021-02-19,3484,83,199,3265,20,0,0,18,0
2021-02-20,3500,82,197,3283,20,0,0,18,0
2021-02-21,3518,82,196,3301,21,0,0,18,0
2021-02-22,3534,81,194,3319,21,0,0,18,0
2021-02-23,3549,80,192,3336,21,0,0,17,0
2021-02-24,3564,79,190,3353,21,0,0,17,0
2021-02-25,3579,78,188,3370,21,0,0,17,0
2021-02-26,3594,77,186,3387,21,0,0,17,0
2021-02-27,3610,76,185,3404,21,0,0,17,0
2021-02-28,3625,75,183,3421,21,0,0,17,0
2021-03-01,3639,74,181,3437,21,0,0,16,0
2021-03-02,3654,73,179,3454,21,0,0,16,0
2021-03-03,3669,73,177,3470,22,0,0,16,0
2021-03-04,3683,72,175,3486,22,0,0,16,0
2021-03-05,3696,71,173,3501,22,0,0,16,0
2021-03-06,3711,70,172,3517,22,0,0,15,0
2021-03-07,3724,69,170,3532,22,0,0,15,0
2021-03-08,3738,68,168,3548,22,0,0,15,0
2021-03-09,3751,67,166,3563,22,0,0,15,0
2021-03-10,3764,66,164,3578,22,0,0,15,0
2021-03-11,3776,66,162,3592,22,0,0,15,0
2021-03-12,3789,65,160,3607,22,0,0,14,0
2021-03-13,3802,64,158,3621,23,0,0,14,0
2021-03-14,3816,63,157,3636,23,0,0,14,0
2021-03-15,3828,62,155,3650,23,0,0,14,0
2021-03-16,3840,61,153,3664,23,0,0,14,0
2021-03-17,3851,61,151,3677,23,0,0,14,0
2021-03-18,3863,60,149,3691,23,0,0,13,0
2021-03-19,3874,59,147,3704,23,0,0,13,0
2021-03-20,3886,58,145,3718,23,0,0,13,0
2021-03-21,3898,57,144,3731,23,0,0,13,0
2021-03-22,3909,56,142,3744,23,0,0,13,0
2021-03-23,3919,56,140,3756,23,0,0,13,0
2021-03-24,3930,55,138,3769,23,0,0,12,0
2021-03-25,3941,54,136,3781,24,0,0,12,0
2021-03-26,3953,53,135,3794,24,0,0,12,0
2021-03-27,3963,53,133,3806,24,0,0,12,0
2021-03-28,3973,52,131,3818,24,0,0,12,0
2021-03-29,3982,51,129,3829,24,0,0,12,0
2021-03-30,3993,50,128,3841,24,0,0,12,0
2021-03-31,4003,50,126,3853,24,0,0,11,0
2021-04-01,4012,49,124,3864,24,0,0,11,0
2021-04-02,4021,48,122,3875,24,0,0,11,0
2021-04-03,4031,47,121,3886,24,0,0,11,0
2021-04-04,4040,47,119,3897,24,0,0,11,0
2021-04-05,4049,46,117,3908,24,0,0,11,0
2021-04-06,4058,45,116,3918,24,0,0,10,0
2021-04-07,4066,45,114,3928,24,0,0,10,0
2021-04-08,4075,44,112,3939,24,0,0,10,0
2021-04-09,4085,43,111,3949,25,0,0,10,0
2021-04-10,4093,43,109,3959,25,0,0,10,0
2021-04-11,4102,42,108,3969,25,0,0,10,0
2021-04-12,4109,41,106,3978,25,0,0,10,0
2021-04-13,4118,41,105,3988,25,0,0,9,0
2021-04-14,4125,40,103,3997,25,0,0,9,0
2021-04-15,4132,39,101,4006,25,0,0,9,0
2021-04-16,4141,39,100,4016,25,0,0,9,0
2021-04-17,4148,38,98,4025,25,0,0,9,0
2021-04-18,4155,37,97,4033,25,0,0,9,0
2021-04-19,4163,37,96,4042,25,0,0,9,0
2021-04-20,4170,36,94,4051,25,0,0,8,0
2021-04-21,4177,36,93,4059,25,0,0,8,0
2021-04-22,4183,35,91,4067,25,0,0,8,0
2021-04-23,4191,35,90,4076,25,0,0,8,0
2021-04-24,4197,34,88,4084,25,0,0,8,0
2021-04-25,4204,33,87,4092,25,0,0,8,0
2021-04-26,4210,33,86,4099,25,0,0,8,0
2021-04-27,4217,32,84,4107,26,0,0,8,0
2021-04-28,4224,32,83,4115,26,0,0,8,0
2021-04-29,4230,31,82,4122,26,0,0,7,0
2021-04-30,4236,31,80,4130,26,0,0,7,0
2021-05-01,4242,30,79,4137,26,0,0,7,0
2021-05-02,4248,30,78,4144,26,0,0,7,0
2021-05-03,4254,29,77,4151,26,0,0,7,0
2021-05-04,4259,29,75,4158,26,0,0,7,0
2021-05-05,4265,28,74,4165,26,0,0,7,0
2021-05-06,4270,28,73,4171,26,0,0,7,0
2021-05-07,4276,27,72,4178,26,0,0,6,0
2021-05-08,4281,27,71,4184,26,0,0,6,0
2021-05-09,4287,26,70,4191,26,0,0,6,0
2021-05-10,4291,26,68,4197,26,0,0,6,0
2021-05-11,4296,26,67,4203,26,0,0,6,0
2021-05-12,4301,25,66,4209,26,0,0,6,0
2021-05-13,4306,25,65,4215,26,0,0,6,0
2021-05-14,4311,24,64,4221,26,0,0,6,0
2021-05-15,4315,24,63,4226,26,0,0,6,0
2021-05-16,4320,23,62,4232,26,0,0,6,0
2021-05-17,4325,23,61,4238,26,0,0,6,0
2021-05-18,4329,23,60,4243,26,0,0,5,0
2021-05-19,4334,22,59,4249,26,0,0,5,0
2021-05-20,4338,22,58,4254,26,0,0,5,0
2021-05-21,4342,21,57,4259,26,0,0,5,0
2021-05-22,4347,21,56,4264,27,0,0,5,0
2021-05-23,4351,21,55,4269,27,0,0,5,0
2021-05-24,4355,20,54,4274,27,0,0,5,0
2021-05-25,4359,20,53,4279,27,0,0,5,0
2021-05-26,4363,20,52,4284,27,0,0,5,0
2021-05-27,4366,19,51,4288,27,0,0,5,0
2021-05-28,4370,19,50,4293,27,0,0,5,0
2021-05-29,4375,19,50,4298,27,0,0,4,0
2021-05-30,4378,18,49,4302,27,0,0,4,0
2021-05-31,4381,18,48,4306,27,0,0,4,0
2021-06-01,4385,18,47,4311,27,0,0,4,0
2021-06-02,4388,17,46,4315,27,0,0,4,0
2021-06-03,4392,17,46,4319,27,0,0,4,0
2021-06-04,4395,17,45,4323,27,0,0,4,0
2021-06-05,4398,16,44,4327,27,0,0,4,0
2021-06-06,4401,16,43,4331,27,0,0,4,0
2021-06-07,4404,16,42,4335,27,0,0,4,0
2021-06-08,4408,16,42,4339,27,0,0,4,0
2021-06-09,4411,15,41,4343,27,0,0,4,0
2021-06-10,4413,15,40,4346,27,0,0,4,0
2021-06-11,4417,15,40,4350,27,0,0,4,0
2021-06-12,4419,15,39,4353,27,0,0,4,0
2021-06-13,4422,14,38,4357,27,0,0,3,0
2021-06-14,4424,14,37,4360,27,0,0,3,0
2021-06-15,4428,14,37,4364,27,0,0,3,0
2021-06-16,4430,13,36,4367,27,0,0,3,0
2021-06-17,4433,13,36,4370,27,0,0,3,0
2021-06-18,4435,13,35,4373,27,0,0,3,0
2021-06-19,4438,13,34,4377,27,0,0,3,0
2021-06-20,4441,13,34,4380,27,0,0,3,0
2021-06-21,4443,12,33,4383,27,0,0,3,0
2021-06-22,4445,12,32,4386,27,0,0,3,0
2021-06-23,4448,12,32,4389,27,0,0,3,0
2021-06-24,4449,12,31,4391,27,0,0,3,0
2021-06-25,4452,11,31,4394,27,0,0,3,0
2021-06-26,4454,11,30,4397,27,0,0,3,0
2021-06-27,4457,11,30,4400,27,0,0,3,0
2021-06-28,4458,11,29,4402,27,0,0,3,0
2021-06-29,4461,11,29,4405,27,0,0,3,0
2021-06-30,4463,10,28,4408,27,0,0,3,0
2021-07-01,4465,10,28,4410,27,0,0,2,0
2021-07-02,4467,10,27,4413,27,0,0,2,0
2021-07-03,4469,10,27,4415,27,0,0,2,0
2021-07-04,4470,10,26,4417,27,0,0,2,0
2021-07-05,4473,10,26,4420,27,0,0,2,0
2021-07-06,4474,9,25,4422,27,0,0,2,0
2021-07-07,4477,9,25,4424,28,0,0,2,0
2021-07-08,4478,9,24,4426,28,0,0,2,0
2021-07-09,4481,9,24,4429,28,0,0,2,0
2021-07-10,4482,9,23,4431,28,0,0,2,0
2021-07-11,4484,9,23,4433,28,0,0,2,0
2021-07-12,4486,8,23,4435,28,0,0,2,0
2021-07-13,4487,8,22,4437,28,0,0,2,0
2021-07-14,4489,8,22,4439,28,0,0,2,0
2021-07-15,4490,8,21,4441,28,0,0,2,0
