Date,Infected,Exposed,Active,Recovered,Deaths,Diff Exposed,Diff Active,Diff Recovered,Diff Deaths
2020-07-12,1380,50,297,1080,3,24,0,27,0
2020-07-13,1392,71,282,1107,3,18,0,26,0
2020-07-14,1407,87,272,1132,3,13,0,25,0
2020-07-15,1425,99,266,1156,3,10,0,24,0
2020-07-16,1445,109,262,1180,3,8,0,24,0
2020-07-17,1467,116,260,1204,3,6,0,24,0
2020-07-18,1489,122,259,1227,3,5,0,24,0
2020-07-19,1514,126,260,1251,3,4,1,24,0
2020-07-20,1539,130,262,1274,3,4,2,24,0
2020-07-21,1565,134,264,1298,3,3,2,24,0
2020-07-22,1591,137,266,1322,3,3,3,24,0
2020-07-23,1619,139,269,1346,4,2,3,24,0
2020-07-24,1647,142,272,1371,4,2,3,25,0
2020-07-25,1675,144,275,1396,4,2,3,25,0
2020-07-26,1703,146,278,1421,4,2,3,25,0
2020-07-27,1732,148,282,1446,4,2,3,26,0
2020-07-28,1761,150,285,1472,4,2,4,26,0
2020-07-29,1791,152,289,1498,4,2,4,26,0
2020-07-30,1820,154,292,1524,4,2,4,26,0
2020-07-31,1850,156,296,1550,4,2,4,27,0
2020-08-01,1881,158,300,1577,4,2,4,27,0
2020-08-02,1912,160,303,1605,4,2,4,27,0
2020-08-03,1943,162,307,1632,4,2,4,28,0
2020-08-04,1975,164,311,1660,4,2,4,28,0
2020-08-05,2008,165,315,1689,4,2,4,29,0
2020-08-06,2039,167,318,1717,4,2,4,29,0
2020-08-07,2073,169,322,1746,5,2,4,29,0
2020-08-08,2107,171,326,1776,5,2,4,30,0
2020-08-09,2140,173,330,1805,5,2,4,30,0
2020-08-10,2174,175,334,1835,5,2,4,30,0
2020-08-11,2209,177,338,1866,5,2,4,31,0
2020-08-12,2244,179,342,1897,5,2,4,31,0
2020-08-13,2279,180,346,1928,5,2,4,31,0
2020-08-14,2314,182,350,1959,5,2,4,32,0
2020-08-15,2350,184,354,1991,5,2,4,32,0
2020-08-16,2386,186,358,2023,5,2,4,32,0
2020-08-17,2423,188,362,2056,5,2,4,33,0
2020-08-18,2460,190,366,2089,5,2,4,33,0
2020-08-19,2498,192,370,2122,6,2,4,34,0
2020-08-20,2536,194,374,2156,6,2,4,34,0
2020-08-21,2574,195,378,2190,6,2,4,34,0
2020-08-22,2612,197,382,2224,6,2,4,35,0
2020-08-23,2651,199,386,2259,6,2,4,35,0
2020-08-24,2690,201,390,2294,6,2,4,35,0
2020-08-25,2728,203,393,2329,6,2,4,36,0
2020-08-26,2768,205,397,2365,6,2,4,36,0
2020-08-27,2808,206,401,2401,6,2,4,36,0
2020-08-28,2849,208,405,2438,6,2,4,37,0
2020-08-29,2890,210,409,2475,6,2,4,37,0
2020-08-30,2932,212,413,2512,7,2,4,37,0
2020-08-31,2974,213,417,2550,7,2,4,38,0
2020-09-01,3016,215,421,2588,7,2,4,38,0
2020-09-02,3058,217,425,2626,7,2,4,39,0
2020-09-03,3101,219,429,2665,7,2,4,39,0
2020-09-04,3144,220,433,2704,7,2,4,39,0
2020-09-05,3187,222,437,2743,7,2,4,40,0
2020-09-06,3230,224,440,2783,7,2,4,40,0
2020-09-07,3274,225,444,2823,7,2,4,40,0
2020-09-08,3318,227,448,2863,7,2,4,41,0
2020-09-09,3364,228,452,2904,8,2,4,41,0
2020-09-10,3408,230,455,2945,8,2,4,41,0
2020-09-11,3453,232,459,2986,8,2,4,42,0
2020-09-12,3499,233,463,3028,8,2,4,42,0
2020-09-13,3544,235,466,3070,8,1,4,42,0
2020-09-14,3591,236,470,3113,8,1,4,43,0
2020-09-15,3636,237,473,3155,8,1,4,43,0
2020-09-16,3683,239,477,3198,8,1,3,43,0
2020-09-17,3730,240,480,3242,8,1,3,44,0
2020-09-18,3778,242,484,3285,9,1,3,44,0
2020-09-19,3825,243,487,3329,9,1,3,44,0
2020-09-20,3874,244,491,3374,9,1,3,44,0
2020-09-21,3921,246,494,3418,9,1,3,45,0
2020-09-22,3969,247,497,3463,9,1,3,45,0
2020-09-23,4017,248,500,3508,9,1,3,45,0
2020-09-24,4066,249,503,3554,9,1,3,46,0
2020-09-25,4115,250,506,3600,9,1,3,46,0
2020-09-26,4165,251,509,3646,10,1,3,46,0
2020-09-27,4214,253,512,3692,10,1,3,46,0
2020-09-28,4263,254,515,3738,10,1,3,47,0
2020-09-29,4313,255,518,3785,10,1,3,47,0
2020-09-30,4363,256,521,3832,10,1,3,47,0
2020-10-01,4414,256,524,3880,10,1,3,47,0
2020-10-02,4463,257,526,3927,10,1,3,48,0
2020-10-03,4514,258,529,3975,10,1,3,48,0
2020-10-04,4565,259,531,4023,11,1,2,48,0
2020-10-05,4616,260,534,4071,11,1,2,48,0
2020-10-06,4667,261,536,4120,11,1,2,49,0
2020-10-07,4719,261,539,4169,11,1,2,49,0
2020-10-08,4769,262,541,4217,11,1,2,49,0
2020-10-09,4821,263,543,4267,11,1,2,49,0
2020-10-10,4872,263,545,4316,11,1,2,49,0
2020-10-11,4923,264,547,4365,11,1,2,50,0
2020-10-12,4976,264,549,4415,12,0,2,50,0
2020-10-13,5028,265,551,4465,12,0,2,50,0
2020-10-14,5080,265,553,4515,12,0,2,50,0
2020-10-15,5131,265,554,4565,12,0,2,50,0
2020-10-16,5183,266,556,4615,12,0,2,50,0
2020-10-17,5235,266,557,4666,12,0,1,51,0
2020-10-18,5287,266,559,4716,12,0,1,51,0
2020-10-19,5339,266,560,4767,12,0,1,51,0
2020-10-20,5393,267,562,4818,13,0,1,51,0
2020-10-21,5445,267,563,4869,13,0,1,51,0
2020-10-22,5497,267,564,4920,13,0,1,51,0
2020-10-23,5549,267,565,4971,13,0,1,51,0
2020-10-24,5601,267,566,5022,13,0,1,51,0
2020-10-25,5654,267,567,5074,13,0,1,51,0
2020-10-26,5705,267,567,5125,13,0,1,51,0
2020-10-27,5759,266,568,5177,14,0,1,51,0
2020-10-28,5810,266,568,5228,14,0,1,52,0
2020-10-29,5863,266,569,5280,14,0,0,52,0
2020-10-30,5914,266,569,5331,14,0,0,52,0
2020-10-31,5967,265,570,5383,14,0,0,52,0
2020-11-01,6019,265,570,5435,14,0,0,52,0
2020-11-02,6070,265,570,5486,14,0,0,52,0
2020-11-03,6123,264,570,5538,15,0,0,52,0
2020-11-04,6175,264,570,5590,15,0,0,52,0
2020-11-05,6226,263,570,5641,15,0,0,52,0
2020-11-06,6277,262,569,5693,15,0,0,52,0
2020-11-07,6328,262,569,5744,15,0,0,52,0
2020-11-08,6380,261,569,5796,15,0,0,52,0
2020-11-09,6431,260,568,5848,15,0,0,52,0
2020-11-10,6482,260,568,5899,15,0,0,51,0
2020-11-11,6534,259,567,5951,16,0,0,51,0
2020-11-12,6584,258,566,6002,16,0,0,51,0
2020-11-13,6634,257,565,6053,16,0,0,51,0
2020-11-14,6684,256,564,6104,16,0,0,51,0
2020-11-15,6735,256,563,6156,16,0,0,51,0
2020-11-16,6785,255,562,6207,16,0,0,51,0
2020-11-17,6835,254,561,6258,16,0,0,51,0
2020-11-18,6885,253,560,6308,17,0,0,51,0
2020-11-19,6934,251,558,6359,17,0,0,51,0
2020-11-20,6984,250,557,6410,17,0,0,50,0
2020-11-21,7032,249,555,6460,17,0,0,50,0
2020-11-22,7081,248,554,6510,17,0,0,50,0
2020-11-23,7129,247,552,6560,17,0,0,50,0
2020-11-24,7177,246,550,6610,17,0,0,50,0
2020-11-25,7225,244,548,6660,17,0,0,50,0
2020-11-26,7274,243,546,6710,18,0,0,50,0
2020-11-27,7321,242,544,6759,18,0,0,49,0
2020-11-28,7369,240,542,6809,18,0,0,49,0
2020-11-29,7416,239,540,6858,18,0,0,49,0
2020-11-30,7463,238,538,6907,18,0,0,49,0
2020-12-01,7508,236,535,6955,18,0,0,49,0
2020-12-02,7555,235,533,7004,18,0,0,48,0
2020-12-03,7601,233,531,7052,18,0,0,48,0
2020-12-04,7647,232,528,7100,19,0,0,48,0
2020-12-05,7693,230,526,7148,19,0,0,48,0
2020-12-06,7737,229,523,7195,19,0,0,47,0
2020-12-07,7782,227,520,7243,19,0,0,47,0
2020-12-08,7827,226,518,7290,19,0,0,47,0
2020-12-09,7871,224,515,7337,19,0,0,47,0
2020-12-10,7914,223,512,7383,19,0,0,46,0
2020-12-11,7957,221,509,7429,19,0,0,46,0
2020-12-12,8002,219,506,7476,20,0,0,46,0
2020-12-13,8044,218,503,7521,20,0,0,46,0
2020-12-14,8087,216,500,7567,20,0,0,45,0
2020-12-15,8129,214,497,7612,20,0,0,45,0
2020-12-16,8171,213,494,7657,20,0,0,45,0
2020-12-17,8212,211,490,7702,20,0,0,44,0
2020-12-18,8253,209,487,7746,20,0,0,44,0
2020-12-19,8294,207,484,7790,20,0,0,44,0
2020-12-20,8335,206,480,7834,21,0,0,44,0
2020-12-21,8375,204,477,7877,21,0,0,43,0
2020-12-22,8415,202,474,7920,21,0,0,43,0
2020-12-23,8454,200,470,7963,21,0,0,43,0
2020-12-24,8494,199,467,8006,21,0,0,42,0
2020-12-25,8532,197,463,8048,21,0,0,42,0
2020-12-26,8571,195,460,8090,21,0,0,42,0
2020-12-27,8608,193,456,8131,21,0,0,41,0
2020-12-28,8647,191,453,8173,21,0,0,41,0
2020-12-29,8684,190,449,8213,22,0,0,41,0
2020-12-30,8721,188,445,8254,22,0,0,40,0
2020-12-31,8758,186,442,8294,22,0,0,40,0
2021-01-01,8794,184,438,8334,22,0,0,40,0
2021-01-02,8830,182,434,8374,22,0,0,39,0
2021-01-03,8865,180,430,8413,22,0,0,39,0
2021-01-04,8901,179,427,8452,22,0,0,39,0
2021-01-05,8936,177,423,8491,22,0,0,38,0
2021-01-06,8970,175,419,8529,22,0,0,38,0
2021-01-07,9004,173,415,8567,22,0,0,38,0
2021-01-08,9039,171,412,8604,23,0,0,37,0
2021-01-09,9072,170,408,8641,23,0,0,37,0
2021-01-10,9105,168,404,8678,23,0,0,37,0
2021-01-11,9138,166,400,8715,23,0,0,36,0
2021-01-12,9170,164,396,8751,23,0,0,36,0
2021-01-13,9202,162,392,8787,23,0,0,36,0
2021-01-14,9234,161,389,8822,23,0,0,35,0
2021-01-15,9265,159,385,8857,23,0,0,35,0
2021-01-16,9296,157,381,8892,23,0,0,35,0
2021-01-17,9326,155,377,8926,23,0,0,34,0
2021-01-18,9356,153,373,8960,23,0,0,34,0
2021-01-19,9387,152,369,8994,24,0,0,33,0
2021-01-20,9417,150,366,9027,24,0,0,33,0
2021-01-21,9446,148,362,9060,24,0,0,33,0
2021-01-22,9475,146,358,9093,24,0,0,32,0
2021-01-23,9503,145,354,9125,24,0,0,32,0
2021-01-24,9531,143,350,9157,24,0,0,32,0
2021-01-25,9559,141,346,9189,24,0,0,31,0
2021-01-26,9587,140,343,9220,24,0,0,31,0
2021-01-27,9614,138,339,9251,24,0,0,31,0
2021-01-28,9641,136,335,9282,24,0,0,30,0
2021-01-29,9667,134,331,9312,24,0,0,30,0
2021-01-30,9694,133,328,9342,24,0,0,30,0
2021-01-31,9721,131,324,9372,25,0,0,29,0
2021-02-01,9746,130,320,9401,25,0,0,29,0
2021-02-02,9771,128,316,9430,25,0,0,29,0
2021-02-03,9796,126,313,9458,25,0,0,28,0
2021-02-04,9821,125,309,9487,25,0,0,28,0
2021-02-05,9844,123,305,9514,25,0,0,28,0
2021-02-06,9869,121,302,9542,25,0,0,27,0
2021-02-07,9892,120,298,9569,25,0,0,27,0
2021-02-08,9916,118,295,9596,25,0,0,27,0
2021-02-09,9939,117,291,9623,25,0,0,26,0
2021-02-10,9962,115,288,9649,25,0,0,26,0
2021-02-11,9984,114,284,9675,25,0,0,26,0
2021-02-12,10006,112,280,9701,25,0,0,25,0
2021-02-13,10028,111,277,9726,25,0,0,25,0
2021-02-14,10051,109,274,9751,26,0,0,25,0
2021-02-15,10072,108,270,9776,26,0,0,24,0
2021-02-16,10093,106,267,9800,26,0,0,24,0
2021-02-17,10113,105,263,9824,26,0,0,24,0
2021-02-18,10134,103,260,9848,26,0,0,24,0
2021-02-19,10154,102,257,9871,26,0,0,23,0
2021-02-20,10173,101,253,9894,26,0,0,23,0
2021-02-21,10193,99,250,9917,26,0,0,23,0
2021-02-22,10213,98,247,9940,26,0,0,22,0
2021-02-23,10232,97,244,9962,26,0,0,22,0
2021-02-24,10250,95,240,9984,26,0,0,22,0
2021-02-25,10269,94,237,10006,26,0,0,22,0
2021-02-26,10287,93,234,10027,26,0,0,21,0
2021-02-27,10305,91,231,10048,26,0,0,21,0
2021-02-28,10323,90,228,10069,26,0,0,21,0
2021-03-01,10341,89,225,10090,26,0,0,20,0
2021-03-02,10358,87,222,10110,26,0,0,20,0
2021-03-03,10376,86,219,10130,27,0,0,20,0
2021-03-04,10393,85,216,10150,27,0,0,20,0
2021-03-05,10409,84,213,10169,27,0,0,19,0
2021-03-06,10425,83,210,10188,27,0,0,19,0
2021-03-07,10441,81,207,10207,27,0,0,19,0
2021-03-08,10457,80,204,10226,27,0,0,19,0
2021-03-09,10472,79,201,10244,27,0,0,18,0
2021-03-10,10489,78,199,10263,27,0,0,18,0
2021-03-11,10503,77,196,10280,27,0,0,18,0
2021-03-12,10518,76,193,10298,27,0,0,17,0
2021-03-13,10532,74,190,10315,27,0,0,17,0
2021-03-14,10548,73,188,10333,27,0,0,17,0
2021-03-15,10562,72,185,10350,27,0,0,17,0
2021-03-16,10575,71,182,10366,27,0,0,17,0
2021-03-17,10590,70,180,10383,27,0,0,16,0
2021-03-18,10603,69,177,10399,27,0,0,16,0
2021-03-19,10617,68,175,10415,27,0,0,16,0
2021-03-20,10630,67,172,10431,27,0,0,16,0
2021-03-21,10643,66,170,10446,27,0,0,15,0
2021-03-22,10655,65,167,10461,27,0,0,15,0
2021-03-23,10668,64,165,10476,27,0,0,15,0
2021-03-24,10680,63,162,10491,27,0,0,15,0
2021-03-25,10694,62,160,10506,28,0,0,14,0
2021-03-26,10706,61,158,10520,28,0,0,14,0
2021-03-27,10718,60,155,10535,28,0,0,14,0
2021-03-28,10730,59,153,10549,28,0,0,14,0
2021-03-29,10741,58,151,10562,28,0,0,14,0
2021-03-30,10752,58,148,10576,28,0,0,13,0
2021-03-31,10763,57,146,10589,28,0,0,13,0
2021-04-01,10775,56,144,10603,28,0,0,13,0
2021-04-02,10786,55,142,10616,28,0,0,13,0
2021-04-03,10796,54,140,10628,28,0,0,13,0
2021-04-04,10807,53,138,10641,28,0,0,12,0
2021-04-05,10817,52,136,10653,28,0,0,12,0
2021-04-06,10828,52,134,10666,28,0,0,12,0
2021-04-07,10838,51,132,10678,28,0,0,12,0
2021-04-08,10847,50,130,10689,28,0,0,12,0
2021-04-09,10857,49,128,10701,28,0,0,12,0
2021-04-10,10867,48,126,10713,28,0,0,11,0
2021-04-11,10876,48,124,10724,28,0,0,11,0
2021-04-12,10885,47,122,10735,28,0,0,11,0
2021-04-13,10894,46,120,10746,28,0,0,11,0
2021-04-14,10903,45,118,10757,28,0,0,11,0
2021-04-15,10912,45,116,10768,28,0,0,11,0
2021-04-16,10921,44,115,10778,28,0,0,10,0
2021-04-17,10929,43,113,10788,28,0,0,10,0
2021-04-18,10938,43,111,10799,28,0,0,10,0
2021-04-19,10946,42,109,10809,28,0,0,10,0
2021-04-20,10954,41,108,10818,28,0,0,10,0
2021-04-21,10962,41,106,10828,28,0,0,10,0
2021-04-22,10970,40,104,10838,28,0,0,9,0
2021-04-23,10978,39,103,10847,28,0,0,9,0
2021-04-24,10985,39,101,10856,28,0,0,9,0
2021-04-25,10994,38,100,10866,28,0,0,9,0
2021-04-26,11000,38,98,10874,28,0,0,9,0
2021-04-27,11008,37,96,10883,29,0,0,9,0
2021-04-28,11016,36,95,10892,29,0,0,9,0
2021-04-29,11023,36,93,10901,29,0,0,8,0
2021-04-30,11030,35,92,10909,29,0,0,8,0
2021-05-01,11036,35,90,10917,29,0,0,8,0
2021-05-02,11043,34,89,10925,29,0,0,8,0
2021-05-03,11050,34,88,10933,29,0,0,8,0
2021-05-04,11056,33,86,10941,29,0,0,8,0
2021-05-05,11063,32,85,10949,29,0,0,8,0
2021-05-06,11070,32,84,10957,29,0,0,8,0
2021-05-07,11075,31,82,10964,29,0,0,7,0
2021-05-08,11082,31,81,10972,29,0,0,7,0
2021-05-09,11088,30,80,10979,29,0,0,7,0
2021-05-10,11093,30,78,10986,29,0,0,7,0
2021-05-11,11099,29,77,10993,29,0,0,7,0
2021-05-12,11105,29,76,11000,29,0,0,7,0
2021-05-13,11111,28,75,11007,29,0,0,7,0
2021-05-14,11116,28,73,11014,29,0,0,7,0
2021-05-15,11121,28,72,11020,29,0,0,7,0
2021-05-16,11127,27,71,11027,29,0,0,6,0
2021-05-17,11132,27,70,11033,29,0,0,6,0
2021-05-18,11138,26,69,11040,29,0,0,6,0
2021-05-19,11143,26,68,11046,29,0,0,6,0
2021-05-20,11148,25,67,11052,29,0,0,6,0
2021-05-21,11153,25,66,11058,29,0,0,6,0
2021-05-22,11157,25,64,11064,29,0,0,6,0
2021-05-23,11162,24,63,11070,29,0,0,6,0
2021-05-24,11166,24,62,11075,29,0,0,6,0
2021-05-25,11171,23,61,11081,29,0,0,6,0
2021-05-26,11176,23,60,11087,29,0,0,5,0
2021-05-27,11180,23,59,11092,29,0,0,5,0
2021-05-28,11184,22,58,11097,29,0,0,5,0
2021-05-29,11189,22,57,11103,29,0,0,5,0
2021-05-30,11194,21,57,11108,29,0,0,5,0
2021-05-31,11198,21,56,11113,29,0,0,5,0
2021-06-01,11202,21,55,11118,29,0,0,5,0
2021-06-02,11206,20,54,11123,29,0,0,5,0
2021-06-03,11210,20,53,11128,29,0,0,5,0
2021-06-04,11213,20,52,11132,29,0,0,5,0
2021-06-05,11217,19,51,11137,29,0,0,5,0
2021-06-06,11221,19,50,11142,29,0,0,5,0
2021-06-07,11225,19,50,11146,29,0,0,4,0
2021-06-08,11229,18,49,11151,29,0,0,4,0
2021-06-09,11232,18,48,11155,29,0,0,4,0
2021-06-10,11235,18,47,11159,29,0,0,4,0
2021-06-11,11239,18,46,11164,29,0,0,4,0
2021-06-12,11243,17,46,11168,29,0,0,4,0
2021-06-13,11246,17,45,11172,29,0,0,4,0
2021-06-14,11249,17,44,11176,29,0,0,4,0
2021-06-15,11252,16,43,11180,29,0,0,4,0
2021-06-16,11256,16,43,11184,29,0,0,4,0
2021-06-17,11259,16,42,11188,29,0,0,4,0
2021-06-18,11262,16,41,11192,29,0,0,4,0
2021-06-19,11265,15,41,11195,29,0,0,4,0
2021-06-20,11268,15,40,11199,29,0,0,4,0
2021-06-21,11271,15,39,11203,29,0,0,4,0
2021-06-22,11274,15,39,11206,29,0,0,4,0
2021-06-23,11277,14,38,11210,29,0,0,3,0
2021-06-24,11279,14,37,11213,29,0,0,3,0
2021-06-25,11282,14,37,11216,29,0,0,3,0
2021-06-26,11285,14,36,11220,29,0,0,3,0
2021-06-27,11288,13,36,11223,29,0,0,3,0
2021-06-28,11290,13,35,11226,29,0,0,3,0
2021-06-29,11292,13,34,11229,29,0,0,3,0
2021-06-30,11295,13,34,11232,29,0,0,3,0
2021-07-01,11297,13,33,11235,29,0,0,3,0
2021-07-02,11300,12,33,11238,29,0,0,3,0
2021-07-03,11302,12,32,11241,29,0,0,3,0
2021-07-04,11305,12,32,11244,29,0,0,3,0
2021-07-05,11307,12,31,11247,29,0,0,3,0
2021-07-06,11310,12,31,11250,29,0,0,3,0
2021-07-07,11312,11,30,11253,29,0,0,3,0
