Date,Infected,Exposed,Active,Recovered,Deaths,Diff Exposed,Diff Active,Diff Recovered,Diff Deaths
2020-07-21,3917,1,692,3216,9,69,0,63,0
2020-07-22,3922,64,636,3277,9,51,0,58,0
2020-07-23,3938,110,596,3333,9,38,0,54,0
2020-07-24,3963,144,567,3386,10,29,0,51,0
2020-07-25,3993,170,546,3437,10,21,0,50,0
2020-07-26,4028,189,532,3486,10,16,0,48,0
2020-07-27,4065,204,522,3533,10,12,0,47,0
2020-07-28,4107,215,516,3581,10,9,0,47,0
2020-07-29,4149,223,512,3627,10,7,0,46,0
2020-07-30,4193,229,510,3673,10,6,0,46,0
2020-07-31,4239,235,509,3720,10,4,0,46,0
2020-08-01,4286,239,509,3766,11,4,1,46,0
2020-08-02,4332,242,509,3812,11,3,1,46,0
2020-08-03,4380,245,511,3858,11,2,2,46,0
2020-08-04,4427,247,512,3904,11,2,2,46,0
2020-08-05,4476,249,514,3951,11,2,2,47,0
2020-08-06,4525,251,516,3998,11,2,2,47,0
2020-08-07,4575,252,519,4045,11,1,2,47,0
2020-08-08,4625,253,521,4092,12,1,2,47,0
2020-08-09,4674,255,523,4139,12,1,2,47,0
2020-08-10,4724,256,526,4186,12,1,2,48,0
2020-08-11,4774,257,528,4234,12,1,2,48,0
2020-08-12,4825,258,531,4282,12,1,2,48,0
2020-08-13,4875,259,533,4330,12,1,2,48,0
2020-08-14,4926,260,535,4379,12,1,2,49,0
2020-08-15,4977,261,538,4427,12,1,2,49,0
2020-08-16,5029,262,540,4476,13,1,2,49,0
2020-08-17,5080,263,542,4525,13,1,2,49,0
2020-08-18,5131,264,544,4574,13,1,2,49,0
2020-08-19,5184,264,547,4624,13,1,2,50,0
2020-08-20,5235,265,549,4673,13,1,2,50,0
2020-08-21,5287,266,551,4723,13,1,2,50,0
2020-08-22,5339,267,553,4773,13,1,2,50,0
2020-08-23,5392,267,555,4823,14,1,2,50,0
2020-08-24,5445,268,557,4874,14,1,2,50,0
2020-08-25,5497,269,559,4924,14,1,2,51,0
2020-08-26,5550,269,561,4975,14,1,2,51,0
2020-08-27,5602,270,562,5026,14,1,2,51,0
2020-08-28,5655,270,564,5077,14,1,2,51,0
2020-08-29,5708,271,566,5128,14,1,2,51,0
2020-08-30,5763,272,568,5180,15,0,2,51,0
2020-08-31,5815,272,569,5231,15,0,2,52,0
2020-09-01,5869,272,571,5283,15,0,2,52,0
2020-09-02,5922,273,572,5335,15,0,1,52,0
2020-09-03,5975,273,574,5386,15,0,1,52,0
2020-09-04,6029,274,575,5439,15,0,1,52,0
2020-09-05,6083,274,577,5491,15,0,1,52,0
2020-09-06,6137,274,578,5543,16,0,1,52,0
2020-09-07,6190,275,579,5595,16,0,1,52,0
2020-09-08,6244,275,580,5648,16,0,1,53,0
2020-09-09,6298,275,581,5701,16,0,1,53,0
2020-09-10,6351,275,582,5753,16,0,1,53,0
2020-09-11,6405,275,583,5806,16,0,1,53,0
2020-09-12,6459,276,584,5859,16,0,1,53,0
2020-09-13,6514,276,585,5912,17,0,1,53,0
2020-09-14,6568,276,586,5965,17,0,1,53,0
2020-09-15,6622,276,587,6018,17,0,1,53,0
2020-09-16,6677,276,588,6072,17,0,1,53,0
2020-09-17,6730,276,588,6125,17,0,1,53,0
2020-09-18,6784,276,589,6178,17,0,1,53,0
2020-09-19,6839,276,589,6232,18,0,0,53,0
2020-09-20,6893,276,590,6285,18,0,0,53,0
2020-09-21,6947,275,590,6339,18,0,0,54,0
2020-09-22,7001,275,591,6392,18,0,0,54,0
2020-09-23,7055,275,591,6446,18,0,0,54,0
2020-09-24,7108,275,591,6499,18,0,0,54,0
2020-09-25,7162,275,591,6553,18,0,0,54,0
2020-09-26,7216,274,591,6606,19,0,0,54,0
2020-09-27,7270,274,591,6660,19,0,0,54,0
2020-09-28,7324,274,591,6714,19,0,0,54,0
2020-09-29,7377,273,591,6767,19,0,0,54,0
2020-09-30,7431,273,591,6821,19,0,0,54,0
2020-10-01,7484,273,591,6874,19,0,0,54,0
2020-10-02,7538,272,591,6928,19,0,0,54,0
2020-10-03,7591,272,590,6981,20,0,0,54,0
2020-10-04,7645,271,590,7035,20,0,0,53,0
2020-10-05,7697,271,589,7088,20,0,0,53,0
2020-10-06,7751,270,589,7142,20,0,0,53,0
2020-10-07,7803,270,588,7195,20,0,0,53,0
2020-10-08,7856,269,588,7248,20,0,0,53,0
2020-10-09,7910,268,587,7302,21,0,0,53,0
2020-10-10,7962,268,586,7355,21,0,0,53,0
2020-10-11,8014,267,585,7408,21,0,0,53,0
2020-10-12,8067,266,585,7461,21,0,0,53,0
2020-10-13,8119,266,584,7514,21,0,0,53,0
2020-10-14,8171,265,583,7567,21,0,0,53,0
2020-10-15,8223,264,582,7620,21,0,0,53,0
2020-10-16,8275,263,581,7672,22,0,0,53,0
2020-10-17,8326,263,579,7725,22,0,0,53,0
2020-10-18,8377,262,578,7777,22,0,0,52,0
2020-10-19,8429,261,577,7830,22,0,0,52,0
2020-10-20,8480,260,576,7882,22,0,0,52,0
2020-10-21,8530,259,574,7934,22,0,0,52,0
2020-10-22,8581,258,573,7986,22,0,0,52,0
2020-10-23,8632,257,571,8038,23,0,0,52,0
2020-10-24,8683,256,570,8090,23,0,0,52,0
2020-10-25,8732,255,568,8141,23,0,0,52,0
2020-10-26,8783,254,567,8193,23,0,0,51,0
2020-10-27,8832,253,565,8244,23,0,0,51,0
2020-10-28,8881,252,563,8295,23,0,0,51,0
2020-10-29,8930,251,561,8346,23,0,0,51,0
2020-10-30,8980,250,559,8397,24,0,0,51,0
2020-10-31,9030,249,558,8448,24,0,0,51,0
2020-11-01,9078,248,556,8498,24,0,0,50,0
2020-11-02,9127,246,554,8549,24,0,0,50,0
2020-11-03,9175,245,552,8599,24,0,0,50,0
2020-11-04,9223,244,550,8649,24,0,0,50,0
2020-11-05,9270,243,548,8698,24,0,0,50,0
2020-11-06,9318,242,545,8748,25,0,0,49,0
2020-11-07,9365,240,543,8797,25,0,0,49,0
2020-11-08,9412,239,541,8846,25,0,0,49,0
2020-11-09,9459,238,539,8895,25,0,0,49,0
2020-11-10,9505,237,536,8944,25,0,0,49,0
2020-11-11,9552,235,534,8993,25,0,0,48,0
2020-11-12,9598,234,532,9041,25,0,0,48,0
2020-11-13,9644,233,529,9089,26,0,0,48,0
2020-11-14,9690,231,527,9137,26,0,0,48,0
2020-11-15,9735,230,524,9185,26,0,0,48,0
2020-11-16,9780,229,522,9232,26,0,0,47,0
2020-11-17,9824,227,519,9279,26,0,0,47,0
2020-11-18,9868,226,516,9326,26,0,0,47,0
2020-11-19,9913,225,514,9373,26,0,0,47,0
2020-11-20,9957,223,511,9420,26,0,0,46,0
2020-11-21,10001,222,508,9466,27,0,0,46,0
2020-11-22,10045,220,506,9512,27,0,0,46,0
2020-11-23,10088,219,503,9558,27,0,0,46,0
2020-11-24,10130,218,500,9603,27,0,0,45,0
2020-11-25,10172,216,497,9648,27,0,0,45,0
2020-11-26,10214,215,494,9693,27,0,0,45,0
2020-11-27,10257,213,492,9738,27,0,0,45,0
2020-11-28,10299,212,489,9782,28,0,0,44,0
2020-11-29,10341,210,486,9827,28,0,0,44,0
2020-11-30,10382,209,483,9871,28,0,0,44,0
2020-12-01,10422,207,480,9914,28,0,0,44,0
2020-12-02,10463,206,477,9958,28,0,0,43,0
2020-12-03,10503,204,474,10001,28,0,0,43,0
2020-12-04,10543,203,471,10044,28,0,0,43,0
2020-12-05,10582,201,468,10086,28,0,0,42,0
2020-12-06,10622,200,465,10129,28,0,0,42,0
2020-12-07,10662,198,462,10171,29,0,0,42,0
2020-12-08,10700,197,459,10212,29,0,0,42,0
2020-12-09,10739,195,456,10254,29,0,0,41,0
2020-12-10,10776,194,452,10295,29,0,0,41,0
2020-12-11,10814,192,449,10336,29,0,0,41,0
2020-12-12,10852,191,446,10377,29,0,0,40,0
2020-12-13,10889,189,443,10417,29,0,0,40,0
2020-12-14,10926,188,440,10457,29,0,0,40,0
2020-12-15,10964,186,437,10497,30,0,0,40,0
2020-12-16,11000,185,434,10536,30,0,0,39,0
2020-12-17,11035,183,430,10575,30,0,0,39,0
2020-12-18,11071,182,427,10614,30,0,0,39,0
2020-12-19,11107,180,424,10653,30,0,0,38,0
2020-12-20,11142,179,421,10691,30,0,0,38,0
2020-12-21,11177,177,418,10729,30,0,0,38,0
2020-12-22,11211,176,414,10767,30,0,0,38,0
2020-12-23,11246,174,411,10805,30,0,0,37,0
2020-12-24,11280,173,408,10842,30,0,0,37,0
2020-12-25,11315,171,405,10879,31,0,0,37,0
2020-12-26,11347,170,401,10915,31,0,0,36,0
2020-12-27,11380,168,398,10951,31,0,0,36,0
2020-12-28,11413,167,395,10987,31,0,0,36,0
2020-12-29,11446,165,392,11023,31,0,0,36,0
2020-12-30,11479,164,389,11059,31,0,0,35,0
2020-12-31,11510,162,385,11094,31,0,0,35,0
2021-01-01,11541,161,382,11128,31,0,0,35,0
2021-01-02,11573,159,379,11163,31,0,0,34,0
2021-01-03,11604,158,376,11197,31,0,0,34,0
2021-01-04,11635,156,372,11231,32,0,0,34,0
2021-01-05,11666,155,369,11265,32,0,0,33,0
2021-01-06,11696,153,366,11298,32,0,0,33,0
2021-01-07,11726,152,363,11331,32,0,0,33,0
2021-01-08,11756,150,360,11364,32,0,0,33,0
2021-01-09,11784,149,356,11396,32,0,0,32,0
2021-01-10,11814,148,353,11429,32,0,0,32,0
2021-01-11,11843,146,350,11461,32,0,0,32,0
2021-01-12,11871,145,347,11492,32,0,0,31,0
2021-01-13,11900,143,344,11524,32,0,0,31,0
2021-01-14,11929,142,341,11555,33,0,0,31,0
2021-01-15,11955,140,337,11585,33,0,0,31,0
2021-01-16,11983,139,334,11616,33,0,0,30,0
2021-01-17,12010,138,331,11646,33,0,0,30,0
2021-01-18,12037,136,328,11676,33,0,0,30,0
2021-01-19,12064,135,325,11706,33,0,0,29,0
2021-01-20,12090,134,322,11735,33,0,0,29,0
2021-01-21,12116,132,319,11764,33,0,0,29,0
2021-01-22,12142,131,316,11793,33,0,0,29,0
2021-01-23,12167,129,313,11821,33,0,0,28,0
2021-01-24,12193,128,310,11850,33,0,0,28,0
2021-01-25,12218,127,307,11878,33,0,0,28,0
2021-01-26,12242,126,304,11905,33,0,0,28,0
2021-01-27,12268,124,301,11933,34,0,0,27,0
2021-01-28,12292,123,298,11960,34,0,0,27,0
2021-01-29,12316,122,295,11987,34,0,0,27,0
2021-01-30,12339,120,292,12013,34,0,0,26,0
2021-01-31,12363,119,289,12040,34,0,0,26,0
2021-02-01,12386,118,286,12066,34,0,0,26,0
2021-02-02,12409,116,283,12092,34,0,0,26,0
2021-02-03,12431,115,280,12117,34,0,0,25,0
2021-02-04,12453,114,277,12142,34,0,0,25,0
2021-02-05,12476,113,274,12168,34,0,0,25,0
2021-02-06,12498,112,272,12192,34,0,0,25,0
2021-02-07,12520,110,269,12217,34,0,0,24,0
2021-02-08,12541,109,266,12241,34,0,0,24,0
2021-02-09,12563,108,263,12265,35,0,0,24,0
2021-02-10,12584,107,260,12289,35,0,0,24,0
2021-02-11,12605,106,258,12312,35,0,0,23,0
2021-02-12,12626,104,255,12336,35,0,0,23,0
2021-02-13,12646,103,252,12359,35,0,0,23,0
2021-02-14,12666,102,250,12381,35,0,0,23,0
2021-02-15,12686,101,247,12404,35,0,0,22,0
2021-02-16,12705,100,244,12426,35,0,0,22,0
2021-02-17,12725,99,242,12448,35,0,0,22,0
2021-02-18,12744,98,239,12470,35,0,0,22,0
2021-02-19,12763,96,236,12492,35,0,0,21,0
2021-02-20,12782,95,234,12513,35,0,0,21,0
2021-02-21,12800,94,231,12534,35,0,0,21,0
2021-02-22,12819,93,229,12555,35,0,0,21,0
2021-02-23,12837,92,226,12576,35,0,0,21,0
2021-02-24,12855,91,224,12596,35,0,0,20,0
2021-02-25,12872,90,221,12616,35,0,0,20,0
2021-02-26,12891,89,219,12636,36,0,0,20,0
2021-02-27,12908,88,216,12656,36,0,0,20,0
2021-02-28,12926,87,214,12676,36,0,0,19,0
2021-03-01,12942,86,211,12695,36,0,0,19,0
2021-03-02,12959,85,209,12714,36,0,0,19,0
2021-03-03,12976,84,207,12733,36,0,0,19,0
2021-03-04,12992,83,204,12752,36,0,0,19,0
2021-03-05,13008,82,202,12770,36,0,0,18,0
2021-03-06,13024,81,200,12788,36,0,0,18,0
2021-03-07,13039,80,197,12806,36,0,0,18,0
2021-03-08,13055,79,195,12824,36,0,0,18,0
2021-03-09,13071,78,193,12842,36,0,0,17,0
2021-03-10,13086,77,191,12859,36,0,0,17,0
2021-03-11,13101,76,189,12876,36,0,0,17,0
2021-03-12,13115,75,186,12893,36,0,0,17,0
2021-03-13,13130,74,184,12910,36,0,0,17,0
2021-03-14,13145,74,182,12927,36,0,0,17,0
2021-03-15,13159,73,180,12943,36,0,0,16,0
2021-03-16,13173,72,178,12959,36,0,0,16,0
2021-03-17,13188,71,176,12976,36,0,0,16,0
2021-03-18,13202,70,174,12991,37,0,0,16,0
2021-03-19,13216,69,172,13007,37,0,0,16,0
2021-03-20,13230,68,170,13023,37,0,0,15,0
2021-03-21,13243,67,168,13038,37,0,0,15,0
2021-03-22,13256,67,166,13053,37,0,0,15,0
2021-03-23,13269,66,164,13068,37,0,0,15,0
2021-03-24,13282,65,162,13083,37,0,0,15,0
2021-03-25,13294,64,160,13097,37,0,0,14,0
2021-03-26,13307,63,158,13112,37,0,0,14,0
2021-03-27,13319,63,156,13126,37,0,0,14,0
2021-03-28,13331,62,154,13140,37,0,0,14,0
2021-03-29,13343,61,152,13154,37,0,0,14,0
2021-03-30,13355,60,150,13168,37,0,0,14,0
2021-03-31,13367,60,149,13181,37,0,0,13,0
2021-04-01,13379,59,147,13195,37,0,0,13,0
2021-04-02,13390,58,145,13208,37,0,0,13,0
2021-04-03,13401,57,143,13221,37,0,0,13,0
2021-04-04,13412,57,141,13234,37,0,0,13,0
2021-04-05,13424,56,140,13247,37,0,0,13,0
2021-04-06,13434,55,138,13259,37,0,0,13,0
2021-04-07,13445,55,136,13272,37,0,0,12,0
2021-04-08,13456,54,135,13284,37,0,0,12,0
2021-04-09,13466,53,133,13296,37,0,0,12,0
2021-04-10,13476,53,131,13308,37,0,0,12,0
2021-04-11,13487,52,130,13320,37,0,0,12,0
2021-04-12,13498,51,128,13332,38,0,0,12,0
2021-04-13,13507,51,126,13343,38,0,0,11,0
2021-04-14,13518,50,125,13355,38,0,0,11,0
2021-04-15,13527,49,123,13366,38,0,0,11,0
2021-04-16,13537,49,122,13377,38,0,0,11,0
2021-04-17,13546,48,120,13388,38,0,0,11,0
2021-04-18,13556,47,119,13399,38,0,0,11,0
2021-04-19,13565,47,117,13410,38,0,0,11,0
2021-04-20,13574,46,116,13420,38,0,0,11,0
2021-04-21,13583,46,114,13431,38,0,0,10,0
2021-04-22,13592,45,113,13441,38,0,0,10,0
2021-04-23,13601,44,112,13451,38,0,0,10,0
2021-04-24,13609,44,110,13461,38,0,0,10,0
2021-04-25,13618,43,109,13471,38,0,0,10,0
2021-04-26,13626,43,107,13481,38,0,0,10,0
2021-04-27,13635,42,106,13491,38,0,0,10,0
2021-04-28,13643,42,105,13500,38,0,0,9,0
2021-04-29,13651,41,103,13510,38,0,0,9,0
2021-04-30,13659,41,102,13519,38,0,0,9,0
2021-05-01,13667,40,101,13528,38,0,0,9,0
2021-05-02,13674,40,99,13537,38,0,0,9,0
2021-05-03,13682,39,98,13546,38,0,0,9,0
2021-05-04,13690,39,97,13555,38,0,0,9,0
2021-05-05,13698,38,96,13564,38,0,0,9,0
2021-05-06,13704,38,94,13572,38,0,0,9,0
2021-05-07,13712,37,93,13581,38,0,0,8,0
2021-05-08,13719,37,92,13589,38,0,0,8,0
2021-05-09,13727,36,91,13598,38,0,0,8,0
2021-05-10,13734,36,90,13606,38,0,0,8,0
2021-05-11,13740,35,88,13614,38,0,0,8,0
2021-05-12,13747,35,87,13622,38,0,0,8,0
2021-05-13,13754,34,86,13630,38,0,0,8,0
2021-05-14,13761,34,85,13638,38,0,0,8,0
2021-05-15,13767,33,84,13645,38,0,0,8,0
2021-05-16,13774,33,83,13653,38,0,0,8,0
2021-05-17,13780,32,82,13660,38,0,0,7,0
2021-05-18,13787,32,81,13668,38,0,0,7,0
2021-05-19,13793,32,80,13675,38,0,0,7,0
2021-05-20,13799,31,79,13682,38,0,0,7,0
2021-05-21,13806,31,78,13689,39,0,0,7,0
2021-05-22,13812,30,77,13696,39,0,0,7,0
2021-05-23,13818,30,76,13703,39,0,0,7,0
2021-05-24,13824,30,75,13710,39,0,0,7,0
2021-05-25,13830,29,74,13717,39,0,0,7,0
2021-05-26,13835,29,73,13723,39,0,0,7,0
2021-05-27,13841,28,72,13730,39,0,0,7,0
2021-05-28,13846,28,71,13736,39,0,0,6,0
2021-05-29,13852,28,70,13743,39,0,0,6,0
2021-05-30,13857,27,69,13749,39,0,0,6,0
2021-05-31,13862,27,68,13755,39,0,0,6,0
2021-06-01,13867,27,67,13761,39,0,0,6,0
2021-06-02,13872,26,66,13767,39,0,0,6,0
2021-06-03,13877,26,65,13773,39,0,0,6,0
2021-06-04,13883,26,65,13779,39,0,0,6,0
2021-06-05,13888,25,64,13785,39,0,0,6,0
2021-06-06,13893,25,63,13791,39,0,0,6,0
2021-06-07,13898,25,62,13797,39,0,0,6,0
2021-06-08,13902,24,61,13802,39,0,0,6,0
2021-06-09,13907,24,60,13808,39,0,0,5,0
2021-06-10,13912,24,60,13813,39,0,0,5,0
2021-06-11,13917,23,59,13819,39,0,0,5,0
2021-06-12,13921,23,58,13824,39,0,0,5,0
2021-06-13,13925,23,57,13829,39,0,0,5,0
2021-06-14,13929,22,56,13834,39,0,0,5,0
2021-06-15,13934,22,56,13839,39,0,0,5,0
2021-06-16,13938,22,55,13844,39,0,0,5,0
2021-06-17,13942,21,54,13849,39,0,0,5,0
2021-06-18,13947,21,54,13854,39,0,0,5,0
2021-06-19,13951,21,53,13859,39,0,0,5,0
2021-06-20,13955,21,52,13864,39,0,0,5,0
2021-06-21,13959,20,51,13869,39,0,0,5,0
2021-06-22,13963,20,51,13873,39,0,0,5,0
2021-06-23,13967,20,50,13878,39,0,0,5,0
2021-06-24,13970,20,49,13882,39,0,0,4,0
2021-06-25,13975,19,49,13887,39,0,0,4,0
2021-06-26,13978,19,48,13891,39,0,0,4,0
2021-06-27,13981,19,47,13895,39,0,0,4,0
2021-06-28,13986,18,47,13900,39,0,0,4,0
2021-06-29,13989,18,46,13904,39,0,0,4,0
2021-06-30,13993,18,46,13908,39,0,0,4,0
2021-07-01,13996,18,45,13912,39,0,0,4,0
2021-07-02,13999,18,44,13916,39,0,0,4,0
2021-07-03,14003,17,44,13920,39,0,0,4,0
2021-07-04,14006,17,43,13924,39,0,0,4,0
2021-07-05,14010,17,43,13928,39,0,0,4,0
2021-07-06,14013,17,42,13932,39,0,0,4,0
2021-07-07,14016,16,41,13936,39,0,0,4,0
2021-07-08,14019,16,41,13939,39,0,0,4,0
2021-07-09,14022,16,40,13943,39,0,0,4,0
2021-07-10,14026,16,40,13947,39,0,0,4,0
2021-07-11,14028,15,39,13950,39,0,0,4,0
2021-07-12,14032,15,39,13954,39,0,0,4,0
2021-07-13,14034,15,38,13957,39,0,0,3,0
2021-07-14,14038,15,38,13961,39,0,0,3,0
2021-07-15,14040,15,37,13964,39,0,0,3,0
2021-07-16,14044,14,37,13968,39,0,0,3,0
