Date,Infected,Exposed,Active,Recovered,Deaths,Diff Exposed,Diff Active,Diff Recovered,Diff Deaths
2020-07-12,1544,193,334,1209,1,1,7,30,0
2020-07-13,1581,194,341,1239,1,1,7,31,0
2020-07-14,1619,196,348,1270,1,2,7,32,0
2020-07-15,1659,197,355,1302,2,2,6,32,0
2020-07-16,1698,200,361,1335,2,2,6,33,0
2020-07-17,1737,202,367,1368,2,3,6,33,0
2020-07-18,1777,205,374,1401,2,3,6,34,0
2020-07-19,1817,208,380,1435,2,3,6,34,0
2020-07-20,1858,211,386,1470,2,3,6,35,0
2020-07-21,1899,214,392,1505,2,3,6,36,0
2020-07-22,1942,217,399,1541,2,3,6,36,0
2020-07-23,1985,220,405,1578,2,3,6,37,0
2020-07-24,2028,223,411,1615,2,3,6,37,0
2020-07-25,2072,227,418,1652,2,3,6,38,0
2020-07-26,2116,230,424,1690,2,3,7,39,0
2020-07-27,2162,233,431,1729,2,3,7,39,0
2020-07-28,2207,237,437,1768,2,3,7,40,0
2020-07-29,2254,240,444,1808,2,3,7,40,0
2020-07-30,2302,244,451,1849,2,4,7,41,0
2020-07-31,2350,247,458,1890,2,4,7,42,0
2020-08-01,2398,251,464,1932,2,4,7,42,0
2020-08-02,2447,254,471,1974,2,4,7,43,0
2020-08-03,2497,258,478,2017,2,4,7,43,0
2020-08-04,2548,261,485,2061,2,4,7,44,0
2020-08-05,2600,265,493,2105,2,4,7,45,0
2020-08-06,2653,269,500,2150,3,4,7,45,0
2020-08-07,2706,273,507,2196,3,4,7,46,0
2020-08-08,2760,276,515,2242,3,4,7,47,0
2020-08-09,2814,280,522,2289,3,4,7,47,0
2020-08-10,2869,284,529,2337,3,4,8,48,0
2020-08-11,2925,288,537,2385,3,4,8,49,0
2020-08-12,2982,292,545,2434,3,4,8,49,0
2020-08-13,3039,296,552,2484,3,4,8,50,0
2020-08-14,3097,299,560,2534,3,4,8,51,0
2020-08-15,3156,303,568,2585,3,4,8,52,0
2020-08-16,3216,307,576,2637,3,4,8,52,0
2020-08-17,3277,311,584,2690,3,4,8,53,0
2020-08-18,3338,315,592,2743,3,4,8,54,0
2020-08-19,3400,319,600,2797,3,4,8,54,0
2020-08-20,3463,323,608,2852,3,4,8,55,0
2020-08-21,3526,328,616,2907,3,4,8,56,0
2020-08-22,3591,332,624,2964,3,4,8,57,0
2020-08-23,3658,336,633,3021,4,4,8,57,0
2020-08-24,3723,340,641,3078,4,4,8,58,0
2020-08-25,3790,344,649,3137,4,4,8,59,0
2020-08-26,3858,348,658,3196,4,4,8,60,0
2020-08-27,3926,352,666,3256,4,4,9,61,0
2020-08-28,3996,356,675,3317,4,4,9,61,0
2020-08-29,4065,361,683,3378,4,4,9,62,0
2020-08-30,4137,365,692,3441,4,4,9,63,0
2020-08-31,4209,369,701,3504,4,4,9,64,0
2020-09-01,4281,373,709,3568,4,4,9,64,0
2020-09-02,4355,377,718,3633,4,4,9,65,0
2020-09-03,4429,382,727,3698,4,4,9,66,0
2020-09-04,4504,386,736,3764,4,4,9,67,0
2020-09-05,4580,390,744,3831,5,4,9,68,0
2020-09-06,4657,394,753,3899,5,4,9,68,0
2020-09-07,4735,399,762,3968,5,4,9,69,0
2020-09-08,4814,403,771,4038,5,4,9,70,0
2020-09-09,4893,407,780,4108,5,4,9,71,0
2020-09-10,4973,411,789,4179,5,4,9,72,0
2020-09-11,5054,415,798,4251,5,4,9,72,0
2020-09-12,5136,419,807,4324,5,4,9,73,0
2020-09-13,5217,424,815,4397,5,4,9,74,0
2020-09-14,5300,428,824,4471,5,4,9,75,0
2020-09-15,5385,432,833,4547,5,4,9,76,0
2020-09-16,5470,436,842,4623,5,4,9,76,0
2020-09-17,5556,440,851,4699,6,4,9,77,0
2020-09-18,5643,444,860,4777,6,4,9,78,0
2020-09-19,5730,448,869,4855,6,4,9,79,0
2020-09-20,5819,452,878,4935,6,4,9,80,0
2020-09-21,5908,456,887,5015,6,4,9,81,0
2020-09-22,5997,460,896,5095,6,4,9,81,0
2020-09-23,6087,464,904,5177,6,4,9,82,0
2020-09-24,6178,468,913,5259,6,4,9,83,0
2020-09-25,6271,472,922,5343,6,4,9,84,0
2020-09-26,6363,476,930,5427,6,4,9,84,0
2020-09-27,6456,479,939,5511,6,4,9,85,0
2020-09-28,6552,483,948,5597,7,4,9,86,0
2020-09-29,6646,487,956,5683,7,4,9,87,0
2020-09-30,6742,491,965,5770,7,4,8,88,0
2020-10-01,6838,494,973,5858,7,4,8,88,0
2020-10-02,6936,498,982,5947,7,4,8,89,0
2020-10-03,7033,501,990,6036,7,3,8,90,0
2020-10-04,7132,505,998,6127,7,3,8,91,0
2020-10-05,7231,508,1006,6218,7,3,8,91,0
2020-10-06,7330,511,1014,6309,7,3,8,92,0
2020-10-07,7433,515,1023,6402,8,3,8,93,0
2020-10-08,7533,518,1030,6495,8,3,8,94,0
2020-10-09,7635,521,1038,6589,8,3,8,94,0
2020-10-10,7737,524,1046,6683,8,3,8,95,0
2020-10-11,7840,527,1054,6778,8,3,8,96,0
2020-10-12,7943,530,1061,6874,8,3,7,96,0
2020-10-13,8048,533,1069,6971,8,3,7,97,0
2020-10-14,8152,536,1076,7068,8,3,7,98,0
2020-10-15,8257,539,1083,7166,8,3,7,98,0
2020-10-16,8364,541,1090,7265,9,3,7,99,0
2020-10-17,8470,544,1097,7364,9,3,7,100,0
2020-10-18,8577,546,1104,7464,9,2,7,100,0
2020-10-19,8684,549,1111,7564,9,2,7,101,0
2020-10-20,8791,551,1117,7665,9,2,7,101,0
2020-10-21,8900,554,1124,7767,9,2,6,102,0
2020-10-22,9008,556,1130,7869,9,2,6,103,0
2020-10-23,9117,558,1136,7972,9,2,6,103,0
2020-10-24,9227,560,1142,8076,9,2,6,104,0
2020-10-25,9338,562,1148,8180,10,2,6,104,0
2020-10-26,9448,564,1154,8284,10,2,6,105,0
2020-10-27,9559,566,1160,8389,10,2,5,105,0
2020-10-28,9669,567,1165,8494,10,2,5,106,0
2020-10-29,9780,569,1170,8600,10,2,5,106,0
2020-10-30,9892,570,1175,8707,10,1,5,107,0
2020-10-31,10004,572,1180,8814,10,1,5,107,0
2020-11-01,10116,573,1185,8921,10,1,5,108,0
2020-11-02,10230,574,1190,9029,11,1,4,108,0
2020-11-03,10342,575,1194,9137,11,1,4,108,0
2020-11-04,10455,576,1198,9246,11,1,4,109,0
2020-11-05,10568,577,1202,9355,11,1,4,109,0
2020-11-06,10681,578,1206,9464,11,1,4,110,0
2020-11-07,10794,579,1210,9573,11,1,4,110,0
2020-11-08,10907,579,1213,9683,11,1,3,110,0
2020-11-09,11022,580,1216,9794,12,0,3,110,0
2020-11-10,11135,580,1219,9904,12,0,3,111,0
2020-11-11,11249,581,1222,10015,12,0,3,111,0
2020-11-12,11363,581,1225,10126,12,0,3,111,0
2020-11-13,11476,581,1227,10237,12,0,2,111,0
2020-11-14,11591,581,1230,10349,12,0,2,112,0
2020-11-15,11705,581,1232,10461,12,0,2,112,0
2020-11-16,11818,581,1233,10573,12,0,2,112,0
2020-11-17,11933,580,1235,10685,13,0,2,112,0
2020-11-18,12047,580,1237,10797,13,0,1,112,0
2020-11-19,12160,579,1238,10909,13,0,1,112,0
2020-11-20,12274,579,1239,11022,13,0,1,112,0
2020-11-21,12387,578,1240,11134,13,0,1,113,0
2020-11-22,12500,577,1240,11247,13,0,0,113,0
2020-11-23,12613,577,1241,11359,13,0,0,113,0
2020-11-24,12726,576,1241,11472,13,0,0,113,0
2020-11-25,12840,574,1241,11585,14,0,0,113,0
2020-11-26,12952,573,1241,11697,14,0,0,113,0
2020-11-27,13064,572,1240,11810,14,0,0,113,0
2020-11-28,13175,571,1239,11922,14,0,0,113,0
2020-11-29,13288,569,1239,12035,14,0,0,112,0
2020-11-30,13399,568,1238,12147,14,0,0,112,0
2020-12-01,13510,566,1236,12260,14,0,0,112,0
2020-12-02,13622,564,1235,12372,15,0,0,112,0
2020-12-03,13732,563,1233,12484,15,0,0,112,0
2020-12-04,13842,561,1231,12596,15,0,0,112,0
2020-12-05,13952,559,1229,12708,15,0,0,112,0
2020-12-06,14061,557,1227,12819,15,0,0,111,0
2020-12-07,14169,554,1224,12930,15,0,0,111,0
2020-12-08,14279,552,1222,13042,15,0,0,111,0
2020-12-09,14386,550,1219,13152,15,0,0,111,0
2020-12-10,14495,548,1216,13263,16,0,0,110,0
2020-12-11,14602,545,1213,13373,16,0,0,110,0
2020-12-12,14708,543,1209,13483,16,0,0,110,0
2020-12-13,14815,540,1206,13593,16,0,0,109,0
2020-12-14,14920,537,1202,13702,16,0,0,109,0
2020-12-15,15025,534,1198,13811,16,0,0,109,0
2020-12-16,15130,532,1194,13920,16,0,0,108,0
2020-12-17,15233,529,1189,14028,16,0,0,108,0
2020-12-18,15338,526,1185,14136,17,0,0,108,0
2020-12-19,15440,523,1180,14243,17,0,0,107,0
2020-12-20,15542,520,1175,14350,17,0,0,107,0
2020-12-21,15644,517,1170,14457,17,0,0,106,0
2020-12-22,15745,513,1165,14563,17,0,0,106,0
2020-12-23,15846,510,1160,14669,17,0,0,105,0
2020-12-24,15945,507,1154,14774,17,0,0,105,0
2020-12-25,16044,503,1149,14878,17,0,0,104,0
2020-12-26,16143,500,1143,14982,18,0,0,104,0
2020-12-27,16241,497,1137,15086,18,0,0,103,0
2020-12-28,16338,493,1131,15189,18,0,0,103,0
2020-12-29,16435,490,1125,15292,18,0,0,102,0
2020-12-30,16531,486,1119,15394,18,0,0,102,0
2020-12-31,16625,482,1112,15495,18,0,0,101,0
2021-01-01,16720,479,1106,15596,18,0,0,100,0
2021-01-02,16813,475,1099,15696,18,0,0,100,0
2021-01-03,16906,471,1092,15795,19,0,0,99,0
2021-01-04,16998,467,1085,15894,19,0,0,99,0
2021-01-05,17090,464,1078,15993,19,0,0,98,0
2021-01-06,17180,460,1071,16090,19,0,0,97,0
2021-01-07,17270,456,1064,16187,19,0,0,97,0
2021-01-08,17359,452,1056,16284,19,0,0,96,0
2021-01-09,17447,448,1049,16379,19,0,0,95,0
2021-01-10,17534,444,1041,16474,19,0,0,95,0
2021-01-11,17622,440,1034,16569,19,0,0,94,0
2021-01-12,17708,436,1026,16662,20,0,0,93,0
2021-01-13,17793,432,1018,16755,20,0,0,92,0
2021-01-14,17878,428,1011,16847,20,0,0,92,0
2021-01-15,17962,424,1003,16939,20,0,0,91,0
2021-01-16,18045,420,995,17030,20,0,0,90,0
2021-01-17,18127,416,987,17120,20,0,0,90,0
2021-01-18,18208,412,979,17209,20,0,0,89,0
2021-01-19,18287,408,970,17297,20,0,0,88,0
2021-01-20,18367,404,962,17385,20,0,0,87,0
2021-01-21,18447,400,954,17472,21,0,0,87,0
2021-01-22,18526,396,946,17559,21,0,0,86,0
2021-01-23,18602,392,937,17644,21,0,0,85,0
2021-01-24,18679,388,929,17729,21,0,0,84,0
2021-01-25,18754,384,920,17813,21,0,0,84,0
2021-01-26,18829,380,912,17896,21,0,0,83,0
2021-01-27,18903,375,903,17979,21,0,0,82,0
2021-01-28,18977,371,895,18061,21,0,0,81,0
2021-01-29,19049,367,886,18142,21,0,0,80,0
2021-01-30,19121,363,878,18222,21,0,0,80,0
2021-01-31,19192,359,869,18301,22,0,0,79,0
2021-02-01,19263,355,861,18380,22,0,0,78,0
2021-02-02,19332,351,852,18458,22,0,0,77,0
2021-02-03,19400,347,843,18535,22,0,0,77,0
2021-02-04,19468,343,835,18611,22,0,0,76,0
2021-02-05,19535,339,826,18687,22,0,0,75,0
2021-02-06,19601,335,818,18761,22,0,0,74,0
2021-02-07,19666,331,809,18835,22,0,0,73,0
2021-02-08,19732,327,801,18909,22,0,0,73,0
2021-02-09,19795,323,792,18981,22,0,0,72,0
2021-02-10,19858,320,783,19053,22,0,0,71,0
2021-02-11,19920,316,775,19123,22,0,0,70,0
2021-02-12,19982,312,766,19193,23,0,0,70,0
2021-02-13,20044,308,758,19263,23,0,0,69,0
2021-02-14,20103,304,749,19331,23,0,0,68,0
2021-02-15,20163,300,741,19399,23,0,0,67,0
2021-02-16,20221,297,732,19466,23,0,0,66,0
2021-02-17,20279,293,724,19532,23,0,0,66,0
2021-02-18,20337,289,716,19598,23,0,0,65,0
2021-02-19,20392,285,707,19662,23,0,0,64,0
2021-02-20,20448,282,699,19726,23,0,0,63,0
2021-02-21,20503,278,691,19789,23,0,0,63,0
2021-02-22,20557,274,682,19852,23,0,0,62,0
2021-02-23,20611,271,674,19914,23,0,0,61,0
2021-02-24,20663,267,666,19974,23,0,0,60,0
2021-02-25,20717,264,658,20035,24,0,0,60,0
2021-02-26,20768,260,650,20094,24,0,0,59,0
2021-02-27,20819,257,642,20153,24,0,0,58,0
2021-02-28,20869,253,634,20211,24,0,0,58,0
2021-03-01,20918,250,626,20268,24,0,0,57,0
2021-03-02,20967,246,618,20325,24,0,0,56,0
2021-03-03,21015,243,610,20381,24,0,0,55,0
2021-03-04,21062,240,602,20436,24,0,0,55,0
2021-03-05,21109,236,595,20490,24,0,0,54,0
2021-03-06,21155,233,587,20544,24,0,0,53,0
2021-03-07,21200,230,579,20597,24,0,0,53,0
2021-03-08,21245,227,572,20649,24,0,0,52,0
2021-03-09,21289,224,564,20701,24,0,0,51,0
2021-03-10,21333,220,557,20752,24,0,0,51,0
2021-03-11,21376,217,550,20802,24,0,0,50,0
2021-03-12,21419,214,542,20852,25,0,0,49,0
2021-03-13,21461,211,535,20901,25,0,0,49,0
2021-03-14,21502,208,528,20949,25,0,0,48,0
2021-03-15,21543,205,521,20997,25,0,0,47,0
2021-03-16,21583,202,514,21044,25,0,0,47,0
2021-03-17,21622,199,507,21090,25,0,0,46,0
2021-03-18,21661,196,500,21136,25,0,0,45,0
2021-03-19,21699,194,493,21181,25,0,0,45,0
2021-03-20,21737,191,486,21226,25,0,0,44,0
2021-03-21,21774,188,479,21270,25,0,0,44,0
2021-03-22,21810,185,472,21313,25,0,0,43,0
2021-03-23,21846,182,466,21355,25,0,0,42,0
2021-03-24,21882,180,459,21398,25,0,0,42,0
2021-03-25,21917,177,453,21439,25,0,0,41,0
2021-03-26,21951,174,446,21480,25,0,0,41,0
2021-03-27,21985,172,440,21520,25,0,0,40,0
2021-03-28,22019,169,434,21560,25,0,0,39,0
2021-03-29,22051,167,427,21599,25,0,0,39,0
2021-03-30,22084,164,421,21638,25,0,0,38,0
2021-03-31,22116,162,415,21676,25,0,0,38,0
2021-04-01,22148,159,409,21713,26,0,0,37,0
2021-04-02,22179,157,403,21750,26,0,0,37,0
2021-04-03,22210,154,397,21787,26,0,0,36,0
2021-04-04,22241,152,392,21823,26,0,0,36,0
2021-04-05,22270,150,386,21858,26,0,0,35,0
2021-04-06,22299,147,380,21893,26,0,0,35,0
2021-04-07,22327,145,374,21927,26,0,0,34,0
2021-04-08,22356,143,369,21961,26,0,0,33,0
2021-04-09,22383,141,363,21994,26,0,0,33,0
2021-04-10,22411,139,358,22027,26,0,0,33,0
2021-04-11,22438,136,353,22059,26,0,0,32,0
2021-04-12,22464,134,347,22091,26,0,0,32,0
2021-04-13,22491,132,342,22123,26,0,0,31,0
2021-04-14,22516,130,337,22153,26,0,0,31,0
2021-04-15,22542,128,332,22184,26,0,0,30,0
2021-04-16,22567,126,327,22214,26,0,0,30,0
2021-04-17,22591,124,322,22243,26,0,0,29,0
2021-04-18,22615,122,317,22272,26,0,0,29,0
2021-04-19,22639,120,312,22301,26,0,0,28,0
2021-04-20,22662,118,307,22329,26,0,0,28,0
2021-04-21,22686,116,303,22357,26,0,0,27,0
2021-04-22,22708,114,298,22384,26,0,0,27,0
2021-04-23,22730,113,293,22411,26,0,0,27,0
2021-04-24,22753,111,289,22438,26,0,0,26,0
2021-04-25,22774,109,284,22464,26,0,0,26,0
2021-04-26,22795,107,280,22489,26,0,0,25,0
2021-04-27,22816,106,275,22515,26,0,0,25,0
2021-04-28,22836,104,271,22539,26,0,0,25,0
2021-04-29,22858,102,267,22564,27,0,0,24,0
2021-04-30,22878,101,263,22588,27,0,0,24,0
2021-05-01,22898,99,259,22612,27,0,0,23,0
2021-05-02,22916,97,254,22635,27,0,0,23,0
2021-05-03,22935,96,250,22658,27,0,0,23,0
2021-05-04,22954,94,246,22681,27,0,0,22,0
2021-05-05,22973,93,243,22703,27,0,0,22,0
2021-05-06,22991,91,239,22725,27,0,0,22,0
2021-05-07,23008,90,235,22746,27,0,0,21,0
2021-05-08,23025,88,231,22767,27,0,0,21,0
2021-05-09,23042,87,227,22788,27,0,0,21,0
2021-05-10,23060,85,224,22809,27,0,0,20,0
2021-05-11,23076,84,220,22829,27,0,0,20,0
2021-05-12,23093,83,217,22849,27,0,0,20,0
2021-05-13,23109,81,213,22869,27,0,0,19,0
2021-05-14,23125,80,210,22888,27,0,0,19,0
2021-05-15,23140,79,206,22907,27,0,0,19,0
2021-05-16,23155,77,203,22925,27,0,0,18,0
2021-05-17,23171,76,200,22944,27,0,0,18,0
2021-05-18,23186,75,197,22962,27,0,0,18,0
2021-05-19,23199,74,193,22979,27,0,0,18,0
2021-05-20,23214,72,190,22997,27,0,0,17,0
2021-05-21,23228,71,187,23014,27,0,0,17,0
2021-05-22,23242,70,184,23031,27,0,0,17,0
2021-05-23,23256,69,181,23048,27,0,0,16,0
2021-05-24,23269,68,178,23064,27,0,0,16,0
2021-05-25,23282,67,175,23080,27,0,0,16,0
2021-05-26,23295,65,172,23096,27,0,0,16,0
2021-05-27,23308,64,170,23111,27,0,0,15,0
2021-05-28,23321,63,167,23127,27,0,0,15,0
2021-05-29,23333,62,164,23142,27,0,0,15,0
2021-05-30,23344,61,161,23156,27,0,0,15,0
2021-05-31,23357,60,159,23171,27,0,0,14,0
2021-06-01,23368,59,156,23185,27,0,0,14,0
2021-06-02,23379,58,153,23199,27,0,0,14,0
2021-06-03,23391,57,151,23213,27,0,0,14,0
2021-06-04,23402,56,148,23227,27,0,0,13,0
2021-06-05,23413,55,146,23240,27,0,0,13,0
2021-06-06,23423,54,143,23253,27,0,0,13,0
2021-06-07,23434,53,141,23266,27,0,0,13,0
2021-06-08,23445,52,139,23279,27,0,0,13,0
2021-06-09,23455,52,136,23292,27,0,0,12,0
2021-06-10,23465,51,134,23304,27,0,0,12,0
2021-06-11,23475,50,132,23316,27,0,0,12,0
2021-06-12,23485,49,130,23328,27,0,0,12,0
2021-06-13,23495,48,128,23340,27,0,0,12,0
2021-06-14,23503,47,125,23351,27,0,0,11,0
2021-06-15,23512,47,123,23362,27,0,0,11,0
2021-06-16,23522,46,121,23374,27,0,0,11,0
2021-06-17,23531,45,119,23385,27,0,0,11,0
2021-06-18,23539,44,117,23395,27,0,0,11,0
2021-06-19,23549,43,115,23406,28,0,0,10,0
2021-06-20,23557,43,113,23416,28,0,0,10,0
2021-06-21,23566,42,111,23427,28,0,0,10,0
2021-06-22,23575,41,110,23437,28,0,0,10,0
2021-06-23,23582,41,108,23446,28,0,0,10,0
2021-06-24,23590,40,106,23456,28,0,0,10,0
2021-06-25,23598,39,104,23466,28,0,0,9,0
2021-06-26,23605,39,102,23475,28,0,0,9,0
2021-06-27,23613,38,101,23484,28,0,0,9,0
2021-06-28,23620,37,99,23493,28,0,0,9,0
2021-06-29,23627,37,97,23502,28,0,0,9,0
2021-06-30,23635,36,96,23511,28,0,0,9,0
2021-07-01,23642,35,94,23520,28,0,0,9,0
2021-07-02,23648,35,92,23528,28,0,0,8,0
2021-07-03,23656,34,91,23537,28,0,0,8,0
2021-07-04,23662,34,89,23545,28,0,0,8,0
2021-07-05,23669,33,88,23553,28,0,0,8,0
2021-07-06,23675,32,86,23561,28,0,0,8,0
2021-07-07,23681,32,85,23568,28,0,0,8,0
