Date,Infected,Exposed,Active,Recovered,Deaths,Diff Exposed,Diff Active,Diff Recovered,Diff Deaths
2020-07-08,288,90,67,221,0,0,12,6,0
2020-07-09,305,82,78,227,0,0,9,7,0
2020-07-10,321,77,86,235,0,0,7,8,0
2020-07-11,336,73,93,243,0,0,6,8,0
2020-07-12,349,71,98,251,0,0,5,9,0
2020-07-13,363,70,103,260,0,0,4,9,0
2020-07-14,377,70,107,270,0,0,4,10,0
2020-07-15,391,70,111,280,0,0,4,10,0
2020-07-16,404,70,114,290,0,1,3,10,0
2020-07-17,418,71,118,300,0,1,3,11,0
2020-07-18,432,72,121,311,0,1,3,11,0
2020-07-19,446,73,124,322,0,1,3,11,0
2020-07-20,461,75,127,334,0,1,3,12,0
2020-07-21,475,76,130,345,0,1,3,12,0
2020-07-22,490,78,133,357,0,2,3,12,0
2020-07-23,506,79,137,369,0,2,3,12,0
2020-07-24,522,81,140,382,0,2,3,13,0
2020-07-25,538,83,143,395,0,2,3,13,0
2020-07-26,554,84,146,408,0,2,3,13,0
2020-07-27,570,86,149,421,0,2,3,14,0
2020-07-28,589,88,153,435,1,2,3,14,0
2020-07-29,606,90,156,449,1,2,3,14,0
2020-07-30,624,92,160,463,1,2,3,14,0
2020-07-31,642,94,163,478,1,2,4,15,0
2020-08-01,661,95,167,493,1,2,4,15,0
2020-08-02,679,97,170,508,1,2,4,15,0
2020-08-03,699,99,174,524,1,2,4,16,0
2020-08-04,718,101,178,539,1,2,4,16,0
2020-08-05,738,103,181,556,1,2,4,16,0
2020-08-06,758,105,185,572,1,2,4,17,0
2020-08-07,779,107,189,589,1,2,4,17,0
2020-08-08,801,109,193,607,1,2,4,18,0
2020-08-09,822,112,197,624,1,2,4,18,0
2020-08-10,844,114,201,642,1,2,4,18,0
2020-08-11,867,116,205,661,1,2,4,19,0
2020-08-12,889,118,209,679,1,2,4,19,0
2020-08-13,912,120,213,698,1,2,4,19,0
2020-08-14,936,122,217,718,1,2,4,20,0
2020-08-15,961,125,222,738,1,2,4,20,0
2020-08-16,985,127,226,758,1,2,4,21,0
2020-08-17,1010,129,230,779,1,2,4,21,0
2020-08-18,1036,131,235,800,1,2,4,21,0
2020-08-19,1061,134,239,821,1,2,4,22,0
2020-08-20,1087,136,243,843,1,2,4,22,0
2020-08-21,1114,138,248,865,1,2,5,23,0
2020-08-22,1142,140,253,888,1,2,5,23,0
2020-08-23,1169,143,257,911,1,2,5,23,0
2020-08-24,1198,145,262,935,1,2,5,24,0
2020-08-25,1225,147,266,958,1,2,5,24,0
2020-08-26,1255,150,271,983,1,2,5,25,0
2020-08-27,1285,152,276,1008,1,2,5,25,0
2020-08-28,1314,154,280,1033,1,2,5,25,0
2020-08-29,1344,157,285,1058,1,2,5,26,0
2020-08-30,1375,159,290,1084,1,2,5,26,0
2020-08-31,1407,161,295,1111,1,2,5,27,0
2020-09-01,1439,163,300,1138,1,2,5,27,0
2020-09-02,1470,166,304,1165,1,2,5,28,0
2020-09-03,1503,168,309,1193,1,2,5,28,0
2020-09-04,1536,170,314,1221,1,2,5,29,0
2020-09-05,1570,172,319,1250,1,2,5,29,0
2020-09-06,1604,175,324,1279,1,2,5,29,0
2020-09-07,1639,177,328,1309,2,2,5,30,0
2020-09-08,1674,179,333,1339,2,2,5,30,0
2020-09-09,1709,181,338,1369,2,2,5,31,0
2020-09-10,1745,183,343,1400,2,2,5,31,0
2020-09-11,1781,185,348,1431,2,2,5,32,0
2020-09-12,1817,187,352,1463,2,2,5,32,0
2020-09-13,1854,189,357,1495,2,2,5,32,0
2020-09-14,1892,191,362,1528,2,2,5,33,0
2020-09-15,1929,193,366,1561,2,2,5,33,0
2020-09-16,1967,195,371,1594,2,2,5,34,0
2020-09-17,2006,197,376,1628,2,2,5,34,0
2020-09-18,2044,199,380,1662,2,2,4,35,0
2020-09-19,2084,201,385,1697,2,2,4,35,0
2020-09-20,2123,203,389,1732,2,2,4,35,0
2020-09-21,2162,204,393,1767,2,2,4,36,0
2020-09-22,2203,206,398,1803,2,2,4,36,0
2020-09-23,2244,208,402,1840,2,2,4,36,0
2020-09-24,2284,209,406,1876,2,2,4,37,0
2020-09-25,2325,211,410,1913,2,1,4,37,0
2020-09-26,2367,212,414,1951,2,1,4,38,0
2020-09-27,2408,213,418,1988,2,1,4,38,0
2020-09-28,2450,215,422,2026,2,1,4,38,0
2020-09-29,2493,216,426,2065,2,1,4,39,0
2020-09-30,2535,217,429,2104,2,1,4,39,0
2020-10-01,2579,218,433,2143,3,1,3,39,0
2020-10-02,2621,219,436,2182,3,1,3,40,0
2020-10-03,2664,220,439,2222,3,1,3,40,0
2020-10-04,2708,221,443,2262,3,1,3,40,0
2020-10-05,2751,222,446,2302,3,1,3,40,0
2020-10-06,2795,223,449,2343,3,1,3,41,0
2020-10-07,2839,224,452,2384,3,1,3,41,0
2020-10-08,2882,224,454,2425,3,1,3,41,0
2020-10-09,2926,225,457,2466,3,0,3,41,0
2020-10-10,2970,225,459,2508,3,0,2,42,0
2020-10-11,3014,226,462,2549,3,0,2,42,0
2020-10-12,3058,226,464,2591,3,0,2,42,0
2020-10-13,3103,226,466,2634,3,0,2,42,0
2020-10-14,3147,226,468,2676,3,0,2,42,0
2020-10-15,3192,226,470,2719,3,0,2,43,0
2020-10-16,3235,226,471,2761,3,0,2,43,0
2020-10-17,3280,226,473,2804,3,0,1,43,0
2020-10-18,3324,226,474,2847,3,0,1,43,0
2020-10-19,3368,226,475,2890,3,0,1,43,0
2020-10-20,3412,226,476,2933,3,0,1,43,0
2020-10-21,3457,225,477,2977,3,0,1,43,0
2020-10-22,3502,225,478,3020,4,0,1,43,0
2020-10-23,3546,224,479,3063,4,0,0,43,0
2020-10-24,3590,224,479,3107,4,0,0,43,0
2020-10-25,3633,223,479,3150,4,0,0,44,0
2020-10-26,3677,222,479,3194,4,0,0,44,0
2020-10-27,3720,221,479,3237,4,0,0,44,0
2020-10-28,3764,221,479,3281,4,0,0,43,0
2020-10-29,3807,220,479,3324,4,0,0,43,0
2020-10-30,3850,219,478,3368,4,0,0,43,0
2020-10-31,3892,217,477,3411,4,0,0,43,0
2020-11-01,3936,216,477,3455,4,0,0,43,0
2020-11-02,3978,215,476,3498,4,0,0,43,0
2020-11-03,4020,214,475,3541,4,0,0,43,0
2020-11-04,4061,213,473,3584,4,0,0,43,0
2020-11-05,4103,211,472,3627,4,0,0,43,0
2020-11-06,4144,210,470,3670,4,0,0,43,0
2020-11-07,4185,208,469,3712,4,0,0,43,0
2020-11-08,4226,207,467,3755,4,0,0,42,0
2020-11-09,4266,205,465,3797,4,0,0,42,0
2020-11-10,4306,203,463,3839,4,0,0,42,0
2020-11-11,4346,202,460,3881,5,0,0,42,0
2020-11-12,4386,200,458,3923,5,0,0,42,0
2020-11-13,4426,198,456,3965,5,0,0,41,0
2020-11-14,4464,196,453,4006,5,0,0,41,0
2020-11-15,4502,194,450,4047,5,0,0,41,0
2020-11-16,4540,193,447,4088,5,0,0,41,0
2020-11-17,4577,191,444,4128,5,0,0,40,0
2020-11-18,4614,189,441,4168,5,0,0,40,0
2020-11-19,4651,187,438,4208,5,0,0,40,0
2020-11-20,4688,185,435,4248,5,0,0,39,0
2020-11-21,4725,183,432,4288,5,0,0,39,0
2020-11-22,4760,181,428,4327,5,0,0,39,0
2020-11-23,4795,178,425,4365,5,0,0,39,0
2020-11-24,4830,176,421,4404,5,0,0,38,0
2020-11-25,4864,174,417,4442,5,0,0,38,0
2020-11-26,4898,172,413,4480,5,0,0,38,0
2020-11-27,4932,170,410,4517,5,0,0,37,0
2020-11-28,4965,168,406,4554,5,0,0,37,0
2020-11-29,4998,166,402,4591,5,0,0,36,0
2020-11-30,5029,163,397,4627,5,0,0,36,0
2020-12-01,5061,161,393,4663,5,0,0,36,0
2020-12-02,5093,159,389,4699,5,0,0,35,0
2020-12-03,5125,157,385,4734,6,0,0,35,0
2020-12-04,5156,154,381,4769,6,0,0,35,0
2020-12-05,5185,152,376,4803,6,0,0,34,0
2020-12-06,5215,150,372,4837,6,0,0,34,0
2020-12-07,5245,148,368,4871,6,0,0,33,0
2020-12-08,5273,146,363,4904,6,0,0,33,0
2020-12-09,5302,143,359,4937,6,0,0,33,0
2020-12-10,5329,141,354,4969,6,0,0,32,0
2020-12-11,5357,139,350,5001,6,0,0,32,0
2020-12-12,5384,137,345,5033,6,0,0,31,0
2020-12-13,5411,135,341,5064,6,0,0,31,0
2020-12-14,5437,132,336,5095,6,0,0,31,0
2020-12-15,5462,130,331,5125,6,0,0,30,0
2020-12-16,5488,128,327,5155,6,0,0,30,0
2020-12-17,5512,126,322,5184,6,0,0,29,0
2020-12-18,5538,124,318,5214,6,0,0,29,0
2020-12-19,5561,122,313,5242,6,0,0,28,0
2020-12-20,5586,120,309,5271,6,0,0,28,0
2020-12-21,5608,118,304,5298,6,0,0,28,0
2020-12-22,5631,116,299,5326,6,0,0,27,0
2020-12-23,5654,114,295,5353,6,0,0,27,0
2020-12-24,5676,112,290,5380,6,0,0,26,0
2020-12-25,5698,110,286,5406,6,0,0,26,0
2020-12-26,5719,108,281,5432,6,0,0,26,0
2020-12-27,5740,106,277,5457,6,0,0,25,0
2020-12-28,5760,104,272,5482,6,0,0,25,0
2020-12-29,5780,102,268,5506,6,0,0,24,0
2020-12-30,5801,100,264,5531,6,0,0,24,0
2020-12-31,5819,98,259,5554,6,0,0,24,0
2021-01-01,5840,96,255,5578,7,0,0,23,0
2021-01-02,5859,94,251,5601,7,0,0,23,0
2021-01-03,5876,93,246,5623,7,0,0,22,0
2021-01-04,5895,91,242,5646,7,0,0,22,0
2021-01-05,5913,89,238,5668,7,0,0,22,0
2021-01-06,5930,87,234,5689,7,0,0,21,0
2021-01-07,5947,86,230,5710,7,0,0,21,0
2021-01-08,5964,84,226,5731,7,0,0,20,0
2021-01-09,5980,82,222,5751,7,0,0,20,0
2021-01-10,5996,81,218,5771,7,0,0,20,0
2021-01-11,6012,79,214,5791,7,0,0,19,0
2021-01-12,6027,78,210,5810,7,0,0,19,0
2021-01-13,6042,76,206,5829,7,0,0,19,0
2021-01-14,6057,74,202,5848,7,0,0,18,0
2021-01-15,6071,73,198,5866,7,0,0,18,0
2021-01-16,6086,71,195,5884,7,0,0,18,0
2021-01-17,6099,70,191,5901,7,0,0,17,0
2021-01-18,6112,69,187,5918,7,0,0,17,0
2021-01-19,6126,67,184,5935,7,0,0,17,0
2021-01-20,6139,66,180,5952,7,0,0,16,0
2021-01-21,6152,64,177,5968,7,0,0,16,0
2021-01-22,6164,63,173,5984,7,0,0,16,0
2021-01-23,6177,62,170,6000,7,0,0,15,0
2021-01-24,6189,60,167,6015,7,0,0,15,0
2021-01-25,6200,59,163,6030,7,0,0,15,0
2021-01-26,6212,58,160,6045,7,0,0,15,0
2021-01-27,6223,57,157,6059,7,0,0,14,0
2021-01-28,6234,55,154,6073,7,0,0,14,0
2021-01-29,6245,54,151,6087,7,0,0,14,0
2021-01-30,6256,53,148,6101,7,0,0,13,0
2021-01-31,6266,52,145,6114,7,0,0,13,0
2021-02-01,6276,51,142,6127,7,0,0,13,0
2021-02-02,6286,50,139,6140,7,0,0,13,0
2021-02-03,6296,49,136,6153,7,0,0,12,0
2021-02-04,6305,48,133,6165,7,0,0,12,0
2021-02-05,6314,47,130,6177,7,0,0,12,0
2021-02-06,6324,46,128,6189,7,0,0,12,0
2021-02-07,6332,45,125,6200,7,0,0,11,0
2021-02-08,6340,44,122,6211,7,0,0,11,0
2021-02-09,6349,43,120,6222,7,0,0,11,0
2021-02-10,6357,42,117,6233,7,0,0,11,0
2021-02-11,6366,41,115,6244,7,0,0,10,0
2021-02-12,6373,40,112,6254,7,0,0,10,0
2021-02-13,6381,39,110,6264,7,0,0,10,0
2021-02-14,6389,38,108,6274,7,0,0,10,0
2021-02-15,6396,37,105,6284,7,0,0,10,0
2021-02-16,6403,36,103,6293,7,0,0,9,0
2021-02-17,6411,36,101,6303,7,0,0,9,0
2021-02-18,6418,35,99,6312,7,0,0,9,0
2021-02-19,6425,34,97,6321,7,0,0,9,0
2021-02-20,6431,33,95,6329,7,0,0,9,0
2021-02-21,6437,33,92,6338,7,0,0,8,0
2021-02-22,6443,32,90,6346,7,0,0,8,0
2021-02-23,6450,31,89,6354,7,0,0,8,0
2021-02-24,6456,30,87,6362,7,0,0,8,0
2021-02-25,6462,30,85,6370,7,0,0,8,0
2021-02-26,6468,29,83,6378,7,0,0,8,0
2021-02-27,6473,28,81,6385,7,0,0,7,0
2021-02-28,6478,28,79,6392,7,0,0,7,0
2021-03-01,6484,27,77,6400,7,0,0,7,0
2021-03-02,6490,26,76,6407,7,0,0,7,0
2021-03-03,6494,26,74,6413,7,0,0,7,0
2021-03-04,6499,25,72,6420,7,0,0,7,0
2021-03-05,6506,25,71,6427,8,0,0,6,0
2021-03-06,6510,24,69,6433,8,0,0,6,0
2021-03-07,6515,24,68,6439,8,0,0,6,0
2021-03-08,6519,23,66,6445,8,0,0,6,0
2021-03-09,6524,22,65,6451,8,0,0,6,0
2021-03-10,6528,22,63,6457,8,0,0,6,0
2021-03-11,6533,21,62,6463,8,0,0,6,0
2021-03-12,6536,21,60,6468,8,0,0,5,0
2021-03-13,6541,20,59,6474,8,0,0,5,0
2021-03-14,6545,20,58,6479,8,0,0,5,0
2021-03-15,6548,20,56,6484,8,0,0,5,0
2021-03-16,6552,19,55,6489,8,0,0,5,0
2021-03-17,6556,19,54,6494,8,0,0,5,0
2021-03-18,6560,18,53,6499,8,0,0,5,0
2021-03-19,6563,18,51,6504,8,0,0,5,0
2021-03-20,6566,17,50,6508,8,0,0,5,0
2021-03-21,6570,17,49,6513,8,0,0,4,0
2021-03-22,6573,17,48,6517,8,0,0,4,0
2021-03-23,6577,16,47,6522,8,0,0,4,0
2021-03-24,6580,16,46,6526,8,0,0,4,0
2021-03-25,6583,15,45,6530,8,0,0,4,0
2021-03-26,6586,15,44,6534,8,0,0,4,0
2021-03-27,6589,15,43,6538,8,0,0,4,0
2021-03-28,6592,14,42,6542,8,0,0,4,0
2021-03-29,6595,14,41,6546,8,0,0,4,0
2021-03-30,6597,14,40,6549,8,0,0,4,0
2021-03-31,6600,13,39,6553,8,0,0,4,0
2021-04-01,6602,13,38,6556,8,0,0,3,0
2021-04-02,6605,13,37,6560,8,0,0,3,0
2021-04-03,6607,12,36,6563,8,0,0,3,0
2021-04-04,6609,12,35,6566,8,0,0,3,0
2021-04-05,6613,12,35,6570,8,0,0,3,0
2021-04-06,6615,12,34,6573,8,0,0,3,0
2021-04-07,6617,11,33,6576,8,0,0,3,0
2021-04-08,6619,11,32,6579,8,0,0,3,0
2021-04-09,6621,11,31,6582,8,0,0,3,0
2021-04-10,6623,11,31,6584,8,0,0,3,0
2021-04-11,6625,10,30,6587,8,0,0,3,0
2021-04-12,6627,10,29,6590,8,0,0,3,0
2021-04-13,6629,10,29,6592,8,0,0,3,0
2021-04-14,6631,10,28,6595,8,0,0,3,0
2021-04-15,6633,9,27,6598,8,0,0,2,0
2021-04-16,6635,9,27,6600,8,0,0,2,0
2021-04-17,6636,9,26,6602,8,0,0,2,0
2021-04-18,6638,9,25,6605,8,0,0,2,0
2021-04-19,6640,9,25,6607,8,0,0,2,0
2021-04-20,6641,8,24,6609,8,0,0,2,0
2021-04-21,6643,8,24,6611,8,0,0,2,0
2021-04-22,6645,8,23,6614,8,0,0,2,0
2021-04-23,6647,8,23,6616,8,0,0,2,0
2021-04-24,6648,8,22,6618,8,0,0,2,0
2021-04-25,6650,7,22,6620,8,0,0,2,0
2021-04-26,6651,7,21,6622,8,0,0,2,0
2021-04-27,6653,7,21,6624,8,0,0,2,0
2021-04-28,6653,7,20,6625,8,0,0,2,0
2021-04-29,6655,7,20,6627,8,0,0,2,0
2021-04-30,6656,7,19,6629,8,0,0,2,0
2021-05-01,6658,6,19,6631,8,0,0,2,0
2021-05-02,6658,6,18,6632,8,0,0,2,0
2021-05-03,6660,6,18,6634,8,0,0,2,0
2021-05-04,6661,6,17,6636,8,0,0,2,0
2021-05-05,6662,6,17,6637,8,0,0,2,0
2021-05-06,6664,6,17,6639,8,0,0,2,0
2021-05-07,6664,6,16,6640,8,0,0,1,0
2021-05-08,6666,5,16,6642,8,0,0,1,0
2021-05-09,6666,5,15,6643,8,0,0,1,0
2021-05-10,6667,5,15,6644,8,0,0,1,0
2021-05-11,6669,5,15,6646,8,0,0,1,0
2021-05-12,6669,5,14,6647,8,0,0,1,0
2021-05-13,6670,5,14,6648,8,0,0,1,0
2021-05-14,6672,5,14,6650,8,0,0,1,0
2021-05-15,6672,5,13,6651,8,0,0,1,0
2021-05-16,6673,4,13,6652,8,0,0,1,0
2021-05-17,6674,4,13,6653,8,0,0,1,0
2021-05-18,6674,4,12,6654,8,0,0,1,0
2021-05-19,6676,4,12,6656,8,0,0,1,0
2021-05-20,6677,4,12,6657,8,0,0,1,0
2021-05-21,6678,4,12,6658,8,0,0,1,0
2021-05-22,6678,4,11,6659,8,0,0,1,0
2021-05-23,6679,4,11,6660,8,0,0,1,0
2021-05-24,6680,4,11,6661,8,0,0,1,0
2021-05-25,6680,4,10,6662,8,0,0,1,0
2021-05-26,6681,3,10,6663,8,0,0,1,0
2021-05-27,6682,3,10,6664,8,0,0,1,0
2021-05-28,6682,3,10,6664,8,0,0,1,0
2021-05-29,6683,3,10,6665,8,0,0,1,0
2021-05-30,6683,3,9,6666,8,0,0,1,0
2021-05-31,6684,3,9,6667,8,0,0,1,0
2021-06-01,6685,3,9,6668,8,0,0,1,0
2021-06-02,6686,3,9,6669,8,0,0,1,0
2021-06-03,6685,3,8,6669,8,0,0,1,0
2021-06-04,6686,3,8,6670,8,0,0,1,0
2021-06-05,6687,3,8,6671,8,0,0,1,0
2021-06-06,6688,3,8,6672,8,0,0,1,0
2021-06-07,6688,3,8,6672,8,0,0,1,0
2021-06-08,6688,3,7,6673,8,0,0,1,0
2021-06-09,6689,2,7,6674,8,0,0,1,0
2021-06-10,6689,2,7,6674,8,0,0,1,0
2021-06-11,6690,2,7,6675,8,0,0,1,0
2021-06-12,6691,2,7,6676,8,0,0,1,0
2021-06-13,6691,2,7,6676,8,0,0,1,0
2021-06-14,6691,2,6,6677,8,0,0,1,0
2021-06-15,6691,2,6,6677,8,0,0,1,0
2021-06-16,6692,2,6,6678,8,0,0,1,0
2021-06-17,6693,2,6,6679,8,0,0,1,0
2021-06-18,6693,2,6,6679,8,0,0,1,0
2021-06-19,6694,2,6,6680,8,0,0,1,0
2021-06-20,6694,2,6,6680,8,0,0,1,0
2021-06-21,6694,2,5,6681,8,0,0,0,0
2021-06-22,6694,2,5,6681,8,0,0,0,0
2021-06-23,6695,2,5,6682,8,0,0,0,0
2021-06-24,6695,2,5,6682,8,0,0,0,0
2021-06-25,6695,2,5,6682,8,0,0,0,0
2021-06-26,6696,2,5,6683,8,0,0,0,0
2021-06-27,6696,2,5,6683,8,0,0,0,0
2021-06-28,6697,2,5,6684,8,0,0,0,0
2021-06-29,6696,2,4,6684,8,0,0,0,0
2021-06-30,6697,1,4,6685,8,0,0,0,0
2021-07-01,6697,1,4,6685,8,0,0,0,0
2021-07-02,6697,1,4,6685,8,0,0,0,0
2021-07-03,6698,1,4,6686,8,0,0,0,0
