Date,Infected,Exposed,Active,Recovered,Deaths,Diff Exposed,Diff Active,Diff Recovered,Diff Deaths
2020-07-19,282,30,52,229,1,1,1,5,0
2020-07-20,288,31,53,234,1,1,1,5,0
2020-07-21,294,31,54,239,1,1,1,5,0
2020-07-22,301,32,56,244,1,1,1,5,0
2020-07-23,307,33,57,249,1,1,1,5,0
2020-07-24,313,33,58,254,1,1,1,5,0
2020-07-25,319,34,59,259,1,1,1,5,0
2020-07-26,327,35,61,265,1,1,1,5,0
2020-07-27,333,36,62,270,1,1,1,6,0
2020-07-28,340,36,63,276,1,1,1,6,0
2020-07-29,348,37,65,282,1,1,1,6,0
2020-07-30,355,38,66,288,1,1,1,6,0
2020-07-31,363,39,68,294,1,1,1,6,0
2020-08-01,370,40,69,300,1,1,1,6,0
2020-08-02,378,40,71,306,1,1,2,6,0
2020-08-03,386,41,72,313,1,1,2,7,0
2020-08-04,394,42,74,319,1,1,2,7,0
2020-08-05,402,43,75,326,1,1,2,7,0
2020-08-06,411,44,77,333,1,1,2,7,0
2020-08-07,420,45,79,340,1,1,2,7,0
2020-08-08,428,46,80,347,1,1,2,7,0
2020-08-09,437,47,82,354,1,1,2,7,0
2020-08-10,447,48,84,362,1,1,2,8,0
2020-08-11,455,49,85,369,1,1,2,8,0
2020-08-12,465,50,87,377,1,1,2,8,0
2020-08-13,475,51,89,385,1,1,2,8,0
2020-08-14,485,52,91,393,1,1,2,8,0
2020-08-15,496,53,93,402,1,1,2,8,0
2020-08-16,506,54,95,410,1,1,2,9,0
2020-08-17,517,55,97,419,1,1,2,9,0
2020-08-18,528,56,99,428,1,1,2,9,0
2020-08-19,539,57,101,437,1,1,2,9,0
2020-08-20,550,58,103,446,1,1,2,9,0
2020-08-21,562,59,105,455,2,1,2,9,0
2020-08-22,574,61,107,465,2,1,2,10,0
2020-08-23,586,62,109,475,2,1,2,10,0
2020-08-24,598,63,111,485,2,1,2,10,0
2020-08-25,611,64,114,495,2,1,2,10,0
2020-08-26,623,65,116,505,2,1,2,10,0
2020-08-27,636,67,118,516,2,1,2,11,0
2020-08-28,648,68,120,526,2,1,2,11,0
2020-08-29,662,69,123,537,2,1,2,11,0
2020-08-30,676,70,125,549,2,1,2,11,0
2020-08-31,690,72,128,560,2,1,2,12,0
2020-09-01,704,73,130,572,2,1,2,12,0
2020-09-02,719,74,133,584,2,1,3,12,0
2020-09-03,733,76,135,596,2,1,3,12,0
2020-09-04,748,77,138,608,2,1,3,12,0
2020-09-05,763,78,140,621,2,1,3,13,0
2020-09-06,778,80,143,633,2,1,3,13,0
2020-09-07,794,81,146,646,2,1,3,13,0
2020-09-08,810,83,148,660,2,1,3,13,0
2020-09-09,826,84,151,673,2,1,3,14,0
2020-09-10,843,86,154,687,2,1,3,14,0
2020-09-11,860,87,157,701,2,1,3,14,0
2020-09-12,876,88,159,715,2,1,3,14,0
2020-09-13,894,90,162,730,2,1,3,15,0
2020-09-14,912,91,165,745,2,1,3,15,0
2020-09-15,931,93,168,760,3,2,3,15,0
2020-09-16,949,94,171,775,3,2,3,16,0
2020-09-17,968,96,174,791,3,2,3,16,0
2020-09-18,987,97,177,807,3,2,3,16,0
2020-09-19,1006,99,180,823,3,2,3,16,0
2020-09-20,1025,101,183,839,3,2,3,17,0
2020-09-21,1045,102,186,856,3,2,3,17,0
2020-09-22,1065,104,189,873,3,2,3,17,0
2020-09-23,1085,105,192,890,3,2,3,17,0
2020-09-24,1107,107,196,908,3,2,3,18,0
2020-09-25,1127,108,199,925,3,2,3,18,0
2020-09-26,1149,110,202,944,3,2,3,18,0
2020-09-27,1170,112,205,962,3,2,3,19,0
2020-09-28,1192,113,208,981,3,2,3,19,0
2020-09-29,1215,115,212,1000,3,2,3,19,0
2020-09-30,1237,116,215,1019,3,2,3,19,0
2020-10-01,1259,118,218,1038,3,2,3,20,0
2020-10-02,1283,119,221,1058,4,2,3,20,0
2020-10-03,1308,121,225,1079,4,2,3,20,0
2020-10-04,1331,123,228,1099,4,2,3,21,0
2020-10-05,1355,124,231,1120,4,2,3,21,0
2020-10-06,1380,126,235,1141,4,2,3,21,0
2020-10-07,1404,127,238,1162,4,2,3,22,0
2020-10-08,1429,129,241,1184,4,2,3,22,0
2020-10-09,1455,130,245,1206,4,2,3,22,0
2020-10-10,1480,132,248,1228,4,2,3,22,0
2020-10-11,1506,133,251,1251,4,2,3,23,0
2020-10-12,1533,135,255,1274,4,1,3,23,0
2020-10-13,1559,136,258,1297,4,1,3,23,0
2020-10-14,1585,138,261,1320,4,1,3,24,0
2020-10-15,1614,139,265,1344,5,1,3,24,0
2020-10-16,1641,141,268,1368,5,1,3,24,0
2020-10-17,1669,142,271,1393,5,1,3,25,0
2020-10-18,1696,144,274,1417,5,1,3,25,0
2020-10-19,1725,145,278,1442,5,1,3,25,0
2020-10-20,1753,146,281,1467,5,1,3,25,0
2020-10-21,1782,148,284,1493,5,1,3,26,0
2020-10-22,1811,149,287,1519,5,1,3,26,0
2020-10-23,1840,150,290,1545,5,1,3,26,0
2020-10-24,1869,152,293,1571,5,1,3,27,0
2020-10-25,1899,153,296,1598,5,1,3,27,0
2020-10-26,1929,154,299,1625,5,1,3,27,0
2020-10-27,1960,155,302,1652,6,1,3,27,0
2020-10-28,1991,156,305,1680,6,1,3,28,0
2020-10-29,2021,158,308,1707,6,1,3,28,0
2020-10-30,2052,159,311,1735,6,1,3,28,0
2020-10-31,2084,160,314,1764,6,1,3,28,0
2020-11-01,2115,161,317,1792,6,1,3,29,0
2020-11-02,2146,162,319,1821,6,1,3,29,0
2020-11-03,2178,163,322,1850,6,1,3,29,0
2020-11-04,2210,164,325,1879,6,1,3,29,0
2020-11-05,2242,164,327,1909,6,1,2,30,0
2020-11-06,2275,165,330,1938,7,1,2,30,0
2020-11-07,2307,166,332,1968,7,1,2,30,0
2020-11-08,2340,167,334,1999,7,1,2,30,0
2020-11-09,2373,167,337,2029,7,1,2,30,0
2020-11-10,2406,168,339,2060,7,1,2,31,0
2020-11-11,2438,169,341,2090,7,1,2,31,0
2020-11-12,2471,169,343,2121,7,1,2,31,0
2020-11-13,2504,170,345,2152,7,1,2,31,0
2020-11-14,2538,170,347,2184,7,0,2,31,0
2020-11-15,2571,171,349,2215,7,0,2,32,0
2020-11-16,2605,171,350,2247,8,0,2,32,0
2020-11-17,2639,171,352,2279,8,0,2,32,0
2020-11-18,2673,172,354,2311,8,0,2,32,0
2020-11-19,2706,172,355,2343,8,0,1,32,0
2020-11-20,2740,172,357,2375,8,0,1,32,0
2020-11-21,2773,172,358,2407,8,0,1,32,0
2020-11-22,2807,173,359,2440,8,0,1,33,0
2020-11-23,2840,173,360,2472,8,0,1,33,0
2020-11-24,2874,173,361,2505,8,0,1,33,0
2020-11-25,2909,173,362,2538,9,0,1,33,0
2020-11-26,2943,172,363,2571,9,0,1,33,0
2020-11-27,2977,172,364,2604,9,0,1,33,0
2020-11-28,3011,172,365,2637,9,0,1,33,0
2020-11-29,3044,172,365,2670,9,0,1,33,0
2020-11-30,3078,172,366,2703,9,0,0,33,0
2020-12-01,3111,171,366,2736,9,0,0,33,0
2020-12-02,3144,171,366,2769,9,0,0,33,0
2020-12-03,3178,171,367,2802,9,0,0,33,0
2020-12-04,3212,170,367,2835,10,0,0,33,0
2020-12-05,3246,170,367,2869,10,0,0,33,0
2020-12-06,3278,169,366,2902,10,0,0,33,0
2020-12-07,3311,169,366,2935,10,0,0,33,0
2020-12-08,3344,168,366,2968,10,0,0,33,0
2020-12-09,3377,167,366,3001,10,0,0,33,0
2020-12-10,3410,167,365,3035,10,0,0,33,0
2020-12-11,3443,166,365,3068,10,0,0,33,0
2020-12-12,3475,165,364,3101,10,0,0,33,0
2020-12-13,3508,164,363,3134,11,0,0,33,0
2020-12-14,3539,163,362,3166,11,0,0,33,0
2020-12-15,3571,162,361,3199,11,0,0,33,0
2020-12-16,3603,161,360,3232,11,0,0,33,0
2020-12-17,3635,160,359,3265,11,0,0,33,0
2020-12-18,3666,159,358,3297,11,0,0,32,0
2020-12-19,3697,158,357,3329,11,0,0,32,0
2020-12-20,3728,157,355,3362,11,0,0,32,0
2020-12-21,3759,156,354,3394,11,0,0,32,0
2020-12-22,3789,155,352,3426,11,0,0,32,0
2020-12-23,3821,154,351,3458,12,0,0,32,0
2020-12-24,3850,153,349,3489,12,0,0,32,0
2020-12-25,3880,152,347,3521,12,0,0,31,0
2020-12-26,3909,150,345,3552,12,0,0,31,0
2020-12-27,3939,149,343,3584,12,0,0,31,0
2020-12-28,3968,148,341,3615,12,0,0,31,0
2020-12-29,3996,146,339,3645,12,0,0,31,0
2020-12-30,4025,145,337,3676,12,0,0,31,0
2020-12-31,4053,144,335,3706,12,0,0,30,0
2021-01-01,4083,142,333,3737,13,0,0,30,0
2021-01-02,4110,141,330,3767,13,0,0,30,0
2021-01-03,4138,140,328,3797,13,0,0,30,0
2021-01-04,4164,138,325,3826,13,0,0,29,0
2021-01-05,4192,137,323,3856,13,0,0,29,0
2021-01-06,4218,135,320,3885,13,0,0,29,0
2021-01-07,4245,134,318,3914,13,0,0,29,0
2021-01-08,4270,132,315,3942,13,0,0,29,0
2021-01-09,4296,131,312,3971,13,0,0,28,0
2021-01-10,4322,129,310,3999,13,0,0,28,0
2021-01-11,4348,128,307,4027,14,0,0,28,0
2021-01-12,4373,126,304,4055,14,0,0,28,0
2021-01-13,4397,125,301,4082,14,0,0,27,0
2021-01-14,4421,123,298,4109,14,0,0,27,0
2021-01-15,4445,122,295,4136,14,0,0,27,0
2021-01-16,4469,120,292,4163,14,0,0,26,0
2021-01-17,4492,119,289,4189,14,0,0,26,0
2021-01-18,4515,117,286,4215,14,0,0,26,0
2021-01-19,4538,116,283,4241,14,0,0,26,0
2021-01-20,4561,114,280,4267,14,0,0,25,0
2021-01-21,4583,113,277,4292,14,0,0,25,0
2021-01-22,4605,111,274,4317,14,0,0,25,0
2021-01-23,4628,110,271,4342,15,0,0,25,0
2021-01-24,4649,108,268,4366,15,0,0,24,0
2021-01-25,4670,107,265,4390,15,0,0,24,0
2021-01-26,4691,105,262,4414,15,0,0,24,0
2021-01-27,4711,104,258,4438,15,0,0,23,0
2021-01-28,4731,102,255,4461,15,0,0,23,0
2021-01-29,4751,101,252,4484,15,0,0,23,0
2021-01-30,4771,99,249,4507,15,0,0,23,0
2021-01-31,4790,98,246,4529,15,0,0,22,0
2021-02-01,4809,96,242,4552,15,0,0,22,0
2021-02-02,4827,95,239,4573,15,0,0,22,0
2021-02-03,4846,93,236,4595,15,0,0,21,0
2021-02-04,4864,92,233,4616,15,0,0,21,0
2021-02-05,4883,90,230,4637,16,0,0,21,0
2021-02-06,4901,89,227,4658,16,0,0,21,0
2021-02-07,4918,88,224,4678,16,0,0,20,0
2021-02-08,4935,86,220,4699,16,0,0,20,0
2021-02-09,4951,85,217,4718,16,0,0,20,0
2021-02-10,4968,84,214,4738,16,0,0,19,0
2021-02-11,4984,82,211,4757,16,0,0,19,0
2021-02-12,5000,81,208,4776,16,0,0,19,0
2021-02-13,5016,79,205,4795,16,0,0,19,0
2021-02-14,5032,78,202,4814,16,0,0,18,0
2021-02-15,5047,77,199,4832,16,0,0,18,0
2021-02-16,5062,76,196,4850,16,0,0,18,0
2021-02-17,5076,74,193,4867,16,0,0,17,0
2021-02-18,5091,73,190,4885,16,0,0,17,0
2021-02-19,5105,72,187,4902,16,0,0,17,0
2021-02-20,5120,71,184,4919,17,0,0,17,0
2021-02-21,5133,69,181,4935,17,0,0,16,0
2021-02-22,5147,68,178,4952,17,0,0,16,0
2021-02-23,5160,67,175,4968,17,0,0,16,0
2021-02-24,5173,66,173,4983,17,0,0,16,0
2021-02-25,5186,65,170,4999,17,0,0,15,0
2021-02-26,5198,63,167,5014,17,0,0,15,0
2021-02-27,5210,62,164,5029,17,0,0,15,0
2021-02-28,5223,61,162,5044,17,0,0,15,0
2021-03-01,5235,60,159,5059,17,0,0,14,0
2021-03-02,5246,59,156,5073,17,0,0,14,0
2021-03-03,5258,58,154,5087,17,0,0,14,0
2021-03-04,5269,57,151,5101,17,0,0,14,0
2021-03-05,5280,56,149,5114,17,0,0,13,0
2021-03-06,5291,55,146,5128,17,0,0,13,0
2021-03-07,5301,54,143,5141,17,0,0,13,0
2021-03-08,5312,53,141,5154,17,0,0,13,0
2021-03-09,5323,52,139,5167,17,0,0,13,0
2021-03-10,5332,51,136,5179,17,0,0,12,0
2021-03-11,5342,50,134,5191,17,0,0,12,0
2021-03-12,5351,49,131,5203,17,0,0,12,0
2021-03-13,5362,48,129,5215,18,0,0,12,0
2021-03-14,5372,47,127,5227,18,0,0,11,0
2021-03-15,5380,46,124,5238,18,0,0,11,0
2021-03-16,5389,45,122,5249,18,0,0,11,0
2021-03-17,5398,44,120,5260,18,0,0,11,0
2021-03-18,5407,44,118,5271,18,0,0,11,0
2021-03-19,5416,43,116,5282,18,0,0,10,0
2021-03-20,5424,42,114,5292,18,0,0,10,0
2021-03-21,5431,41,111,5302,18,0,0,10,0
2021-03-22,5439,40,109,5312,18,0,0,10,0
2021-03-23,5447,40,107,5322,18,0,0,10,0
2021-03-24,5455,39,105,5332,18,0,0,10,0
2021-03-25,5462,38,103,5341,18,0,0,9,0
2021-03-26,5470,37,101,5351,18,0,0,9,0
2021-03-27,5478,37,100,5360,18,0,0,9,0
2021-03-28,5485,36,98,5369,18,0,0,9,0
2021-03-29,5492,35,96,5378,18,0,0,9,0
2021-03-30,5498,34,94,5386,18,0,0,9,0
2021-03-31,5505,34,92,5395,18,0,0,8,0
2021-04-01,5511,33,90,5403,18,0,0,8,0
2021-04-02,5518,32,89,5411,18,0,0,8,0
2021-04-03,5524,32,87,5419,18,0,0,8,0
2021-04-04,5530,31,85,5427,18,0,0,8,0
2021-04-05,5537,31,84,5435,18,0,0,8,0
2021-04-06,5542,30,82,5442,18,0,0,7,0
2021-04-07,5549,29,81,5450,18,0,0,7,0
2021-04-08,5554,29,79,5457,18,0,0,7,0
2021-04-09,5559,28,77,5464,18,0,0,7,0
2021-04-10,5565,28,76,5471,18,0,0,7,0
2021-04-11,5570,27,74,5478,18,0,0,7,0
2021-04-12,5575,26,73,5484,18,0,0,7,0
2021-04-13,5581,26,72,5491,18,0,0,6,0
2021-04-14,5585,25,70,5497,18,0,0,6,0
2021-04-15,5591,25,69,5504,18,0,0,6,0
2021-04-16,5595,24,67,5510,18,0,0,6,0
2021-04-17,5601,24,66,5516,19,0,0,6,0
2021-04-18,5606,23,65,5522,19,0,0,6,0
2021-04-19,5610,23,63,5528,19,0,0,6,0
2021-04-20,5614,22,62,5533,19,0,0,6,0
2021-04-21,5619,22,61,5539,19,0,0,6,0
2021-04-22,5623,21,60,5544,19,0,0,5,0
2021-04-23,5627,21,58,5550,19,0,0,5,0
2021-04-24,5631,21,57,5555,19,0,0,5,0
2021-04-25,5635,20,56,5560,19,0,0,5,0
2021-04-26,5639,20,55,5565,19,0,0,5,0
2021-04-27,5643,19,54,5570,19,0,0,5,0
2021-04-28,5647,19,53,5575,19,0,0,5,0
2021-04-29,5651,19,52,5580,19,0,0,5,0
2021-04-30,5654,18,51,5584,19,0,0,5,0
2021-05-01,5658,18,50,5589,19,0,0,4,0
2021-05-02,5661,17,49,5593,19,0,0,4,0
2021-05-03,5665,17,48,5598,19,0,0,4,0
2021-05-04,5668,17,47,5602,19,0,0,4,0
2021-05-05,5671,16,46,5606,19,0,0,4,0
2021-05-06,5674,16,45,5610,19,0,0,4,0
2021-05-07,5677,16,44,5614,19,0,0,4,0
2021-05-08,5680,15,43,5618,19,0,0,4,0
2021-05-09,5683,15,42,5622,19,0,0,4,0
2021-05-10,5686,15,41,5626,19,0,0,4,0
2021-05-11,5689,14,40,5630,19,0,0,4,0
2021-05-12,5691,14,39,5633,19,0,0,4,0
2021-05-13,5695,14,39,5637,19,0,0,4,0
2021-05-14,5697,14,38,5640,19,0,0,3,0
2021-05-15,5700,13,37,5644,19,0,0,3,0
2021-05-16,5702,13,36,5647,19,0,0,3,0
2021-05-17,5705,13,36,5650,19,0,0,3,0
2021-05-18,5708,12,35,5654,19,0,0,3,0
2021-05-19,5710,12,34,5657,19,0,0,3,0
2021-05-20,5712,12,33,5660,19,0,0,3,0
2021-05-21,5715,12,33,5663,19,0,0,3,0
2021-05-22,5717,11,32,5666,19,0,0,3,0
2021-05-23,5719,11,31,5669,19,0,0,3,0
2021-05-24,5721,11,31,5671,19,0,0,3,0
2021-05-25,5723,11,30,5674,19,0,0,3,0
2021-05-26,5725,10,29,5677,19,0,0,3,0
2021-05-27,5727,10,29,5679,19,0,0,3,0
2021-05-28,5729,10,28,5682,19,0,0,3,0
2021-05-29,5732,10,28,5685,19,0,0,2,0
2021-05-30,5733,10,27,5687,19,0,0,2,0
2021-05-31,5734,9,26,5689,19,0,0,2,0
2021-06-01,5737,9,26,5692,19,0,0,2,0
2021-06-02,5738,9,25,5694,19,0,0,2,0
2021-06-03,5740,9,25,5696,19,0,0,2,0
2021-06-04,5742,9,24,5699,19,0,0,2,0
2021-06-05,5744,8,24,5701,19,0,0,2,0
2021-06-06,5745,8,23,5703,19,0,0,2,0
2021-06-07,5747,8,23,5705,19,0,0,2,0
2021-06-08,5748,8,22,5707,19,0,0,2,0
2021-06-09,5750,8,22,5709,19,0,0,2,0
2021-06-10,5751,8,21,5711,19,0,0,2,0
2021-06-11,5753,7,21,5713,19,0,0,2,0
2021-06-12,5754,7,20,5715,19,0,0,2,0
2021-06-13,5756,7,20,5717,19,0,0,2,0
2021-06-14,5757,7,20,5718,19,0,0,2,0
2021-06-15,5758,7,19,5720,19,0,0,2,0
2021-06-16,5760,7,19,5722,19,0,0,2,0
2021-06-17,5761,6,18,5724,19,0,0,2,0
2021-06-18,5762,6,18,5725,19,0,0,2,0
2021-06-19,5764,6,18,5727,19,0,0,2,0
2021-06-20,5764,6,17,5728,19,0,0,2,0
2021-06-21,5766,6,17,5730,19,0,0,2,0
2021-06-22,5767,6,16,5732,19,0,0,1,0
2021-06-23,5768,6,16,5733,19,0,0,1,0
2021-06-24,5769,6,16,5734,19,0,0,1,0
2021-06-25,5770,5,15,5736,19,0,0,1,0
2021-06-26,5771,5,15,5737,19,0,0,1,0
2021-06-27,5773,5,15,5739,19,0,0,1,0
2021-06-28,5773,5,14,5740,19,0,0,1,0
2021-06-29,5774,5,14,5741,19,0,0,1,0
2021-06-30,5776,5,14,5743,19,0,0,1,0
2021-07-01,5777,5,14,5744,19,0,0,1,0
2021-07-02,5777,5,13,5745,19,0,0,1,0
2021-07-03,5778,5,13,5746,19,0,0,1,0
2021-07-04,5779,4,13,5747,19,0,0,1,0
2021-07-05,5779,4,12,5748,19,0,0,1,0
2021-07-06,5781,4,12,5750,19,0,0,1,0
2021-07-07,5782,4,12,5751,19,0,0,1,0
2021-07-08,5783,4,12,5752,19,0,0,1,0
2021-07-09,5783,4,11,5753,19,0,0,1,0
2021-07-10,5784,4,11,5754,19,0,0,1,0
2021-07-11,5785,4,11,5755,19,0,0,1,0
2021-07-12,5786,4,11,5756,19,0,0,1,0
2021-07-13,5786,4,10,5757,19,0,0,1,0
2021-07-14,5787,4,10,5758,19,0,0,1,0
