Date,Infected,Exposed,Active,Recovered,Deaths,Diff Exposed,Diff Active,Diff Recovered,Diff Deaths
2020-07-19,3702,640,679,3017,6,0,64,62,0
2020-07-20,3823,574,736,3081,6,0,46,67,0
2020-07-21,3931,524,776,3149,6,0,32,70,0
2020-07-22,4030,486,804,3220,6,0,22,73,0
2020-07-23,4123,456,823,3294,6,0,15,75,0
2020-07-24,4212,432,836,3369,7,0,9,76,0
2020-07-25,4295,414,843,3445,7,0,5,76,0
2020-07-26,4375,399,846,3522,7,0,1,77,0
2020-07-27,4452,387,846,3599,7,0,0,77,0
2020-07-28,4528,378,845,3676,7,0,0,77,0
2020-07-29,4600,369,841,3752,7,0,0,76,0
2020-07-30,4672,362,837,3828,7,0,0,76,0
2020-07-31,4744,356,832,3904,8,0,0,75,0
2020-08-01,4813,350,826,3979,8,0,0,75,0
2020-08-02,4881,345,819,4054,8,0,0,74,0
2020-08-03,4948,341,812,4128,8,0,0,74,0
2020-08-04,5015,336,805,4202,8,0,0,73,0
2020-08-05,5080,332,798,4274,8,0,0,72,0
2020-08-06,5144,328,790,4346,8,0,0,72,0
2020-08-07,5210,324,783,4418,9,0,0,71,0
2020-08-08,5273,320,775,4489,9,0,0,70,0
2020-08-09,5335,317,767,4559,9,0,0,70,0
2020-08-10,5397,313,760,4628,9,0,0,69,0
2020-08-11,5458,309,752,4697,9,0,0,68,0
2020-08-12,5518,306,744,4765,9,0,0,68,0
2020-08-13,5578,302,737,4832,9,0,0,67,0
2020-08-14,5637,299,729,4899,9,0,0,66,0
2020-08-15,5695,296,721,4964,10,0,0,65,0
2020-08-16,5754,292,714,5030,10,0,0,65,0
2020-08-17,5810,289,706,5094,10,0,0,64,0
2020-08-18,5867,286,699,5158,10,0,0,63,0
2020-08-19,5922,282,691,5221,10,0,0,63,0
2020-08-20,5978,279,684,5284,10,0,0,62,0
2020-08-21,6031,276,676,5345,10,0,0,61,0
2020-08-22,6085,273,669,5406,10,0,0,61,0
2020-08-23,6140,270,662,5467,11,0,0,60,0
2020-08-24,6192,266,654,5527,11,0,0,59,0
2020-08-25,6244,263,647,5586,11,0,0,59,0
2020-08-26,6295,260,640,5644,11,0,0,58,0
2020-08-27,6346,257,633,5702,11,0,0,57,0
2020-08-28,6396,254,626,5759,11,0,0,57,0
2020-08-29,6446,251,619,5816,11,0,0,56,0
2020-08-30,6495,248,612,5872,11,0,0,55,0
2020-08-31,6543,245,605,5927,11,0,0,55,0
2020-09-01,6592,242,598,5982,12,0,0,54,0
2020-09-02,6639,239,591,6036,12,0,0,54,0
2020-09-03,6685,236,584,6089,12,0,0,53,0
2020-09-04,6731,233,577,6142,12,0,0,52,0
2020-09-05,6777,231,571,6194,12,0,0,52,0
2020-09-06,6821,228,564,6245,12,0,0,51,0
2020-09-07,6865,225,557,6296,12,0,0,51,0
2020-09-08,6910,222,551,6347,12,0,0,50,0
2020-09-09,6952,219,544,6396,12,0,0,49,0
2020-09-10,6996,217,538,6446,12,0,0,49,0
2020-09-11,7039,214,532,6494,13,0,0,48,0
2020-09-12,7080,211,525,6542,13,0,0,48,0
2020-09-13,7122,209,519,6590,13,0,0,47,0
2020-09-14,7163,206,513,6637,13,0,0,47,0
2020-09-15,7203,204,507,6683,13,0,0,46,0
2020-09-16,7243,201,501,6729,13,0,0,45,0
2020-09-17,7281,199,494,6774,13,0,0,45,0
2020-09-18,7320,196,488,6819,13,0,0,44,0
2020-09-19,7358,194,482,6863,13,0,0,44,0
2020-09-20,7396,191,477,6906,13,0,0,43,0
2020-09-21,7433,189,471,6949,13,0,0,43,0
2020-09-22,7471,186,465,6992,14,0,0,42,0
2020-09-23,7507,184,459,7034,14,0,0,42,0
2020-09-24,7543,181,454,7075,14,0,0,41,0
2020-09-25,7578,179,448,7116,14,0,0,41,0
2020-09-26,7613,177,442,7157,14,0,0,40,0
2020-09-27,7648,175,437,7197,14,0,0,40,0
2020-09-28,7681,172,431,7236,14,0,0,39,0
2020-09-29,7715,170,426,7275,14,0,0,39,0
2020-09-30,7748,168,421,7313,14,0,0,38,0
2020-10-01,7780,166,415,7351,14,0,0,38,0
2020-10-02,7813,163,410,7389,14,0,0,37,0
2020-10-03,7845,161,405,7426,14,0,0,37,0
2020-10-04,7877,159,400,7463,14,0,0,36,0
2020-10-05,7909,157,395,7499,15,0,0,36,0
2020-10-06,7939,155,390,7534,15,0,0,35,0
2020-10-07,7969,153,385,7569,15,0,0,35,0
2020-10-08,7999,151,380,7604,15,0,0,34,0
2020-10-09,8028,149,375,7638,15,0,0,34,0
2020-10-10,8057,147,370,7672,15,0,0,34,0
2020-10-11,8086,145,365,7706,15,0,0,33,0
2020-10-12,8114,143,360,7739,15,0,0,33,0
2020-10-13,8142,141,356,7771,15,0,0,32,0
2020-10-14,8169,139,351,7803,15,0,0,32,0
2020-10-15,8197,137,347,7835,15,0,0,31,0
2020-10-16,8223,136,342,7866,15,0,0,31,0
2020-10-17,8250,134,338,7897,15,0,0,31,0
2020-10-18,8276,132,333,7928,15,0,0,30,0
2020-10-19,8302,130,329,7958,15,0,0,30,0
2020-10-20,8326,128,324,7987,15,0,0,29,0
2020-10-21,8353,127,320,8017,16,0,0,29,0
2020-10-22,8378,125,316,8046,16,0,0,29,0
2020-10-23,8402,123,312,8074,16,0,0,28,0
2020-10-24,8426,122,308,8102,16,0,0,28,0
2020-10-25,8449,120,303,8130,16,0,0,28,0
2020-10-26,8472,118,299,8157,16,0,0,27,0
2020-10-27,8495,117,295,8184,16,0,0,27,0
2020-10-28,8518,115,291,8211,16,0,0,26,0
2020-10-29,8541,114,288,8237,16,0,0,26,0
2020-10-30,8563,112,284,8263,16,0,0,26,0
2020-10-31,8585,110,280,8289,16,0,0,25,0
2020-11-01,8606,109,276,8314,16,0,0,25,0
2020-11-02,8627,107,272,8339,16,0,0,25,0
2020-11-03,8649,106,269,8364,16,0,0,24,0
2020-11-04,8669,105,265,8388,16,0,0,24,0
2020-11-05,8690,103,262,8412,16,0,0,24,0
2020-11-06,8710,102,258,8436,16,0,0,23,0
2020-11-07,8729,100,254,8459,16,0,0,23,0
2020-11-08,8749,99,251,8482,16,0,0,23,0
2020-11-09,8768,97,248,8504,16,0,0,22,0
2020-11-10,8788,96,244,8527,17,0,0,22,0
2020-11-11,8807,95,241,8549,17,0,0,22,0
2020-11-12,8826,93,238,8571,17,0,0,22,0
2020-11-13,8843,92,234,8592,17,0,0,21,0
2020-11-14,8861,91,231,8613,17,0,0,21,0
2020-11-15,8879,90,228,8634,17,0,0,21,0
2020-11-16,8897,88,225,8655,17,0,0,20,0
2020-11-17,8914,87,222,8675,17,0,0,20,0
2020-11-18,8931,86,219,8695,17,0,0,20,0
2020-11-19,8948,85,216,8715,17,0,0,20,0
2020-11-20,8964,84,213,8734,17,0,0,19,0
2020-11-21,8980,82,210,8753,17,0,0,19,0
2020-11-22,8996,81,207,8772,17,0,0,19,0
2020-11-23,9012,80,204,8791,17,0,0,19,0
2020-11-24,9027,79,201,8809,17,0,0,18,0
2020-11-25,9042,78,198,8827,17,0,0,18,0
2020-11-26,9058,77,196,8845,17,0,0,18,0
2020-11-27,9073,76,193,8863,17,0,0,17,0
2020-11-28,9087,75,190,8880,17,0,0,17,0
2020-11-29,9102,73,187,8898,17,0,0,17,0
2020-11-30,9116,72,185,8914,17,0,0,17,0
2020-12-01,9130,71,182,8931,17,0,0,17,0
2020-12-02,9145,70,180,8948,17,0,0,16,0
2020-12-03,9158,69,177,8964,17,0,0,16,0
2020-12-04,9172,68,175,8980,17,0,0,16,0
2020-12-05,9185,67,172,8996,17,0,0,16,0
2020-12-06,9198,66,170,9011,17,0,0,15,0
2020-12-07,9210,66,167,9026,17,0,0,15,0
2020-12-08,9225,65,165,9042,18,0,0,15,0
2020-12-09,9237,64,163,9056,18,0,0,15,0
2020-12-10,9249,63,160,9071,18,0,0,15,0
2020-12-11,9262,62,158,9086,18,0,0,14,0
2020-12-12,9274,61,156,9100,18,0,0,14,0
2020-12-13,9286,60,154,9114,18,0,0,14,0
2020-12-14,9298,59,152,9128,18,0,0,14,0
2020-12-15,9309,58,149,9142,18,0,0,14,0
2020-12-16,9320,58,147,9155,18,0,0,13,0
2020-12-17,9331,57,145,9168,18,0,0,13,0
2020-12-18,9342,56,143,9181,18,0,0,13,0
2020-12-19,9353,55,141,9194,18,0,0,13,0
2020-12-20,9364,54,139,9207,18,0,0,13,0
2020-12-21,9375,54,137,9220,18,0,0,12,0
2020-12-22,9385,53,135,9232,18,0,0,12,0
2020-12-23,9395,52,133,9244,18,0,0,12,0
2020-12-24,9405,51,131,9256,18,0,0,12,0
2020-12-25,9415,51,129,9268,18,0,0,12,0
2020-12-26,9426,50,128,9280,18,0,0,12,0
2020-12-27,9435,49,126,9291,18,0,0,11,0
2020-12-28,9445,48,124,9303,18,0,0,11,0
2020-12-29,9454,48,122,9314,18,0,0,11,0
2020-12-30,9463,47,120,9325,18,0,0,11,0
2020-12-31,9473,46,119,9336,18,0,0,11,0
2021-01-01,9481,46,117,9346,18,0,0,11,0
2021-01-02,9490,45,115,9357,18,0,0,10,0
2021-01-03,9499,44,114,9367,18,0,0,10,0
2021-01-04,9508,44,112,9378,18,0,0,10,0
2021-01-05,9516,43,110,9388,18,0,0,10,0
2021-01-06,9525,42,109,9398,18,0,0,10,0
2021-01-07,9533,42,107,9408,18,0,0,10,0
2021-01-08,9541,41,106,9417,18,0,0,10,0
2021-01-09,9549,41,104,9427,18,0,0,9,0
2021-01-10,9557,40,103,9436,18,0,0,9,0
2021-01-11,9564,39,101,9445,18,0,0,9,0
2021-01-12,9573,39,100,9455,18,0,0,9,0
2021-01-13,9580,38,98,9464,18,0,0,9,0
2021-01-14,9587,38,97,9472,18,0,0,9,0
2021-01-15,9594,37,95,9481,18,0,0,9,0
2021-01-16,9602,37,94,9490,18,0,0,9,0
2021-01-17,9609,36,93,9498,18,0,0,8,0
2021-01-18,9616,36,91,9507,18,0,0,8,0
2021-01-19,9623,35,90,9515,18,0,0,8,0
2021-01-20,9630,35,89,9523,18,0,0,8,0
2021-01-21,9636,34,87,9531,18,0,0,8,0
2021-01-22,9643,34,86,9539,18,0,0,8,0
2021-01-23,9650,33,85,9547,18,0,0,8,0
2021-01-24,9657,33,84,9554,19,0,0,8,0
2021-01-25,9664,32,83,9562,19,0,0,7,0
2021-01-26,9669,32,81,9569,19,0,0,7,0
2021-01-27,9676,31,80,9577,19,0,0,7,0
2021-01-28,9682,31,79,9584,19,0,0,7,0
2021-01-29,9688,30,78,9591,19,0,0,7,0
2021-01-30,9694,30,77,9598,19,0,0,7,0
2021-01-31,9700,29,76,9605,19,0,0,7,0
2021-02-01,9705,29,74,9612,19,0,0,7,0
2021-02-02,9711,29,73,9619,19,0,0,7,0
2021-02-03,9716,28,72,9625,19,0,0,7,0
2021-02-04,9722,28,71,9632,19,0,0,6,0
2021-02-05,9727,27,70,9638,19,0,0,6,0
2021-02-06,9733,27,69,9645,19,0,0,6,0
2021-02-07,9738,26,68,9651,19,0,0,6,0
2021-02-08,9743,26,67,9657,19,0,0,6,0
2021-02-09,9748,26,66,9663,19,0,0,6,0
2021-02-10,9753,25,65,9669,19,0,0,6,0
2021-02-11,9758,25,64,9675,19,0,0,6,0
2021-02-12,9763,25,63,9681,19,0,0,6,0
2021-02-13,9767,24,62,9686,19,0,0,6,0
2021-02-14,9772,24,61,9692,19,0,0,6,0
2021-02-15,9778,24,61,9698,19,0,0,5,0
2021-02-16,9782,23,60,9703,19,0,0,5,0
2021-02-17,9786,23,59,9708,19,0,0,5,0
2021-02-18,9791,23,58,9714,19,0,0,5,0
2021-02-19,9795,22,57,9719,19,0,0,5,0
2021-02-20,9799,22,56,9724,19,0,0,5,0
2021-02-21,9803,22,55,9729,19,0,0,5,0
2021-02-22,9808,21,55,9734,19,0,0,5,0
2021-02-23,9812,21,54,9739,19,0,0,5,0
2021-02-24,9816,21,53,9744,19,0,0,5,0
2021-02-25,9820,20,52,9749,19,0,0,5,0
2021-02-26,9823,20,51,9753,19,0,0,5,0
2021-02-27,9828,20,51,9758,19,0,0,5,0
2021-02-28,9832,19,50,9763,19,0,0,5,0
2021-03-01,9835,19,49,9767,19,0,0,4,0
2021-03-02,9840,19,49,9772,19,0,0,4,0
2021-03-03,9843,19,48,9776,19,0,0,4,0
2021-03-04,9846,18,47,9780,19,0,0,4,0
2021-03-05,9850,18,46,9785,19,0,0,4,0
2021-03-06,9854,18,46,9789,19,0,0,4,0
2021-03-07,9857,17,45,9793,19,0,0,4,0
2021-03-08,9860,17,44,9797,19,0,0,4,0
2021-03-09,9864,17,44,9801,19,0,0,4,0
2021-03-10,9867,17,43,9805,19,0,0,4,0
2021-03-11,9870,16,42,9809,19,0,0,4,0
2021-03-12,9874,16,42,9813,19,0,0,4,0
2021-03-13,9876,16,41,9816,19,0,0,4,0
2021-03-14,9880,16,41,9820,19,0,0,4,0
2021-03-15,9883,16,40,9824,19,0,0,4,0
2021-03-16,9885,15,39,9827,19,0,0,4,0
2021-03-17,9889,15,39,9831,19,0,0,4,0
2021-03-18,9891,15,38,9834,19,0,0,3,0
2021-03-19,9895,15,38,9838,19,0,0,3,0
2021-03-20,9897,14,37,9841,19,0,0,3,0
2021-03-21,9901,14,37,9845,19,0,0,3,0
2021-03-22,9903,14,36,9848,19,0,0,3,0
2021-03-23,9906,14,36,9851,19,0,0,3,0
2021-03-24,9908,14,35,9854,19,0,0,3,0
2021-03-25,9910,13,34,9857,19,0,0,3,0
2021-03-26,9914,13,34,9861,19,0,0,3,0
2021-03-27,9916,13,33,9864,19,0,0,3,0
2021-03-28,9919,13,33,9867,19,0,0,3,0
2021-03-29,9921,13,32,9870,19,0,0,3,0
2021-03-30,9924,12,32,9873,19,0,0,3,0
2021-03-31,9926,12,32,9875,19,0,0,3,0
2021-04-01,9928,12,31,9878,19,0,0,3,0
2021-04-02,9931,12,31,9881,19,0,0,3,0
2021-04-03,9933,12,30,9884,19,0,0,3,0
2021-04-04,9936,12,30,9887,19,0,0,3,0
2021-04-05,9937,11,29,9889,19,0,0,3,0
2021-04-06,9940,11,29,9892,19,0,0,3,0
2021-04-07,9942,11,28,9895,19,0,0,3,0
2021-04-08,9944,11,28,9897,19,0,0,3,0
2021-04-09,9947,11,28,9900,19,0,0,2,0
2021-04-10,9948,11,27,9902,19,0,0,2,0
2021-04-11,9951,10,27,9905,19,0,0,2,0
2021-04-12,9952,10,26,9907,19,0,0,2,0
2021-04-13,9954,10,26,9909,19,0,0,2,0
2021-04-14,9957,10,26,9912,19,0,0,2,0
2021-04-15,9958,10,25,9914,19,0,0,2,0
2021-04-16,9960,10,25,9916,19,0,0,2,0
2021-04-17,9961,9,24,9918,19,0,0,2,0
2021-04-18,9964,9,24,9921,19,0,0,2,0
2021-04-19,9966,9,24,9923,19,0,0,2,0
2021-04-20,9967,9,23,9925,19,0,0,2,0
2021-04-21,9969,9,23,9927,19,0,0,2,0
2021-04-22,9971,9,23,9929,19,0,0,2,0
2021-04-23,9972,9,22,9931,19,0,0,2,0
2021-04-24,9974,9,22,9933,19,0,0,2,0
2021-04-25,9976,8,22,9935,19,0,0,2,0
2021-04-26,9977,8,21,9937,19,0,0,2,0
2021-04-27,9979,8,21,9939,19,0,0,2,0
2021-04-28,9981,8,21,9941,19,0,0,2,0
2021-04-29,9982,8,20,9943,19,0,0,2,0
2021-04-30,9984,8,20,9945,19,0,0,2,0
2021-05-01,9986,8,20,9947,19,0,0,2,0
2021-05-02,9987,8,20,9948,19,0,0,2,0
2021-05-03,9988,7,19,9950,19,0,0,2,0
2021-05-04,9990,7,19,9952,19,0,0,2,0
2021-05-05,9992,7,19,9954,19,0,0,2,0
2021-05-06,9992,7,18,9955,19,0,0,2,0
2021-05-07,9994,7,18,9957,19,0,0,2,0
2021-05-08,9996,7,18,9959,19,0,0,2,0
2021-05-09,9997,7,18,9960,19,0,0,2,0
2021-05-10,9998,7,17,9962,19,0,0,2,0
2021-05-11,9999,7,17,9963,19,0,0,2,0
2021-05-12,10001,7,17,9965,19,0,0,2,0
2021-05-13,10002,6,17,9966,19,0,0,2,0
2021-05-14,10003,6,16,9968,19,0,0,1,0
2021-05-15,10004,6,16,9969,19,0,0,1,0
2021-05-16,10006,6,16,9971,19,0,0,1,0
2021-05-17,10007,6,16,9972,19,0,0,1,0
2021-05-18,10008,6,15,9974,19,0,0,1,0
2021-05-19,10009,6,15,9975,19,0,0,1,0
2021-05-20,10010,6,15,9976,19,0,0,1,0
2021-05-21,10012,6,15,9978,19,0,0,1,0
2021-05-22,10012,6,14,9979,19,0,0,1,0
2021-05-23,10013,6,14,9980,19,0,0,1,0
2021-05-24,10015,5,14,9982,19,0,0,1,0
2021-05-25,10016,5,14,9983,19,0,0,1,0
2021-05-26,10017,5,14,9984,19,0,0,1,0
2021-05-27,10017,5,13,9985,19,0,0,1,0
2021-05-28,10019,5,13,9987,19,0,0,1,0
2021-05-29,10020,5,13,9988,19,0,0,1,0
2021-05-30,10021,5,13,9989,19,0,0,1,0
2021-05-31,10022,5,13,9990,19,0,0,1,0
2021-06-01,10022,5,12,9991,19,0,0,1,0
2021-06-02,10023,5,12,9992,19,0,0,1,0
2021-06-03,10024,5,12,9993,19,0,0,1,0
2021-06-04,10026,5,12,9995,19,0,0,1,0
2021-06-05,10027,5,12,9996,19,0,0,1,0
2021-06-06,10028,4,12,9997,19,0,0,1,0
2021-06-07,10028,4,11,9998,19,0,0,1,0
2021-06-08,10029,4,11,9999,19,0,0,1,0
2021-06-09,10030,4,11,10000,19,0,0,1,0
2021-06-10,10031,4,11,10001,19,0,0,1,0
2021-06-11,10032,4,11,10002,19,0,0,1,0
2021-06-12,10033,4,11,10003,19,0,0,1,0
2021-06-13,10033,4,10,10004,19,0,0,1,0
2021-06-14,10034,4,10,10005,19,0,0,1,0
2021-06-15,10034,4,10,10005,19,0,0,1,0
2021-06-16,10035,4,10,10006,19,0,0,1,0
2021-06-17,10036,4,10,10007,19,0,0,1,0
2021-06-18,10037,4,10,10008,19,0,0,1,0
2021-06-19,10037,4,9,10009,19,0,0,1,0
2021-06-20,10038,4,9,10010,19,0,0,1,0
2021-06-21,10039,4,9,10011,19,0,0,1,0
2021-06-22,10040,4,9,10012,19,0,0,1,0
2021-06-23,10040,3,9,10012,19,0,0,1,0
2021-06-24,10041,3,9,10013,19,0,0,1,0
2021-06-25,10042,3,9,10014,19,0,0,1,0
2021-06-26,10043,3,9,10015,19,0,0,1,0
2021-06-27,10043,3,8,10016,19,0,0,1,0
2021-06-28,10043,3,8,10016,19,0,0,1,0
2021-06-29,10044,3,8,10017,19,0,0,1,0
2021-06-30,10045,3,8,10018,19,0,0,1,0
2021-07-01,10046,3,8,10019,19,0,0,1,0
2021-07-02,10046,3,8,10019,19,0,0,1,0
2021-07-03,10047,3,8,10020,19,0,0,1,0
2021-07-04,10048,3,8,10021,19,0,0,1,0
2021-07-05,10047,3,7,10021,19,0,0,1,0
2021-07-06,10048,3,7,10022,19,0,0,1,0
2021-07-07,10049,3,7,10023,19,0,0,1,0
2021-07-08,10049,3,7,10023,19,0,0,1,0
2021-07-09,10050,3,7,10024,19,0,0,1,0
2021-07-10,10051,3,7,10025,19,0,0,1,0
2021-07-11,10051,3,7,10025,19,0,0,1,0
2021-07-12,10052,3,7,10026,19,0,0,1,0
2021-07-13,10052,3,7,10026,19,0,0,1,0
2021-07-14,10053,3,7,10027,19,0,0,1,0
