Date,Infected,Exposed,Active,Recovered,Deaths,Diff Exposed,Diff Active,Diff Recovered,Diff Deaths
2020-06-23,349,6,95,253,1,12,0,9,0
2020-06-24,352,17,89,262,1,9,0,8,0
2020-06-25,355,26,85,269,1,7,0,8,0
2020-06-26,361,32,83,277,1,5,0,7,0
2020-06-27,367,37,82,284,1,4,0,7,0
2020-06-28,375,41,82,292,1,4,1,7,0
2020-06-29,383,44,83,299,1,3,1,7,0
2020-06-30,392,47,84,307,1,3,2,8,0
2020-07-01,402,50,86,315,1,2,2,8,0
2020-07-02,411,52,88,322,1,2,2,8,0
2020-07-03,421,54,90,330,1,2,2,8,0
2020-07-04,433,56,93,339,1,2,3,8,0
2020-07-05,443,58,95,347,1,2,3,9,0
2020-07-06,455,61,98,356,1,2,3,9,0
2020-07-07,467,63,101,365,1,2,3,9,0
2020-07-08,479,65,104,374,1,2,3,9,0
2020-07-09,493,67,108,384,1,2,3,10,0
2020-07-10,506,69,111,394,1,2,3,10,0
2020-07-11,519,71,114,404,1,2,3,10,0
2020-07-12,533,73,118,414,1,2,4,11,0
2020-07-13,548,75,122,425,1,2,4,11,0
2020-07-14,562,78,125,436,1,2,4,11,0
2020-07-15,579,80,129,448,2,2,4,12,0
2020-07-16,595,82,133,460,2,2,4,12,0
2020-07-17,611,85,137,472,2,3,4,12,0
2020-07-18,627,87,141,484,2,3,4,13,0
2020-07-19,645,90,146,497,2,3,4,13,0
2020-07-20,663,93,150,511,2,3,5,14,0
2020-07-21,681,95,155,524,2,3,5,14,0
2020-07-22,700,98,159,539,2,3,5,14,0
2020-07-23,719,101,164,553,2,3,5,15,0
2020-07-24,739,104,169,568,2,3,5,15,0
2020-07-25,760,107,174,584,2,3,5,16,0
2020-07-26,781,110,179,600,2,3,5,16,0
2020-07-27,803,113,185,616,2,3,5,17,0
2020-07-28,825,116,190,633,2,3,6,17,0
2020-07-29,848,120,196,650,2,3,6,18,0
2020-07-30,872,123,202,668,2,3,6,18,0
2020-07-31,896,127,207,687,2,3,6,19,0
2020-08-01,921,130,213,706,2,4,6,19,0
2020-08-02,947,134,220,725,2,4,6,20,0
2020-08-03,975,137,226,746,3,4,6,20,0
2020-08-04,1001,141,232,766,3,4,7,21,0
2020-08-05,1029,145,239,787,3,4,7,22,0
2020-08-06,1058,149,246,809,3,4,7,22,0
2020-08-07,1088,153,253,832,3,4,7,23,0
2020-08-08,1118,157,260,855,3,4,7,24,0
2020-08-09,1149,161,267,879,3,4,7,24,0
2020-08-10,1180,165,274,903,3,4,7,25,0
2020-08-11,1213,170,282,928,3,4,8,26,0
2020-08-12,1246,174,289,954,3,4,8,26,0
2020-08-13,1281,178,297,981,3,4,8,27,0
2020-08-14,1316,183,305,1008,3,5,8,28,0
2020-08-15,1353,187,313,1036,4,5,8,28,0
2020-08-16,1390,192,322,1064,4,5,8,29,0
2020-08-17,1428,197,330,1094,4,5,9,30,0
2020-08-18,1467,201,339,1124,4,5,9,31,0
2020-08-19,1507,206,348,1155,4,5,9,31,0
2020-08-20,1547,211,356,1187,4,5,9,32,0
2020-08-21,1588,216,365,1219,4,5,9,33,0
2020-08-22,1632,221,375,1253,4,5,9,34,0
2020-08-23,1675,226,384,1287,4,5,9,35,0
2020-08-24,1720,231,393,1322,5,5,10,36,0
2020-08-25,1766,236,403,1358,5,5,10,37,0
2020-08-26,1813,241,413,1395,5,5,10,37,0
2020-08-27,1860,246,422,1433,5,5,10,38,0
2020-08-28,1908,252,432,1471,5,5,10,39,0
2020-08-29,1958,257,442,1511,5,5,10,40,0
2020-08-30,2009,262,453,1551,5,5,10,41,0
2020-08-31,2061,267,463,1593,5,5,10,42,0
2020-09-01,2114,273,473,1635,6,5,10,43,0
2020-09-02,2168,278,484,1678,6,5,11,44,0
2020-09-03,2222,283,494,1722,6,5,11,45,0
2020-09-04,2279,289,505,1768,6,5,11,46,0
2020-09-05,2336,294,516,1814,6,5,11,47,0
2020-09-06,2393,299,526,1861,6,5,11,48,0
2020-09-07,2453,304,537,1909,7,5,11,49,0
2020-09-08,2513,309,548,1958,7,5,11,50,0
2020-09-09,2574,315,559,2008,7,5,11,51,0
2020-09-10,2636,320,570,2059,7,5,11,52,0
2020-09-11,2699,325,581,2111,7,5,11,53,0
2020-09-12,2763,330,592,2164,7,5,11,54,0
2020-09-13,2828,335,602,2218,8,5,11,55,0
2020-09-14,2894,340,613,2273,8,5,11,56,0
2020-09-15,2961,344,624,2329,8,5,11,57,0
2020-09-16,3029,349,635,2386,8,5,11,58,0
2020-09-17,3097,354,646,2443,8,5,11,58,0
2020-09-18,3167,358,656,2502,9,4,11,59,0
2020-09-19,3238,362,667,2562,9,4,10,60,0
2020-09-20,3309,367,677,2623,9,4,10,61,0
2020-09-21,3380,371,687,2684,9,4,10,62,0
2020-09-22,3454,375,698,2747,9,4,10,63,0
2020-09-23,3529,379,708,2811,10,4,10,64,0
2020-09-24,3602,382,717,2875,10,4,10,65,0
2020-09-25,3677,386,727,2940,10,3,10,66,0
2020-09-26,3754,389,737,3007,10,3,9,67,0
2020-09-27,3831,393,746,3074,11,3,9,68,0
2020-09-28,3908,396,755,3142,11,3,9,68,0
2020-09-29,3985,398,764,3210,11,3,9,69,0
2020-09-30,4063,401,772,3280,11,3,8,70,0
2020-10-01,4142,404,781,3350,11,2,8,71,0
2020-10-02,4222,406,789,3421,12,2,8,71,0
2020-10-03,4302,408,797,3493,12,2,8,72,0
2020-10-04,4381,410,804,3565,12,2,7,73,0
2020-10-05,4461,412,811,3638,12,2,7,74,0
2020-10-06,4543,413,818,3712,13,1,7,74,0
2020-10-07,4624,414,825,3786,13,1,6,75,0
2020-10-08,4705,416,831,3861,13,1,6,75,0
2020-10-09,4787,416,837,3937,13,1,6,76,0
2020-10-10,4869,417,842,4013,14,0,5,76,0
2020-10-11,4950,417,847,4089,14,0,5,77,0
2020-10-12,5032,418,852,4166,14,0,4,77,0
2020-10-13,5114,418,856,4243,15,0,4,78,0
2020-10-14,5196,417,860,4321,15,0,4,78,0
2020-10-15,5278,417,864,4399,15,0,3,78,0
2020-10-16,5360,416,867,4478,15,0,3,79,0
2020-10-17,5441,415,869,4556,16,0,2,79,0
2020-10-18,5523,414,872,4635,16,0,2,79,0
2020-10-19,5603,413,873,4714,16,0,2,79,0
2020-10-20,5684,411,875,4793,16,0,1,79,0
2020-10-21,5766,410,876,4873,17,0,1,79,0
2020-10-22,5845,408,876,4952,17,0,0,79,0
2020-10-23,5924,406,876,5031,17,0,0,79,0
2020-10-24,6004,403,876,5111,17,0,0,79,0
2020-10-25,6083,401,875,5190,18,0,0,79,0
2020-10-26,6161,398,874,5269,18,0,0,79,0
2020-10-27,6239,395,873,5348,18,0,0,79,0
2020-10-28,6317,392,871,5427,19,0,0,79,0
2020-10-29,6393,389,868,5506,19,0,0,79,0
2020-10-30,6469,386,865,5585,19,0,0,78,0
2020-10-31,6544,382,862,5663,19,0,0,78,0
2020-11-01,6620,378,859,5741,20,0,0,78,0
2020-11-02,6694,375,855,5819,20,0,0,77,0
2020-11-03,6766,371,850,5896,20,0,0,77,0
2020-11-04,6838,367,845,5973,20,0,0,77,0
2020-11-05,6910,363,840,6049,21,0,0,76,0
2020-11-06,6981,358,835,6125,21,0,0,76,0
2020-11-07,7051,354,829,6201,21,0,0,75,0
2020-11-08,7120,350,823,6276,21,0,0,75,0
2020-11-09,7189,345,817,6350,22,0,0,74,0
2020-11-10,7256,340,810,6424,22,0,0,73,0
2020-11-11,7322,336,803,6497,22,0,0,73,0
2020-11-12,7387,331,796,6569,22,0,0,72,0
2020-11-13,7452,326,788,6641,23,0,0,71,0
2020-11-14,7515,321,780,6712,23,0,0,71,0
2020-11-15,7578,316,772,6783,23,0,0,70,0
2020-11-16,7639,311,764,6852,23,0,0,69,0
2020-11-17,7701,306,756,6921,24,0,0,68,0
2020-11-18,7761,301,747,6990,24,0,0,68,0
2020-11-19,7819,296,738,7057,24,0,0,67,0
2020-11-20,7876,291,729,7123,24,0,0,66,0
2020-11-21,7934,286,720,7189,25,0,0,65,0
2020-11-22,7989,281,710,7254,25,0,0,64,0
2020-11-23,8044,276,701,7318,25,0,0,63,0
2020-11-24,8097,271,691,7381,25,0,0,63,0
2020-11-25,8150,266,681,7444,25,0,0,62,0
2020-11-26,8203,261,672,7505,26,0,0,61,0
2020-11-27,8254,256,662,7566,26,0,0,60,0
2020-11-28,8303,251,652,7625,26,0,0,59,0
2020-11-29,8352,246,642,7684,26,0,0,58,0
2020-11-30,8400,241,632,7742,26,0,0,57,0
2020-12-01,8447,236,621,7799,27,0,0,56,0
2020-12-02,8492,231,611,7854,27,0,0,55,0
2020-12-03,8538,227,601,7910,27,0,0,54,0
2020-12-04,8582,222,591,7964,27,0,0,54,0
2020-12-05,8625,217,581,8017,27,0,0,53,0
2020-12-06,8667,212,570,8069,28,0,0,52,0
2020-12-07,8708,208,560,8120,28,0,0,51,0
2020-12-08,8749,203,550,8171,28,0,0,50,0
2020-12-09,8788,199,540,8220,28,0,0,49,0
2020-12-10,8827,194,530,8269,28,0,0,48,0
2020-12-11,8865,190,520,8317,28,0,0,47,0
2020-12-12,8902,186,510,8363,29,0,0,46,0
2020-12-13,8938,181,500,8409,29,0,0,45,0
2020-12-14,8973,177,490,8454,29,0,0,44,0
2020-12-15,9007,173,480,8498,29,0,0,44,0
2020-12-16,9041,169,471,8541,29,0,0,43,0
2020-12-17,9074,165,461,8584,29,0,0,42,0
2020-12-18,9106,161,452,8625,29,0,0,41,0
2020-12-19,9138,157,442,8666,30,0,0,40,0
2020-12-20,9168,154,433,8705,30,0,0,39,0
2020-12-21,9198,150,424,8744,30,0,0,38,0
2020-12-22,9227,146,415,8782,30,0,0,38,0
2020-12-23,9256,143,406,8820,30,0,0,37,0
2020-12-24,9283,139,397,8856,30,0,0,36,0
2020-12-25,9310,136,388,8892,30,0,0,35,0
2020-12-26,9337,132,379,8927,31,0,0,34,0
2020-12-27,9363,129,371,8961,31,0,0,34,0
2020-12-28,9387,126,362,8994,31,0,0,33,0
2020-12-29,9412,123,354,9027,31,0,0,32,0
2020-12-30,9435,119,346,9058,31,0,0,31,0
2020-12-31,9458,116,338,9089,31,0,0,31,0
2021-01-01,9481,113,330,9120,31,0,0,30,0
2021-01-02,9502,110,322,9149,31,0,0,29,0
2021-01-03,9524,108,315,9178,31,0,0,29,0
2021-01-04,9545,105,307,9207,31,0,0,28,0
2021-01-05,9566,102,300,9234,32,0,0,27,0
2021-01-06,9586,99,293,9261,32,0,0,27,0
2021-01-07,9606,97,286,9288,32,0,0,26,0
2021-01-08,9624,94,279,9313,32,0,0,25,0
2021-01-09,9642,92,272,9338,32,0,0,25,0
2021-01-10,9660,89,265,9363,32,0,0,24,0
2021-01-11,9677,87,259,9386,32,0,0,23,0
2021-01-12,9694,85,252,9410,32,0,0,23,0
2021-01-13,9710,82,246,9432,32,0,0,22,0
2021-01-14,9726,80,240,9454,32,0,0,22,0
2021-01-15,9742,78,234,9476,32,0,0,21,0
2021-01-16,9757,76,228,9497,32,0,0,21,0
2021-01-17,9772,74,222,9517,33,0,0,20,0
2021-01-18,9786,72,216,9537,33,0,0,20,0
2021-01-19,9801,70,211,9557,33,0,0,19,0
2021-01-20,9815,68,206,9576,33,0,0,19,0
2021-01-21,9827,66,200,9594,33,0,0,18,0
2021-01-22,9840,64,195,9612,33,0,0,18,0
2021-01-23,9853,63,190,9630,33,0,0,17,0
2021-01-24,9865,61,185,9647,33,0,0,17,0
2021-01-25,9876,59,180,9663,33,0,0,16,0
2021-01-26,9887,58,175,9679,33,0,0,16,0
2021-01-27,9899,56,171,9695,33,0,0,15,0
2021-01-28,9909,54,166,9710,33,0,0,15,0
2021-01-29,9920,53,162,9725,33,0,0,15,0
2021-01-30,9931,51,158,9740,33,0,0,14,0
2021-01-31,9940,50,153,9754,33,0,0,14,0
2021-02-01,9950,49,149,9768,33,0,0,14,0
2021-02-02,9959,47,145,9781,33,0,0,13,0
2021-02-03,9968,46,141,9794,33,0,0,13,0
2021-02-04,9979,45,138,9807,34,0,0,12,0
2021-02-05,9987,43,134,9819,34,0,0,12,0
2021-02-06,9995,42,130,9831,34,0,0,12,0
2021-02-07,10004,41,127,9843,34,0,0,11,0
2021-02-08,10011,40,123,9854,34,0,0,11,0
2021-02-09,10019,39,120,9865,34,0,0,11,0
2021-02-10,10027,38,117,9876,34,0,0,11,0
2021-02-11,10034,37,114,9886,34,0,0,10,0
2021-02-12,10041,36,110,9897,34,0,0,10,0
2021-02-13,10048,35,107,9907,34,0,0,10,0
2021-02-14,10054,34,104,9916,34,0,0,9,0
2021-02-15,10062,33,102,9926,34,0,0,9,0
2021-02-16,10068,32,99,9935,34,0,0,9,0
2021-02-17,10074,31,96,9944,34,0,0,9,0
2021-02-18,10079,30,93,9952,34,0,0,8,0
2021-02-19,10086,29,91,9961,34,0,0,8,0
2021-02-20,10091,28,88,9969,34,0,0,8,0
2021-02-21,10097,27,86,9977,34,0,0,8,0
2021-02-22,10101,27,83,9984,34,0,0,8,0
2021-02-23,10107,26,81,9992,34,0,0,7,0
2021-02-24,10112,25,79,9999,34,0,0,7,0
2021-02-25,10117,24,77,10006,34,0,0,7,0
2021-02-26,10121,24,74,10013,34,0,0,7,0
2021-02-27,10126,23,72,10020,34,0,0,7,0
2021-02-28,10130,22,70,10026,34,0,0,6,0
2021-03-01,10134,22,68,10032,34,0,0,6,0
2021-03-02,10139,21,66,10039,34,0,0,6,0
2021-03-03,10143,21,65,10044,34,0,0,6,0
2021-03-04,10147,20,63,10050,34,0,0,6,0
2021-03-05,10151,19,61,10056,34,0,0,6,0
2021-03-06,10154,19,59,10061,34,0,0,5,0
2021-03-07,10159,18,58,10067,34,0,0,5,0
2021-03-08,10162,18,56,10072,34,0,0,5,0
2021-03-09,10165,17,54,10077,34,0,0,5,0
2021-03-10,10169,17,53,10082,34,0,0,5,0
2021-03-11,10171,16,51,10086,34,0,0,5,0
2021-03-12,10175,16,50,10091,34,0,0,5,0
2021-03-13,10178,15,48,10096,34,0,0,4,0
2021-03-14,10182,15,47,10100,35,0,0,4,0
2021-03-15,10185,15,46,10104,35,0,0,4,0
2021-03-16,10187,14,44,10108,35,0,0,4,0
2021-03-17,10190,14,43,10112,35,0,0,4,0
2021-03-18,10193,13,42,10116,35,0,0,4,0
2021-03-19,10196,13,41,10120,35,0,0,4,0
2021-03-20,10199,13,40,10124,35,0,0,4,0
2021-03-21,10200,12,38,10127,35,0,0,3,0
2021-03-22,10202,12,37,10130,35,0,0,3,0
2021-03-23,10205,11,36,10134,35,0,0,3,0
2021-03-24,10207,11,35,10137,35,0,0,3,0
2021-03-25,10209,11,34,10140,35,0,0,3,0
2021-03-26,10211,11,33,10143,35,0,0,3,0
2021-03-27,10213,10,32,10146,35,0,0,3,0
2021-03-28,10215,10,31,10149,35,0,0,3,0
2021-03-29,10217,10,30,10152,35,0,0,3,0
2021-03-30,10220,9,30,10155,35,0,0,3,0
2021-03-31,10221,9,29,10157,35,0,0,3,0
2021-04-01,10223,9,28,10160,35,0,0,3,0
2021-04-02,10224,9,27,10162,35,0,0,2,0
2021-04-03,10226,8,26,10165,35,0,0,2,0
2021-04-04,10228,8,26,10167,35,0,0,2,0
2021-04-05,10230,8,25,10170,35,0,0,2,0
2021-04-06,10231,8,24,10172,35,0,0,2,0
2021-04-07,10232,7,23,10174,35,0,0,2,0
2021-04-08,10234,7,23,10176,35,0,0,2,0
2021-04-09,10235,7,22,10178,35,0,0,2,0
2021-04-10,10236,7,21,10180,35,0,0,2,0
2021-04-11,10238,7,21,10182,35,0,0,2,0
2021-04-12,10239,6,20,10184,35,0,0,2,0
2021-04-13,10241,6,20,10186,35,0,0,2,0
2021-04-14,10241,6,19,10187,35,0,0,2,0
2021-04-15,10243,6,19,10189,35,0,0,2,0
2021-04-16,10244,6,18,10191,35,0,0,2,0
2021-04-17,10244,6,17,10192,35,0,0,2,0
2021-04-18,10246,5,17,10194,35,0,0,2,0
2021-04-19,10247,5,16,10196,35,0,0,1,0
2021-04-20,10248,5,16,10197,35,0,0,1,0
2021-04-21,10249,5,16,10198,35,0,0,1,0
2021-04-22,10250,5,15,10200,35,0,0,1,0
2021-04-23,10251,5,15,10201,35,0,0,1,0
2021-04-24,10252,4,14,10203,35,0,0,1,0
2021-04-25,10253,4,14,10204,35,0,0,1,0
2021-04-26,10253,4,13,10205,35,0,0,1,0
2021-04-27,10254,4,13,10206,35,0,0,1,0
2021-04-28,10255,4,13,10207,35,0,0,1,0
2021-04-29,10256,4,12,10209,35,0,0,1,0
2021-04-30,10257,4,12,10210,35,0,0,1,0
2021-05-01,10258,4,12,10211,35,0,0,1,0
2021-05-02,10258,4,11,10212,35,0,0,1,0
2021-05-03,10259,3,11,10213,35,0,0,1,0
2021-05-04,10260,3,11,10214,35,0,0,1,0
2021-05-05,10260,3,10,10215,35,0,0,1,0
2021-05-06,10261,3,10,10216,35,0,0,1,0
2021-05-07,10262,3,10,10217,35,0,0,1,0
2021-05-08,10261,3,9,10217,35,0,0,1,0
2021-05-09,10262,3,9,10218,35,0,0,1,0
2021-05-10,10263,3,9,10219,35,0,0,1,0
2021-05-11,10264,3,9,10220,35,0,0,1,0
2021-05-12,10264,3,8,10221,35,0,0,1,0
2021-05-13,10264,3,8,10221,35,0,0,1,0
2021-05-14,10265,2,8,10222,35,0,0,1,0
2021-05-15,10266,2,8,10223,35,0,0,1,0
2021-05-16,10265,2,7,10223,35,0,0,1,0
2021-05-17,10266,2,7,10224,35,0,0,1,0
2021-05-18,10267,2,7,10225,35,0,0,1,0
2021-05-19,10267,2,7,10225,35,0,0,1,0
2021-05-20,10268,2,7,10226,35,0,0,1,0
2021-05-21,10268,2,6,10227,35,0,0,1,0
2021-05-22,10268,2,6,10227,35,0,0,1,0
2021-05-23,10269,2,6,10228,35,0,0,1,0
2021-05-24,10269,2,6,10228,35,0,0,1,0
2021-05-25,10270,2,6,10229,35,0,0,1,0
2021-05-26,10270,2,6,10229,35,0,0,1,0
2021-05-27,10270,2,5,10230,35,0,0,0,0
2021-05-28,10270,2,5,10230,35,0,0,0,0
2021-05-29,10271,2,5,10231,35,0,0,0,0
2021-05-30,10271,2,5,10231,35,0,0,0,0
2021-05-31,10272,1,5,10232,35,0,0,0,0
2021-06-01,10272,1,5,10232,35,0,0,0,0
2021-06-02,10273,1,5,10233,35,0,0,0,0
2021-06-03,10272,1,4,10233,35,0,0,0,0
2021-06-04,10272,1,4,10233,35,0,0,0,0
2021-06-05,10273,1,4,10234,35,0,0,0,0
2021-06-06,10273,1,4,10234,35,0,0,0,0
2021-06-07,10273,1,4,10234,35,0,0,0,0
2021-06-08,10274,1,4,10235,35,0,0,0,0
2021-06-09,10274,1,4,10235,35,0,0,0,0
2021-06-10,10274,1,4,10235,35,0,0,0,0
2021-06-11,10274,1,3,10236,35,0,0,0,0
2021-06-12,10274,1,3,10236,35,0,0,0,0
2021-06-13,10274,1,3,10236,35,0,0,0,0
2021-06-14,10275,1,3,10237,35,0,0,0,0
2021-06-15,10275,1,3,10237,35,0,0,0,0
2021-06-16,10275,1,3,10237,35,0,0,0,0
2021-06-17,10276,1,3,10238,35,0,0,0,0
2021-06-18,10276,1,3,10238,35,0,0,0,0
