Date,Infected,Exposed,Active,Recovered,Deaths,Diff Exposed,Diff Active,Diff Recovered,Diff Deaths
2020-07-18,1050,237,201,848,1,0,28,18,0
2020-07-19,1094,212,226,867,1,0,21,21,0
2020-07-20,1134,194,245,888,1,0,16,22,0
2020-07-21,1171,181,259,911,1,0,12,24,0
2020-07-22,1206,171,270,935,1,0,9,25,0
2020-07-23,1239,163,278,960,1,0,7,25,0
2020-07-24,1271,158,284,985,2,0,5,26,0
2020-07-25,1302,154,289,1011,2,0,4,26,0
2020-07-26,1332,151,293,1037,2,0,3,27,0
2020-07-27,1361,149,295,1064,2,0,2,27,0
2020-07-28,1390,147,297,1091,2,0,2,27,0
2020-07-29,1419,146,299,1118,2,0,1,27,0
2020-07-30,1447,145,300,1145,2,0,1,27,0
2020-07-31,1477,145,302,1173,2,0,1,27,0
2020-08-01,1504,144,302,1200,2,0,1,27,0
2020-08-02,1532,144,303,1227,2,0,1,28,0
2020-08-03,1561,143,304,1255,2,0,1,28,0
2020-08-04,1589,143,304,1283,2,0,0,28,0
2020-08-05,1617,143,305,1310,2,0,0,28,0
2020-08-06,1645,143,305,1338,2,0,0,28,0
2020-08-07,1672,143,305,1365,2,0,0,28,0
2020-08-08,1700,142,305,1393,2,0,0,28,0
2020-08-09,1728,142,305,1421,2,0,0,28,0
2020-08-10,1757,142,306,1449,2,0,0,28,0
2020-08-11,1784,142,306,1476,2,0,0,28,0
2020-08-12,1812,142,306,1504,2,0,0,28,0
2020-08-13,1840,141,306,1532,2,0,0,28,0
2020-08-14,1867,141,305,1560,2,0,0,28,0
2020-08-15,1894,141,305,1587,2,0,0,28,0
2020-08-16,1922,141,305,1615,2,0,0,28,0
2020-08-17,1951,140,305,1643,3,0,0,28,0
2020-08-18,1978,140,305,1670,3,0,0,28,0
2020-08-19,2006,140,305,1698,3,0,0,28,0
2020-08-20,2033,140,304,1726,3,0,0,28,0
2020-08-21,2060,139,304,1753,3,0,0,28,0
2020-08-22,2088,139,304,1781,3,0,0,28,0
2020-08-23,2114,139,303,1808,3,0,0,28,0
2020-08-24,2142,138,303,1836,3,0,0,27,0
2020-08-25,2168,138,302,1863,3,0,0,27,0
2020-08-26,2196,137,302,1891,3,0,0,27,0
2020-08-27,2222,137,301,1918,3,0,0,27,0
2020-08-28,2250,137,301,1946,3,0,0,27,0
2020-08-29,2276,136,300,1973,3,0,0,27,0
2020-08-30,2303,136,300,2000,3,0,0,27,0
2020-08-31,2329,135,299,2027,3,0,0,27,0
2020-09-01,2355,135,298,2054,3,0,0,27,0
2020-09-02,2382,134,298,2081,3,0,0,27,0
2020-09-03,2408,134,297,2108,3,0,0,27,0
2020-09-04,2434,133,296,2135,3,0,0,27,0
2020-09-05,2460,133,295,2162,3,0,0,27,0
2020-09-06,2486,132,294,2189,3,0,0,27,0
2020-09-07,2513,132,294,2216,3,0,0,27,0
2020-09-08,2538,131,293,2242,3,0,0,27,0
2020-09-09,2565,130,292,2269,4,0,0,26,0
2020-09-10,2590,130,291,2295,4,0,0,26,0
2020-09-11,2616,129,290,2322,4,0,0,26,0
2020-09-12,2641,129,289,2348,4,0,0,26,0
2020-09-13,2666,128,288,2374,4,0,0,26,0
2020-09-14,2691,127,287,2400,4,0,0,26,0
2020-09-15,2716,127,286,2426,4,0,0,26,0
2020-09-16,2741,126,285,2452,4,0,0,26,0
2020-09-17,2765,126,283,2478,4,0,0,26,0
2020-09-18,2789,125,282,2503,4,0,0,26,0
2020-09-19,2814,124,281,2529,4,0,0,26,0
2020-09-20,2838,124,280,2554,4,0,0,25,0
2020-09-21,2863,123,279,2580,4,0,0,25,0
2020-09-22,2886,122,277,2605,4,0,0,25,0
2020-09-23,2910,121,276,2630,4,0,0,25,0
2020-09-24,2934,121,275,2655,4,0,0,25,0
2020-09-25,2958,120,274,2680,4,0,0,25,0
2020-09-26,2981,119,272,2705,4,0,0,25,0
2020-09-27,3005,119,271,2730,4,0,0,25,0
2020-09-28,3027,118,269,2754,4,0,0,24,0
2020-09-29,3051,117,268,2779,4,0,0,24,0
2020-09-30,3074,116,267,2803,4,0,0,24,0
2020-10-01,3096,116,265,2827,4,0,0,24,0
2020-10-02,3119,115,264,2851,4,0,0,24,0
2020-10-03,3141,114,262,2875,4,0,0,24,0
2020-10-04,3164,113,261,2899,4,0,0,24,0
2020-10-05,3186,113,259,2922,5,0,0,24,0
2020-10-06,3209,112,258,2946,5,0,0,23,0
2020-10-07,3230,111,256,2969,5,0,0,23,0
2020-10-08,3252,110,255,2992,5,0,0,23,0
2020-10-09,3273,109,253,3015,5,0,0,23,0
2020-10-10,3295,109,252,3038,5,0,0,23,0
2020-10-11,3316,108,250,3061,5,0,0,23,0
2020-10-12,3337,107,248,3084,5,0,0,23,0
2020-10-13,3358,106,247,3106,5,0,0,22,0
2020-10-14,3379,105,245,3129,5,0,0,22,0
2020-10-15,3400,105,244,3151,5,0,0,22,0
2020-10-16,3420,104,242,3173,5,0,0,22,0
2020-10-17,3440,103,240,3195,5,0,0,22,0
2020-10-18,3461,102,239,3217,5,0,0,22,0
2020-10-19,3480,101,237,3238,5,0,0,22,0
2020-10-20,3500,101,235,3260,5,0,0,21,0
2020-10-21,3520,100,234,3281,5,0,0,21,0
2020-10-22,3539,99,232,3302,5,0,0,21,0
2020-10-23,3558,98,230,3323,5,0,0,21,0
2020-10-24,3578,97,229,3344,5,0,0,21,0
2020-10-25,3597,96,227,3365,5,0,0,21,0
2020-10-26,3615,96,225,3385,5,0,0,20,0
2020-10-27,3634,95,223,3406,5,0,0,20,0
2020-10-28,3653,94,222,3426,5,0,0,20,0
2020-10-29,3671,93,220,3446,5,0,0,20,0
2020-10-30,3689,92,218,3466,5,0,0,20,0
2020-10-31,3707,92,217,3485,5,0,0,20,0
2020-11-01,3725,91,215,3505,5,0,0,19,0
2020-11-02,3743,90,213,3525,5,0,0,19,0
2020-11-03,3760,89,211,3544,5,0,0,19,0
2020-11-04,3779,88,210,3563,6,0,0,19,0
2020-11-05,3796,87,208,3582,6,0,0,19,0
2020-11-06,3813,87,206,3601,6,0,0,19,0
2020-11-07,3829,86,204,3619,6,0,0,19,0
2020-11-08,3847,85,203,3638,6,0,0,18,0
2020-11-09,3863,84,201,3656,6,0,0,18,0
2020-11-10,3879,83,199,3674,6,0,0,18,0
2020-11-11,3895,83,197,3692,6,0,0,18,0
2020-11-12,3912,82,196,3710,6,0,0,18,0
2020-11-13,3928,81,194,3728,6,0,0,18,0
2020-11-14,3943,80,192,3745,6,0,0,17,0
2020-11-15,3959,79,190,3763,6,0,0,17,0
2020-11-16,3975,79,189,3780,6,0,0,17,0
2020-11-17,3990,78,187,3797,6,0,0,17,0
2020-11-18,4005,77,185,3814,6,0,0,17,0
2020-11-19,4020,76,183,3831,6,0,0,17,0
2020-11-20,4035,76,182,3847,6,0,0,16,0
2020-11-21,4050,75,180,3864,6,0,0,16,0
2020-11-22,4064,74,178,3880,6,0,0,16,0
2020-11-23,4079,73,177,3896,6,0,0,16,0
2020-11-24,4093,72,175,3912,6,0,0,16,0
2020-11-25,4107,72,173,3928,6,0,0,16,0
2020-11-26,4122,71,172,3944,6,0,0,16,0
2020-11-27,4135,70,170,3959,6,0,0,15,0
2020-11-28,4149,69,168,3975,6,0,0,15,0
2020-11-29,4163,69,167,3990,6,0,0,15,0
2020-11-30,4176,68,165,4005,6,0,0,15,0
2020-12-01,4189,67,163,4020,6,0,0,15,0
2020-12-02,4202,67,162,4034,6,0,0,15,0
2020-12-03,4215,66,160,4049,6,0,0,15,0
2020-12-04,4228,65,158,4064,6,0,0,14,0
2020-12-05,4241,64,157,4078,6,0,0,14,0
2020-12-06,4253,64,155,4092,6,0,0,14,0
2020-12-07,4266,63,154,4106,6,0,0,14,0
2020-12-08,4278,62,152,4120,6,0,0,14,0
2020-12-09,4290,62,150,4134,6,0,0,14,0
2020-12-10,4302,61,149,4147,6,0,0,14,0
2020-12-11,4314,60,147,4161,6,0,0,13,0
2020-12-12,4326,60,146,4174,6,0,0,13,0
2020-12-13,4337,59,144,4187,6,0,0,13,0
2020-12-14,4349,58,143,4200,6,0,0,13,0
2020-12-15,4361,58,141,4213,7,0,0,13,0
2020-12-16,4372,57,139,4226,7,0,0,13,0
2020-12-17,4383,56,138,4238,7,0,0,13,0
2020-12-18,4394,56,136,4251,7,0,0,12,0
2020-12-19,4405,55,135,4263,7,0,0,12,0
2020-12-20,4415,54,133,4275,7,0,0,12,0
2020-12-21,4427,54,132,4288,7,0,0,12,0
2020-12-22,4437,53,131,4299,7,0,0,12,0
2020-12-23,4447,52,129,4311,7,0,0,12,0
2020-12-24,4458,52,128,4323,7,0,0,12,0
2020-12-25,4467,51,126,4334,7,0,0,11,0
2020-12-26,4478,51,125,4346,7,0,0,11,0
2020-12-27,4487,50,123,4357,7,0,0,11,0
2020-12-28,4497,49,122,4368,7,0,0,11,0
2020-12-29,4507,49,121,4379,7,0,0,11,0
2020-12-30,4516,48,119,4390,7,0,0,11,0
2020-12-31,4526,48,118,4401,7,0,0,11,0
2021-01-01,4535,47,116,4412,7,0,0,11,0
2021-01-02,4544,47,115,4422,7,0,0,10,0
2021-01-03,4554,46,114,4433,7,0,0,10,0
2021-01-04,4562,45,112,4443,7,0,0,10,0
2021-01-05,4571,45,111,4453,7,0,0,10,0
2021-01-06,4580,44,110,4463,7,0,0,10,0
2021-01-07,4589,44,109,4473,7,0,0,10,0
2021-01-08,4597,43,107,4483,7,0,0,10,0
2021-01-09,4605,43,106,4492,7,0,0,10,0
2021-01-10,4614,42,105,4502,7,0,0,10,0
2021-01-11,4622,42,103,4512,7,0,0,9,0
2021-01-12,4630,41,102,4521,7,0,0,9,0
2021-01-13,4638,41,101,4530,7,0,0,9,0
2021-01-14,4646,40,100,4539,7,0,0,9,0
2021-01-15,4654,40,99,4548,7,0,0,9,0
2021-01-16,4661,39,97,4557,7,0,0,9,0
2021-01-17,4669,39,96,4566,7,0,0,9,0
2021-01-18,4677,38,95,4575,7,0,0,9,0
2021-01-19,4684,38,94,4583,7,0,0,9,0
2021-01-20,4692,37,93,4592,7,0,0,8,0
2021-01-21,4699,37,92,4600,7,0,0,8,0
2021-01-22,4706,36,91,4608,7,0,0,8,0
2021-01-23,4713,36,89,4617,7,0,0,8,0
2021-01-24,4720,35,88,4625,7,0,0,8,0
2021-01-25,4727,35,87,4633,7,0,0,8,0
2021-01-26,4734,34,86,4641,7,0,0,8,0
2021-01-27,4740,34,85,4648,7,0,0,8,0
2021-01-28,4747,34,84,4656,7,0,0,8,0
2021-01-29,4754,33,83,4664,7,0,0,8,0
2021-01-30,4760,33,82,4671,7,0,0,7,0
2021-01-31,4766,32,81,4678,7,0,0,7,0
2021-02-01,4773,32,80,4686,7,0,0,7,0
2021-02-02,4779,31,79,4693,7,0,0,7,0
2021-02-03,4785,31,78,4700,7,0,0,7,0
2021-02-04,4791,31,77,4707,7,0,0,7,0
2021-02-05,4797,30,76,4714,7,0,0,7,0
2021-02-06,4803,30,75,4721,7,0,0,7,0
2021-02-07,4809,29,74,4728,7,0,0,7,0
2021-02-08,4814,29,73,4734,7,0,0,7,0
2021-02-09,4820,29,72,4741,7,0,0,7,0
2021-02-10,4826,28,71,4748,7,0,0,6,0
2021-02-11,4831,28,70,4754,7,0,0,6,0
2021-02-12,4836,28,69,4760,7,0,0,6,0
2021-02-13,4842,27,68,4767,7,0,0,6,0
2021-02-14,4848,27,68,4773,7,0,0,6,0
2021-02-15,4853,27,67,4779,7,0,0,6,0
2021-02-16,4858,26,66,4785,7,0,0,6,0
2021-02-17,4863,26,65,4791,7,0,0,6,0
2021-02-18,4868,25,64,4797,7,0,0,6,0
2021-02-19,4872,25,63,4802,7,0,0,6,0
2021-02-20,4878,25,63,4808,7,0,0,6,0
2021-02-21,4883,24,62,4814,7,0,0,6,0
2021-02-22,4887,24,61,4819,7,0,0,6,0
2021-02-23,4892,24,60,4825,7,0,0,5,0
2021-02-24,4896,24,59,4830,7,0,0,5,0
2021-02-25,4902,23,59,4836,7,0,0,5,0
2021-02-26,4906,23,58,4841,7,0,0,5,0
2021-02-27,4910,23,57,4846,7,0,0,5,0
2021-02-28,4914,22,56,4851,7,0,0,5,0
2021-03-01,4918,22,55,4856,7,0,0,5,0
2021-03-02,4924,22,55,4861,8,0,0,5,0
2021-03-03,4928,21,54,4866,8,0,0,5,0
2021-03-04,4932,21,53,4871,8,0,0,5,0
2021-03-05,4937,21,53,4876,8,0,0,5,0
2021-03-06,4941,21,52,4881,8,0,0,5,0
2021-03-07,4945,20,51,4886,8,0,0,5,0
2021-03-08,4949,20,51,4890,8,0,0,5,0
2021-03-09,4953,20,50,4895,8,0,0,5,0
2021-03-10,4956,19,49,4899,8,0,0,4,0
2021-03-11,4961,19,49,4904,8,0,0,4,0
2021-03-12,4964,19,48,4908,8,0,0,4,0
2021-03-13,4967,19,47,4912,8,0,0,4,0
2021-03-14,4972,18,47,4917,8,0,0,4,0
2021-03-15,4975,18,46,4921,8,0,0,4,0
2021-03-16,4978,18,45,4925,8,0,0,4,0
2021-03-17,4982,18,45,4929,8,0,0,4,0
2021-03-18,4985,17,44,4933,8,0,0,4,0
2021-03-19,4989,17,44,4937,8,0,0,4,0
2021-03-20,4992,17,43,4941,8,0,0,4,0
2021-03-21,4995,17,42,4945,8,0,0,4,0
2021-03-22,4999,16,42,4949,8,0,0,4,0
2021-03-23,5002,16,41,4953,8,0,0,4,0
2021-03-24,5005,16,41,4956,8,0,0,4,0
2021-03-25,5008,16,40,4960,8,0,0,4,0
2021-03-26,5012,16,40,4964,8,0,0,4,0
2021-03-27,5014,15,39,4967,8,0,0,4,0
2021-03-28,5018,15,39,4971,8,0,0,3,0
2021-03-29,5020,15,38,4974,8,0,0,3,0
2021-03-30,5023,15,37,4978,8,0,0,3,0
2021-03-31,5026,15,37,4981,8,0,0,3,0
2021-04-01,5028,14,36,4984,8,0,0,3,0
2021-04-02,5032,14,36,4988,8,0,0,3,0
2021-04-03,5034,14,35,4991,8,0,0,3,0
2021-04-04,5037,14,35,4994,8,0,0,3,0
2021-04-05,5039,14,34,4997,8,0,0,3,0
2021-04-06,5042,13,34,5000,8,0,0,3,0
2021-04-07,5045,13,34,5003,8,0,0,3,0
2021-04-08,5047,13,33,5006,8,0,0,3,0
2021-04-09,5050,13,33,5009,8,0,0,3,0
2021-04-10,5052,13,32,5012,8,0,0,3,0
2021-04-11,5055,12,32,5015,8,0,0,3,0
2021-04-12,5057,12,31,5018,8,0,0,3,0
2021-04-13,5060,12,31,5021,8,0,0,3,0
2021-04-14,5062,12,30,5024,8,0,0,3,0
2021-04-15,5064,12,30,5026,8,0,0,3,0
2021-04-16,5067,12,30,5029,8,0,0,3,0
2021-04-17,5069,11,29,5032,8,0,0,3,0
2021-04-18,5071,11,29,5034,8,0,0,3,0
2021-04-19,5073,11,28,5037,8,0,0,3,0
2021-04-20,5076,11,28,5040,8,0,0,3,0
2021-04-21,5078,11,28,5042,8,0,0,3,0
2021-04-22,5080,11,27,5045,8,0,0,2,0
2021-04-23,5082,11,27,5047,8,0,0,2,0
2021-04-24,5084,10,26,5050,8,0,0,2,0
2021-04-25,5086,10,26,5052,8,0,0,2,0
2021-04-26,5088,10,26,5054,8,0,0,2,0
2021-04-27,5090,10,25,5057,8,0,0,2,0
2021-04-28,5092,10,25,5059,8,0,0,2,0
2021-04-29,5094,10,25,5061,8,0,0,2,0
2021-04-30,5095,10,24,5063,8,0,0,2,0
2021-05-01,5098,9,24,5066,8,0,0,2,0
2021-05-02,5100,9,24,5068,8,0,0,2,0
2021-05-03,5101,9,23,5070,8,0,0,2,0
2021-05-04,5103,9,23,5072,8,0,0,2,0
2021-05-05,5105,9,23,5074,8,0,0,2,0
2021-05-06,5106,9,22,5076,8,0,0,2,0
2021-05-07,5108,9,22,5078,8,0,0,2,0
2021-05-08,5110,9,22,5080,8,0,0,2,0
2021-05-09,5111,8,21,5082,8,0,0,2,0
2021-05-10,5113,8,21,5084,8,0,0,2,0
2021-05-11,5115,8,21,5086,8,0,0,2,0
2021-05-12,5117,8,21,5088,8,0,0,2,0
2021-05-13,5118,8,20,5090,8,0,0,2,0
2021-05-14,5119,8,20,5091,8,0,0,2,0
2021-05-15,5121,8,20,5093,8,0,0,2,0
2021-05-16,5122,8,19,5095,8,0,0,2,0
2021-05-17,5124,7,19,5097,8,0,0,2,0
2021-05-18,5125,7,19,5098,8,0,0,2,0
2021-05-19,5127,7,19,5100,8,0,0,2,0
2021-05-20,5128,7,18,5102,8,0,0,2,0
2021-05-21,5130,7,18,5104,8,0,0,2,0
2021-05-22,5131,7,18,5105,8,0,0,2,0
2021-05-23,5133,7,18,5107,8,0,0,2,0
2021-05-24,5133,7,17,5108,8,0,0,2,0
2021-05-25,5135,7,17,5110,8,0,0,2,0
2021-05-26,5136,7,17,5111,8,0,0,2,0
2021-05-27,5138,6,17,5113,8,0,0,2,0
2021-05-28,5138,6,16,5114,8,0,0,1,0
2021-05-29,5140,6,16,5116,8,0,0,1,0
2021-05-30,5141,6,16,5117,8,0,0,1,0
2021-05-31,5143,6,16,5119,8,0,0,1,0
2021-06-01,5143,6,15,5120,8,0,0,1,0
2021-06-02,5145,6,15,5122,8,0,0,1,0
2021-06-03,5146,6,15,5123,8,0,0,1,0
2021-06-04,5147,6,15,5124,8,0,0,1,0
2021-06-05,5149,6,15,5126,8,0,0,1,0
2021-06-06,5149,6,14,5127,8,0,0,1,0
2021-06-07,5150,6,14,5128,8,0,0,1,0
2021-06-08,5152,5,14,5130,8,0,0,1,0
2021-06-09,5153,5,14,5131,8,0,0,1,0
2021-06-10,5154,5,14,5132,8,0,0,1,0
2021-06-11,5154,5,13,5133,8,0,0,1,0
2021-06-12,5156,5,13,5135,8,0,0,1,0
2021-06-13,5157,5,13,5136,8,0,0,1,0
2021-06-14,5158,5,13,5137,8,0,0,1,0
2021-06-15,5159,5,13,5138,8,0,0,1,0
2021-06-16,5159,5,12,5139,8,0,0,1,0
2021-06-17,5160,5,12,5140,8,0,0,1,0
2021-06-18,5161,5,12,5141,8,0,0,1,0
2021-06-19,5162,5,12,5142,8,0,0,1,0
2021-06-20,5164,5,12,5144,8,0,0,1,0
2021-06-21,5165,5,12,5145,8,0,0,1,0
2021-06-22,5165,4,11,5146,8,0,0,1,0
2021-06-23,5166,4,11,5147,8,0,0,1,0
2021-06-24,5167,4,11,5148,8,0,0,1,0
2021-06-25,5168,4,11,5149,8,0,0,1,0
2021-06-26,5169,4,11,5150,8,0,0,1,0
2021-06-27,5170,4,11,5151,8,0,0,1,0
2021-06-28,5170,4,10,5152,8,0,0,1,0
2021-06-29,5171,4,10,5153,8,0,0,1,0
2021-06-30,5172,4,10,5154,8,0,0,1,0
2021-07-01,5172,4,10,5154,8,0,0,1,0
2021-07-02,5173,4,10,5155,8,0,0,1,0
2021-07-03,5174,4,10,5156,8,0,0,1,0
2021-07-04,5175,4,10,5157,8,0,0,1,0
2021-07-05,5175,4,9,5158,8,0,0,1,0
2021-07-06,5176,4,9,5159,8,0,0,1,0
2021-07-07,5177,4,9,5160,8,0,0,1,0
2021-07-08,5178,4,9,5161,8,0,0,1,0
2021-07-09,5178,3,9,5161,8,0,0,1,0
2021-07-10,5179,3,9,5162,8,0,0,1,0
2021-07-11,5180,3,9,5163,8,0,0,1,0
2021-07-12,5181,3,9,5164,8,0,0,1,0
2021-07-13,5180,3,8,5164,8,0,0,1,0
