Date,Infected,Exposed,Active,Recovered,Deaths,Diff Exposed,Diff Active,Diff Recovered,Diff Deaths
2020-07-12,1408,293,296,1104,8,0,31,27,0
2020-07-13,1464,273,324,1132,8,0,24,29,0
2020-07-14,1517,260,346,1162,9,0,19,31,0
2020-07-15,1566,251,364,1193,9,0,16,33,0
2020-07-16,1615,246,379,1227,9,0,14,34,0
2020-07-17,1663,243,392,1262,9,0,12,35,0
2020-07-18,1711,242,404,1297,10,0,11,36,0
2020-07-19,1758,242,414,1334,10,1,10,37,0
2020-07-20,1806,244,424,1372,10,2,9,38,0
2020-07-21,1853,246,433,1410,10,2,9,39,0
2020-07-22,1903,248,442,1450,11,3,9,40,0
2020-07-23,1951,252,450,1490,11,3,8,41,0
2020-07-24,2001,255,459,1531,11,4,8,41,0
2020-07-25,2051,259,467,1572,12,4,8,42,0
2020-07-26,2102,262,475,1615,12,4,8,43,0
2020-07-27,2153,266,483,1658,12,4,8,44,0
2020-07-28,2207,271,492,1702,13,4,8,44,0
2020-07-29,2260,275,500,1747,13,4,8,45,0
2020-07-30,2314,279,509,1792,13,4,9,46,0
2020-07-31,2369,284,517,1838,14,4,9,47,0
2020-08-01,2425,288,526,1885,14,5,9,47,0
2020-08-02,2481,293,534,1933,14,5,9,48,0
2020-08-03,2539,297,543,1981,15,5,9,49,0
2020-08-04,2598,302,552,2031,15,5,9,50,0
2020-08-05,2657,307,561,2081,15,5,9,51,0
2020-08-06,2719,312,571,2132,16,5,9,51,0
2020-08-07,2780,317,580,2184,16,5,9,52,0
2020-08-08,2842,322,589,2236,17,5,9,53,0
2020-08-09,2906,327,599,2290,17,5,10,54,0
2020-08-10,2969,332,608,2344,17,5,10,55,0
2020-08-11,3035,337,618,2399,18,5,10,56,0
2020-08-12,3101,342,628,2455,18,5,10,57,0
2020-08-13,3169,347,638,2512,19,5,10,58,0
2020-08-14,3237,352,648,2570,19,5,10,58,0
2020-08-15,3307,358,658,2629,20,5,10,59,0
2020-08-16,3378,363,669,2689,20,5,10,60,0
2020-08-17,3449,369,679,2750,20,5,11,61,0
2020-08-18,3522,374,690,2811,21,6,11,62,0
2020-08-19,3596,380,701,2874,21,6,11,63,0
2020-08-20,3670,385,711,2937,22,6,11,64,0
2020-08-21,3746,391,722,3002,22,6,11,65,0
2020-08-22,3824,397,733,3068,23,6,11,66,0
2020-08-23,3902,403,745,3134,23,6,11,67,0
2020-08-24,3982,408,756,3202,24,6,11,68,1
2020-08-25,4061,414,767,3270,24,6,11,69,1
2020-08-26,4144,420,779,3340,25,6,12,70,1
2020-08-27,4226,426,790,3411,25,6,12,71,1
2020-08-28,4310,432,802,3482,26,6,12,72,1
2020-08-29,4395,438,814,3555,26,6,12,73,1
2020-08-30,4482,444,826,3629,27,6,12,75,1
2020-08-31,4570,450,838,3704,28,6,12,76,1
2020-09-01,4658,457,850,3780,28,6,12,77,1
2020-09-02,4749,463,863,3857,29,6,12,78,1
2020-09-03,4839,469,875,3935,29,6,12,79,1
2020-09-04,4932,476,887,4015,30,6,13,80,1
2020-09-05,5025,482,900,4095,30,6,13,81,1
2020-09-06,5121,488,913,4177,31,6,13,82,1
2020-09-07,5218,495,926,4260,32,6,13,84,1
2020-09-08,5314,501,938,4344,32,6,13,85,1
2020-09-09,5413,508,951,4429,33,7,13,86,1
2020-09-10,5513,514,964,4515,34,7,13,87,1
2020-09-11,5614,521,978,4602,34,7,13,88,1
2020-09-12,5717,527,991,4691,35,7,13,89,1
2020-09-13,5821,534,1004,4781,36,7,13,91,1
2020-09-14,5926,541,1018,4872,36,7,13,92,1
2020-09-15,6032,547,1031,4964,37,7,14,93,1
2020-09-16,6141,554,1045,5058,38,7,14,94,1
2020-09-17,6249,561,1058,5153,38,7,14,96,1
2020-09-18,6360,567,1072,5249,39,7,14,97,1
2020-09-19,6472,574,1086,5346,40,7,14,98,1
2020-09-20,6584,581,1100,5444,40,7,14,99,1
2020-09-21,6699,587,1114,5544,41,7,14,100,1
2020-09-22,6815,594,1128,5645,42,7,14,102,1
2020-09-23,6932,601,1142,5747,43,7,14,103,1
2020-09-24,7050,608,1156,5851,43,7,14,104,1
2020-09-25,7169,614,1170,5955,44,7,14,106,1
2020-09-26,7290,621,1184,6061,45,7,14,107,1
2020-09-27,7413,628,1198,6169,46,7,14,108,1
2020-09-28,7536,635,1212,6277,47,7,14,109,1
2020-09-29,7661,641,1227,6387,47,7,14,111,1
2020-09-30,7787,648,1241,6498,48,7,14,112,1
2020-10-01,7915,655,1255,6611,49,7,14,113,1
2020-10-02,8044,661,1269,6725,50,7,14,115,1
2020-10-03,8175,668,1284,6840,51,7,14,116,1
2020-10-04,8306,675,1298,6956,52,7,14,117,1
2020-10-05,8439,681,1312,7074,53,7,14,118,1
2020-10-06,8572,688,1327,7192,53,7,14,120,1
2020-10-07,8708,694,1341,7313,54,7,14,121,1
2020-10-08,8844,701,1355,7434,55,6,14,122,1
2020-10-09,8982,707,1369,7557,56,6,14,124,1
2020-10-10,9121,714,1383,7681,57,6,14,125,1
2020-10-11,9262,720,1398,7806,58,6,14,126,1
2020-10-12,9404,726,1412,7933,59,6,14,127,1
2020-10-13,9547,733,1426,8061,60,6,14,129,1
2020-10-14,9691,739,1440,8190,61,6,14,130,1
2020-10-15,9836,745,1454,8320,62,6,14,131,1
2020-10-16,9983,751,1468,8452,63,6,14,132,1
2020-10-17,10131,757,1482,8585,64,6,14,134,1
2020-10-18,10279,763,1495,8719,65,6,14,135,1
2020-10-19,10429,769,1509,8854,66,6,14,136,1
2020-10-20,10581,775,1523,8991,67,6,14,137,1
2020-10-21,10733,781,1536,9129,68,6,13,139,1
2020-10-22,10886,786,1549,9268,69,6,13,140,1
2020-10-23,11041,792,1563,9408,70,6,13,141,1
2020-10-24,11197,797,1576,9550,71,5,13,142,1
2020-10-25,11353,803,1589,9692,72,5,13,143,1
2020-10-26,11511,808,1602,9836,73,5,13,145,1
2020-10-27,11669,813,1614,9981,74,5,13,146,1
2020-10-28,11829,818,1627,10127,75,5,13,147,1
2020-10-29,11989,823,1639,10274,76,5,12,148,1
2020-10-30,12152,828,1652,10423,77,5,12,149,1
2020-10-31,12315,833,1664,10572,79,5,12,150,1
2020-11-01,12479,837,1676,10723,80,5,12,151,1
2020-11-02,12643,842,1688,10874,81,4,12,152,1
2020-11-03,12808,846,1699,11027,82,4,11,153,1
2020-11-04,12975,851,1711,11181,83,4,11,154,1
2020-11-05,13142,855,1722,11336,84,4,11,155,1
2020-11-06,13309,859,1733,11491,85,4,11,156,1
2020-11-07,13479,863,1744,11648,87,4,11,157,1
2020-11-08,13648,867,1754,11806,88,4,10,158,1
2020-11-09,13818,870,1765,11964,89,4,10,159,1
2020-11-10,13989,874,1775,12124,90,3,10,160,1
2020-11-11,14160,877,1785,12284,91,3,10,161,1
2020-11-12,14332,880,1794,12446,92,3,9,162,1
2020-11-13,14506,883,1804,12608,94,3,9,163,1
2020-11-14,14679,886,1813,12771,95,3,9,164,1
2020-11-15,14853,889,1822,12935,96,3,9,164,1
2020-11-16,15027,892,1830,13100,97,3,8,165,1
2020-11-17,15203,894,1839,13265,99,2,8,166,1
2020-11-18,15378,897,1847,13431,100,2,8,167,1
2020-11-19,15554,899,1855,13598,101,2,8,167,1
2020-11-20,15730,901,1862,13766,102,2,7,168,1
2020-11-21,15907,903,1869,13934,104,2,7,169,1
2020-11-22,16084,904,1876,14103,105,2,7,169,1
2020-11-23,16262,906,1883,14273,106,1,6,170,1
2020-11-24,16439,907,1889,14443,107,1,6,170,1
2020-11-25,16617,909,1895,14613,109,1,6,171,1
2020-11-26,16796,910,1901,14785,110,1,6,172,1
2020-11-27,16973,910,1906,14956,111,1,5,172,1
2020-11-28,17151,911,1911,15128,112,1,5,172,1
2020-11-29,17331,912,1916,15301,114,0,5,173,1
2020-11-30,17510,912,1921,15474,115,0,4,173,1
2020-12-01,17689,912,1925,15648,116,0,4,174,1
2020-12-02,17868,913,1929,15821,118,0,4,174,1
2020-12-03,18047,912,1932,15996,119,0,3,174,1
2020-12-04,18225,912,1935,16170,120,0,3,175,1
2020-12-05,18404,912,1938,16345,121,0,3,175,1
2020-12-06,18584,911,1941,16520,123,0,2,175,1
2020-12-07,18762,910,1943,16695,124,0,2,175,1
2020-12-08,18939,910,1944,16870,125,0,2,175,1
2020-12-09,19119,908,1946,17046,127,0,1,176,1
2020-12-10,19296,907,1947,17221,128,0,1,176,1
2020-12-11,19474,906,1948,17397,129,0,1,176,1
2020-12-12,19652,904,1948,17573,131,0,0,176,1
2020-12-13,19829,903,1948,17749,132,0,0,176,1
2020-12-14,20006,901,1948,17925,133,0,0,176,1
2020-12-15,20182,899,1947,18100,135,0,0,176,1
2020-12-16,20358,897,1946,18276,136,0,0,176,1
2020-12-17,20534,894,1945,18452,137,0,0,176,1
2020-12-18,20709,892,1944,18627,138,0,0,175,1
2020-12-19,20884,889,1942,18802,140,0,0,175,1
2020-12-20,21058,886,1939,18978,141,0,0,175,1
2020-12-21,21232,884,1937,19153,142,0,0,175,1
2020-12-22,21405,881,1934,19327,144,0,0,175,1
2020-12-23,21578,877,1931,19502,145,0,0,174,1
2020-12-24,21749,874,1927,19676,146,0,0,174,1
2020-12-25,21920,871,1923,19849,148,0,0,174,1
2020-12-26,22091,867,1919,20023,149,0,0,173,1
2020-12-27,22260,863,1914,20196,150,0,0,173,1
2020-12-28,22428,859,1909,20368,151,0,0,172,1
2020-12-29,22598,855,1904,20541,153,0,0,172,1
2020-12-30,22765,851,1899,20712,154,0,0,171,1
2020-12-31,22931,847,1893,20883,155,0,0,171,1
2021-01-01,23097,843,1887,21054,156,0,0,170,1
2021-01-02,23262,838,1880,21224,158,0,0,170,1
2021-01-03,23426,834,1874,21393,159,0,0,169,1
2021-01-04,23589,829,1867,21562,160,0,0,168,1
2021-01-05,23753,824,1860,21731,162,0,0,168,1
2021-01-06,23913,820,1852,21898,163,0,0,167,1
2021-01-07,24073,815,1844,22065,164,0,0,166,1
2021-01-08,24232,810,1836,22231,165,0,0,166,1
2021-01-09,24391,804,1828,22397,166,0,0,165,1
2021-01-10,24548,799,1819,22561,168,0,0,164,1
2021-01-11,24705,794,1811,22725,169,0,0,163,1
2021-01-12,24860,788,1802,22888,170,0,0,163,1
2021-01-13,25013,783,1792,23050,171,0,0,162,1
2021-01-14,25168,777,1783,23212,173,0,0,161,1
2021-01-15,25319,772,1773,23372,174,0,0,160,1
2021-01-16,25470,766,1763,23532,175,0,0,159,1
2021-01-17,25620,760,1753,23691,176,0,0,158,1
2021-01-18,25769,754,1743,23849,177,0,0,157,1
2021-01-19,25916,748,1732,24006,178,0,0,156,1
2021-01-20,26062,742,1721,24161,180,0,0,155,1
2021-01-21,26207,736,1710,24316,181,0,0,154,1
2021-01-22,26351,730,1699,24470,182,0,0,153,1
2021-01-23,26494,724,1688,24623,183,0,0,152,1
2021-01-24,26635,718,1676,24775,184,0,0,151,1
2021-01-25,26776,712,1665,24926,185,0,0,150,1
2021-01-26,26915,706,1653,25076,186,0,0,149,1
2021-01-27,27053,699,1641,25225,187,0,0,148,1
2021-01-28,27190,693,1629,25372,189,0,0,147,1
2021-01-29,27325,687,1616,25519,190,0,0,146,1
2021-01-30,27459,680,1604,25664,191,0,0,145,1
2021-01-31,27593,674,1592,25809,192,0,0,144,1
2021-02-01,27724,667,1579,25952,193,0,0,142,1
2021-02-02,27854,661,1566,26094,194,0,0,141,1
2021-02-03,27983,654,1553,26235,195,0,0,140,1
2021-02-04,28110,648,1540,26374,196,0,0,139,1
2021-02-05,28237,641,1527,26513,197,0,0,138,1
2021-02-06,28362,635,1514,26650,198,0,0,137,1
2021-02-07,28487,628,1501,26787,199,0,0,135,1
2021-02-08,28610,622,1488,26922,200,0,0,134,1
2021-02-09,28730,615,1474,27055,201,0,0,133,1
2021-02-10,28851,609,1461,27188,202,0,0,132,1
2021-02-11,28969,602,1447,27319,203,0,0,131,1
2021-02-12,29088,596,1434,27450,204,0,0,129,1
2021-02-13,29203,589,1420,27578,205,0,0,128,1
2021-02-14,29319,583,1407,27706,206,0,0,127,1
2021-02-15,29433,576,1393,27833,207,0,0,126,1
2021-02-16,29545,570,1379,27958,208,0,0,124,1
2021-02-17,29657,563,1366,28082,209,0,0,123,1
2021-02-18,29767,557,1352,28205,210,0,0,122,1
2021-02-19,29875,550,1338,28326,211,0,0,121,1
2021-02-20,29982,544,1324,28447,211,0,0,120,1
2021-02-21,30089,537,1311,28566,212,0,0,118,1
2021-02-22,30193,531,1297,28683,213,0,0,117,1
2021-02-23,30297,525,1283,28800,214,0,0,116,1
2021-02-24,30399,518,1269,28915,215,0,0,115,1
2021-02-25,30501,512,1256,29029,216,0,0,113,1
2021-02-26,30601,506,1242,29142,217,0,0,112,1
2021-02-27,30699,500,1228,29254,217,0,0,111,1
2021-02-28,30796,493,1214,29364,218,0,0,110,1
2021-03-01,30893,487,1201,29473,219,0,0,108,1
2021-03-02,30988,481,1187,29581,220,0,0,107,1
2021-03-03,31083,475,1174,29688,221,0,0,106,1
2021-03-04,31174,469,1160,29793,221,0,0,105,1
2021-03-05,31267,463,1147,29898,222,0,0,103,1
2021-03-06,31357,457,1133,30001,223,0,0,102,1
2021-03-07,31446,451,1120,30102,224,0,0,101,1
2021-03-08,31533,445,1106,30203,224,0,0,100,1
2021-03-09,31620,439,1093,30302,225,0,0,99,1
2021-03-10,31707,433,1080,30401,226,0,0,97,1
2021-03-11,31792,428,1067,30498,227,0,0,96,1
2021-03-12,31874,422,1054,30593,227,0,0,95,1
2021-03-13,31957,416,1041,30688,228,0,0,94,1
2021-03-14,32038,411,1028,30781,229,0,0,93,1
2021-03-15,32118,405,1015,30874,229,0,0,92,1
2021-03-16,32197,399,1002,30965,230,0,0,90,1
2021-03-17,32275,394,989,31055,231,0,0,89,1
2021-03-18,32351,388,976,31144,231,0,0,88,1
2021-03-19,32427,383,964,31231,232,0,0,87,1
2021-03-20,32502,378,951,31318,233,0,0,86,1
2021-03-21,32575,372,939,31403,233,0,0,85,1
2021-03-22,32649,367,927,31488,234,0,0,84,1
2021-03-23,32720,362,914,31571,235,0,0,83,1
2021-03-24,32790,357,902,31653,235,0,0,81,1
2021-03-25,32860,352,890,31734,236,0,0,80,1
2021-03-26,32928,347,878,31814,236,0,0,79,1
2021-03-27,32997,342,867,31893,237,0,0,78,1
2021-03-28,33064,337,855,31971,238,0,0,77,1
2021-03-29,33128,332,843,32047,238,0,0,76,1
2021-03-30,33194,327,832,32123,239,0,0,75,1
2021-03-31,33257,322,820,32198,239,0,0,74,1
2021-04-01,33320,317,809,32271,240,0,0,73,1
2021-04-02,33382,313,798,32344,240,0,0,72,1
2021-04-03,33442,308,786,32415,241,0,0,71,1
2021-04-04,33502,304,775,32486,241,0,0,70,1
2021-04-05,33562,299,764,32556,242,0,0,69,1
2021-04-06,33620,295,754,32624,242,0,0,68,1
2021-04-07,33678,290,743,32692,243,0,0,67,0
2021-04-08,33734,286,732,32759,243,0,0,66,0
2021-04-09,33790,281,722,32824,244,0,0,65,0
2021-04-10,33844,277,711,32889,244,0,0,64,0
2021-04-11,33899,273,701,32953,245,0,0,63,0
2021-04-12,33952,269,691,33016,245,0,0,62,0
2021-04-13,34005,265,681,33078,246,0,0,61,0
2021-04-14,34056,261,671,33139,246,0,0,61,0
2021-04-15,34107,257,661,33199,247,0,0,60,0
2021-04-16,34157,253,651,33259,247,0,0,59,0
2021-04-17,34207,249,642,33317,248,0,0,58,0
2021-04-18,34255,245,632,33375,248,0,0,57,0
2021-04-19,34302,241,623,33431,248,0,0,56,0
2021-04-20,34350,237,614,33487,249,0,0,55,0
2021-04-21,34395,234,604,33542,249,0,0,55,0
2021-04-22,34442,230,595,33597,250,0,0,54,0
2021-04-23,34486,226,586,33650,250,0,0,53,0
2021-04-24,34530,223,577,33703,250,0,0,52,0
2021-04-25,34574,219,569,33754,251,0,0,51,0
2021-04-26,34616,216,560,33805,251,0,0,51,0
2021-04-27,34659,212,551,33856,252,0,0,50,0
2021-04-28,34700,209,543,33905,252,0,0,49,0
2021-04-29,34741,206,535,33954,252,0,0,48,0
2021-04-30,34781,202,526,34002,253,0,0,47,0
2021-05-01,34820,199,518,34049,253,0,0,47,0
2021-05-02,34858,196,510,34095,253,0,0,46,0
2021-05-03,34897,193,502,34141,254,0,0,45,0
2021-05-04,34934,190,494,34186,254,0,0,45,0
2021-05-05,34972,187,487,34231,254,0,0,44,0
2021-05-06,35008,184,479,34274,255,0,0,43,0
2021-05-07,35044,181,472,34317,255,0,0,43,0
2021-05-08,35079,178,464,34360,255,0,0,42,0
2021-05-09,35114,175,457,34401,256,0,0,41,0
2021-05-10,35148,172,450,34442,256,0,0,41,0
2021-05-11,35180,169,442,34482,256,0,0,40,0
2021-05-12,35214,166,435,34522,257,0,0,39,0
2021-05-13,35247,164,429,34561,257,0,0,39,0
2021-05-14,35279,161,422,34600,257,0,0,38,0
2021-05-15,35310,158,415,34638,257,0,0,37,0
2021-05-16,35341,156,408,34675,258,0,0,37,0
2021-05-17,35371,153,402,34711,258,0,0,36,0
2021-05-18,35400,151,395,34747,258,0,0,36,0
2021-05-19,35431,148,389,34783,259,0,0,35,0
2021-05-20,35460,146,383,34818,259,0,0,35,0
2021-05-21,35487,143,376,34852,259,0,0,34,0
2021-05-22,35515,141,370,34886,259,0,0,33,0
2021-05-23,35543,139,364,34919,260,0,0,33,0
2021-05-24,35570,136,358,34952,260,0,0,32,0
2021-05-25,35597,134,353,34984,260,0,0,32,0
2021-05-26,35622,132,347,35015,260,0,0,31,0
2021-05-27,35648,129,341,35047,260,0,0,31,0
2021-05-28,35674,127,336,35077,261,0,0,30,0
2021-05-29,35698,125,330,35107,261,0,0,30,0
2021-05-30,35723,123,325,35137,261,0,0,29,0
2021-05-31,35746,121,319,35166,261,0,0,29,0
2021-06-01,35771,119,314,35195,262,0,0,28,0
2021-06-02,35794,117,309,35223,262,0,0,28,0
2021-06-03,35816,115,304,35250,262,0,0,27,0
2021-06-04,35839,113,299,35278,262,0,0,27,0
2021-06-05,35860,111,294,35304,262,0,0,27,0
2021-06-06,35883,109,289,35331,263,0,0,26,0
2021-06-07,35904,107,284,35357,263,0,0,26,0
2021-06-08,35924,106,279,35382,263,0,0,25,0
2021-06-09,35945,104,275,35407,263,0,0,25,0
2021-06-10,35965,102,270,35432,263,0,0,24,0
2021-06-11,35986,100,266,35456,264,0,0,24,0
2021-06-12,36005,99,261,35480,264,0,0,24,0
2021-06-13,36024,97,257,35503,264,0,0,23,0
2021-06-14,36042,95,252,35526,264,0,0,23,0
2021-06-15,36061,94,248,35549,264,0,0,22,0
2021-06-16,36079,92,244,35571,264,0,0,22,0
2021-06-17,36098,90,240,35593,265,0,0,22,0
2021-06-18,36116,89,236,35615,265,0,0,21,0
2021-06-19,36133,87,232,35636,265,0,0,21,0
2021-06-20,36149,86,228,35656,265,0,0,21,0
2021-06-21,36166,84,224,35677,265,0,0,20,0
2021-06-22,36182,83,220,35697,265,0,0,20,0
2021-06-23,36199,82,217,35717,265,0,0,20,0
2021-06-24,36215,80,213,35736,266,0,0,19,0
2021-06-25,36230,79,209,35755,266,0,0,19,0
2021-06-26,36246,77,206,35774,266,0,0,19,0
2021-06-27,36260,76,202,35792,266,0,0,18,0
2021-06-28,36276,75,199,35811,266,0,0,18,0
2021-06-29,36289,73,195,35828,266,0,0,18,0
2021-06-30,36304,72,192,35846,266,0,0,17,0
2021-07-01,36319,71,189,35863,267,0,0,17,0
2021-07-02,36332,70,185,35880,267,0,0,17,0
2021-07-03,36346,68,182,35897,267,0,0,16,0
2021-07-04,36359,67,179,35913,267,0,0,16,0
2021-07-05,36372,66,176,35929,267,0,0,16,0
2021-07-06,36385,65,173,35945,267,0,0,16,0
2021-07-07,36397,64,170,35960,267,0,0,15,0
