Date,Infected,Exposed,Active,Recovered,Deaths,Diff Exposed,Diff Active,Diff Recovered,Diff Deaths
2020-06-23,180,79,48,132,0,0,11,4,0
2020-06-24,195,70,58,136,1,0,8,5,0
2020-06-25,209,64,66,142,1,0,7,6,0
2020-06-26,221,59,72,148,1,0,5,6,0
2020-06-27,232,56,76,155,1,0,4,7,0
2020-06-28,243,54,80,162,1,0,3,7,0
2020-06-29,253,53,83,169,1,0,3,8,0
2020-06-30,264,52,86,177,1,0,2,8,0
2020-07-01,274,52,88,185,1,0,2,8,0
2020-07-02,284,52,90,193,1,0,2,8,0
2020-07-03,294,52,92,201,1,0,2,8,0
2020-07-04,304,52,94,209,1,0,2,9,0
2020-07-05,314,52,95,218,1,0,2,9,0
2020-07-06,324,53,97,226,1,1,2,9,0
2020-07-07,335,53,99,235,1,1,2,9,0
2020-07-08,345,54,100,244,1,1,1,9,0
2020-07-09,356,55,102,253,1,1,1,9,0
2020-07-10,367,55,103,263,1,1,1,9,0
2020-07-11,377,56,104,272,1,1,1,9,0
2020-07-12,389,57,106,282,1,1,1,10,0
2020-07-13,399,57,107,291,1,1,1,10,0
2020-07-14,411,58,109,301,1,1,1,10,0
2020-07-15,422,59,110,311,1,1,1,10,0
2020-07-16,434,59,112,321,1,1,1,10,0
2020-07-17,445,60,113,331,1,1,1,10,0
2020-07-18,457,61,115,341,1,1,2,10,0
2020-07-19,469,62,116,352,1,1,2,11,0
2020-07-20,481,62,118,362,1,1,2,11,0
2020-07-21,493,63,119,373,1,1,2,11,0
2020-07-22,506,64,121,384,1,1,2,11,0
2020-07-23,518,65,122,395,1,1,2,11,0
2020-07-24,532,65,124,406,2,1,2,11,0
2020-07-25,545,66,126,417,2,1,2,11,0
2020-07-26,558,67,127,429,2,1,2,12,0
2020-07-27,571,68,129,440,2,1,2,12,0
2020-07-28,584,68,130,452,2,1,2,12,0
2020-07-29,598,69,132,464,2,1,2,12,0
2020-07-30,611,70,133,476,2,1,2,12,0
2020-07-31,625,71,135,488,2,1,2,12,0
2020-08-01,639,72,137,500,2,1,2,12,0
2020-08-02,653,72,138,513,2,1,2,13,0
2020-08-03,667,73,140,525,2,1,2,13,0
2020-08-04,681,74,141,538,2,1,2,13,0
2020-08-05,696,75,143,551,2,1,2,13,0
2020-08-06,711,75,145,564,2,1,2,13,0
2020-08-07,725,76,146,577,2,1,2,13,0
2020-08-08,741,77,148,591,2,1,2,13,0
2020-08-09,756,78,150,604,2,1,2,14,0
2020-08-10,771,78,151,618,2,1,2,14,0
2020-08-11,786,79,153,631,2,1,2,14,0
2020-08-12,801,80,154,645,2,1,2,14,0
2020-08-13,818,81,156,659,3,1,2,14,0
2020-08-14,834,81,158,673,3,1,2,14,0
2020-08-15,850,82,159,688,3,1,2,14,0
2020-08-16,866,83,161,702,3,1,2,15,0
2020-08-17,883,84,163,717,3,1,2,15,0
2020-08-18,899,84,164,732,3,1,2,15,0
2020-08-19,916,85,166,747,3,1,2,15,0
2020-08-20,932,86,167,762,3,1,2,15,0
2020-08-21,949,86,169,777,3,1,2,15,0
2020-08-22,966,87,171,792,3,1,2,15,0
2020-08-23,983,88,172,808,3,1,2,16,0
2020-08-24,1000,89,174,823,3,1,2,16,0
2020-08-25,1017,89,175,839,3,1,2,16,0
2020-08-26,1035,90,177,855,3,1,2,16,0
2020-08-27,1052,91,178,871,3,1,2,16,0
2020-08-28,1070,91,180,887,3,1,2,16,0
2020-08-29,1088,92,181,904,3,1,2,16,0
2020-08-30,1106,93,183,920,3,1,2,17,0
2020-08-31,1125,93,184,937,4,1,1,17,0
2020-09-01,1143,94,186,953,4,1,1,17,0
2020-09-02,1161,94,187,970,4,1,1,17,0
2020-09-03,1180,95,189,987,4,1,1,17,0
2020-09-04,1199,96,190,1005,4,1,1,17,0
2020-09-05,1218,96,192,1022,4,1,1,17,0
2020-09-06,1236,97,193,1039,4,1,1,17,0
2020-09-07,1256,97,195,1057,4,1,1,18,0
2020-09-08,1274,98,196,1074,4,1,1,18,0
2020-09-09,1293,98,197,1092,4,1,1,18,0
2020-09-10,1313,99,199,1110,4,1,1,18,0
2020-09-11,1332,99,200,1128,4,1,1,18,0
2020-09-12,1351,100,201,1146,4,0,1,18,0
2020-09-13,1372,100,203,1165,4,0,1,18,0
2020-09-14,1391,101,204,1183,4,0,1,18,0
2020-09-15,1412,101,205,1202,5,0,1,19,0
2020-09-16,1431,102,206,1220,5,0,1,19,0
2020-09-17,1451,102,207,1239,5,0,1,19,0
2020-09-18,1472,103,209,1258,5,0,1,19,0
2020-09-19,1492,103,210,1277,5,0,1,19,0
2020-09-20,1512,103,211,1296,5,0,1,19,0
2020-09-21,1532,104,212,1315,5,0,1,19,0
2020-09-22,1552,104,213,1334,5,0,1,19,0
2020-09-23,1572,104,214,1353,5,0,1,19,0
2020-09-24,1593,105,215,1373,5,0,1,19,0
2020-09-25,1613,105,216,1392,5,0,1,20,0
2020-09-26,1634,105,217,1412,5,0,1,20,0
2020-09-27,1655,106,218,1432,5,0,1,20,0
2020-09-28,1676,106,219,1451,6,0,1,20,0
2020-09-29,1697,106,220,1471,6,0,1,20,0
2020-09-30,1717,106,220,1491,6,0,1,20,0
2020-10-01,1738,106,221,1511,6,0,1,20,0
2020-10-02,1759,107,222,1531,6,0,1,20,0
2020-10-03,1780,107,223,1551,6,0,1,20,0
2020-10-04,1800,107,223,1571,6,0,1,20,0
2020-10-05,1822,107,224,1592,6,0,1,20,0
2020-10-06,1843,107,225,1612,6,0,1,20,0
2020-10-07,1863,107,225,1632,6,0,1,20,0
2020-10-08,1885,107,226,1653,6,0,1,20,0
2020-10-09,1905,107,226,1673,6,0,0,20,0
2020-10-10,1927,107,227,1694,6,0,0,21,0
2020-10-11,1948,107,227,1714,7,0,0,21,0
2020-10-12,1970,107,228,1735,7,0,0,21,0
2020-10-13,1990,107,228,1755,7,0,0,21,0
2020-10-14,2011,107,228,1776,7,0,0,21,0
2020-10-15,2033,107,229,1797,7,0,0,21,0
2020-10-16,2054,107,229,1818,7,0,0,21,0
2020-10-17,2074,107,229,1838,7,0,0,21,0
2020-10-18,2095,107,229,1859,7,0,0,21,0
2020-10-19,2116,107,229,1880,7,0,0,21,0
2020-10-20,2138,107,230,1901,7,0,0,21,0
2020-10-21,2158,107,230,1921,7,0,0,21,0
2020-10-22,2179,107,230,1942,7,0,0,21,0
2020-10-23,2200,106,230,1963,7,0,0,21,0
2020-10-24,2222,106,230,1984,8,0,0,21,0
2020-10-25,2243,106,230,2005,8,0,0,21,0
2020-10-26,2262,106,229,2025,8,0,0,21,0
2020-10-27,2283,105,229,2046,8,0,0,21,0
2020-10-28,2304,105,229,2067,8,0,0,21,0
2020-10-29,2325,105,229,2088,8,0,0,21,0
2020-10-30,2345,105,229,2108,8,0,0,21,0
2020-10-31,2365,104,228,2129,8,0,0,21,0
2020-11-01,2386,104,228,2150,8,0,0,21,0
2020-11-02,2406,104,228,2170,8,0,0,21,0
2020-11-03,2426,103,227,2191,8,0,0,21,0
2020-11-04,2446,103,227,2211,8,0,0,21,0
2020-11-05,2466,102,226,2232,8,0,0,20,0
2020-11-06,2487,102,226,2252,9,0,0,20,0
2020-11-07,2507,102,225,2273,9,0,0,20,0
2020-11-08,2527,101,225,2293,9,0,0,20,0
2020-11-09,2547,101,224,2314,9,0,0,20,0
2020-11-10,2566,100,223,2334,9,0,0,20,0
2020-11-11,2586,100,223,2354,9,0,0,20,0
2020-11-12,2605,99,222,2374,9,0,0,20,0
2020-11-13,2624,99,221,2394,9,0,0,20,0
2020-11-14,2643,98,220,2414,9,0,0,20,0
2020-11-15,2663,98,220,2434,9,0,0,20,0
2020-11-16,2682,97,219,2454,9,0,0,20,0
2020-11-17,2701,97,218,2474,9,0,0,20,0
2020-11-18,2720,96,217,2494,9,0,0,20,0
2020-11-19,2739,95,216,2513,10,0,0,20,0
2020-11-20,2758,95,215,2533,10,0,0,19,0
2020-11-21,2776,94,214,2552,10,0,0,19,0
2020-11-22,2795,94,213,2572,10,0,0,19,0
2020-11-23,2813,93,212,2591,10,0,0,19,0
2020-11-24,2831,92,211,2610,10,0,0,19,0
2020-11-25,2849,92,210,2629,10,0,0,19,0
2020-11-26,2867,91,209,2648,10,0,0,19,0
2020-11-27,2885,90,208,2667,10,0,0,19,0
2020-11-28,2903,90,207,2686,10,0,0,19,0
2020-11-29,2919,89,205,2704,10,0,0,19,0
2020-11-30,2937,88,204,2723,10,0,0,18,0
2020-12-01,2954,88,203,2741,10,0,0,18,0
2020-12-02,2972,87,202,2760,10,0,0,18,0
2020-12-03,2989,86,200,2778,11,0,0,18,0
2020-12-04,3006,86,199,2796,11,0,0,18,0
2020-12-05,3023,85,198,2814,11,0,0,18,0
2020-12-06,3040,84,197,2832,11,0,0,18,0
2020-12-07,3056,84,195,2850,11,0,0,18,0
2020-12-08,3072,83,194,2867,11,0,0,18,0
2020-12-09,3089,82,193,2885,11,0,0,17,0
2020-12-10,3104,81,191,2902,11,0,0,17,0
2020-12-11,3120,81,190,2919,11,0,0,17,0
2020-12-12,3136,80,188,2937,11,0,0,17,0
2020-12-13,3152,79,187,2954,11,0,0,17,0
2020-12-14,3166,79,185,2970,11,0,0,17,0
2020-12-15,3182,78,184,2987,11,0,0,17,0
2020-12-16,3198,77,183,3004,11,0,0,17,0
2020-12-17,3212,76,181,3020,11,0,0,16,0
2020-12-18,3229,76,180,3037,12,0,0,16,0
2020-12-19,3243,75,178,3053,12,0,0,16,0
2020-12-20,3258,74,177,3069,12,0,0,16,0
2020-12-21,3272,73,175,3085,12,0,0,16,0
2020-12-22,3287,73,174,3101,12,0,0,16,0
2020-12-23,3300,72,172,3116,12,0,0,16,0
2020-12-24,3314,71,170,3132,12,0,0,15,0
2020-12-25,3328,70,169,3147,12,0,0,15,0
2020-12-26,3342,70,167,3163,12,0,0,15,0
2020-12-27,3356,69,166,3178,12,0,0,15,0
2020-12-28,3369,68,164,3193,12,0,0,15,0
2020-12-29,3382,67,163,3207,12,0,0,15,0
2020-12-30,3395,67,161,3222,12,0,0,15,0
2020-12-31,3409,66,160,3237,12,0,0,14,0
2021-01-01,3421,65,158,3251,12,0,0,14,0
2021-01-02,3433,65,156,3265,12,0,0,14,0
2021-01-03,3446,64,155,3279,12,0,0,14,0
2021-01-04,3459,63,153,3293,13,0,0,14,0
2021-01-05,3472,62,152,3307,13,0,0,14,0
2021-01-06,3484,62,150,3321,13,0,0,14,0
2021-01-07,3496,61,149,3334,13,0,0,13,0
2021-01-08,3508,60,147,3348,13,0,0,13,0
2021-01-09,3520,60,146,3361,13,0,0,13,0
2021-01-10,3531,59,144,3374,13,0,0,13,0
2021-01-11,3542,58,142,3387,13,0,0,13,0
2021-01-12,3554,57,141,3400,13,0,0,13,0
2021-01-13,3565,57,139,3413,13,0,0,13,0
2021-01-14,3576,56,138,3425,13,0,0,12,0
2021-01-15,3587,55,136,3438,13,0,0,12,0
2021-01-16,3598,55,135,3450,13,0,0,12,0
2021-01-17,3608,54,133,3462,13,0,0,12,0
2021-01-18,3619,53,132,3474,13,0,0,12,0
2021-01-19,3629,53,130,3486,13,0,0,12,0
2021-01-20,3640,52,129,3498,13,0,0,12,0
2021-01-21,3649,51,127,3509,13,0,0,12,0
2021-01-22,3660,51,126,3521,13,0,0,11,0
2021-01-23,3669,50,124,3532,13,0,0,11,0
2021-01-24,3679,49,123,3543,13,0,0,11,0
2021-01-25,3688,49,121,3554,13,0,0,11,0
2021-01-26,3699,48,120,3565,14,0,0,11,0
2021-01-27,3708,47,118,3576,14,0,0,11,0
2021-01-28,3718,47,117,3587,14,0,0,11,0
2021-01-29,3726,46,115,3597,14,0,0,10,0
2021-01-30,3736,46,114,3608,14,0,0,10,0
2021-01-31,3744,45,112,3618,14,0,0,10,0
2021-02-01,3753,44,111,3628,14,0,0,10,0
2021-02-02,3762,44,110,3638,14,0,0,10,0
2021-02-03,3770,43,108,3648,14,0,0,10,0
2021-02-04,3779,43,107,3658,14,0,0,10,0
2021-02-05,3787,42,106,3667,14,0,0,10,0
2021-02-06,3795,41,104,3677,14,0,0,9,0
2021-02-07,3803,41,103,3686,14,0,0,9,0
2021-02-08,3811,40,101,3696,14,0,0,9,0
2021-02-09,3819,40,100,3705,14,0,0,9,0
2021-02-10,3827,39,99,3714,14,0,0,9,0
2021-02-11,3834,39,97,3723,14,0,0,9,0
2021-02-12,3841,38,96,3731,14,0,0,9,0
2021-02-13,3849,37,95,3740,14,0,0,9,0
2021-02-14,3857,37,94,3749,14,0,0,8,0
2021-02-15,3863,36,92,3757,14,0,0,8,0
2021-02-16,3870,36,91,3765,14,0,0,8,0
2021-02-17,3878,35,90,3774,14,0,0,8,0
2021-02-18,3885,35,89,3782,14,0,0,8,0
2021-02-19,3891,34,87,3790,14,0,0,8,0
2021-02-20,3898,34,86,3798,14,0,0,8,0
2021-02-21,3904,33,85,3805,14,0,0,8,0
2021-02-22,3911,33,84,3813,14,0,0,8,0
2021-02-23,3919,32,83,3821,15,0,0,7,0
2021-02-24,3925,32,82,3828,15,0,0,7,0
2021-02-25,3930,31,80,3835,15,0,0,7,0
2021-02-26,3937,31,79,3843,15,0,0,7,0
2021-02-27,3943,31,78,3850,15,0,0,7,0
2021-02-28,3949,30,77,3857,15,0,0,7,0
2021-03-01,3955,30,76,3864,15,0,0,7,0
2021-03-02,3960,29,75,3870,15,0,0,7,0
2021-03-03,3966,29,74,3877,15,0,0,7,0
2021-03-04,3972,28,73,3884,15,0,0,7,0
2021-03-05,3977,28,72,3890,15,0,0,6,0
2021-03-06,3983,27,71,3897,15,0,0,6,0
2021-03-07,3988,27,70,3903,15,0,0,6,0
2021-03-08,3993,27,69,3909,15,0,0,6,0
2021-03-09,3999,26,68,3916,15,0,0,6,0
2021-03-10,4004,26,67,3922,15,0,0,6,0
2021-03-11,4009,25,66,3928,15,0,0,6,0
2021-03-12,4014,25,65,3934,15,0,0,6,0
2021-03-13,4018,25,64,3939,15,0,0,6,0
2021-03-14,4023,24,63,3945,15,0,0,6,0
2021-03-15,4028,24,62,3951,15,0,0,6,0
2021-03-16,4032,24,61,3956,15,0,0,6,0
2021-03-17,4037,23,60,3962,15,0,0,5,0
2021-03-18,4041,23,59,3967,15,0,0,5,0
2021-03-19,4046,22,58,3973,15,0,0,5,0
2021-03-20,4050,22,57,3978,15,0,0,5,0
2021-03-21,4054,22,56,3983,15,0,0,5,0
2021-03-22,4059,21,56,3988,15,0,0,5,0
2021-03-23,4063,21,55,3993,15,0,0,5,0
2021-03-24,4067,21,54,3998,15,0,0,5,0
2021-03-25,4071,20,53,4003,15,0,0,5,0
2021-03-26,4075,20,52,4008,15,0,0,5,0
2021-03-27,4078,20,51,4012,15,0,0,5,0
2021-03-28,4083,19,51,4017,15,0,0,5,0
2021-03-29,4086,19,50,4021,15,0,0,5,0
2021-03-30,4090,19,49,4026,15,0,0,4,0
2021-03-31,4093,19,48,4030,15,0,0,4,0
2021-04-01,4098,18,48,4035,15,0,0,4,0
2021-04-02,4101,18,47,4039,15,0,0,4,0
2021-04-03,4104,18,46,4043,15,0,0,4,0
2021-04-04,4107,17,45,4047,15,0,0,4,0
2021-04-05,4111,17,45,4051,15,0,0,4,0
2021-04-06,4115,17,44,4056,15,0,0,4,0
2021-04-07,4117,17,43,4059,15,0,0,4,0
2021-04-08,4121,16,43,4063,15,0,0,4,0
2021-04-09,4124,16,42,4067,15,0,0,4,0
2021-04-10,4127,16,41,4071,15,0,0,4,0
2021-04-11,4131,16,41,4075,15,0,0,4,0
2021-04-12,4133,15,40,4078,15,0,0,4,0
2021-04-13,4136,15,39,4082,15,0,0,4,0
2021-04-14,4141,15,39,4086,16,0,0,4,0
2021-04-15,4143,15,38,4089,16,0,0,3,0
2021-04-16,4146,14,38,4092,16,0,0,3,0
2021-04-17,4149,14,37,4096,16,0,0,3,0
2021-04-18,4151,14,36,4099,16,0,0,3,0
2021-04-19,4154,14,36,4102,16,0,0,3,0
2021-04-20,4157,13,35,4106,16,0,0,3,0
2021-04-21,4160,13,35,4109,16,0,0,3,0
2021-04-22,4162,13,34,4112,16,0,0,3,0
2021-04-23,4165,13,34,4115,16,0,0,3,0
2021-04-24,4167,13,33,4118,16,0,0,3,0
2021-04-25,4169,12,32,4121,16,0,0,3,0
2021-04-26,4172,12,32,4124,16,0,0,3,0
2021-04-27,4174,12,31,4127,16,0,0,3,0
2021-04-28,4177,12,31,4130,16,0,0,3,0
2021-04-29,4178,12,30,4132,16,0,0,3,0
2021-04-30,4181,11,30,4135,16,0,0,3,0
2021-05-01,4183,11,29,4138,16,0,0,3,0
2021-05-02,4185,11,29,4140,16,0,0,3,0
2021-05-03,4187,11,28,4143,16,0,0,3,0
2021-05-04,4190,11,28,4146,16,0,0,3,0
2021-05-05,4192,10,28,4148,16,0,0,2,0
2021-05-06,4194,10,27,4151,16,0,0,2,0
2021-05-07,4196,10,27,4153,16,0,0,2,0
2021-05-08,4197,10,26,4155,16,0,0,2,0
2021-05-09,4200,10,26,4158,16,0,0,2,0
2021-05-10,4201,10,25,4160,16,0,0,2,0
2021-05-11,4203,9,25,4162,16,0,0,2,0
2021-05-12,4206,9,25,4165,16,0,0,2,0
2021-05-13,4207,9,24,4167,16,0,0,2,0
2021-05-14,4209,9,24,4169,16,0,0,2,0
2021-05-15,4210,9,23,4171,16,0,0,2,0
2021-05-16,4212,9,23,4173,16,0,0,2,0
2021-05-17,4214,9,23,4175,16,0,0,2,0
2021-05-18,4215,8,22,4177,16,0,0,2,0
2021-05-19,4217,8,22,4179,16,0,0,2,0
2021-05-20,4218,8,21,4181,16,0,0,2,0
2021-05-21,4220,8,21,4183,16,0,0,2,0
2021-05-22,4222,8,21,4185,16,0,0,2,0
2021-05-23,4223,8,20,4187,16,0,0,2,0
2021-05-24,4225,8,20,4189,16,0,0,2,0
2021-05-25,4227,7,20,4191,16,0,0,2,0
2021-05-26,4227,7,19,4192,16,0,0,2,0
2021-05-27,4229,7,19,4194,16,0,0,2,0
2021-05-28,4231,7,19,4196,16,0,0,2,0
2021-05-29,4232,7,18,4198,16,0,0,2,0
2021-05-30,4233,7,18,4199,16,0,0,2,0
2021-05-31,4235,7,18,4201,16,0,0,2,0
2021-06-01,4237,7,18,4203,16,0,0,2,0
2021-06-02,4237,7,17,4204,16,0,0,2,0
2021-06-03,4239,6,17,4206,16,0,0,2,0
2021-06-04,4240,6,17,4207,16,0,0,2,0
2021-06-05,4241,6,16,4209,16,0,0,1,0
2021-06-06,4242,6,16,4210,16,0,0,1,0
2021-06-07,4244,6,16,4212,16,0,0,1,0
2021-06-08,4245,6,16,4213,16,0,0,1,0
2021-06-09,4245,6,15,4214,16,0,0,1,0
2021-06-10,4247,6,15,4216,16,0,0,1,0
2021-06-11,4248,6,15,4217,16,0,0,1,0
2021-06-12,4250,6,15,4219,16,0,0,1,0
2021-06-13,4250,5,14,4220,16,0,0,1,0
2021-06-14,4251,5,14,4221,16,0,0,1,0
2021-06-15,4252,5,14,4222,16,0,0,1,0
2021-06-16,4254,5,14,4224,16,0,0,1,0
2021-06-17,4254,5,13,4225,16,0,0,1,0
2021-06-18,4255,5,13,4226,16,0,0,1,0
