Date,Infected,Exposed,Active,Recovered,Deaths,Diff Exposed,Diff Active,Diff Recovered,Diff Deaths
2020-07-12,170,29,36,133,1,0,2,3,0
2020-07-13,176,28,38,137,1,0,2,3,0
2020-07-14,181,28,40,140,1,0,2,4,0
2020-07-15,187,28,42,144,1,0,2,4,0
2020-07-16,193,29,44,148,1,0,2,4,0
2020-07-17,198,29,45,152,1,1,2,4,0
2020-07-18,204,30,47,156,1,1,2,4,0
2020-07-19,210,31,49,160,1,1,2,4,0
2020-07-20,216,31,50,165,1,1,2,5,0
2020-07-21,222,32,52,169,1,1,2,5,0
2020-07-22,228,33,53,174,1,1,2,5,0
2020-07-23,235,34,55,179,1,1,2,5,0
2020-07-24,242,35,57,184,1,1,2,5,0
2020-07-25,248,36,58,189,1,1,2,5,0
2020-07-26,256,37,60,195,1,1,2,5,0
2020-07-27,263,38,62,200,1,1,2,6,0
2020-07-28,271,39,64,206,1,1,2,6,0
2020-07-29,279,40,66,212,1,1,2,6,0
2020-07-30,287,41,68,218,1,1,2,6,0
2020-07-31,295,43,70,224,1,1,2,6,0
2020-08-01,303,44,72,230,1,1,2,6,0
2020-08-02,312,45,74,237,1,1,2,7,0
2020-08-03,320,47,76,243,1,1,2,7,0
2020-08-04,329,48,78,250,1,1,2,7,0
2020-08-05,340,49,81,258,1,1,2,7,0
2020-08-06,349,51,83,265,1,1,2,8,0
2020-08-07,358,52,85,272,1,2,2,8,0
2020-08-08,369,54,88,280,1,2,3,8,0
2020-08-09,379,55,90,288,1,2,3,8,0
2020-08-10,391,57,93,297,1,2,3,8,0
2020-08-11,402,59,96,305,1,2,3,9,0
2020-08-12,414,60,99,314,1,2,3,9,0
2020-08-13,427,62,102,323,2,2,3,9,0
2020-08-14,439,64,105,332,2,2,3,9,0
2020-08-15,452,66,108,342,2,2,3,10,0
2020-08-16,465,68,111,352,2,2,3,10,0
2020-08-17,478,70,114,362,2,2,3,10,0
2020-08-18,491,72,117,372,2,2,3,11,0
2020-08-19,506,74,121,383,2,2,3,11,0
2020-08-20,520,76,124,394,2,2,4,11,0
2020-08-21,535,78,128,405,2,2,4,12,0
2020-08-22,551,80,132,417,2,2,4,12,0
2020-08-23,567,83,136,429,2,2,4,12,0
2020-08-24,583,85,139,442,2,2,4,13,0
2020-08-25,600,88,144,454,2,2,4,13,0
2020-08-26,617,90,148,467,2,3,4,13,0
2020-08-27,635,93,152,481,2,3,4,14,0
2020-08-28,653,95,156,495,2,3,4,14,0
2020-08-29,672,98,161,509,2,3,5,15,0
2020-08-30,692,101,166,524,2,3,5,15,0
2020-08-31,712,104,170,539,3,3,5,15,0
2020-09-01,733,107,175,555,3,3,5,16,0
2020-09-02,754,110,180,571,3,3,5,16,0
2020-09-03,775,113,185,587,3,3,5,17,0
2020-09-04,798,116,191,604,3,3,5,17,0
2020-09-05,820,119,196,621,3,3,6,18,0
2020-09-06,844,123,202,639,3,3,6,18,0
2020-09-07,869,126,208,658,3,4,6,19,0
2020-09-08,893,130,213,677,3,4,6,19,0
2020-09-09,919,133,220,696,3,4,6,20,0
2020-09-10,945,137,226,716,3,4,6,20,0
2020-09-11,973,141,232,737,4,4,6,21,0
2020-09-12,1001,145,239,758,4,4,7,22,0
2020-09-13,1029,149,245,780,4,4,7,22,0
2020-09-14,1059,153,252,803,4,4,7,23,0
2020-09-15,1089,157,259,826,4,4,7,23,0
2020-09-16,1120,161,267,849,4,4,7,24,0
2020-09-17,1152,166,274,874,4,4,8,25,0
2020-09-18,1185,170,282,899,4,5,8,26,0
2020-09-19,1219,175,290,925,4,5,8,26,0
2020-09-20,1254,180,298,951,5,5,8,27,0
2020-09-21,1289,185,306,978,5,5,8,28,0
2020-09-22,1325,190,314,1006,5,5,9,28,0
2020-09-23,1363,195,323,1035,5,5,9,29,0
2020-09-24,1402,200,332,1065,5,5,9,30,0
2020-09-25,1441,205,341,1095,5,5,9,31,0
2020-09-26,1481,211,350,1126,5,6,9,32,0
2020-09-27,1524,216,360,1158,6,6,10,33,0
2020-09-28,1567,222,370,1191,6,6,10,33,0
2020-09-29,1611,228,380,1225,6,6,10,34,0
2020-09-30,1656,234,390,1260,6,6,10,35,0
2020-10-01,1702,240,401,1295,6,6,11,36,0
2020-10-02,1749,246,411,1332,6,6,11,37,0
2020-10-03,1798,253,422,1369,7,6,11,38,0
2020-10-04,1849,259,434,1408,7,7,11,39,0
2020-10-05,1900,266,445,1448,7,7,12,40,0
2020-10-06,1952,273,457,1488,7,7,12,41,0
2020-10-07,2006,280,469,1530,7,7,12,42,0
2020-10-08,2061,287,481,1573,7,7,12,44,0
2020-10-09,2119,294,494,1617,8,7,13,45,0
2020-10-10,2177,301,507,1662,8,7,13,46,0
2020-10-11,2236,309,520,1708,8,8,13,47,0
2020-10-12,2297,316,533,1756,8,8,14,48,0
2020-10-13,2360,324,547,1804,9,8,14,49,0
2020-10-14,2424,332,561,1854,9,8,14,51,0
2020-10-15,2490,340,575,1906,9,8,14,52,0
2020-10-16,2557,348,590,1958,9,8,15,53,0
2020-10-17,2626,357,604,2012,10,8,15,55,0
2020-10-18,2697,365,620,2067,10,9,15,56,0
2020-10-19,2769,374,635,2124,10,9,16,57,0
2020-10-20,2843,383,651,2182,10,9,16,59,0
2020-10-21,2919,392,667,2241,11,9,16,60,0
2020-10-22,2996,401,683,2302,11,9,16,62,0
2020-10-23,3075,410,700,2364,11,9,17,63,0
2020-10-24,3156,419,716,2428,12,9,17,65,0
2020-10-25,3240,429,734,2494,12,10,17,66,0
2020-10-26,3324,438,751,2561,12,10,18,68,0
2020-10-27,3411,448,769,2629,13,10,18,70,0
2020-10-28,3499,458,787,2699,13,10,18,71,0
2020-10-29,3589,468,805,2771,13,10,18,73,0
2020-10-30,3683,478,824,2845,14,10,19,75,0
2020-10-31,3777,488,843,2920,14,10,19,76,0
2020-11-01,3873,498,862,2997,14,10,19,78,0
2020-11-02,3971,508,881,3075,15,10,20,80,0
2020-11-03,4072,519,901,3156,15,11,20,82,0
2020-11-04,4174,529,921,3238,15,11,20,83,0
2020-11-05,4279,540,941,3322,16,11,20,85,0
2020-11-06,4385,551,961,3408,16,11,21,87,0
2020-11-07,4494,562,982,3495,17,11,21,89,0
2020-11-08,4605,572,1003,3585,17,11,21,91,0
2020-11-09,4718,583,1024,3676,18,11,21,93,0
2020-11-10,4834,594,1046,3770,18,11,21,95,0
2020-11-11,4950,605,1067,3865,18,11,22,97,0
2020-11-12,5070,616,1089,3962,19,11,22,99,0
2020-11-13,5192,627,1111,4062,19,11,22,101,0
2020-11-14,5316,639,1133,4163,20,11,22,103,0
2020-11-15,5441,650,1155,4266,20,11,22,105,0
2020-11-16,5570,661,1178,4371,21,11,23,107,1
2020-11-17,5700,672,1200,4479,21,11,23,109,1
2020-11-18,5833,683,1223,4588,22,11,23,111,1
2020-11-19,5968,694,1246,4700,22,11,23,113,1
2020-11-20,6105,705,1269,4813,23,11,23,115,1
2020-11-21,6243,716,1291,4929,23,11,23,117,1
2020-11-22,6384,727,1314,5046,24,11,23,119,1
2020-11-23,6528,738,1337,5166,25,11,23,121,1
2020-11-24,6673,748,1360,5288,25,11,23,123,1
2020-11-25,6822,759,1384,5412,26,11,23,125,1
2020-11-26,6971,769,1407,5538,26,10,23,127,1
2020-11-27,7123,780,1430,5666,27,10,23,129,1
2020-11-28,7276,790,1452,5796,28,10,23,131,1
2020-11-29,7431,800,1475,5928,28,10,23,133,1
2020-11-30,7589,810,1498,6062,29,10,23,136,1
2020-12-01,7749,820,1521,6198,30,10,23,138,1
2020-12-02,7910,829,1543,6337,30,9,22,140,1
2020-12-03,8073,839,1565,6477,31,9,22,142,1
2020-12-04,8239,848,1587,6620,32,9,22,144,1
2020-12-05,8405,857,1609,6764,32,9,22,146,1
2020-12-06,8574,866,1631,6910,33,9,21,148,1
2020-12-07,8745,874,1652,7059,34,8,21,149,1
2020-12-08,8916,882,1673,7209,34,8,21,151,1
2020-12-09,9090,890,1694,7361,35,8,21,153,1
2020-12-10,9265,898,1714,7515,36,7,20,155,1
2020-12-11,9442,905,1734,7671,37,7,20,157,1
2020-12-12,9619,912,1754,7828,37,7,19,159,1
2020-12-13,9799,919,1773,7988,38,7,19,160,1
2020-12-14,9980,925,1792,8149,39,6,18,162,1
2020-12-15,10161,931,1810,8311,40,6,18,164,1
2020-12-16,10344,937,1828,8476,40,5,18,165,1
2020-12-17,10528,942,1845,8642,41,5,17,167,1
2020-12-18,10713,947,1862,8809,42,5,16,168,1
2020-12-19,10899,952,1878,8978,43,4,16,170,1
2020-12-20,11087,956,1894,9149,44,4,15,171,1
2020-12-21,11274,960,1909,9321,44,4,15,173,1
2020-12-22,11462,963,1923,9494,45,3,14,174,1
2020-12-23,11651,966,1937,9668,46,3,13,175,1
2020-12-24,11841,969,1950,9844,47,2,13,176,1
2020-12-25,12032,971,1963,10021,48,2,12,178,1
2020-12-26,12223,973,1975,10199,49,2,11,179,1
2020-12-27,12413,974,1986,10378,49,1,11,180,1
2020-12-28,12604,975,1996,10558,50,1,10,181,1
2020-12-29,12795,976,2005,10739,51,0,9,181,1
2020-12-30,12987,976,2014,10921,52,0,8,182,1
2020-12-31,13178,976,2022,11103,53,0,8,183,1
2021-01-01,13370,975,2029,11287,54,0,7,184,1
2021-01-02,13561,974,2036,11470,55,0,6,184,1
2021-01-03,13752,973,2042,11655,55,0,5,185,1
2021-01-04,13942,971,2046,11840,56,0,4,185,1
2021-01-05,14132,969,2050,12025,57,0,4,186,1
2021-01-06,14323,966,2054,12211,58,0,3,186,1
2021-01-07,14512,963,2056,12397,59,0,2,186,1
2021-01-08,14701,959,2058,12583,60,0,1,186,1
2021-01-09,14888,956,2058,12769,61,0,0,186,1
2021-01-10,15075,951,2058,12955,62,0,0,186,1
2021-01-11,15262,947,2058,13141,63,0,0,186,1
2021-01-12,15446,942,2056,13327,63,0,0,186,1
2021-01-13,15630,937,2053,13513,64,0,0,186,1
2021-01-14,15814,931,2050,13699,65,0,0,185,1
2021-01-15,15996,925,2046,13884,66,0,0,185,1
2021-01-16,16177,919,2041,14069,67,0,0,185,1
2021-01-17,16357,912,2035,14254,68,0,0,184,1
2021-01-18,16536,905,2029,14438,69,0,0,184,1
2021-01-19,16713,898,2022,14621,70,0,0,183,1
2021-01-20,16888,891,2014,14804,70,0,0,182,1
2021-01-21,17062,883,2005,14986,71,0,0,181,1
2021-01-22,17235,875,1996,15167,72,0,0,181,1
2021-01-23,17405,867,1985,15347,73,0,0,180,1
2021-01-24,17575,858,1975,15526,74,0,0,179,1
2021-01-25,17742,850,1963,15704,75,0,0,178,1
2021-01-26,17909,841,1951,15882,76,0,0,177,1
2021-01-27,18072,832,1938,16058,76,0,0,175,1
2021-01-28,18235,822,1925,16233,77,0,0,174,1
2021-01-29,18395,813,1911,16406,78,0,0,173,1
2021-01-30,18554,803,1896,16579,79,0,0,172,1
2021-01-31,18711,794,1881,16750,80,0,0,170,1
2021-02-01,18867,784,1866,16920,81,0,0,169,1
2021-02-02,19019,774,1850,17088,81,0,0,167,1
2021-02-03,19170,764,1833,17255,82,0,0,166,1
2021-02-04,19319,753,1816,17420,83,0,0,164,1
2021-02-05,19466,743,1798,17584,84,0,0,163,1
2021-02-06,19610,733,1780,17746,84,0,0,161,1
2021-02-07,19753,722,1762,17906,85,0,0,159,1
2021-02-08,19894,712,1743,18065,86,0,0,158,1
2021-02-09,20033,701,1724,18222,87,0,0,156,1
2021-02-10,20170,691,1705,18377,88,0,0,154,1
2021-02-11,20304,680,1685,18531,88,0,0,152,1
2021-02-12,20437,669,1665,18683,89,0,0,151,1
2021-02-13,20568,659,1645,18833,90,0,0,149,1
2021-02-14,20696,648,1625,18981,90,0,0,147,1
2021-02-15,20822,637,1604,19127,91,0,0,145,1
2021-02-16,20947,627,1583,19272,92,0,0,143,1
2021-02-17,21068,616,1562,19414,92,0,0,141,1
2021-02-18,21189,606,1541,19555,93,0,0,139,1
2021-02-19,21306,595,1519,19693,94,0,0,137,1
2021-02-20,21422,585,1498,19830,94,0,0,136,1
2021-02-21,21536,574,1476,19965,95,0,0,134,1
2021-02-22,21649,564,1455,20098,96,0,0,132,1
2021-02-23,21758,554,1433,20229,96,0,0,130,1
2021-02-24,21866,543,1411,20358,97,0,0,128,1
2021-02-25,21972,533,1389,20485,98,0,0,126,1
2021-02-26,22076,523,1368,20610,98,0,0,124,1
2021-02-27,22178,513,1346,20733,99,0,0,122,1
2021-02-28,22277,503,1324,20854,99,0,0,120,1
2021-03-01,22376,494,1303,20973,100,0,0,118,1
2021-03-02,22471,484,1281,21090,100,0,0,116,1
2021-03-03,22565,474,1259,21205,101,0,0,114,1
2021-03-04,22658,465,1238,21318,102,0,0,112,1
2021-03-05,22748,456,1217,21429,102,0,0,110,1
2021-03-06,22837,446,1195,21539,103,0,0,108,1
2021-03-07,22923,437,1174,21646,103,0,0,106,1
2021-03-08,23009,428,1153,21752,104,0,0,104,0
2021-03-09,23092,419,1133,21855,104,0,0,102,0
2021-03-10,23174,411,1112,21957,105,0,0,101,0
2021-03-11,23253,402,1091,22057,105,0,0,99,0
2021-03-12,23331,393,1071,22155,105,0,0,97,0
2021-03-13,23408,385,1051,22251,106,0,0,95,0
2021-03-14,23483,377,1031,22346,106,0,0,93,0
2021-03-15,23556,369,1011,22438,107,0,0,91,0
2021-03-16,23628,361,992,22529,107,0,0,90,0
2021-03-17,23698,353,972,22618,108,0,0,88,0
2021-03-18,23767,345,953,22706,108,0,0,86,0
2021-03-19,23834,337,934,22791,109,0,0,85,0
2021-03-20,23899,330,915,22875,109,0,0,83,0
2021-03-21,23963,322,897,22957,109,0,0,81,0
2021-03-22,24027,315,879,23038,110,0,0,80,0
2021-03-23,24088,308,861,23117,110,0,0,78,0
2021-03-24,24147,301,843,23194,110,0,0,76,0
2021-03-25,24207,294,826,23270,111,0,0,75,0
2021-03-26,24263,288,808,23344,111,0,0,73,0
2021-03-27,24318,281,791,23416,111,0,0,72,0
2021-03-28,24374,274,775,23487,112,0,0,70,0
2021-03-29,24427,268,758,23557,112,0,0,69,0
2021-03-30,24479,262,742,23625,112,0,0,67,0
2021-03-31,24530,256,726,23691,113,0,0,66,0
2021-04-01,24580,250,710,23757,113,0,0,64,0
2021-04-02,24628,244,695,23820,113,0,0,63,0
2021-04-03,24676,238,679,23883,114,0,0,61,0
2021-04-04,24722,233,664,23944,114,0,0,60,0
2021-04-05,24767,227,650,24003,114,0,0,59,0
2021-04-06,24811,222,635,24061,115,0,0,57,0
2021-04-07,24854,216,621,24118,115,0,0,56,0
2021-04-08,24896,211,607,24174,115,0,0,55,0
2021-04-09,24937,206,593,24229,115,0,0,54,0
2021-04-10,24978,201,580,24282,116,0,0,52,0
2021-04-11,25017,196,567,24334,116,0,0,51,0
2021-04-12,25055,191,554,24385,116,0,0,50,0
2021-04-13,25091,187,541,24434,116,0,0,49,0
2021-04-14,25129,182,529,24483,117,0,0,48,0
2021-04-15,25163,178,516,24530,117,0,0,47,0
2021-04-16,25198,173,504,24577,117,0,0,46,0
2021-04-17,25232,169,493,24622,117,0,0,45,0
2021-04-18,25264,165,481,24666,117,0,0,44,0
2021-04-19,25297,161,470,24709,118,0,0,43,0
2021-04-20,25328,157,459,24751,118,0,0,42,0
2021-04-21,25358,153,448,24792,118,0,0,41,0
2021-04-22,25388,149,437,24833,118,0,0,40,0
2021-04-23,25417,146,427,24872,118,0,0,39,0
2021-04-24,25446,142,417,24910,119,0,0,38,0
2021-04-25,25474,139,407,24948,119,0,0,37,0
2021-04-26,25500,135,397,24984,119,0,0,36,0
2021-04-27,25527,132,388,25020,119,0,0,35,0
2021-04-28,25551,128,378,25054,119,0,0,34,0
2021-04-29,25576,125,369,25088,119,0,0,33,0
2021-04-30,25601,122,360,25121,120,0,0,33,0
2021-05-01,25625,119,351,25154,120,0,0,32,0
2021-05-02,25648,116,343,25185,120,0,0,31,0
2021-05-03,25670,113,334,25216,120,0,0,30,0
2021-05-04,25692,110,326,25246,120,0,0,30,0
2021-05-05,25713,107,318,25275,120,0,0,29,0
2021-05-06,25734,105,310,25304,120,0,0,28,0
2021-05-07,25755,102,303,25331,121,0,0,27,0
2021-05-08,25775,99,295,25359,121,0,0,27,0
2021-05-09,25794,97,288,25385,121,0,0,26,0
2021-05-10,25813,94,281,25411,121,0,0,25,0
2021-05-11,25831,92,274,25436,121,0,0,25,0
2021-05-12,25849,90,267,25461,121,0,0,24,0
2021-05-13,25867,87,261,25485,121,0,0,24,0
2021-05-14,25883,85,254,25508,121,0,0,23,0
2021-05-15,25901,83,248,25531,122,0,0,22,0
2021-05-16,25916,81,241,25553,122,0,0,22,0
2021-05-17,25932,79,235,25575,122,0,0,21,0
2021-05-18,25948,77,230,25596,122,0,0,21,0
2021-05-19,25962,75,224,25616,122,0,0,20,0
2021-05-20,25976,73,218,25636,122,0,0,20,0
2021-05-21,25991,71,213,25656,122,0,0,19,0
2021-05-22,26004,69,207,25675,122,0,0,19,0
2021-05-23,26017,67,202,25693,122,0,0,18,0
2021-05-24,26031,66,197,25712,122,0,0,18,0
2021-05-25,26044,64,192,25729,123,0,0,17,0
2021-05-26,26056,62,187,25746,123,0,0,17,0
2021-05-27,26068,61,182,25763,123,0,0,16,0
2021-05-28,26081,59,178,25780,123,0,0,16,0
2021-05-29,26091,58,173,25795,123,0,0,16,0
2021-05-30,26103,56,169,25811,123,0,0,15,0
2021-05-31,26113,55,164,25826,123,0,0,15,0
2021-06-01,26124,53,160,25841,123,0,0,14,0
2021-06-02,26134,52,156,25855,123,0,0,14,0
2021-06-03,26144,50,152,25869,123,0,0,14,0
2021-06-04,26154,49,148,25883,123,0,0,13,0
2021-06-05,26163,48,144,25896,123,0,0,13,0
2021-06-06,26173,47,141,25909,123,0,0,13,0
2021-06-07,26182,45,137,25922,123,0,0,12,0
2021-06-08,26191,44,134,25934,123,0,0,12,0
2021-06-09,26200,43,130,25946,124,0,0,12,0
2021-06-10,26209,42,127,25958,124,0,0,11,0
2021-06-11,26217,41,124,25969,124,0,0,11,0
2021-06-12,26224,40,120,25980,124,0,0,11,0
2021-06-13,26232,39,117,25991,124,0,0,11,0
2021-06-14,26239,38,114,26001,124,0,0,10,0
2021-06-15,26246,37,111,26011,124,0,0,10,0
2021-06-16,26253,36,108,26021,124,0,0,10,0
2021-06-17,26261,35,106,26031,124,0,0,10,0
2021-06-18,26268,34,103,26041,124,0,0,9,0
2021-06-19,26274,33,100,26050,124,0,0,9,0
2021-06-20,26281,32,98,26059,124,0,0,9,0
2021-06-21,26287,31,95,26068,124,0,0,9,0
2021-06-22,26293,31,93,26076,124,0,0,8,0
2021-06-23,26298,30,90,26084,124,0,0,8,0
2021-06-24,26304,29,88,26092,124,0,0,8,0
2021-06-25,26310,28,86,26100,124,0,0,8,0
2021-06-26,26315,27,83,26108,124,0,0,8,0
2021-06-27,26320,27,81,26115,124,0,0,7,0
2021-06-28,26326,26,79,26123,124,0,0,7,0
2021-06-29,26331,25,77,26130,124,0,0,7,0
2021-06-30,26336,25,75,26137,124,0,0,7,0
2021-07-01,26340,24,73,26143,124,0,0,7,0
2021-07-02,26346,23,71,26150,125,0,0,6,0
2021-07-03,26350,23,69,26156,125,0,0,6,0
2021-07-04,26354,22,67,26162,125,0,0,6,0
2021-07-05,26359,22,66,26168,125,0,0,6,0
2021-07-06,26363,21,64,26174,125,0,0,6,0
2021-07-07,26367,20,62,26180,125,0,0,6,0
