Date,Infected,Exposed,Active,Recovered,Deaths,Diff Exposed,Diff Active,Diff Recovered,Diff Deaths
2020-06-25,149,31,41,107,1,0,2,4,0
2020-06-26,155,30,43,111,1,0,2,4,0
2020-06-27,161,30,45,115,1,0,2,4,0
2020-06-28,167,30,47,119,1,0,2,4,0
2020-06-29,173,30,48,124,1,0,2,4,0
2020-06-30,179,30,50,128,1,0,1,5,0
2020-07-01,185,31,51,133,1,0,1,5,0
2020-07-02,191,31,53,137,1,1,1,5,0
2020-07-03,197,32,54,142,1,1,1,5,0
2020-07-04,203,33,55,147,1,1,1,5,0
2020-07-05,210,33,57,152,1,1,1,5,0
2020-07-06,216,34,58,157,1,1,1,5,0
2020-07-07,223,35,59,163,1,1,1,5,0
2020-07-08,230,35,61,168,1,1,1,6,0
2020-07-09,237,36,62,174,1,1,1,6,0
2020-07-10,244,37,64,179,1,1,1,6,0
2020-07-11,251,38,65,185,1,1,1,6,0
2020-07-12,259,39,67,191,1,1,2,6,0
2020-07-13,266,39,68,197,1,1,2,6,0
2020-07-14,274,40,70,203,1,1,2,6,0
2020-07-15,282,41,71,210,1,1,2,6,0
2020-07-16,290,42,73,216,1,1,2,7,0
2020-07-17,299,43,75,223,1,1,2,7,0
2020-07-18,307,44,76,230,1,1,2,7,0
2020-07-19,316,45,78,237,1,1,2,7,0
2020-07-20,325,46,80,244,1,1,2,7,0
2020-07-21,334,47,82,251,1,1,2,7,0
2020-07-22,342,48,83,258,1,1,2,8,0
2020-07-23,352,49,85,266,1,1,2,8,0
2020-07-24,362,50,87,274,1,1,2,8,0
2020-07-25,373,51,89,282,2,1,2,8,0
2020-07-26,383,52,91,290,2,1,2,8,0
2020-07-27,393,54,93,298,2,1,2,8,0
2020-07-28,404,55,95,307,2,1,2,9,0
2020-07-29,414,56,97,315,2,1,2,9,0
2020-07-30,425,57,99,324,2,1,2,9,0
2020-07-31,437,58,102,333,2,1,2,9,0
2020-08-01,448,60,104,342,2,1,2,9,0
2020-08-02,460,61,106,352,2,1,2,10,0
2020-08-03,472,62,108,362,2,1,2,10,0
2020-08-04,484,63,111,371,2,1,2,10,0
2020-08-05,496,65,113,381,2,1,2,10,0
2020-08-06,509,66,115,392,2,1,2,10,0
2020-08-07,522,67,118,402,2,1,3,11,0
2020-08-08,535,69,120,413,2,1,3,11,0
2020-08-09,549,70,123,424,2,1,3,11,0
2020-08-10,563,72,126,435,2,1,3,11,0
2020-08-11,577,73,128,447,2,1,3,12,0
2020-08-12,591,75,131,458,2,2,3,12,0
2020-08-13,607,76,134,470,3,2,3,12,0
2020-08-14,623,78,137,483,3,2,3,12,0
2020-08-15,637,79,139,495,3,2,3,13,0
2020-08-16,653,81,142,508,3,2,3,13,0
2020-08-17,669,82,145,521,3,2,3,13,0
2020-08-18,685,84,148,534,3,2,3,13,0
2020-08-19,701,86,151,547,3,2,3,14,0
2020-08-20,718,87,154,561,3,2,3,14,0
2020-08-21,735,89,157,575,3,2,3,14,0
2020-08-22,754,91,161,590,3,2,3,15,0
2020-08-23,771,93,164,604,3,2,3,15,0
2020-08-24,789,94,167,619,3,2,3,15,0
2020-08-25,807,96,170,634,3,2,3,15,0
2020-08-26,827,98,174,650,3,2,3,16,0
2020-08-27,847,100,177,666,4,2,3,16,0
2020-08-28,867,102,181,682,4,2,3,16,0
2020-08-29,886,103,184,698,4,2,4,17,0
2020-08-30,907,105,188,715,4,2,4,17,0
2020-08-31,927,107,191,732,4,2,4,17,0
2020-09-01,949,109,195,750,4,2,4,18,0
2020-09-02,970,111,199,767,4,2,4,18,0
2020-09-03,991,113,202,785,4,2,4,18,0
2020-09-04,1014,115,206,804,4,2,4,19,0
2020-09-05,1037,117,210,823,4,2,4,19,0
2020-09-06,1061,119,214,842,5,2,4,19,0
2020-09-07,1084,121,218,861,5,2,4,20,0
2020-09-08,1108,123,222,881,5,2,4,20,0
2020-09-09,1132,125,226,901,5,2,4,20,0
2020-09-10,1157,128,230,922,5,2,4,21,0
2020-09-11,1182,130,234,943,5,2,4,21,0
2020-09-12,1207,132,238,964,5,2,4,22,0
2020-09-13,1233,134,242,986,5,2,4,22,0
2020-09-14,1260,136,247,1008,5,2,4,22,0
2020-09-15,1287,138,251,1030,6,2,4,23,0
2020-09-16,1314,140,255,1053,6,2,4,23,0
2020-09-17,1342,143,260,1076,6,2,4,23,0
2020-09-18,1370,145,264,1100,6,2,4,24,0
2020-09-19,1398,147,268,1124,6,2,4,24,0
2020-09-20,1427,149,273,1148,6,2,4,25,0
2020-09-21,1456,151,277,1173,6,2,4,25,0
2020-09-22,1487,154,282,1199,6,2,5,25,0
2020-09-23,1517,156,286,1224,7,2,5,26,0
2020-09-24,1548,158,291,1250,7,2,5,26,0
2020-09-25,1579,160,295,1277,7,2,5,27,0
2020-09-26,1611,163,300,1304,7,2,5,27,0
2020-09-27,1643,165,305,1331,7,2,5,28,0
2020-09-28,1674,167,309,1358,7,2,5,28,0
2020-09-29,1708,169,314,1387,7,2,5,28,0
2020-09-30,1741,171,318,1415,8,2,5,29,0
2020-10-01,1775,174,323,1444,8,2,5,29,0
2020-10-02,1809,176,328,1473,8,2,5,30,0
2020-10-03,1843,178,332,1503,8,2,5,30,0
2020-10-04,1879,180,337,1534,8,2,5,30,0
2020-10-05,1914,182,342,1564,8,2,5,31,0
2020-10-06,1950,184,346,1595,9,2,5,31,0
2020-10-07,1987,187,351,1627,9,2,5,32,0
2020-10-08,2024,189,356,1659,9,2,5,32,0
2020-10-09,2060,191,360,1691,9,2,5,33,0
2020-10-10,2098,193,365,1724,9,2,5,33,0
2020-10-11,2136,195,370,1757,9,2,5,33,0
2020-10-12,2174,197,374,1790,10,2,5,34,0
2020-10-13,2213,199,379,1824,10,2,5,34,0
2020-10-14,2252,201,383,1859,10,2,5,35,0
2020-10-15,2292,203,388,1894,10,2,4,35,0
2020-10-16,2331,205,392,1929,10,2,4,35,0
2020-10-17,2373,206,397,1965,11,2,4,36,0
2020-10-18,2413,208,401,2001,11,2,4,36,0
2020-10-19,2454,210,406,2037,11,2,4,37,0
2020-10-20,2495,212,410,2074,11,2,4,37,0
2020-10-21,2536,214,414,2111,11,2,4,37,0
2020-10-22,2579,215,418,2149,12,2,4,38,0
2020-10-23,2621,217,422,2187,12,2,4,38,0
2020-10-24,2664,218,427,2225,12,2,4,39,0
2020-10-25,2707,220,431,2264,12,2,4,39,0
2020-10-26,2749,221,434,2303,12,1,4,39,0
2020-10-27,2793,223,438,2342,13,1,4,40,0
2020-10-28,2837,224,442,2382,13,1,4,40,0
2020-10-29,2881,226,446,2422,13,1,4,40,0
2020-10-30,2925,227,450,2462,13,1,4,41,0
2020-10-31,2969,228,453,2503,13,1,4,41,0
2020-11-01,3015,229,457,2544,14,1,3,41,0
2020-11-02,3060,230,460,2586,14,1,3,42,0
2020-11-03,3104,231,463,2627,14,1,3,42,0
2020-11-04,3150,232,467,2669,14,1,3,42,0
2020-11-05,3197,233,470,2712,15,1,3,42,0
2020-11-06,3242,234,473,2754,15,1,3,43,0
2020-11-07,3288,235,476,2797,15,1,3,43,0
2020-11-08,3333,236,478,2840,15,1,3,43,0
2020-11-09,3380,236,481,2884,15,1,3,43,0
2020-11-10,3427,237,484,2927,16,1,3,44,0
2020-11-11,3473,238,486,2971,16,1,2,44,0
2020-11-12,3519,238,488,3015,16,0,2,44,0
2020-11-13,3566,238,491,3059,16,0,2,44,0
2020-11-14,3614,239,493,3104,17,0,2,45,0
2020-11-15,3660,239,495,3148,17,0,2,45,0
2020-11-16,3707,239,497,3193,17,0,2,45,0
2020-11-17,3753,239,498,3238,17,0,2,45,0
2020-11-18,3801,239,500,3283,18,0,2,45,0
2020-11-19,3847,239,501,3328,18,0,1,45,0
2020-11-20,3895,239,503,3374,18,0,1,45,0
2020-11-21,3941,239,504,3419,18,0,1,46,0
2020-11-22,3989,239,505,3465,19,0,1,46,0
2020-11-23,4036,239,506,3511,19,0,1,46,0
2020-11-24,4082,238,507,3556,19,0,1,46,0
2020-11-25,4128,238,507,3602,19,0,1,46,0
2020-11-26,4176,238,508,3648,20,0,0,46,0
2020-11-27,4222,237,508,3694,20,0,0,46,0
2020-11-28,4268,237,508,3740,20,0,0,46,0
2020-11-29,4315,236,509,3786,20,0,0,46,0
2020-11-30,4361,235,508,3832,21,0,0,46,0
2020-12-01,4407,234,508,3878,21,0,0,46,0
2020-12-02,4453,234,508,3924,21,0,0,46,0
2020-12-03,4499,233,508,3970,21,0,0,46,0
2020-12-04,4545,232,507,4016,22,0,0,46,0
2020-12-05,4589,231,506,4061,22,0,0,46,0
2020-12-06,4634,230,505,4107,22,0,0,46,0
2020-12-07,4679,228,504,4153,22,0,0,46,0
2020-12-08,4724,227,503,4198,23,0,0,46,0
2020-12-09,4769,226,502,4244,23,0,0,45,0
2020-12-10,4813,225,501,4289,23,0,0,45,0
2020-12-11,4856,223,499,4334,23,0,0,45,0
2020-12-12,4901,222,498,4380,23,0,0,45,0
2020-12-13,4944,221,496,4424,24,0,0,45,0
2020-12-14,4987,219,494,4469,24,0,0,45,0
2020-12-15,5030,217,492,4514,24,0,0,44,0
2020-12-16,5072,216,490,4558,24,0,0,44,0
2020-12-17,5115,214,488,4602,25,0,0,44,0
2020-12-18,5156,213,485,4646,25,0,0,44,0
2020-12-19,5198,211,483,4690,25,0,0,44,0
2020-12-20,5239,209,480,4734,25,0,0,43,0
2020-12-21,5281,207,478,4777,26,0,0,43,0
2020-12-22,5321,206,475,4820,26,0,0,43,0
2020-12-23,5361,204,472,4863,26,0,0,43,0
2020-12-24,5401,202,469,4906,26,0,0,42,0
2020-12-25,5441,200,466,4948,27,0,0,42,0
2020-12-26,5480,198,463,4990,27,0,0,42,0
2020-12-27,5518,196,459,5032,27,0,0,42,0
2020-12-28,5556,194,456,5073,27,0,0,41,0
2020-12-29,5594,192,453,5114,27,0,0,41,0
2020-12-30,5632,190,449,5155,28,0,0,41,0
2020-12-31,5670,188,446,5196,28,0,0,40,0
2021-01-01,5706,186,442,5236,28,0,0,40,0
2021-01-02,5742,184,438,5276,28,0,0,40,0
2021-01-03,5779,182,435,5315,29,0,0,39,0
2021-01-04,5814,180,431,5354,29,0,0,39,0
2021-01-05,5849,178,427,5393,29,0,0,39,0
2021-01-06,5884,176,423,5432,29,0,0,38,0
2021-01-07,5918,174,419,5470,29,0,0,38,0
2021-01-08,5952,172,415,5507,30,0,0,38,0
2021-01-09,5986,169,411,5545,30,0,0,37,0
2021-01-10,6019,167,407,5582,30,0,0,37,0
2021-01-11,6050,165,402,5618,30,0,0,36,0
2021-01-12,6083,163,398,5655,30,0,0,36,0
2021-01-13,6116,161,394,5691,31,0,0,36,0
2021-01-14,6147,159,390,5726,31,0,0,35,0
2021-01-15,6177,157,385,5761,31,0,0,35,0
2021-01-16,6208,154,381,5796,31,0,0,34,0
2021-01-17,6238,152,377,5830,31,0,0,34,0
2021-01-18,6267,150,372,5864,31,0,0,34,0
2021-01-19,6298,148,368,5898,32,0,0,33,0
2021-01-20,6326,146,363,5931,32,0,0,33,0
2021-01-21,6354,144,359,5963,32,0,0,32,0
2021-01-22,6383,142,355,5996,32,0,0,32,0
2021-01-23,6410,140,350,6028,32,0,0,32,0
2021-01-24,6438,138,346,6059,33,0,0,31,0
2021-01-25,6464,135,341,6090,33,0,0,31,0
2021-01-26,6491,133,337,6121,33,0,0,30,0
2021-01-27,6516,131,332,6151,33,0,0,30,0
2021-01-28,6542,129,328,6181,33,0,0,30,0
2021-01-29,6567,127,323,6211,33,0,0,29,0
2021-01-30,6592,125,319,6240,33,0,0,29,0
2021-01-31,6617,123,315,6268,34,0,0,28,0
2021-02-01,6641,121,310,6297,34,0,0,28,0
2021-02-02,6665,119,306,6325,34,0,0,28,0
2021-02-03,6687,117,301,6352,34,0,0,27,0
2021-02-04,6710,116,297,6379,34,0,0,27,0
2021-02-05,6733,114,293,6406,34,0,0,26,0
2021-02-06,6755,112,288,6432,35,0,0,26,0
2021-02-07,6777,110,284,6458,35,0,0,26,0
2021-02-08,6799,108,280,6484,35,0,0,25,0
2021-02-09,6820,106,276,6509,35,0,0,25,0
2021-02-10,6840,104,271,6534,35,0,0,25,0
2021-02-11,6860,103,267,6558,35,0,0,24,0
2021-02-12,6880,101,263,6582,35,0,0,24,0
2021-02-13,6900,99,259,6606,35,0,0,23,0
2021-02-14,6920,97,255,6629,36,0,0,23,0
2021-02-15,6939,96,251,6652,36,0,0,23,0
2021-02-16,6957,94,247,6674,36,0,0,22,0
2021-02-17,6976,92,243,6697,36,0,0,22,0
2021-02-18,6993,91,239,6718,36,0,0,22,0
2021-02-19,7011,89,235,6740,36,0,0,21,0
2021-02-20,7028,87,231,6761,36,0,0,21,0
2021-02-21,7045,86,227,6782,36,0,0,21,0
2021-02-22,7061,84,223,6802,36,0,0,20,0
2021-02-23,7079,83,220,6822,37,0,0,20,0
2021-02-24,7095,81,216,6842,37,0,0,20,0
2021-02-25,7110,80,212,6861,37,0,0,19,0
2021-02-26,7126,78,209,6880,37,0,0,19,0
2021-02-27,7141,77,205,6899,37,0,0,19,0
2021-02-28,7156,75,201,6918,37,0,0,18,0
2021-03-01,7171,74,198,6936,37,0,0,18,0
2021-03-02,7184,73,194,6953,37,0,0,18,0
2021-03-03,7199,71,191,6971,37,0,0,17,0
2021-03-04,7213,70,188,6988,37,0,0,17,0
2021-03-05,7227,69,184,7005,38,0,0,17,0
2021-03-06,7240,67,181,7021,38,0,0,16,0
2021-03-07,7254,66,178,7038,38,0,0,16,0
2021-03-08,7267,65,175,7054,38,0,0,16,0
2021-03-09,7278,63,171,7069,38,0,0,15,0
2021-03-10,7291,62,168,7085,38,0,0,15,0
2021-03-11,7303,61,165,7100,38,0,0,15,0
2021-03-12,7315,60,162,7115,38,0,0,15,0
2021-03-13,7326,59,159,7129,38,0,0,14,0
2021-03-14,7337,57,156,7143,38,0,0,14,0
2021-03-15,7349,56,153,7158,38,0,0,14,0
2021-03-16,7359,55,150,7171,38,0,0,14,0
2021-03-17,7372,54,148,7185,39,0,0,13,0
2021-03-18,7382,53,145,7198,39,0,0,13,0
2021-03-19,7392,52,142,7211,39,0,0,13,0
2021-03-20,7402,51,139,7224,39,0,0,13,0
2021-03-21,7412,50,137,7236,39,0,0,12,0
2021-03-22,7422,49,134,7249,39,0,0,12,0
2021-03-23,7432,48,132,7261,39,0,0,12,0
2021-03-24,7440,47,129,7272,39,0,0,12,0
2021-03-25,7450,46,127,7284,39,0,0,11,0
2021-03-26,7458,45,124,7295,39,0,0,11,0
2021-03-27,7467,44,122,7306,39,0,0,11,0
2021-03-28,7475,43,119,7317,39,0,0,11,0
2021-03-29,7484,42,117,7328,39,0,0,11,0
2021-03-30,7493,42,115,7339,39,0,0,10,0
2021-03-31,7500,41,112,7349,39,0,0,10,0
2021-04-01,7508,40,110,7359,39,0,0,10,0
2021-04-02,7517,39,108,7369,40,0,0,10,0
2021-04-03,7525,38,106,7379,40,0,0,10,0
2021-04-04,7532,38,104,7388,40,0,0,9,0
2021-04-05,7539,37,102,7397,40,0,0,9,0
2021-04-06,7547,36,100,7407,40,0,0,9,0
2021-04-07,7553,35,98,7415,40,0,0,9,0
2021-04-08,7560,35,96,7424,40,0,0,9,0
2021-04-09,7567,34,94,7433,40,0,0,8,0
2021-04-10,7573,33,92,7441,40,0,0,8,0
2021-04-11,7580,32,90,7450,40,0,0,8,0
2021-04-12,7586,32,88,7458,40,0,0,8,0
2021-04-13,7592,31,86,7466,40,0,0,8,0
2021-04-14,7598,30,85,7473,40,0,0,8,0
2021-04-15,7604,30,83,7481,40,0,0,8,0
2021-04-16,7609,29,81,7488,40,0,0,7,0
2021-04-17,7616,29,80,7496,40,0,0,7,0
2021-04-18,7621,28,78,7503,40,0,0,7,0
2021-04-19,7626,27,76,7510,40,0,0,7,0
2021-04-20,7632,27,75,7517,40,0,0,7,0
2021-04-21,7636,26,73,7523,40,0,0,7,0
2021-04-22,7642,26,72,7530,40,0,0,6,0
2021-04-23,7646,25,70,7536,40,0,0,6,0
2021-04-24,7652,25,69,7543,40,0,0,6,0
2021-04-25,7657,24,67,7549,41,0,0,6,0
2021-04-26,7662,24,66,7555,41,0,0,6,0
2021-04-27,7667,23,65,7561,41,0,0,6,0
2021-04-28,7671,23,63,7567,41,0,0,6,0
2021-04-29,7675,22,62,7572,41,0,0,6,0
2021-04-30,7680,22,61,7578,41,0,0,5,0
2021-05-01,7683,21,59,7583,41,0,0,5,0
2021-05-02,7688,21,58,7589,41,0,0,5,0
2021-05-03,7692,20,57,7594,41,0,0,5,0
2021-05-04,7696,20,56,7599,41,0,0,5,0
2021-05-05,7700,19,55,7604,41,0,0,5,0
2021-05-06,7704,19,54,7609,41,0,0,5,0
2021-05-07,7707,19,52,7614,41,0,0,5,0
2021-05-08,7710,18,51,7618,41,0,0,5,0
2021-05-09,7714,18,50,7623,41,0,0,5,0
2021-05-10,7718,17,49,7628,41,0,0,4,0
2021-05-11,7721,17,48,7632,41,0,0,4,0
2021-05-12,7724,17,47,7636,41,0,0,4,0
2021-05-13,7728,16,46,7641,41,0,0,4,0
2021-05-14,7731,16,45,7645,41,0,0,4,0
2021-05-15,7734,16,44,7649,41,0,0,4,0
2021-05-16,7737,15,43,7653,41,0,0,4,0
2021-05-17,7740,15,42,7657,41,0,0,4,0
2021-05-18,7742,15,41,7660,41,0,0,4,0
2021-05-19,7746,14,41,7664,41,0,0,4,0
2021-05-20,7749,14,40,7668,41,0,0,4,0
2021-05-21,7751,14,39,7671,41,0,0,4,0
2021-05-22,7754,13,38,7675,41,0,0,3,0
2021-05-23,7756,13,37,7678,41,0,0,3,0
2021-05-24,7758,13,36,7681,41,0,0,3,0
2021-05-25,7762,13,36,7685,41,0,0,3,0
2021-05-26,7764,12,35,7688,41,0,0,3,0
2021-05-27,7766,12,34,7691,41,0,0,3,0
2021-05-28,7768,12,33,7694,41,0,0,3,0
2021-05-29,7771,12,33,7697,41,0,0,3,0
2021-05-30,7773,11,32,7700,41,0,0,3,0
2021-05-31,7775,11,31,7703,41,0,0,3,0
2021-06-01,7778,11,31,7706,41,0,0,3,0
2021-06-02,7779,11,30,7708,41,0,0,3,0
2021-06-03,7781,10,29,7711,41,0,0,3,0
2021-06-04,7784,10,29,7714,41,0,0,3,0
2021-06-05,7785,10,28,7716,41,0,0,3,0
2021-06-06,7787,10,27,7719,41,0,0,2,0
2021-06-07,7789,9,27,7721,41,0,0,2,0
2021-06-08,7791,9,26,7724,41,0,0,2,0
2021-06-09,7793,9,26,7726,41,0,0,2,0
2021-06-10,7794,9,25,7728,41,0,0,2,0
2021-06-11,7797,9,25,7731,41,0,0,2,0
2021-06-12,7798,8,24,7733,41,0,0,2,0
2021-06-13,7801,8,24,7735,42,0,0,2,0
2021-06-14,7802,8,23,7737,42,0,0,2,0
2021-06-15,7804,8,23,7739,42,0,0,2,0
2021-06-16,7805,8,22,7741,42,0,0,2,0
2021-06-17,7807,8,22,7743,42,0,0,2,0
2021-06-18,7808,7,21,7745,42,0,0,2,0
2021-06-19,7810,7,21,7747,42,0,0,2,0
2021-06-20,7811,7,20,7749,42,0,0,2,0
