Date,Infected,Exposed,Active,Recovered,Deaths,Diff Exposed,Diff Active,Diff Recovered,Diff Deaths
2020-06-28,1295,248,344,949,2,0,17,31,0
2020-06-29,1343,232,360,981,2,0,13,33,0
2020-06-30,1387,219,371,1014,2,0,9,34,0
2020-07-01,1429,210,379,1048,2,0,7,34,0
2020-07-02,1470,203,385,1083,2,0,5,35,0
2020-07-03,1509,198,389,1118,2,0,3,35,0
2020-07-04,1547,194,392,1153,2,0,2,36,0
2020-07-05,1585,190,394,1189,2,0,1,36,0
2020-07-06,1622,188,395,1225,2,0,1,36,0
2020-07-07,1658,186,396,1260,2,0,0,36,0
2020-07-08,1695,184,396,1296,3,0,0,36,0
2020-07-09,1731,182,396,1332,3,0,0,36,0
2020-07-10,1767,181,396,1368,3,0,0,36,0
2020-07-11,1802,180,395,1404,3,0,0,36,0
2020-07-12,1838,179,395,1440,3,0,0,36,0
2020-07-13,1873,178,394,1476,3,0,0,36,0
2020-07-14,1908,177,393,1512,3,0,0,36,0
2020-07-15,1942,176,392,1547,3,0,0,36,0
2020-07-16,1977,175,391,1583,3,0,0,35,0
2020-07-17,2011,174,390,1618,3,0,0,35,0
2020-07-18,2044,174,388,1653,3,0,0,35,0
2020-07-19,2079,173,387,1689,3,0,0,35,0
2020-07-20,2113,172,386,1724,3,0,0,35,0
2020-07-21,2146,171,384,1759,3,0,0,35,0
2020-07-22,2179,170,383,1793,3,0,0,35,0
2020-07-23,2214,169,382,1828,4,0,0,35,0
2020-07-24,2247,168,380,1863,4,0,0,34,0
2020-07-25,2280,168,379,1897,4,0,0,34,0
2020-07-26,2312,167,377,1931,4,0,0,34,0
2020-07-27,2345,166,375,1966,4,0,0,34,0
2020-07-28,2378,165,374,2000,4,0,0,34,0
2020-07-29,2409,164,372,2033,4,0,0,34,0
2020-07-30,2441,163,370,2067,4,0,0,34,0
2020-07-31,2474,162,369,2101,4,0,0,33,0
2020-08-01,2505,161,367,2134,4,0,0,33,0
2020-08-02,2536,160,365,2167,4,0,0,33,0
2020-08-03,2567,159,363,2200,4,0,0,33,0
2020-08-04,2598,158,361,2233,4,0,0,33,0
2020-08-05,2630,157,360,2266,4,0,0,33,0
2020-08-06,2661,156,358,2299,4,0,0,32,0
2020-08-07,2692,155,356,2331,5,0,0,32,0
2020-08-08,2722,154,354,2363,5,0,0,32,0
2020-08-09,2752,153,352,2395,5,0,0,32,0
2020-08-10,2782,152,350,2427,5,0,0,32,0
2020-08-11,2812,151,348,2459,5,0,0,32,0
2020-08-12,2841,150,346,2490,5,0,0,31,0
2020-08-13,2871,149,344,2522,5,0,0,31,0
2020-08-14,2900,148,342,2553,5,0,0,31,0
2020-08-15,2929,147,340,2584,5,0,0,31,0
2020-08-16,2956,146,337,2614,5,0,0,31,0
2020-08-17,2985,145,335,2645,5,0,0,30,0
2020-08-18,3013,143,333,2675,5,0,0,30,0
2020-08-19,3041,142,331,2705,5,0,0,30,0
2020-08-20,3069,141,329,2735,5,0,0,30,0
2020-08-21,3097,140,327,2765,5,0,0,30,0
2020-08-22,3124,139,324,2795,5,0,0,29,0
2020-08-23,3151,138,322,2824,5,0,0,29,0
2020-08-24,3179,137,320,2853,6,0,0,29,0
2020-08-25,3206,136,318,2882,6,0,0,29,0
2020-08-26,3232,135,315,2911,6,0,0,29,0
2020-08-27,3258,134,313,2939,6,0,0,28,0
2020-08-28,3285,132,311,2968,6,0,0,28,0
2020-08-29,3311,131,309,2996,6,0,0,28,0
2020-08-30,3336,130,306,3024,6,0,0,28,0
2020-08-31,3362,129,304,3052,6,0,0,28,0
2020-09-01,3387,128,302,3079,6,0,0,27,0
2020-09-02,3411,127,299,3106,6,0,0,27,0
2020-09-03,3436,126,297,3133,6,0,0,27,0
2020-09-04,3461,125,295,3160,6,0,0,27,0
2020-09-05,3485,124,292,3187,6,0,0,27,0
2020-09-06,3509,123,290,3213,6,0,0,26,0
2020-09-07,3534,121,288,3240,6,0,0,26,0
2020-09-08,3557,120,285,3266,6,0,0,26,0
2020-09-09,3580,119,283,3291,6,0,0,26,0
2020-09-10,3604,118,281,3317,6,0,0,25,0
2020-09-11,3627,117,278,3342,7,0,0,25,0
2020-09-12,3651,116,276,3368,7,0,0,25,0
2020-09-13,3674,115,274,3393,7,0,0,25,0
2020-09-14,3695,114,271,3417,7,0,0,25,0
2020-09-15,3718,113,269,3442,7,0,0,24,0
2020-09-16,3739,112,266,3466,7,0,0,24,0
2020-09-17,3761,110,264,3490,7,0,0,24,0
2020-09-18,3783,109,262,3514,7,0,0,24,0
2020-09-19,3804,108,259,3538,7,0,0,24,0
2020-09-20,3825,107,257,3561,7,0,0,23,0
2020-09-21,3846,106,255,3584,7,0,0,23,0
2020-09-22,3867,105,252,3608,7,0,0,23,0
2020-09-23,3887,104,250,3630,7,0,0,23,0
2020-09-24,3908,103,248,3653,7,0,0,22,0
2020-09-25,3927,102,245,3675,7,0,0,22,0
2020-09-26,3948,101,243,3698,7,0,0,22,0
2020-09-27,3968,100,241,3720,7,0,0,22,0
2020-09-28,3986,99,238,3741,7,0,0,22,0
2020-09-29,4006,98,236,3763,7,0,0,21,0
2020-09-30,4025,97,234,3784,7,0,0,21,0
2020-10-01,4044,96,232,3805,7,0,0,21,0
2020-10-02,4062,95,229,3826,7,0,0,21,0
2020-10-03,4081,94,227,3847,7,0,0,21,0
2020-10-04,4100,93,225,3867,8,0,0,20,0
2020-10-05,4118,92,222,3888,8,0,0,20,0
2020-10-06,4136,91,220,3908,8,0,0,20,0
2020-10-07,4154,90,218,3928,8,0,0,20,0
2020-10-08,4172,89,216,3948,8,0,0,20,0
2020-10-09,4189,88,214,3967,8,0,0,19,0
2020-10-10,4205,87,211,3986,8,0,0,19,0
2020-10-11,4222,86,209,4005,8,0,0,19,0
2020-10-12,4239,85,207,4024,8,0,0,19,0
2020-10-13,4256,84,205,4043,8,0,0,19,0
2020-10-14,4273,83,203,4062,8,0,0,18,0
2020-10-15,4289,82,201,4080,8,0,0,18,0
2020-10-16,4304,81,198,4098,8,0,0,18,0
2020-10-17,4320,80,196,4116,8,0,0,18,0
2020-10-18,4336,79,194,4134,8,0,0,18,0
2020-10-19,4351,78,192,4151,8,0,0,17,0
2020-10-20,4367,78,190,4169,8,0,0,17,0
2020-10-21,4382,77,188,4186,8,0,0,17,0
2020-10-22,4397,76,186,4203,8,0,0,17,0
2020-10-23,4412,75,184,4220,8,0,0,17,0
2020-10-24,4426,74,182,4236,8,0,0,16,0
2020-10-25,4441,73,180,4253,8,0,0,16,0
2020-10-26,4455,72,178,4269,8,0,0,16,0
2020-10-27,4469,71,176,4285,8,0,0,16,0
2020-10-28,4483,71,174,4301,8,0,0,16,0
2020-10-29,4496,70,172,4316,8,0,0,16,0
2020-10-30,4510,69,170,4332,8,0,0,15,0
2020-10-31,4523,68,168,4347,8,0,0,15,0
2020-11-01,4537,67,166,4363,8,0,0,15,0
2020-11-02,4551,66,164,4378,9,0,0,15,0
2020-11-03,4563,66,162,4392,9,0,0,15,0
2020-11-04,4576,65,160,4407,9,0,0,15,0
2020-11-05,4589,64,159,4421,9,0,0,14,0
2020-11-06,4602,63,157,4436,9,0,0,14,0
2020-11-07,4614,63,155,4450,9,0,0,14,0
2020-11-08,4626,62,153,4464,9,0,0,14,0
2020-11-09,4638,61,151,4478,9,0,0,14,0
2020-11-10,4649,60,149,4491,9,0,0,14,0
2020-11-11,4662,60,148,4505,9,0,0,13,0
2020-11-12,4673,59,146,4518,9,0,0,13,0
2020-11-13,4684,58,144,4531,9,0,0,13,0
2020-11-14,4695,57,142,4544,9,0,0,13,0
2020-11-15,4707,57,141,4557,9,0,0,13,0
2020-11-16,4718,56,139,4570,9,0,0,13,0
2020-11-17,4729,55,137,4583,9,0,0,12,0
2020-11-18,4740,55,136,4595,9,0,0,12,0
2020-11-19,4750,54,134,4607,9,0,0,12,0
2020-11-20,4760,53,132,4619,9,0,0,12,0
2020-11-21,4771,52,131,4631,9,0,0,12,0
2020-11-22,4781,52,129,4643,9,0,0,12,0
2020-11-23,4792,51,128,4655,9,0,0,12,0
2020-11-24,4801,51,126,4666,9,0,0,11,0
2020-11-25,4812,50,125,4678,9,0,0,11,0
2020-11-26,4821,49,123,4689,9,0,0,11,0
2020-11-27,4830,49,121,4700,9,0,0,11,0
2020-11-28,4840,48,120,4711,9,0,0,11,0
2020-11-29,4849,47,118,4722,9,0,0,11,0
2020-11-30,4859,47,117,4733,9,0,0,11,0
2020-12-01,4868,46,116,4743,9,0,0,10,0
2020-12-02,4877,46,114,4754,9,0,0,10,0
2020-12-03,4886,45,113,4764,9,0,0,10,0
2020-12-04,4894,44,111,4774,9,0,0,10,0
2020-12-05,4903,44,110,4784,9,0,0,10,0
2020-12-06,4911,43,108,4794,9,0,0,10,0
2020-12-07,4920,43,107,4804,9,0,0,10,0
2020-12-08,4929,42,106,4814,9,0,0,10,0
2020-12-09,4936,42,104,4823,9,0,0,9,0
2020-12-10,4945,41,103,4833,9,0,0,9,0
2020-12-11,4953,40,102,4842,9,0,0,9,0
2020-12-12,4960,40,100,4851,9,0,0,9,0
2020-12-13,4968,39,99,4860,9,0,0,9,0
2020-12-14,4976,39,98,4869,9,0,0,9,0
2020-12-15,4984,38,97,4878,9,0,0,9,0
2020-12-16,4992,38,95,4887,10,0,0,9,0
2020-12-17,4999,37,94,4895,10,0,0,9,0
2020-12-18,5007,37,93,4904,10,0,0,8,0
2020-12-19,5014,36,92,4912,10,0,0,8,0
2020-12-20,5020,36,90,4920,10,0,0,8,0
2020-12-21,5027,35,89,4928,10,0,0,8,0
2020-12-22,5035,35,88,4937,10,0,0,8,0
2020-12-23,5041,34,87,4944,10,0,0,8,0
2020-12-24,5048,34,86,4952,10,0,0,8,0
2020-12-25,5055,34,85,4960,10,0,0,8,0
2020-12-26,5062,33,84,4968,10,0,0,8,0
2020-12-27,5067,33,82,4975,10,0,0,7,0
2020-12-28,5074,32,81,4983,10,0,0,7,0
2020-12-29,5080,32,80,4990,10,0,0,7,0
2020-12-30,5086,31,79,4997,10,0,0,7,0
2020-12-31,5092,31,78,5004,10,0,0,7,0
2021-01-01,5099,30,77,5012,10,0,0,7,0
2021-01-02,5104,30,76,5018,10,0,0,7,0
2021-01-03,5110,30,75,5025,10,0,0,7,0
2021-01-04,5116,29,74,5032,10,0,0,7,0
2021-01-05,5122,29,73,5039,10,0,0,7,0
2021-01-06,5127,28,72,5045,10,0,0,7,0
2021-01-07,5133,28,71,5052,10,0,0,6,0
2021-01-08,5138,28,70,5058,10,0,0,6,0
2021-01-09,5144,27,69,5065,10,0,0,6,0
2021-01-10,5149,27,68,5071,10,0,0,6,0
2021-01-11,5154,27,67,5077,10,0,0,6,0
2021-01-12,5159,26,66,5083,10,0,0,6,0
2021-01-13,5165,26,66,5089,10,0,0,6,0
2021-01-14,5170,25,65,5095,10,0,0,6,0
2021-01-15,5175,25,64,5101,10,0,0,6,0
2021-01-16,5180,25,63,5107,10,0,0,6,0
2021-01-17,5184,24,62,5112,10,0,0,6,0
2021-01-18,5189,24,61,5118,10,0,0,6,0
2021-01-19,5193,24,60,5123,10,0,0,5,0
2021-01-20,5199,23,60,5129,10,0,0,5,0
2021-01-21,5203,23,59,5134,10,0,0,5,0
2021-01-22,5208,23,58,5140,10,0,0,5,0
2021-01-23,5212,22,57,5145,10,0,0,5,0
2021-01-24,5216,22,56,5150,10,0,0,5,0
2021-01-25,5221,22,56,5155,10,0,0,5,0
2021-01-26,5225,22,55,5160,10,0,0,5,0
2021-01-27,5229,21,54,5165,10,0,0,5,0
2021-01-28,5233,21,53,5170,10,0,0,5,0
2021-01-29,5238,21,53,5175,10,0,0,5,0
2021-01-30,5242,20,52,5180,10,0,0,5,0
2021-01-31,5245,20,51,5184,10,0,0,5,0
2021-02-01,5249,20,50,5189,10,0,0,5,0
2021-02-02,5253,20,50,5193,10,0,0,5,0
2021-02-03,5257,19,49,5198,10,0,0,4,0
2021-02-04,5260,19,48,5202,10,0,0,4,0
2021-02-05,5265,19,48,5207,10,0,0,4,0
2021-02-06,5268,18,47,5211,10,0,0,4,0
2021-02-07,5271,18,46,5215,10,0,0,4,0
2021-02-08,5275,18,46,5219,10,0,0,4,0
2021-02-09,5279,18,45,5224,10,0,0,4,0
2021-02-10,5283,17,45,5228,10,0,0,4,0
2021-02-11,5286,17,44,5232,10,0,0,4,0
2021-02-12,5289,17,43,5236,10,0,0,4,0
2021-02-13,5293,17,43,5240,10,0,0,4,0
2021-02-14,5295,16,42,5243,10,0,0,4,0
2021-02-15,5298,16,41,5247,10,0,0,4,0
2021-02-16,5302,16,41,5251,10,0,0,4,0
2021-02-17,5305,16,40,5255,10,0,0,4,0
2021-02-18,5308,16,40,5258,10,0,0,4,0
2021-02-19,5311,15,39,5262,10,0,0,4,0
2021-02-20,5314,15,39,5265,10,0,0,4,0
2021-02-21,5317,15,38,5269,10,0,0,3,0
2021-02-22,5320,15,38,5272,10,0,0,3,0
2021-02-23,5323,15,37,5276,10,0,0,3,0
2021-02-24,5326,14,37,5279,10,0,0,3,0
2021-02-25,5328,14,36,5282,10,0,0,3,0
2021-02-26,5332,14,36,5286,10,0,0,3,0
2021-02-27,5334,14,35,5289,10,0,0,3,0
2021-02-28,5337,14,35,5292,10,0,0,3,0
2021-03-01,5339,13,34,5295,10,0,0,3,0
2021-03-02,5342,13,34,5298,10,0,0,3,0
2021-03-03,5344,13,33,5301,10,0,0,3,0
2021-03-04,5347,13,33,5304,10,0,0,3,0
2021-03-05,5349,13,32,5307,10,0,0,3,0
2021-03-06,5352,12,32,5310,10,0,0,3,0
2021-03-07,5354,12,31,5313,10,0,0,3,0
2021-03-08,5357,12,31,5316,10,0,0,3,0
2021-03-09,5358,12,30,5318,10,0,0,3,0
2021-03-10,5361,12,30,5321,10,0,0,3,0
2021-03-11,5363,12,29,5324,10,0,0,3,0
2021-03-12,5366,11,29,5327,10,0,0,3,0
2021-03-13,5368,11,29,5329,10,0,0,3,0
2021-03-14,5370,11,28,5332,10,0,0,3,0
2021-03-15,5372,11,28,5334,10,0,0,3,0
2021-03-16,5374,11,27,5337,10,0,0,2,0
2021-03-17,5376,11,27,5339,10,0,0,2,0
2021-03-18,5379,10,27,5342,10,0,0,2,0
2021-03-19,5380,10,26,5344,10,0,0,2,0
2021-03-20,5383,10,26,5347,10,0,0,2,0
2021-03-21,5385,10,26,5349,10,0,0,2,0
2021-03-22,5386,10,25,5351,10,0,0,2,0
2021-03-23,5388,10,25,5353,10,0,0,2,0
2021-03-24,5390,10,24,5356,10,0,0,2,0
2021-03-25,5392,9,24,5358,10,0,0,2,0
2021-03-26,5394,9,24,5360,10,0,0,2,0
2021-03-27,5395,9,23,5362,10,0,0,2,0
2021-03-28,5397,9,23,5364,10,0,0,2,0
2021-03-29,5399,9,23,5366,10,0,0,2,0
2021-03-30,5400,9,22,5368,10,0,0,2,0
2021-03-31,5402,9,22,5370,10,0,0,2,0
2021-04-01,5404,9,22,5372,10,0,0,2,0
2021-04-02,5405,8,21,5374,10,0,0,2,0
2021-04-03,5407,8,21,5376,10,0,0,2,0
2021-04-04,5409,8,21,5378,10,0,0,2,0
2021-04-05,5411,8,21,5380,10,0,0,2,0
2021-04-06,5412,8,20,5382,10,0,0,2,0
2021-04-07,5414,8,20,5384,10,0,0,2,0
2021-04-08,5416,8,20,5386,10,0,0,2,0
2021-04-09,5416,8,19,5387,10,0,0,2,0
2021-04-10,5418,7,19,5389,10,0,0,2,0
2021-04-11,5420,7,19,5391,10,0,0,2,0
2021-04-12,5422,7,19,5393,10,0,0,2,0
2021-04-13,5422,7,18,5394,10,0,0,2,0
2021-04-14,5425,7,18,5396,11,0,0,2,0
2021-04-15,5427,7,18,5398,11,0,0,2,0
2021-04-16,5428,7,18,5399,11,0,0,2,0
2021-04-17,5429,7,17,5401,11,0,0,2,0
2021-04-18,5430,7,17,5402,11,0,0,2,0
2021-04-19,5432,7,17,5404,11,0,0,2,0
2021-04-20,5433,6,17,5405,11,0,0,2,0
2021-04-21,5434,6,16,5407,11,0,0,1,0
2021-04-22,5435,6,16,5408,11,0,0,1,0
2021-04-23,5437,6,16,5410,11,0,0,1,0
2021-04-24,5438,6,16,5411,11,0,0,1,0
2021-04-25,5439,6,15,5413,11,0,0,1,0
2021-04-26,5440,6,15,5414,11,0,0,1,0
2021-04-27,5441,6,15,5415,11,0,0,1,0
2021-04-28,5443,6,15,5417,11,0,0,1,0
2021-04-29,5444,6,15,5418,11,0,0,1,0
2021-04-30,5444,6,14,5419,11,0,0,1,0
2021-05-01,5446,5,14,5421,11,0,0,1,0
2021-05-02,5447,5,14,5422,11,0,0,1,0
2021-05-03,5448,5,14,5423,11,0,0,1,0
2021-05-04,5449,5,14,5424,11,0,0,1,0
2021-05-05,5450,5,13,5426,11,0,0,1,0
2021-05-06,5451,5,13,5427,11,0,0,1,0
2021-05-07,5452,5,13,5428,11,0,0,1,0
2021-05-08,5453,5,13,5429,11,0,0,1,0
2021-05-09,5454,5,13,5430,11,0,0,1,0
2021-05-10,5455,5,12,5432,11,0,0,1,0
2021-05-11,5456,5,12,5433,11,0,0,1,0
2021-05-12,5457,5,12,5434,11,0,0,1,0
2021-05-13,5458,5,12,5435,11,0,0,1,0
2021-05-14,5459,5,12,5436,11,0,0,1,0
2021-05-15,5459,4,11,5437,11,0,0,1,0
2021-05-16,5460,4,11,5438,11,0,0,1,0
2021-05-17,5461,4,11,5439,11,0,0,1,0
2021-05-18,5462,4,11,5440,11,0,0,1,0
2021-05-19,5463,4,11,5441,11,0,0,1,0
2021-05-20,5464,4,11,5442,11,0,0,1,0
2021-05-21,5465,4,11,5443,11,0,0,1,0
2021-05-22,5465,4,10,5444,11,0,0,1,0
2021-05-23,5466,4,10,5445,11,0,0,1,0
2021-05-24,5467,4,10,5446,11,0,0,1,0
2021-05-25,5468,4,10,5447,11,0,0,1,0
2021-05-26,5469,4,10,5448,11,0,0,1,0
2021-05-27,5469,4,10,5448,11,0,0,1,0
2021-05-28,5470,4,10,5449,11,0,0,1,0
2021-05-29,5470,4,9,5450,11,0,0,1,0
2021-05-30,5471,4,9,5451,11,0,0,1,0
2021-05-31,5472,4,9,5452,11,0,0,1,0
2021-06-01,5473,3,9,5453,11,0,0,1,0
2021-06-02,5473,3,9,5453,11,0,0,1,0
2021-06-03,5474,3,9,5454,11,0,0,1,0
2021-06-04,5475,3,9,5455,11,0,0,1,0
2021-06-05,5475,3,8,5456,11,0,0,1,0
2021-06-06,5476,3,8,5457,11,0,0,1,0
2021-06-07,5476,3,8,5457,11,0,0,1,0
2021-06-08,5477,3,8,5458,11,0,0,1,0
2021-06-09,5478,3,8,5459,11,0,0,1,0
2021-06-10,5479,3,8,5460,11,0,0,1,0
2021-06-11,5479,3,8,5460,11,0,0,1,0
2021-06-12,5480,3,8,5461,11,0,0,1,0
2021-06-13,5481,3,8,5462,11,0,0,1,0
2021-06-14,5480,3,7,5462,11,0,0,1,0
2021-06-15,5481,3,7,5463,11,0,0,1,0
2021-06-16,5482,3,7,5464,11,0,0,1,0
2021-06-17,5482,3,7,5464,11,0,0,1,0
2021-06-18,5483,3,7,5465,11,0,0,1,0
2021-06-19,5484,3,7,5466,11,0,0,1,0
2021-06-20,5484,3,7,5466,11,0,0,1,0
2021-06-21,5485,3,7,5467,11,0,0,1,0
2021-06-22,5485,3,7,5467,11,0,0,1,0
2021-06-23,5485,3,6,5468,11,0,0,1,0
