Date,Infected,Exposed,Active,Recovered,Deaths,Diff Exposed,Diff Active,Diff Recovered,Diff Deaths
2020-07-14,863,127,176,686,1,0,9,16,0
2020-07-15,887,124,184,702,1,0,8,17,0
2020-07-16,912,123,192,719,1,0,7,17,0
2020-07-17,936,122,198,737,1,0,6,18,0
2020-07-18,960,123,204,755,1,1,6,18,0
2020-07-19,983,124,209,773,1,1,5,19,0
2020-07-20,1009,125,214,793,2,1,5,19,0
2020-07-21,1033,127,219,812,2,2,5,20,0
2020-07-22,1058,128,224,832,2,2,5,20,0
2020-07-23,1084,130,229,853,2,2,5,21,0
2020-07-24,1110,133,234,874,2,2,5,21,0
2020-07-25,1136,135,239,895,2,2,5,22,0
2020-07-26,1162,137,243,917,2,2,5,22,0
2020-07-27,1189,139,248,939,2,2,5,23,0
2020-07-28,1217,142,253,962,2,2,5,23,0
2020-07-29,1245,144,258,985,2,2,5,23,0
2020-07-30,1273,147,263,1008,2,3,5,24,0
2020-07-31,1302,149,268,1032,2,3,5,24,0
2020-08-01,1332,152,273,1057,2,3,5,25,0
2020-08-02,1362,155,278,1082,2,3,5,25,0
2020-08-03,1392,157,283,1107,2,3,5,26,0
2020-08-04,1423,160,288,1133,2,3,5,26,0
2020-08-05,1454,163,293,1159,2,3,5,27,0
2020-08-06,1486,165,298,1186,2,3,5,27,0
2020-08-07,1519,168,304,1213,2,3,5,28,0
2020-08-08,1552,171,309,1241,2,3,5,28,0
2020-08-09,1585,173,314,1269,2,3,5,29,0
2020-08-10,1621,176,320,1298,3,3,5,29,0
2020-08-11,1655,179,325,1327,3,3,6,30,0
2020-08-12,1691,182,331,1357,3,3,6,30,0
2020-08-13,1726,184,336,1387,3,3,6,31,0
2020-08-14,1763,187,342,1418,3,3,6,31,0
2020-08-15,1800,190,348,1449,3,3,6,32,0
2020-08-16,1837,193,353,1481,3,3,6,32,0
2020-08-17,1875,196,359,1513,3,3,6,33,0
2020-08-18,1914,198,365,1546,3,3,6,33,0
2020-08-19,1952,201,370,1579,3,3,6,34,0
2020-08-20,1992,204,376,1613,3,3,6,34,0
2020-08-21,2032,207,382,1647,3,3,6,35,0
2020-08-22,2073,210,388,1682,3,3,6,35,0
2020-08-23,2114,212,394,1717,3,3,6,36,0
2020-08-24,2156,215,400,1753,3,3,6,36,0
2020-08-25,2198,218,405,1790,3,3,6,37,0
2020-08-26,2242,221,411,1827,4,3,6,37,0
2020-08-27,2285,223,417,1864,4,3,6,38,0
2020-08-28,2329,226,423,1902,4,3,6,38,0
2020-08-29,2374,229,429,1941,4,3,6,39,0
2020-08-30,2419,232,435,1980,4,3,6,39,0
2020-08-31,2464,234,441,2019,4,3,6,40,0
2020-09-01,2511,237,447,2060,4,3,6,41,0
2020-09-02,2556,239,452,2100,4,3,6,41,0
2020-09-03,2604,242,458,2142,4,3,6,42,0
2020-09-04,2651,245,464,2183,4,3,6,42,0
2020-09-05,2700,247,470,2226,4,2,6,43,0
2020-09-06,2748,250,475,2269,4,2,6,43,0
2020-09-07,2797,252,481,2312,4,2,6,44,0
2020-09-08,2848,254,487,2356,5,2,6,44,0
2020-09-09,2897,257,492,2400,5,2,6,45,0
2020-09-10,2948,259,498,2445,5,2,6,45,0
2020-09-11,2998,261,503,2490,5,2,5,46,0
2020-09-12,3050,264,509,2536,5,2,5,46,0
2020-09-13,3102,266,514,2583,5,2,5,47,0
2020-09-14,3154,268,520,2629,5,2,5,47,0
2020-09-15,3207,270,525,2677,5,2,5,48,0
2020-09-16,3259,272,530,2724,5,2,5,48,0
2020-09-17,3313,274,535,2773,5,2,5,49,0
2020-09-18,3366,276,540,2821,5,2,5,49,0
2020-09-19,3422,278,545,2871,6,2,5,49,0
2020-09-20,3476,279,550,2920,6,2,5,50,0
2020-09-21,3531,281,555,2970,6,2,5,50,0
2020-09-22,3586,283,559,3021,6,2,5,51,0
2020-09-23,3642,284,564,3072,6,2,4,51,0
2020-09-24,3697,286,568,3123,6,1,4,52,0
2020-09-25,3754,287,573,3175,6,1,4,52,0
2020-09-26,3810,288,577,3227,6,1,4,52,0
2020-09-27,3866,290,581,3279,6,1,4,53,0
2020-09-28,3923,291,585,3332,6,1,4,53,0
2020-09-29,3981,292,589,3385,7,1,4,53,0
2020-09-30,4038,293,592,3439,7,1,4,54,0
2020-10-01,4096,294,596,3493,7,1,3,54,0
2020-10-02,4153,295,599,3547,7,1,3,54,0
2020-10-03,4210,295,602,3601,7,1,3,55,0
2020-10-04,4269,296,606,3656,7,1,3,55,0
2020-10-05,4327,297,609,3711,7,1,3,55,0
2020-10-06,4384,297,611,3766,7,0,3,55,0
2020-10-07,4443,298,614,3822,7,0,3,56,0
2020-10-08,4501,298,616,3878,7,0,2,56,0
2020-10-09,4561,298,619,3934,8,0,2,56,0
2020-10-10,4619,299,621,3990,8,0,2,56,0
2020-10-11,4677,299,623,4046,8,0,2,57,0
2020-10-12,4736,299,625,4103,8,0,2,57,0
2020-10-13,4795,299,627,4160,8,0,2,57,0
2020-10-14,4853,298,628,4217,8,0,1,57,0
2020-10-15,4911,298,629,4274,8,0,1,57,0
2020-10-16,4970,298,631,4331,8,0,1,57,0
2020-10-17,5028,297,632,4388,8,0,1,57,0
2020-10-18,5087,297,632,4446,9,0,1,57,0
2020-10-19,5145,296,633,4503,9,0,1,57,0
2020-10-20,5202,296,633,4560,9,0,0,57,0
2020-10-21,5261,295,634,4618,9,0,0,58,0
2020-10-22,5318,294,634,4675,9,0,0,58,0
2020-10-23,5376,293,634,4733,9,0,0,58,0
2020-10-24,5433,292,634,4790,9,0,0,57,0
2020-10-25,5490,291,633,4848,9,0,0,57,0
2020-10-26,5547,290,633,4905,9,0,0,57,0
2020-10-27,5605,289,632,4963,10,0,0,57,0
2020-10-28,5661,287,631,5020,10,0,0,57,0
2020-10-29,5717,286,630,5077,10,0,0,57,0
2020-10-30,5773,284,629,5134,10,0,0,57,0
2020-10-31,5828,283,627,5191,10,0,0,57,0
2020-11-01,5884,281,626,5248,10,0,0,57,0
2020-11-02,5939,280,624,5305,10,0,0,57,0
2020-11-03,5993,278,622,5361,10,0,0,56,0
2020-11-04,6048,276,620,5418,10,0,0,56,0
2020-11-05,6102,274,617,5474,11,0,0,56,0
2020-11-06,6156,272,615,5530,11,0,0,56,0
2020-11-07,6210,270,613,5586,11,0,0,56,0
2020-11-08,6262,268,610,5641,11,0,0,55,0
2020-11-09,6314,266,607,5696,11,0,0,55,0
2020-11-10,6366,264,604,5751,11,0,0,55,0
2020-11-11,6418,262,601,5806,11,0,0,55,0
2020-11-12,6469,260,598,5860,11,0,0,54,0
2020-11-13,6519,258,594,5914,11,0,0,54,0
2020-11-14,6571,255,591,5968,12,0,0,54,0
2020-11-15,6621,253,587,6022,12,0,0,53,0
2020-11-16,6670,251,583,6075,12,0,0,53,0
2020-11-17,6719,248,579,6128,12,0,0,53,0
2020-11-18,6767,246,575,6180,12,0,0,52,0
2020-11-19,6815,243,571,6232,12,0,0,52,0
2020-11-20,6863,241,567,6284,12,0,0,51,0
2020-11-21,6910,238,563,6335,12,0,0,51,0
2020-11-22,6956,236,558,6386,12,0,0,51,0
2020-11-23,7002,233,554,6436,12,0,0,50,0
2020-11-24,7049,231,549,6487,13,0,0,50,0
2020-11-25,7093,228,544,6536,13,0,0,49,0
2020-11-26,7138,226,540,6585,13,0,0,49,0
2020-11-27,7182,223,535,6634,13,0,0,49,0
2020-11-28,7226,220,530,6683,13,0,0,48,0
2020-11-29,7269,218,525,6731,13,0,0,48,0
2020-11-30,7311,215,520,6778,13,0,0,47,0
2020-12-01,7353,212,515,6825,13,0,0,47,0
2020-12-02,7393,210,509,6871,13,0,0,46,0
2020-12-03,7434,207,504,6917,13,0,0,46,0
2020-12-04,7475,204,499,6963,13,0,0,45,0
2020-12-05,7516,201,494,7008,14,0,0,45,0
2020-12-06,7555,199,488,7053,14,0,0,44,0
2020-12-07,7594,196,483,7097,14,0,0,44,0
2020-12-08,7631,193,477,7140,14,0,0,43,0
2020-12-09,7670,191,472,7184,14,0,0,43,0
2020-12-10,7706,188,466,7226,14,0,0,42,0
2020-12-11,7743,185,461,7268,14,0,0,42,0
2020-12-12,7779,183,455,7310,14,0,0,41,0
2020-12-13,7815,180,450,7351,14,0,0,41,0
2020-12-14,7850,177,444,7392,14,0,0,40,0
2020-12-15,7884,175,438,7432,14,0,0,40,0
2020-12-16,7918,172,433,7471,14,0,0,39,0
2020-12-17,7951,169,427,7510,14,0,0,39,0
2020-12-18,7986,167,422,7549,15,0,0,38,0
2020-12-19,8018,164,416,7587,15,0,0,38,0
2020-12-20,8050,162,410,7625,15,0,0,37,0
2020-12-21,8082,159,405,7662,15,0,0,37,0
2020-12-22,8112,157,399,7698,15,0,0,36,0
2020-12-23,8143,154,394,7734,15,0,0,36,0
2020-12-24,8173,152,388,7770,15,0,0,35,0
2020-12-25,8203,149,383,7805,15,0,0,35,0
2020-12-26,8231,147,377,7839,15,0,0,34,0
2020-12-27,8260,144,372,7873,15,0,0,34,0
2020-12-28,8288,142,366,7907,15,0,0,33,0
2020-12-29,8316,140,361,7940,15,0,0,33,0
2020-12-30,8342,137,355,7972,15,0,0,32,0
2020-12-31,8369,135,350,8004,15,0,0,32,0
2021-01-01,8396,133,344,8036,16,0,0,31,0
2021-01-02,8422,130,339,8067,16,0,0,31,0
2021-01-03,8448,128,334,8098,16,0,0,30,0
2021-01-04,8473,126,329,8128,16,0,0,30,0
2021-01-05,8496,124,323,8157,16,0,0,29,0
2021-01-06,8521,121,318,8187,16,0,0,29,0
2021-01-07,8544,119,313,8215,16,0,0,28,0
2021-01-08,8568,117,308,8244,16,0,0,28,0
2021-01-09,8590,115,303,8271,16,0,0,27,0
2021-01-10,8613,113,298,8299,16,0,0,27,0
2021-01-11,8635,111,293,8326,16,0,0,27,0
2021-01-12,8656,109,288,8352,16,0,0,26,0
2021-01-13,8677,107,283,8378,16,0,0,26,0
2021-01-14,8698,105,279,8403,16,0,0,25,0
2021-01-15,8719,103,274,8429,16,0,0,25,0
2021-01-16,8738,101,269,8453,16,0,0,24,0
2021-01-17,8759,99,265,8478,16,0,0,24,0
2021-01-18,8777,97,260,8501,16,0,0,24,0
2021-01-19,8796,96,255,8525,16,0,0,23,0
2021-01-20,8816,94,251,8548,17,0,0,23,0
2021-01-21,8835,92,247,8571,17,0,0,22,0
2021-01-22,8852,90,242,8593,17,0,0,22,0
2021-01-23,8870,88,238,8615,17,0,0,22,0
2021-01-24,8887,87,234,8636,17,0,0,21,0
2021-01-25,8903,85,229,8657,17,0,0,21,0
2021-01-26,8920,83,225,8678,17,0,0,20,0
2021-01-27,8936,82,221,8698,17,0,0,20,0
2021-01-28,8952,80,217,8718,17,0,0,20,0
2021-01-29,8968,79,213,8738,17,0,0,19,0
2021-01-30,8983,77,209,8757,17,0,0,19,0
2021-01-31,8998,76,205,8776,17,0,0,19,0
2021-02-01,9013,74,202,8794,17,0,0,18,0
2021-02-02,9027,73,198,8812,17,0,0,18,0
2021-02-03,9041,71,194,8830,17,0,0,18,0
2021-02-04,9055,70,190,8848,17,0,0,17,0
2021-02-05,9069,68,187,8865,17,0,0,17,0
2021-02-06,9082,67,183,8882,17,0,0,17,0
2021-02-07,9095,66,180,8898,17,0,0,16,0
2021-02-08,9107,64,176,8914,17,0,0,16,0
2021-02-09,9120,63,173,8930,17,0,0,16,0
2021-02-10,9133,62,170,8946,17,0,0,15,0
2021-02-11,9144,61,166,8961,17,0,0,15,0
2021-02-12,9156,59,163,8976,17,0,0,15,0
2021-02-13,9168,58,160,8991,17,0,0,15,0
2021-02-14,9179,57,157,9005,17,0,0,14,0
2021-02-15,9190,56,154,9019,17,0,0,14,0
2021-02-16,9201,55,151,9033,17,0,0,14,0
2021-02-17,9212,54,148,9047,17,0,0,13,0
2021-02-18,9222,52,145,9060,17,0,0,13,0
2021-02-19,9233,51,142,9073,18,0,0,13,0
2021-02-20,9243,50,139,9086,18,0,0,13,0
2021-02-21,9252,49,136,9098,18,0,0,12,0
2021-02-22,9263,48,134,9111,18,0,0,12,0
2021-02-23,9272,47,131,9123,18,0,0,12,0
2021-02-24,9280,46,128,9134,18,0,0,12,0
2021-02-25,9290,45,126,9146,18,0,0,11,0
2021-02-26,9298,44,123,9157,18,0,0,11,0
2021-02-27,9307,43,121,9168,18,0,0,11,0
2021-02-28,9315,43,118,9179,18,0,0,11,0
2021-03-01,9324,42,116,9190,18,0,0,11,0
2021-03-02,9332,41,114,9200,18,0,0,10,0
2021-03-03,9340,40,111,9211,18,0,0,10,0
2021-03-04,9348,39,109,9221,18,0,0,10,0
2021-03-05,9355,38,107,9230,18,0,0,10,0
2021-03-06,9363,37,105,9240,18,0,0,9,0
2021-03-07,9369,37,102,9249,18,0,0,9,0
2021-03-08,9377,36,100,9259,18,0,0,9,0
2021-03-09,9384,35,98,9268,18,0,0,9,0
2021-03-10,9391,34,96,9277,18,0,0,9,0
2021-03-11,9397,34,94,9285,18,0,0,9,0
2021-03-12,9404,33,92,9294,18,0,0,8,0
2021-03-13,9410,32,90,9302,18,0,0,8,0
2021-03-14,9416,32,88,9310,18,0,0,8,0
2021-03-15,9423,31,87,9318,18,0,0,8,0
2021-03-16,9429,30,85,9326,18,0,0,8,0
2021-03-17,9435,30,83,9334,18,0,0,8,0
2021-03-18,9440,29,81,9341,18,0,0,7,0
2021-03-19,9446,28,80,9348,18,0,0,7,0
2021-03-20,9452,28,78,9356,18,0,0,7,0
2021-03-21,9457,27,76,9363,18,0,0,7,0
2021-03-22,9462,27,75,9369,18,0,0,7,0
2021-03-23,9467,26,73,9376,18,0,0,7,0
2021-03-24,9473,25,72,9383,18,0,0,6,0
2021-03-25,9477,25,70,9389,18,0,0,6,0
2021-03-26,9482,24,69,9395,18,0,0,6,0
2021-03-27,9487,24,67,9402,18,0,0,6,0
2021-03-28,9492,23,66,9408,18,0,0,6,0
2021-03-29,9496,23,64,9414,18,0,0,6,0
2021-03-30,9500,22,63,9419,18,0,0,6,0
2021-03-31,9505,22,62,9425,18,0,0,6,0
2021-04-01,9509,21,60,9431,18,0,0,5,0
2021-04-02,9513,21,59,9436,18,0,0,5,0
2021-04-03,9517,20,58,9441,18,0,0,5,0
2021-04-04,9522,20,57,9447,18,0,0,5,0
2021-04-05,9525,20,55,9452,18,0,0,5,0
2021-04-06,9529,19,54,9457,18,0,0,5,0
2021-04-07,9532,19,53,9461,18,0,0,5,0
2021-04-08,9536,18,52,9466,18,0,0,5,0
2021-04-09,9540,18,51,9471,18,0,0,5,0
2021-04-10,9543,18,50,9475,18,0,0,5,0
2021-04-11,9547,17,49,9480,18,0,0,4,0
2021-04-12,9550,17,48,9484,18,0,0,4,0
2021-04-13,9553,16,46,9489,18,0,0,4,0
2021-04-14,9556,16,45,9493,18,0,0,4,0
2021-04-15,9559,16,44,9497,18,0,0,4,0
2021-04-16,9563,15,44,9501,18,0,0,4,0
2021-04-17,9566,15,43,9505,18,0,0,4,0
2021-04-18,9569,15,42,9509,18,0,0,4,0
2021-04-19,9571,14,41,9512,18,0,0,4,0
2021-04-20,9574,14,40,9516,18,0,0,4,0
2021-04-21,9577,14,39,9520,18,0,0,4,0
2021-04-22,9579,13,38,9523,18,0,0,3,0
2021-04-23,9582,13,37,9527,18,0,0,3,0
2021-04-24,9585,13,37,9530,18,0,0,3,0
2021-04-25,9587,13,36,9533,18,0,0,3,0
2021-04-26,9589,12,35,9536,18,0,0,3,0
2021-04-27,9592,12,34,9540,18,0,0,3,0
2021-04-28,9594,12,33,9543,18,0,0,3,0
2021-04-29,9597,12,33,9546,18,0,0,3,0
2021-04-30,9599,11,32,9549,18,0,0,3,0
2021-05-01,9600,11,31,9551,18,0,0,3,0
2021-05-02,9603,11,31,9554,18,0,0,3,0
2021-05-03,9605,11,30,9557,18,0,0,3,0
2021-05-04,9607,10,29,9560,18,0,0,3,0
2021-05-05,9609,10,29,9562,18,0,0,3,0
2021-05-06,9611,10,28,9565,18,0,0,3,0
2021-05-07,9612,10,27,9567,18,0,0,2,0
2021-05-08,9615,9,27,9570,18,0,0,2,0
2021-05-09,9616,9,26,9572,18,0,0,2,0
2021-05-10,9619,9,26,9575,18,0,0,2,0
2021-05-11,9620,9,25,9577,18,0,0,2,0
2021-05-12,9622,9,25,9579,18,0,0,2,0
2021-05-13,9623,8,24,9581,18,0,0,2,0
2021-05-14,9625,8,23,9584,18,0,0,2,0
2021-05-15,9628,8,23,9586,19,0,0,2,0
2021-05-16,9629,8,22,9588,19,0,0,2,0
2021-05-17,9631,8,22,9590,19,0,0,2,0
2021-05-18,9632,8,21,9592,19,0,0,2,0
2021-05-19,9634,7,21,9594,19,0,0,2,0
2021-05-20,9636,7,21,9596,19,0,0,2,0
2021-05-21,9636,7,20,9597,19,0,0,2,0
2021-05-22,9638,7,20,9599,19,0,0,2,0
2021-05-23,9639,7,19,9601,19,0,0,2,0
2021-05-24,9641,7,19,9603,19,0,0,2,0
2021-05-25,9641,6,18,9604,19,0,0,2,0
2021-05-26,9643,6,18,9606,19,0,0,2,0
2021-05-27,9645,6,18,9608,19,0,0,2,0
2021-05-28,9645,6,17,9609,19,0,0,2,0
2021-05-29,9647,6,17,9611,19,0,0,2,0
2021-05-30,9647,6,16,9612,19,0,0,1,0
2021-05-31,9649,6,16,9614,19,0,0,1,0
2021-06-01,9650,6,16,9615,19,0,0,1,0
2021-06-02,9651,5,15,9617,19,0,0,1,0
2021-06-03,9652,5,15,9618,19,0,0,1,0
2021-06-04,9653,5,15,9619,19,0,0,1,0
2021-06-05,9654,5,14,9621,19,0,0,1,0
2021-06-06,9655,5,14,9622,19,0,0,1,0
2021-06-07,9656,5,14,9623,19,0,0,1,0
2021-06-08,9657,5,13,9625,19,0,0,1,0
2021-06-09,9658,5,13,9626,19,0,0,1,0
2021-06-10,9659,4,13,9627,19,0,0,1,0
2021-06-11,9660,4,13,9628,19,0,0,1,0
2021-06-12,9660,4,12,9629,19,0,0,1,0
2021-06-13,9661,4,12,9630,19,0,0,1,0
2021-06-14,9662,4,12,9631,19,0,0,1,0
2021-06-15,9663,4,11,9633,19,0,0,1,0
2021-06-16,9664,4,11,9634,19,0,0,1,0
2021-06-17,9665,4,11,9635,19,0,0,1,0
2021-06-18,9666,4,11,9636,19,0,0,1,0
2021-06-19,9667,4,11,9637,19,0,0,1,0
2021-06-20,9666,4,10,9637,19,0,0,1,0
2021-06-21,9667,4,10,9638,19,0,0,1,0
2021-06-22,9668,3,10,9639,19,0,0,1,0
2021-06-23,9669,3,10,9640,19,0,0,1,0
2021-06-24,9669,3,9,9641,19,0,0,1,0
2021-06-25,9670,3,9,9642,19,0,0,1,0
2021-06-26,9671,3,9,9643,19,0,0,1,0
2021-06-27,9672,3,9,9644,19,0,0,1,0
2021-06-28,9672,3,9,9644,19,0,0,1,0
2021-06-29,9672,3,8,9645,19,0,0,1,0
2021-06-30,9673,3,8,9646,19,0,0,1,0
2021-07-01,9674,3,8,9647,19,0,0,1,0
2021-07-02,9674,3,8,9647,19,0,0,1,0
2021-07-03,9675,3,8,9648,19,0,0,1,0
2021-07-04,9675,3,7,9649,19,0,0,1,0
2021-07-05,9675,3,7,9649,19,0,0,1,0
2021-07-06,9676,3,7,9650,19,0,0,1,0
2021-07-07,9677,2,7,9651,19,0,0,1,0
2021-07-08,9677,2,7,9651,19,0,0,1,0
2021-07-09,9678,2,7,9652,19,0,0,1,0
