Date,Infected,Exposed,Active,Recovered,Deaths,Diff Exposed,Diff Active,Diff Recovered,Diff Deaths
2020-06-25,747,127,198,544,5,0,7,18,0
2020-06-26,773,125,205,562,6,0,6,18,0
2020-06-27,796,125,210,580,6,0,5,19,0
2020-06-28,820,125,215,599,6,0,5,19,0
2020-06-29,845,125,220,619,6,1,5,20,0
2020-06-30,870,126,225,639,6,1,4,20,0
2020-07-01,895,127,229,659,7,1,4,21,0
2020-07-02,920,128,233,680,7,1,4,21,0
2020-07-03,945,130,237,701,7,2,4,21,0
2020-07-04,970,131,241,722,7,2,4,22,0
2020-07-05,996,133,245,744,7,2,4,22,0
2020-07-06,1022,135,248,766,8,2,4,22,0
2020-07-07,1049,137,252,789,8,2,4,23,0
2020-07-08,1076,138,256,812,8,2,4,23,0
2020-07-09,1103,140,260,835,8,2,4,23,0
2020-07-10,1131,142,264,858,9,2,4,24,0
2020-07-11,1159,144,268,882,9,2,4,24,0
2020-07-12,1188,146,272,907,9,2,4,24,0
2020-07-13,1215,148,275,931,9,2,4,25,0
2020-07-14,1245,150,279,956,10,2,4,25,0
2020-07-15,1274,152,283,981,10,2,4,26,0
2020-07-16,1304,153,287,1007,10,2,4,26,0
2020-07-17,1334,155,291,1033,10,2,4,26,0
2020-07-18,1365,157,295,1059,11,2,4,27,0
2020-07-19,1396,159,299,1086,11,2,4,27,0
2020-07-20,1427,161,303,1113,11,2,4,27,0
2020-07-21,1459,163,307,1141,11,2,4,28,0
2020-07-22,1491,165,311,1168,12,2,4,28,0
2020-07-23,1523,167,315,1196,12,2,4,28,0
2020-07-24,1556,169,319,1225,12,2,4,29,0
2020-07-25,1591,171,324,1254,13,2,4,29,0
2020-07-26,1624,173,328,1283,13,2,4,29,0
2020-07-27,1658,175,332,1313,13,2,4,30,0
2020-07-28,1692,177,336,1343,13,2,4,30,0
2020-07-29,1727,178,340,1373,14,2,4,31,0
2020-07-30,1762,180,344,1404,14,2,4,31,0
2020-07-31,1797,182,348,1435,14,2,4,31,0
2020-08-01,1833,184,352,1466,15,2,4,32,0
2020-08-02,1869,186,356,1498,15,2,4,32,0
2020-08-03,1905,188,360,1530,15,2,4,32,0
2020-08-04,1943,189,364,1563,16,2,4,33,0
2020-08-05,1980,191,368,1596,16,2,4,33,0
2020-08-06,2017,193,372,1629,16,2,4,34,0
2020-08-07,2056,195,376,1663,17,2,4,34,0
2020-08-08,2094,197,380,1697,17,2,4,34,0
2020-08-09,2132,198,384,1731,17,2,4,35,0
2020-08-10,2172,200,388,1766,18,2,4,35,0
2020-08-11,2211,202,392,1801,18,2,4,35,0
2020-08-12,2250,203,396,1836,18,2,4,36,0
2020-08-13,2291,205,400,1872,19,2,4,36,0
2020-08-14,2331,207,404,1908,19,2,4,36,0
2020-08-15,2371,208,407,1945,19,2,4,37,0
2020-08-16,2413,210,411,1982,20,2,4,37,0
2020-08-17,2454,211,415,2019,20,1,4,37,0
2020-08-18,2496,213,419,2056,21,1,4,38,0
2020-08-19,2537,214,422,2094,21,1,4,38,0
2020-08-20,2579,216,426,2132,21,1,4,38,0
2020-08-21,2622,217,429,2171,22,1,4,39,0
2020-08-22,2664,218,433,2209,22,1,3,39,0
2020-08-23,2706,220,436,2248,22,1,3,39,0
2020-08-24,2751,221,440,2288,23,1,3,40,0
2020-08-25,2794,222,443,2328,23,1,3,40,0
2020-08-26,2838,223,446,2368,24,1,3,40,0
2020-08-27,2881,224,449,2408,24,1,3,40,0
2020-08-28,2925,226,453,2448,24,1,3,41,0
2020-08-29,2970,227,456,2489,25,1,3,41,0
2020-08-30,3014,228,459,2530,25,1,3,41,0
2020-08-31,3060,229,462,2572,26,1,3,42,0
2020-09-01,3103,230,464,2613,26,1,3,42,0
2020-09-02,3149,231,467,2655,27,1,3,42,0
2020-09-03,3194,231,470,2697,27,1,3,42,0
2020-09-04,3240,232,473,2740,27,1,3,43,0
2020-09-05,3285,233,475,2782,28,1,2,43,0
2020-09-06,3331,234,478,2825,28,1,2,43,0
2020-09-07,3377,234,480,2868,29,1,2,43,0
2020-09-08,3423,235,482,2912,29,1,2,43,0
2020-09-09,3468,236,484,2955,29,1,2,44,0
2020-09-10,3516,236,487,2999,30,0,2,44,0
2020-09-11,3562,237,489,3043,30,0,2,44,0
2020-09-12,3609,237,491,3087,31,0,2,44,0
2020-09-13,3654,237,492,3131,31,0,2,44,0
2020-09-14,3701,238,494,3175,32,0,2,44,0
2020-09-15,3748,238,496,3220,32,0,2,45,0
2020-09-16,3794,238,497,3264,33,0,1,45,0
2020-09-17,3841,238,499,3309,33,0,1,45,0
2020-09-18,3887,239,500,3354,33,0,1,45,0
2020-09-19,3934,239,501,3399,34,0,1,45,0
2020-09-20,3981,239,503,3444,34,0,1,45,0
2020-09-21,4029,239,504,3490,35,0,1,45,0
2020-09-22,4075,238,505,3535,35,0,1,45,0
2020-09-23,4122,238,505,3581,36,0,1,45,0
2020-09-24,4168,238,506,3626,36,0,1,46,0
2020-09-25,4216,238,507,3672,37,0,1,46,0
2020-09-26,4261,238,507,3717,37,0,0,46,0
2020-09-27,4309,237,508,3763,38,0,0,46,0
2020-09-28,4355,237,508,3809,38,0,0,46,0
2020-09-29,4400,236,508,3854,38,0,0,46,0
2020-09-30,4447,236,508,3900,39,0,0,46,0
2020-10-01,4493,235,508,3946,39,0,0,46,0
2020-10-02,4540,235,508,3992,40,0,0,46,0
2020-10-03,4585,234,508,4037,40,0,0,46,0
2020-10-04,4632,233,508,4083,41,0,0,46,0
2020-10-05,4677,233,507,4129,41,0,0,46,0
2020-10-06,4724,232,507,4175,42,0,0,46,0
2020-10-07,4768,231,506,4220,42,0,0,46,0
2020-10-08,4814,230,505,4266,43,0,0,45,0
2020-10-09,4859,229,505,4311,43,0,0,45,0
2020-10-10,4904,228,504,4357,43,0,0,45,0
2020-10-11,4949,227,503,4402,44,0,0,45,0
2020-10-12,4993,226,502,4447,44,0,0,45,0
2020-10-13,5037,225,500,4492,45,0,0,45,0
2020-10-14,5081,224,499,4537,45,0,0,45,0
2020-10-15,5126,223,498,4582,46,0,0,45,0
2020-10-16,5169,222,496,4627,46,0,0,45,0
2020-10-17,5212,221,494,4671,47,0,0,44,0
2020-10-18,5256,219,493,4716,47,0,0,44,0
2020-10-19,5299,218,491,4760,48,0,0,44,0
2020-10-20,5341,217,489,4804,48,0,0,44,0
2020-10-21,5383,215,487,4848,48,0,0,44,0
2020-10-22,5426,214,485,4892,49,0,0,44,0
2020-10-23,5467,213,483,4935,49,0,0,43,0
2020-10-24,5509,211,480,4979,50,0,0,43,0
2020-10-25,5550,210,478,5022,50,0,0,43,0
2020-10-26,5592,208,476,5065,51,0,0,43,0
2020-10-27,5632,207,473,5108,51,0,0,43,0
2020-10-28,5672,205,471,5150,51,0,0,42,0
2020-10-29,5712,203,468,5192,52,0,0,42,0
2020-10-30,5752,202,465,5235,52,0,0,42,0
2020-10-31,5792,200,463,5276,53,0,0,42,0
2020-11-01,5831,198,460,5318,53,0,0,41,0
2020-11-02,5869,197,457,5359,53,0,0,41,0
2020-11-03,5908,195,454,5400,54,0,0,41,0
2020-11-04,5946,193,451,5441,54,0,0,41,0
2020-11-05,5984,192,448,5481,55,0,0,40,0
2020-11-06,6022,190,445,5522,55,0,0,40,0
2020-11-07,6059,188,441,5562,56,0,0,40,0
2020-11-08,6095,186,438,5601,56,0,0,39,0
2020-11-09,6131,185,435,5640,56,0,0,39,0
2020-11-10,6167,183,431,5679,57,0,0,39,0
2020-11-11,6203,181,428,5718,57,0,0,39,0
2020-11-12,6239,179,425,5757,57,0,0,38,0
2020-11-13,6274,177,421,5795,58,0,0,38,0
2020-11-14,6309,175,418,5833,58,0,0,38,0
2020-11-15,6343,174,414,5870,59,0,0,37,0
2020-11-16,6376,172,410,5907,59,0,0,37,0
2020-11-17,6410,170,407,5944,59,0,0,37,0
2020-11-18,6443,168,403,5980,60,0,0,36,0
2020-11-19,6476,166,399,6017,60,0,0,36,0
2020-11-20,6508,164,396,6052,60,0,0,36,0
2020-11-21,6541,162,392,6088,61,0,0,35,0
2020-11-22,6572,161,388,6123,61,0,0,35,0
2020-11-23,6603,159,384,6158,61,0,0,35,0
2020-11-24,6635,157,381,6192,62,0,0,34,0
2020-11-25,6665,155,377,6226,62,0,0,34,0
2020-11-26,6695,153,373,6260,62,0,0,34,0
2020-11-27,6726,151,369,6294,63,0,0,33,0
2020-11-28,6755,149,365,6327,63,0,0,33,0
2020-11-29,6783,148,361,6359,63,0,0,33,0
2020-11-30,6813,146,357,6392,64,0,0,32,0
2020-12-01,6841,144,353,6424,64,0,0,32,0
2020-12-02,6869,142,349,6456,64,0,0,31,0
2020-12-03,6898,140,346,6487,65,0,0,31,0
2020-12-04,6925,138,342,6518,65,0,0,31,0
2020-12-05,6951,137,338,6548,65,0,0,30,0
2020-12-06,6979,135,334,6579,66,0,0,30,0
2020-12-07,7005,133,330,6609,66,0,0,30,0
2020-12-08,7030,131,326,6638,66,0,0,29,0
2020-12-09,7056,129,322,6667,67,0,0,29,0
2020-12-10,7081,128,318,6696,67,0,0,29,0
2020-12-11,7106,126,314,6725,67,0,0,28,0
2020-12-12,7130,124,310,6753,67,0,0,28,0
2020-12-13,7156,122,307,6781,68,0,0,28,0
2020-12-14,7179,121,303,6808,68,0,0,27,0
2020-12-15,7202,119,299,6835,68,0,0,27,0
2020-12-16,7225,117,295,6862,68,0,0,27,0
2020-12-17,7248,116,291,6888,69,0,0,26,0
2020-12-18,7271,114,287,6915,69,0,0,26,0
2020-12-19,7293,112,284,6940,69,0,0,26,0
2020-12-20,7316,111,280,6966,70,0,0,25,0
2020-12-21,7337,109,276,6991,70,0,0,25,0
2020-12-22,7358,107,272,7016,70,0,0,25,0
2020-12-23,7379,106,269,7040,70,0,0,24,0
2020-12-24,7400,104,265,7064,71,0,0,24,0
2020-12-25,7420,103,261,7088,71,0,0,24,0
2020-12-26,7440,101,258,7111,71,0,0,23,0
2020-12-27,7459,100,254,7134,71,0,0,23,0
2020-12-28,7479,98,251,7157,71,0,0,23,0
2020-12-29,7498,97,247,7179,72,0,0,22,0
2020-12-30,7518,95,244,7202,72,0,0,22,0
2020-12-31,7535,94,240,7223,72,0,0,22,0
2021-01-01,7554,92,237,7245,72,0,0,21,0
2021-01-02,7572,91,233,7266,73,0,0,21,0
2021-01-03,7590,89,230,7287,73,0,0,21,0
2021-01-04,7606,88,226,7307,73,0,0,20,0
2021-01-05,7624,86,223,7328,73,0,0,20,0
2021-01-06,7641,85,220,7348,73,0,0,20,0
2021-01-07,7657,84,216,7367,74,0,0,19,0
2021-01-08,7674,82,213,7387,74,0,0,19,0
2021-01-09,7690,81,210,7406,74,0,0,19,0
2021-01-10,7706,80,207,7425,74,0,0,19,0
2021-01-11,7721,78,204,7443,74,0,0,18,0
2021-01-12,7736,77,201,7461,74,0,0,18,0
2021-01-13,7751,76,197,7479,75,0,0,18,0
2021-01-14,7766,75,194,7497,75,0,0,18,0
2021-01-15,7780,73,191,7514,75,0,0,17,0
2021-01-16,7794,72,188,7531,75,0,0,17,0
2021-01-17,7808,71,185,7548,75,0,0,17,0
2021-01-18,7824,70,183,7565,76,0,0,16,0
2021-01-19,7837,69,180,7581,76,0,0,16,0
2021-01-20,7850,68,177,7597,76,0,0,16,0
2021-01-21,7863,66,174,7613,76,0,0,16,0
2021-01-22,7876,65,171,7629,76,0,0,15,0
2021-01-23,7888,64,168,7644,76,0,0,15,0
2021-01-24,7901,63,166,7659,76,0,0,15,0
2021-01-25,7914,62,163,7674,77,0,0,15,0
2021-01-26,7926,61,160,7689,77,0,0,14,0
2021-01-27,7938,60,158,7703,77,0,0,14,0
2021-01-28,7949,59,155,7717,77,0,0,14,0
2021-01-29,7961,58,153,7731,77,0,0,14,0
2021-01-30,7972,57,150,7745,77,0,0,14,0
2021-01-31,7983,56,148,7758,77,0,0,13,0
2021-02-01,7994,55,145,7771,78,0,0,13,0
2021-02-02,8005,54,143,7784,78,0,0,13,0
2021-02-03,8015,53,140,7797,78,0,0,13,0
2021-02-04,8025,52,138,7809,78,0,0,12,0
2021-02-05,8036,51,136,7822,78,0,0,12,0
2021-02-06,8045,50,133,7834,78,0,0,12,0
2021-02-07,8055,49,131,7846,78,0,0,12,0
2021-02-08,8065,49,129,7858,78,0,0,12,0
2021-02-09,8075,48,127,7869,79,0,0,11,0
2021-02-10,8085,47,125,7881,79,0,0,11,0
2021-02-11,8093,46,122,7892,79,0,0,11,0
2021-02-12,8102,45,120,7903,79,0,0,11,0
2021-02-13,8110,44,118,7913,79,0,0,11,0
2021-02-14,8119,44,116,7924,79,0,0,10,0
2021-02-15,8127,43,114,7934,79,0,0,10,0
2021-02-16,8136,42,112,7945,79,0,0,10,0
2021-02-17,8144,41,110,7955,79,0,0,10,0
2021-02-18,8151,41,108,7964,79,0,0,10,0
2021-02-19,8161,40,107,7974,80,0,0,10,0
2021-02-20,8169,39,105,7984,80,0,0,9,0
2021-02-21,8176,38,103,7993,80,0,0,9,0
2021-02-22,8183,38,101,8002,80,0,0,9,0
2021-02-23,8190,37,99,8011,80,0,0,9,0
2021-02-24,8197,36,97,8020,80,0,0,9,0
2021-02-25,8205,36,96,8029,80,0,0,9,0
2021-02-26,8211,35,94,8037,80,0,0,8,0
2021-02-27,8218,34,92,8046,80,0,0,8,0
2021-02-28,8225,34,91,8054,80,0,0,8,0
2021-03-01,8231,33,89,8062,80,0,0,8,0
2021-03-02,8239,33,88,8070,81,0,0,8,0
2021-03-03,8245,32,86,8078,81,0,0,8,0
2021-03-04,8251,31,84,8086,81,0,0,8,0
2021-03-05,8257,31,83,8093,81,0,0,7,0
2021-03-06,8263,30,81,8101,81,0,0,7,0
2021-03-07,8269,30,80,8108,81,0,0,7,0
2021-03-08,8275,29,79,8115,81,0,0,7,0
2021-03-09,8280,29,77,8122,81,0,0,7,0
2021-03-10,8286,28,76,8129,81,0,0,7,0
2021-03-11,8291,28,74,8136,81,0,0,7,0
2021-03-12,8296,27,73,8142,81,0,0,7,0
2021-03-13,8302,27,72,8149,81,0,0,6,0
2021-03-14,8306,26,70,8155,81,0,0,6,0
2021-03-15,8312,26,69,8162,81,0,0,6,0
2021-03-16,8318,25,68,8168,82,0,0,6,0
2021-03-17,8323,25,67,8174,82,0,0,6,0
2021-03-18,8327,24,65,8180,82,0,0,6,0
2021-03-19,8332,24,64,8186,82,0,0,6,0
2021-03-20,8336,23,63,8191,82,0,0,6,0
2021-03-21,8341,23,62,8197,82,0,0,6,0
2021-03-22,8346,22,61,8203,82,0,0,5,0
2021-03-23,8350,22,60,8208,82,0,0,5,0
2021-03-24,8353,22,58,8213,82,0,0,5,0
2021-03-25,8358,21,57,8219,82,0,0,5,0
2021-03-26,8362,21,56,8224,82,0,0,5,0
2021-03-27,8366,20,55,8229,82,0,0,5,0
2021-03-28,8370,20,54,8234,82,0,0,5,0
2021-03-29,8374,20,53,8239,82,0,0,5,0
2021-03-30,8377,19,52,8243,82,0,0,5,0
2021-03-31,8381,19,51,8248,82,0,0,5,0
2021-04-01,8385,19,50,8253,82,0,0,5,0
2021-04-02,8388,18,49,8257,82,0,0,4,0
2021-04-03,8392,18,49,8261,82,0,0,4,0
2021-04-04,8397,18,48,8266,83,0,0,4,0
2021-04-05,8400,17,47,8270,83,0,0,4,0
2021-04-06,8403,17,46,8274,83,0,0,4,0
2021-04-07,8406,17,45,8278,83,0,0,4,0
2021-04-08,8409,16,44,8282,83,0,0,4,0
2021-04-09,8412,16,43,8286,83,0,0,4,0
2021-04-10,8416,16,43,8290,83,0,0,4,0
2021-04-11,8419,15,42,8294,83,0,0,4,0
2021-04-12,8422,15,41,8298,83,0,0,4,0
2021-04-13,8424,15,40,8301,83,0,0,4,0
2021-04-14,8427,14,39,8305,83,0,0,4,0
2021-04-15,8430,14,39,8308,83,0,0,3,0
2021-04-16,8433,14,38,8312,83,0,0,3,0
2021-04-17,8435,14,37,8315,83,0,0,3,0
2021-04-18,8439,13,37,8319,83,0,0,3,0
2021-04-19,8441,13,36,8322,83,0,0,3,0
2021-04-20,8443,13,35,8325,83,0,0,3,0
2021-04-21,8445,13,34,8328,83,0,0,3,0
2021-04-22,8448,12,34,8331,83,0,0,3,0
2021-04-23,8450,12,33,8334,83,0,0,3,0
2021-04-24,8453,12,33,8337,83,0,0,3,0
2021-04-25,8455,12,32,8340,83,0,0,3,0
2021-04-26,8457,11,31,8343,83,0,0,3,0
2021-04-27,8460,11,31,8346,83,0,0,3,0
2021-04-28,8462,11,30,8349,83,0,0,3,0
2021-04-29,8464,11,30,8351,83,0,0,3,0
2021-04-30,8466,11,29,8354,83,0,0,3,0
2021-05-01,8468,10,28,8357,83,0,0,3,0
2021-05-02,8470,10,28,8359,83,0,0,3,0
2021-05-03,8472,10,27,8362,83,0,0,2,0
2021-05-04,8474,10,27,8364,83,0,0,2,0
2021-05-05,8476,10,26,8366,84,0,0,2,0
2021-05-06,8479,9,26,8369,84,0,0,2,0
2021-05-07,8480,9,25,8371,84,0,0,2,0
2021-05-08,8482,9,25,8373,84,0,0,2,0
2021-05-09,8484,9,24,8376,84,0,0,2,0
2021-05-10,8486,9,24,8378,84,0,0,2,0
2021-05-11,8488,9,24,8380,84,0,0,2,0
2021-05-12,8489,8,23,8382,84,0,0,2,0
2021-05-13,8491,8,23,8384,84,0,0,2,0
2021-05-14,8492,8,22,8386,84,0,0,2,0
2021-05-15,8494,8,22,8388,84,0,0,2,0
2021-05-16,8495,8,21,8390,84,0,0,2,0
2021-05-17,8497,8,21,8392,84,0,0,2,0
2021-05-18,8499,7,21,8394,84,0,0,2,0
2021-05-19,8500,7,20,8396,84,0,0,2,0
2021-05-20,8501,7,20,8397,84,0,0,2,0
2021-05-21,8502,7,19,8399,84,0,0,2,0
2021-05-22,8504,7,19,8401,84,0,0,2,0
2021-05-23,8506,7,19,8403,84,0,0,2,0
2021-05-24,8506,7,18,8404,84,0,0,2,0
2021-05-25,8508,7,18,8406,84,0,0,2,0
2021-05-26,8510,6,18,8408,84,0,0,2,0
2021-05-27,8510,6,17,8409,84,0,0,2,0
2021-05-28,8512,6,17,8411,84,0,0,2,0
2021-05-29,8513,6,17,8412,84,0,0,1,0
2021-05-30,8514,6,16,8414,84,0,0,1,0
2021-05-31,8515,6,16,8415,84,0,0,1,0
2021-06-01,8517,6,16,8417,84,0,0,1,0
2021-06-02,8517,6,15,8418,84,0,0,1,0
2021-06-03,8518,5,15,8419,84,0,0,1,0
2021-06-04,8520,5,15,8421,84,0,0,1,0
2021-06-05,8520,5,14,8422,84,0,0,1,0
2021-06-06,8521,5,14,8423,84,0,0,1,0
2021-06-07,8523,5,14,8425,84,0,0,1,0
2021-06-08,8524,5,14,8426,84,0,0,1,0
2021-06-09,8524,5,13,8427,84,0,0,1,0
2021-06-10,8525,5,13,8428,84,0,0,1,0
2021-06-11,8526,5,13,8429,84,0,0,1,0
2021-06-12,8528,5,13,8431,84,0,0,1,0
2021-06-13,8528,5,12,8432,84,0,0,1,0
2021-06-14,8529,4,12,8433,84,0,0,1,0
2021-06-15,8530,4,12,8434,84,0,0,1,0
2021-06-16,8531,4,12,8435,84,0,0,1,0
2021-06-17,8531,4,11,8436,84,0,0,1,0
2021-06-18,8532,4,11,8437,84,0,0,1,0
2021-06-19,8533,4,11,8438,84,0,0,1,0
2021-06-20,8534,4,11,8439,84,0,0,1,0
