Date,Infected,Exposed,Active,Recovered,Deaths,Diff Exposed,Diff Active,Diff Recovered,Diff Deaths
2020-07-12,1299,381,278,1018,3,0,49,25,0
2020-07-13,1371,339,323,1045,3,0,37,29,0
2020-07-14,1434,309,356,1075,3,0,28,32,0
2020-07-15,1494,286,382,1109,3,0,21,35,0
2020-07-16,1548,270,401,1144,3,0,17,36,0
2020-07-17,1600,259,416,1181,3,0,13,38,0
2020-07-18,1650,251,428,1219,3,0,10,39,0
2020-07-19,1698,245,437,1258,3,0,8,40,0
2020-07-20,1747,241,445,1298,4,0,7,40,0
2020-07-21,1794,238,451,1339,4,0,6,41,0
2020-07-22,1841,236,457,1380,4,0,5,41,0
2020-07-23,1886,235,461,1421,4,0,4,42,0
2020-07-24,1932,235,465,1463,4,0,4,42,0
2020-07-25,1979,235,469,1506,4,0,3,43,0
2020-07-26,2024,235,472,1548,4,0,3,43,0
2020-07-27,2070,235,475,1591,4,0,3,43,0
2020-07-28,2116,236,478,1634,4,1,3,43,0
2020-07-29,2164,237,481,1678,5,1,3,44,0
2020-07-30,2211,237,484,1722,5,1,3,44,0
2020-07-31,2257,238,486,1766,5,1,2,44,0
2020-08-01,2304,239,489,1810,5,1,2,44,0
2020-08-02,2350,239,491,1854,5,1,2,45,0
2020-08-03,2397,240,493,1899,5,1,2,45,0
2020-08-04,2444,241,496,1943,5,1,2,45,0
2020-08-05,2491,242,498,1988,5,1,2,45,0
2020-08-06,2540,242,500,2034,6,1,2,45,0
2020-08-07,2587,243,502,2079,6,1,2,46,0
2020-08-08,2635,244,504,2125,6,1,2,46,0
2020-08-09,2682,245,506,2170,6,1,2,46,0
2020-08-10,2730,245,508,2216,6,1,2,46,0
2020-08-11,2778,246,510,2262,6,1,2,46,0
2020-08-12,2827,246,512,2309,6,1,2,46,0
2020-08-13,2874,247,513,2355,6,1,2,47,0
2020-08-14,2924,248,515,2402,7,1,2,47,0
2020-08-15,2973,248,517,2449,7,1,2,47,0
2020-08-16,3020,249,518,2495,7,0,2,47,0
2020-08-17,3070,249,520,2543,7,0,2,47,0
2020-08-18,3119,250,522,2590,7,0,2,47,0
2020-08-19,3167,250,523,2637,7,0,1,47,0
2020-08-20,3217,250,525,2685,7,0,1,48,0
2020-08-21,3265,251,526,2732,7,0,1,48,0
2020-08-22,3315,251,527,2780,8,0,1,48,0
2020-08-23,3365,251,529,2828,8,0,1,48,0
2020-08-24,3414,252,530,2876,8,0,1,48,0
2020-08-25,3463,252,531,2924,8,0,1,48,0
2020-08-26,3512,252,532,2972,8,0,1,48,0
2020-08-27,3561,252,533,3020,8,0,1,48,0
2020-08-28,3611,253,534,3069,8,0,1,48,0
2020-08-29,3661,253,535,3117,9,0,1,49,0
2020-08-30,3711,253,536,3166,9,0,1,49,0
2020-08-31,3760,253,537,3214,9,0,1,49,0
2020-09-01,3810,253,538,3263,9,0,1,49,0
2020-09-02,3859,253,538,3312,9,0,1,49,0
2020-09-03,3909,253,539,3361,9,0,1,49,0
2020-09-04,3958,253,540,3409,9,0,1,49,0
2020-09-05,4007,253,540,3458,9,0,1,49,0
2020-09-06,4058,253,541,3507,10,0,0,49,0
2020-09-07,4107,253,541,3556,10,0,0,49,0
2020-09-08,4157,253,542,3605,10,0,0,49,0
2020-09-09,4207,253,542,3655,10,0,0,49,0
2020-09-10,4256,252,542,3704,10,0,0,49,0
2020-09-11,4305,252,542,3753,10,0,0,49,0
2020-09-12,4354,252,542,3802,10,0,0,49,0
2020-09-13,4405,252,543,3851,11,0,0,49,0
2020-09-14,4454,251,543,3900,11,0,0,49,0
2020-09-15,4504,251,543,3950,11,0,0,49,0
2020-09-16,4552,251,542,3999,11,0,0,49,0
2020-09-17,4601,250,542,4048,11,0,0,49,0
2020-09-18,4650,250,542,4097,11,0,0,49,0
2020-09-19,4699,250,542,4146,11,0,0,49,0
2020-09-20,4747,249,541,4195,11,0,0,49,0
2020-09-21,4797,249,541,4244,12,0,0,49,0
2020-09-22,4846,248,541,4293,12,0,0,49,0
2020-09-23,4894,248,540,4342,12,0,0,49,0
2020-09-24,4943,247,540,4391,12,0,0,49,0
2020-09-25,4991,247,539,4440,12,0,0,49,0
2020-09-26,5039,246,538,4489,12,0,0,49,0
2020-09-27,5088,245,538,4538,12,0,0,49,0
2020-09-28,5137,245,537,4587,13,0,0,49,0
2020-09-29,5184,244,536,4635,13,0,0,49,0
2020-09-30,5232,243,535,4684,13,0,0,49,0
2020-10-01,5279,243,534,4732,13,0,0,48,0
2020-10-02,5327,242,533,4781,13,0,0,48,0
2020-10-03,5374,241,532,4829,13,0,0,48,0
2020-10-04,5421,240,531,4877,13,0,0,48,0
2020-10-05,5468,239,530,4925,13,0,0,48,0
2020-10-06,5515,239,528,4973,14,0,0,48,0
2020-10-07,5562,238,527,5021,14,0,0,48,0
2020-10-08,5609,237,526,5069,14,0,0,48,0
2020-10-09,5656,236,525,5117,14,0,0,48,0
2020-10-10,5701,235,523,5164,14,0,0,47,0
2020-10-11,5747,234,522,5211,14,0,0,47,0
2020-10-12,5793,233,520,5259,14,0,0,47,0
2020-10-13,5838,232,518,5306,14,0,0,47,0
2020-10-14,5885,231,517,5353,15,0,0,47,0
2020-10-15,5930,230,515,5400,15,0,0,47,0
2020-10-16,5974,229,513,5446,15,0,0,47,0
2020-10-17,6020,228,512,5493,15,0,0,46,0
2020-10-18,6064,227,510,5539,15,0,0,46,0
2020-10-19,6108,226,508,5585,15,0,0,46,0
2020-10-20,6152,225,506,5631,15,0,0,46,0
2020-10-21,6197,224,504,5677,16,0,0,46,0
2020-10-22,6241,223,502,5723,16,0,0,46,0
2020-10-23,6284,221,500,5768,16,0,0,45,0
2020-10-24,6327,220,498,5813,16,0,0,45,0
2020-10-25,6370,219,496,5858,16,0,0,45,0
2020-10-26,6413,218,494,5903,16,0,0,45,0
2020-10-27,6456,217,492,5948,16,0,0,45,0
2020-10-28,6498,215,489,5993,16,0,0,44,0
2020-10-29,6540,214,487,6037,16,0,0,44,0
2020-10-30,6583,213,485,6081,17,0,0,44,0
2020-10-31,6625,212,483,6125,17,0,0,44,0
2020-11-01,6665,210,480,6168,17,0,0,44,0
2020-11-02,6707,209,478,6212,17,0,0,43,0
2020-11-03,6747,208,475,6255,17,0,0,43,0
2020-11-04,6788,207,473,6298,17,0,0,43,0
2020-11-05,6828,205,470,6341,17,0,0,43,0
2020-11-06,6869,204,468,6384,17,0,0,42,0
2020-11-07,6909,203,465,6426,18,0,0,42,0
2020-11-08,6949,201,463,6468,18,0,0,42,0
2020-11-09,6988,200,460,6510,18,0,0,42,0
2020-11-10,7027,199,458,6551,18,0,0,41,0
2020-11-11,7066,197,455,6593,18,0,0,41,0
2020-11-12,7104,196,452,6634,18,0,0,41,0
2020-11-13,7142,195,449,6675,18,0,0,41,0
2020-11-14,7181,193,447,6716,18,0,0,41,0
2020-11-15,7218,192,444,6756,18,0,0,40,0
2020-11-16,7256,190,441,6796,19,0,0,40,0
2020-11-17,7293,189,438,6836,19,0,0,40,0
2020-11-18,7331,188,436,6876,19,0,0,39,0
2020-11-19,7367,186,433,6915,19,0,0,39,0
2020-11-20,7403,185,430,6954,19,0,0,39,0
2020-11-21,7439,183,427,6993,19,0,0,39,0
2020-11-22,7475,182,424,7032,19,0,0,38,0
2020-11-23,7510,181,421,7070,19,0,0,38,0
2020-11-24,7545,179,418,7108,19,0,0,38,0
2020-11-25,7581,178,415,7146,20,0,0,38,0
2020-11-26,7617,176,413,7184,20,0,0,37,0
2020-11-27,7651,175,410,7221,20,0,0,37,0
2020-11-28,7685,173,407,7258,20,0,0,37,0
2020-11-29,7719,172,404,7295,20,0,0,37,0
2020-11-30,7752,171,401,7331,20,0,0,36,0
2020-12-01,7785,169,398,7367,20,0,0,36,0
2020-12-02,7818,168,395,7403,20,0,0,36,0
2020-12-03,7851,166,392,7439,20,0,0,36,0
2020-12-04,7883,165,389,7474,20,0,0,35,0
2020-12-05,7917,163,386,7510,21,0,0,35,0
2020-12-06,7948,162,383,7544,21,0,0,35,0
2020-12-07,7980,161,380,7579,21,0,0,34,0
2020-12-08,8011,159,377,7613,21,0,0,34,0
2020-12-09,8042,158,374,7647,21,0,0,34,0
2020-12-10,8073,156,371,7681,21,0,0,34,0
2020-12-11,8103,155,367,7715,21,0,0,33,0
2020-12-12,8133,153,364,7748,21,0,0,33,0
2020-12-13,8163,152,361,7781,21,0,0,33,0
2020-12-14,8192,151,358,7813,21,0,0,32,0
2020-12-15,8222,149,355,7846,21,0,0,32,0
2020-12-16,8252,148,352,7878,22,0,0,32,0
2020-12-17,8281,146,349,7910,22,0,0,32,0
2020-12-18,8309,145,346,7941,22,0,0,31,0
2020-12-19,8338,144,343,7973,22,0,0,31,0
2020-12-20,8366,142,340,8004,22,0,0,31,0
2020-12-21,8393,141,337,8034,22,0,0,31,0
2020-12-22,8421,140,334,8065,22,0,0,30,0
2020-12-23,8448,138,331,8095,22,0,0,30,0
2020-12-24,8475,137,328,8125,22,0,0,30,0
2020-12-25,8502,136,325,8155,22,0,0,29,0
2020-12-26,8528,134,322,8184,22,0,0,29,0
2020-12-27,8554,133,319,8213,22,0,0,29,0
2020-12-28,8581,132,316,8242,23,0,0,29,0
2020-12-29,8607,130,313,8271,23,0,0,28,0
2020-12-30,8632,129,310,8299,23,0,0,28,0
2020-12-31,8657,128,307,8327,23,0,0,28,0
2021-01-01,8682,126,304,8355,23,0,0,28,0
2021-01-02,8707,125,302,8382,23,0,0,27,0
2021-01-03,8731,124,299,8409,23,0,0,27,0
2021-01-04,8755,122,296,8436,23,0,0,27,0
2021-01-05,8779,121,293,8463,23,0,0,27,0
2021-01-06,8803,120,290,8490,23,0,0,26,0
2021-01-07,8826,119,287,8516,23,0,0,26,0
2021-01-08,8849,117,284,8542,23,0,0,26,0
2021-01-09,8871,116,281,8567,23,0,0,26,0
2021-01-10,8895,115,279,8593,23,0,0,25,0
2021-01-11,8918,114,276,8618,24,0,0,25,0
2021-01-12,8940,112,273,8643,24,0,0,25,0
2021-01-13,8962,111,270,8668,24,0,0,25,0
2021-01-14,8983,110,267,8692,24,0,0,24,0
2021-01-15,9005,109,265,8716,24,0,0,24,0
2021-01-16,9026,108,262,8740,24,0,0,24,0
2021-01-17,9047,106,259,8764,24,0,0,24,0
2021-01-18,9068,105,257,8787,24,0,0,23,0
2021-01-19,9088,104,254,8810,24,0,0,23,0
2021-01-20,9108,103,251,8833,24,0,0,23,0
2021-01-21,9129,102,249,8856,24,0,0,23,0
2021-01-22,9148,101,246,8878,24,0,0,22,0
2021-01-23,9168,99,243,8901,24,0,0,22,0
2021-01-24,9187,98,241,8922,24,0,0,22,0
2021-01-25,9206,97,238,8944,24,0,0,22,0
2021-01-26,9226,96,236,8966,24,0,0,21,0
2021-01-27,9245,95,233,8987,25,0,0,21,0
2021-01-28,9263,94,230,9008,25,0,0,21,0
2021-01-29,9282,93,228,9029,25,0,0,21,0
2021-01-30,9299,92,225,9049,25,0,0,20,0
2021-01-31,9318,91,223,9070,25,0,0,20,0
2021-02-01,9335,90,220,9090,25,0,0,20,0
2021-02-02,9353,89,218,9110,25,0,0,20,0
2021-02-03,9370,88,216,9129,25,0,0,20,0
2021-02-04,9387,87,213,9149,25,0,0,19,0
2021-02-05,9404,86,211,9168,25,0,0,19,0
2021-02-06,9420,85,208,9187,25,0,0,19,0
2021-02-07,9437,84,206,9206,25,0,0,19,0
2021-02-08,9454,83,204,9225,25,0,0,18,0
2021-02-09,9469,82,201,9243,25,0,0,18,0
2021-02-10,9485,81,199,9261,25,0,0,18,0
2021-02-11,9501,80,197,9279,25,0,0,18,0
2021-02-12,9517,79,195,9297,25,0,0,18,0
2021-02-13,9531,78,192,9314,25,0,0,17,0
2021-02-14,9547,77,190,9332,25,0,0,17,0
2021-02-15,9563,76,188,9349,26,0,0,17,0
2021-02-16,9578,75,186,9366,26,0,0,17,0
2021-02-17,9593,74,184,9383,26,0,0,17,0
2021-02-18,9606,73,181,9399,26,0,0,16,0
2021-02-19,9621,72,179,9416,26,0,0,16,0
2021-02-20,9635,71,177,9432,26,0,0,16,0
2021-02-21,9649,71,175,9448,26,0,0,16,0
2021-02-22,9663,70,173,9464,26,0,0,16,0
2021-02-23,9676,69,171,9479,26,0,0,15,0
2021-02-24,9690,68,169,9495,26,0,0,15,0
2021-02-25,9703,67,167,9510,26,0,0,15,0
2021-02-26,9716,66,165,9525,26,0,0,15,0
2021-02-27,9729,65,163,9540,26,0,0,15,0
2021-02-28,9741,65,161,9554,26,0,0,15,0
2021-03-01,9754,64,159,9569,26,0,0,14,0
2021-03-02,9766,63,157,9583,26,0,0,14,0
2021-03-03,9779,62,155,9598,26,0,0,14,0
2021-03-04,9791,62,153,9612,26,0,0,14,0
2021-03-05,9802,61,151,9625,26,0,0,14,0
2021-03-06,9815,60,150,9639,26,0,0,14,0
2021-03-07,9827,59,148,9653,26,0,0,13,0
2021-03-08,9838,58,146,9666,26,0,0,13,0
2021-03-09,9849,58,144,9679,26,0,0,13,0
2021-03-10,9860,57,142,9692,26,0,0,13,0
2021-03-11,9873,56,141,9705,27,0,0,13,0
2021-03-12,9884,56,139,9718,27,0,0,13,0
2021-03-13,9894,55,137,9730,27,0,0,12,0
2021-03-14,9904,54,135,9742,27,0,0,12,0
2021-03-15,9916,53,134,9755,27,0,0,12,0
2021-03-16,9926,53,132,9767,27,0,0,12,0
2021-03-17,9936,52,130,9779,27,0,0,12,0
2021-03-18,9946,51,129,9790,27,0,0,12,0
2021-03-19,9956,51,127,9802,27,0,0,12,0
2021-03-20,9967,50,126,9814,27,0,0,11,0
2021-03-21,9976,49,124,9825,27,0,0,11,0
2021-03-22,9985,49,122,9836,27,0,0,11,0
2021-03-23,9995,48,121,9847,27,0,0,11,0
2021-03-24,10004,48,119,9858,27,0,0,11,0
2021-03-25,10014,47,118,9869,27,0,0,11,0
2021-03-26,10022,46,116,9879,27,0,0,11,0
2021-03-27,10032,46,115,9890,27,0,0,10,0
2021-03-28,10040,45,113,9900,27,0,0,10,0
2021-03-29,10050,45,112,9911,27,0,0,10,0
2021-03-30,10059,44,111,9921,27,0,0,10,0
2021-03-31,10067,43,109,9931,27,0,0,10,0
2021-04-01,10075,43,108,9940,27,0,0,10,0
2021-04-02,10083,42,106,9950,27,0,0,10,0
2021-04-03,10092,42,105,9960,27,0,0,10,0
2021-04-04,10100,41,104,9969,27,0,0,9,0
2021-04-05,10108,41,102,9979,27,0,0,9,0
2021-04-06,10116,40,101,9988,27,0,0,9,0
2021-04-07,10124,40,100,9997,27,0,0,9,0
2021-04-08,10131,39,98,10006,27,0,0,9,0
2021-04-09,10139,39,97,10015,27,0,0,9,0
2021-04-10,10147,38,96,10024,27,0,0,9,0
2021-04-11,10154,38,95,10032,27,0,0,9,0
2021-04-12,10161,37,93,10041,27,0,0,8,0
2021-04-13,10168,37,92,10049,27,0,0,8,0
2021-04-14,10175,36,91,10057,27,0,0,8,0
2021-04-15,10184,36,90,10066,28,0,0,8,0
2021-04-16,10191,35,89,10074,28,0,0,8,0
2021-04-17,10197,35,87,10082,28,0,0,8,0
2021-04-18,10204,34,86,10090,28,0,0,8,0
2021-04-19,10210,34,85,10097,28,0,0,8,0
2021-04-20,10217,33,84,10105,28,0,0,8,0
2021-04-21,10224,33,83,10113,28,0,0,8,0
2021-04-22,10230,32,82,10120,28,0,0,7,0
2021-04-23,10237,32,81,10128,28,0,0,7,0
2021-04-24,10243,32,80,10135,28,0,0,7,0
2021-04-25,10249,31,79,10142,28,0,0,7,0
2021-04-26,10255,31,78,10149,28,0,0,7,0
2021-04-27,10261,30,77,10156,28,0,0,7,0
2021-04-28,10267,30,76,10163,28,0,0,7,0
2021-04-29,10273,29,75,10170,28,0,0,7,0
2021-04-30,10279,29,74,10177,28,0,0,7,0
2021-05-01,10284,29,73,10183,28,0,0,7,0
2021-05-02,10290,28,72,10190,28,0,0,6,0
2021-05-03,10295,28,71,10196,28,0,0,6,0
2021-05-04,10301,28,70,10203,28,0,0,6,0
2021-05-05,10306,27,69,10209,28,0,0,6,0
2021-05-06,10311,27,68,10215,28,0,0,6,0
2021-05-07,10316,26,67,10221,28,0,0,6,0
2021-05-08,10321,26,66,10227,28,0,0,6,0
2021-05-09,10326,26,65,10233,28,0,0,6,0
2021-05-10,10331,25,64,10239,28,0,0,6,0
2021-05-11,10336,25,63,10245,28,0,0,6,0
2021-05-12,10342,25,63,10251,28,0,0,6,0
2021-05-13,10346,24,62,10256,28,0,0,6,0
2021-05-14,10351,24,61,10262,28,0,0,6,0
2021-05-15,10355,24,60,10267,28,0,0,5,0
2021-05-16,10360,23,59,10273,28,0,0,5,0
2021-05-17,10364,23,58,10278,28,0,0,5,0
2021-05-18,10369,23,58,10283,28,0,0,5,0
2021-05-19,10373,22,57,10288,28,0,0,5,0
2021-05-20,10378,22,56,10294,28,0,0,5,0
2021-05-21,10382,22,55,10299,28,0,0,5,0
2021-05-22,10387,22,55,10304,28,0,0,5,0
2021-05-23,10391,21,54,10309,28,0,0,5,0
2021-05-24,10394,21,53,10313,28,0,0,5,0
2021-05-25,10398,21,52,10318,28,0,0,5,0
2021-05-26,10403,20,52,10323,28,0,0,5,0
2021-05-27,10407,20,51,10328,28,0,0,5,0
2021-05-28,10410,20,50,10332,28,0,0,5,0
2021-05-29,10415,20,50,10337,28,0,0,4,0
2021-05-30,10418,19,49,10341,28,0,0,4,0
2021-05-31,10422,19,48,10346,28,0,0,4,0
2021-06-01,10426,19,48,10350,28,0,0,4,0
2021-06-02,10429,18,47,10354,28,0,0,4,0
2021-06-03,10433,18,46,10359,28,0,0,4,0
2021-06-04,10437,18,46,10363,28,0,0,4,0
2021-06-05,10440,18,45,10367,28,0,0,4,0
2021-06-06,10443,17,44,10371,28,0,0,4,0
2021-06-07,10447,17,44,10375,28,0,0,4,0
2021-06-08,10450,17,43,10379,28,0,0,4,0
2021-06-09,10454,17,43,10383,28,0,0,4,0
2021-06-10,10457,17,42,10387,28,0,0,4,0
2021-06-11,10459,16,41,10390,28,0,0,4,0
2021-06-12,10463,16,41,10394,28,0,0,4,0
2021-06-13,10466,16,40,10398,28,0,0,4,0
2021-06-14,10469,16,40,10401,28,0,0,4,0
2021-06-15,10472,15,39,10405,28,0,0,4,0
2021-06-16,10476,15,39,10409,28,0,0,4,0
2021-06-17,10478,15,38,10412,28,0,0,3,0
2021-06-18,10482,15,38,10416,28,0,0,3,0
2021-06-19,10484,15,37,10419,28,0,0,3,0
2021-06-20,10487,14,37,10422,28,0,0,3,0
2021-06-21,10490,14,36,10426,28,0,0,3,0
2021-06-22,10493,14,36,10429,28,0,0,3,0
2021-06-23,10496,14,35,10432,29,0,0,3,0
2021-06-24,10499,14,35,10435,29,0,0,3,0
2021-06-25,10501,13,34,10438,29,0,0,3,0
2021-06-26,10504,13,34,10441,29,0,0,3,0
2021-06-27,10506,13,33,10444,29,0,0,3,0
2021-06-28,10509,13,33,10447,29,0,0,3,0
2021-06-29,10511,13,32,10450,29,0,0,3,0
2021-06-30,10514,12,32,10453,29,0,0,3,0
2021-07-01,10516,12,31,10456,29,0,0,3,0
2021-07-02,10519,12,31,10459,29,0,0,3,0
2021-07-03,10522,12,31,10462,29,0,0,3,0
2021-07-04,10524,12,30,10465,29,0,0,3,0
2021-07-05,10526,12,30,10467,29,0,0,3,0
2021-07-06,10528,11,29,10470,29,0,0,3,0
2021-07-07,10531,11,29,10473,29,0,0,3,0
