Date,Infected,Exposed,Active,Recovered,Deaths,Diff Exposed,Diff Active,Diff Recovered,Diff Deaths
2020-06-26,143,50,39,103,1,0,6,4,0
2020-06-27,152,46,45,106,1,0,5,4,0
2020-06-28,161,44,49,111,1,0,4,4,0
2020-06-29,169,43,53,115,1,0,4,5,0
2020-06-30,178,42,57,120,1,0,3,5,0
2020-07-01,187,42,60,125,2,0,3,5,0
2020-07-02,195,42,62,131,2,1,3,6,0
2020-07-03,203,43,65,136,2,1,3,6,0
2020-07-04,212,44,68,142,2,1,2,6,0
2020-07-05,221,45,70,149,2,1,2,6,0
2020-07-06,229,46,72,155,2,1,2,7,0
2020-07-07,238,47,75,161,2,1,2,7,0
2020-07-08,247,49,77,168,2,1,3,7,0
2020-07-09,257,50,80,175,2,1,3,7,0
2020-07-10,268,52,83,183,2,2,3,7,0
2020-07-11,277,53,85,190,2,2,3,8,0
2020-07-12,288,55,88,198,2,2,3,8,0
2020-07-13,300,57,91,206,3,2,3,8,0
2020-07-14,311,58,94,214,3,2,3,8,0
2020-07-15,322,60,96,223,3,2,3,9,0
2020-07-16,334,62,100,231,3,2,3,9,0
2020-07-17,346,64,103,240,3,2,3,9,0
2020-07-18,359,66,106,250,3,2,3,10,0
2020-07-19,371,68,109,259,3,2,3,10,0
2020-07-20,385,70,113,269,3,2,3,10,0
2020-07-21,398,72,116,279,3,2,4,10,0
2020-07-22,414,74,120,290,4,2,4,11,0
2020-07-23,429,77,124,301,4,2,4,11,0
2020-07-24,443,79,127,312,4,2,4,11,0
2020-07-25,459,81,131,324,4,2,4,12,0
2020-07-26,475,84,135,336,4,3,4,12,0
2020-07-27,492,87,140,348,4,3,4,13,0
2020-07-28,509,89,144,361,4,3,4,13,0
2020-07-29,527,92,148,374,5,3,5,13,0
2020-07-30,545,95,153,387,5,3,5,14,0
2020-07-31,564,98,158,401,5,3,5,14,0
2020-08-01,583,101,163,415,5,3,5,15,0
2020-08-02,603,104,168,430,5,3,5,15,0
2020-08-03,623,107,173,445,5,3,5,16,0
2020-08-04,645,110,178,461,6,3,5,16,0
2020-08-05,666,113,183,477,6,3,6,16,0
2020-08-06,689,117,189,494,6,3,6,17,0
2020-08-07,712,120,195,511,6,4,6,17,0
2020-08-08,736,124,201,529,6,4,6,18,0
2020-08-09,761,127,207,547,7,4,6,19,0
2020-08-10,786,131,213,566,7,4,6,19,0
2020-08-11,811,135,219,585,7,4,7,20,0
2020-08-12,838,139,226,605,7,4,7,20,0
2020-08-13,867,143,233,626,8,4,7,21,0
2020-08-14,895,147,240,647,8,4,7,22,0
2020-08-15,923,152,247,668,8,4,7,22,0
2020-08-16,953,156,254,691,8,5,7,23,0
2020-08-17,985,161,262,714,9,5,8,24,0
2020-08-18,1017,165,270,738,9,5,8,24,0
2020-08-19,1049,170,278,762,9,5,8,25,0
2020-08-20,1083,175,286,787,10,5,8,26,0
2020-08-21,1117,180,294,813,10,5,9,26,0
2020-08-22,1153,185,303,840,10,5,9,27,0
2020-08-23,1191,190,312,868,11,5,9,28,0
2020-08-24,1228,196,321,896,11,5,9,29,0
2020-08-25,1266,201,330,925,11,6,9,30,0
2020-08-26,1307,207,340,955,12,6,10,31,0
2020-08-27,1348,213,350,986,12,6,10,31,0
2020-08-28,1390,219,360,1018,12,6,10,32,0
2020-08-29,1433,225,370,1050,13,6,10,33,0
2020-08-30,1477,231,380,1084,13,6,11,34,0
2020-08-31,1523,237,391,1118,14,6,11,35,0
2020-09-01,1570,244,402,1154,14,7,11,36,0
2020-09-02,1619,250,414,1190,15,7,11,37,0
2020-09-03,1668,257,425,1228,15,7,12,38,0
2020-09-04,1719,264,437,1266,16,7,12,39,0
2020-09-05,1771,271,449,1306,16,7,12,40,0
2020-09-06,1826,278,462,1347,17,7,13,41,1
2020-09-07,1880,286,474,1389,17,7,13,43,1
2020-09-08,1937,293,487,1432,18,8,13,44,1
2020-09-09,1995,301,501,1476,18,8,13,45,1
2020-09-10,2054,308,514,1521,19,8,14,46,1
2020-09-11,2115,316,528,1568,19,8,14,47,1
2020-09-12,2178,324,542,1616,20,8,14,49,1
2020-09-13,2241,332,556,1665,20,8,15,50,1
2020-09-14,2308,341,571,1716,21,8,15,51,1
2020-09-15,2375,349,586,1767,22,8,15,53,1
2020-09-16,2443,358,601,1820,22,9,15,54,1
2020-09-17,2515,366,617,1875,23,9,16,55,1
2020-09-18,2588,375,633,1931,24,9,16,57,1
2020-09-19,2661,384,649,1988,24,9,16,58,1
2020-09-20,2737,393,665,2047,25,9,17,60,1
2020-09-21,2815,402,682,2107,26,9,17,61,1
2020-09-22,2895,411,699,2169,27,9,17,63,1
2020-09-23,2976,421,716,2233,27,9,17,64,1
2020-09-24,3059,430,734,2297,28,10,18,66,1
2020-09-25,3144,440,751,2364,29,10,18,67,1
2020-09-26,3231,450,769,2432,30,10,18,69,1
2020-09-27,3321,459,788,2502,31,10,18,71,1
2020-09-28,3411,469,806,2573,32,10,19,72,1
2020-09-29,3503,479,825,2646,32,10,19,74,1
2020-09-30,3598,489,844,2721,33,10,19,76,1
2020-10-01,3694,499,863,2797,34,10,19,78,1
2020-10-02,3793,509,883,2875,35,10,20,79,1
2020-10-03,3893,519,902,2955,36,10,20,81,1
2020-10-04,3996,530,922,3037,37,10,20,83,1
2020-10-05,4101,540,942,3121,38,10,20,85,1
2020-10-06,4208,550,963,3206,39,10,20,86,1
2020-10-07,4316,560,983,3293,40,10,20,88,1
2020-10-08,4427,570,1003,3382,42,10,21,90,1
2020-10-09,4540,581,1024,3473,43,10,21,92,1
2020-10-10,4655,591,1045,3566,44,10,21,94,1
2020-10-11,4771,601,1066,3660,45,10,21,96,1
2020-10-12,4889,611,1087,3756,46,10,21,98,1
2020-10-13,5010,621,1108,3855,47,10,21,99,1
2020-10-14,5133,631,1129,3955,49,10,21,101,1
2020-10-15,5257,641,1150,4057,50,10,21,103,1
2020-10-16,5383,651,1171,4161,51,10,21,105,1
2020-10-17,5511,661,1192,4267,52,10,21,107,1
2020-10-18,5642,670,1213,4375,54,9,21,109,1
2020-10-19,5774,680,1235,4484,55,9,21,111,1
2020-10-20,5908,689,1256,4596,56,9,21,113,1
2020-10-21,6043,698,1276,4709,58,9,21,115,1
2020-10-22,6181,707,1297,4825,59,9,21,116,1
2020-10-23,6321,716,1318,4942,61,9,21,118,1
2020-10-24,6461,724,1338,5061,62,8,20,120,1
2020-10-25,6605,733,1359,5182,64,8,20,122,1
2020-10-26,6749,741,1379,5305,65,8,20,124,2
2020-10-27,6894,749,1398,5429,67,8,20,126,2
2020-10-28,7041,756,1418,5555,68,7,19,127,2
2020-10-29,7190,764,1437,5683,70,7,19,129,2
2020-10-30,7340,771,1456,5813,71,7,19,131,2
2020-10-31,7492,777,1475,5944,73,7,18,132,2
2020-11-01,7645,784,1493,6077,75,6,18,134,2
2020-11-02,7799,790,1511,6212,76,6,18,136,2
2020-11-03,7954,796,1528,6348,78,6,17,137,2
2020-11-04,8111,801,1545,6486,80,5,17,139,2
2020-11-05,8269,807,1562,6626,81,5,16,140,2
2020-11-06,8427,811,1578,6766,83,5,16,142,2
2020-11-07,8587,816,1593,6909,85,4,15,143,2
2020-11-08,8747,820,1608,7052,87,4,15,144,2
2020-11-09,8907,824,1622,7197,88,3,14,146,2
2020-11-10,9069,827,1636,7343,90,3,13,147,2
2020-11-11,9232,830,1649,7491,92,3,13,148,2
2020-11-12,9395,832,1662,7639,94,2,12,149,2
2020-11-13,9559,834,1674,7789,96,2,11,150,2
2020-11-14,9721,836,1685,7939,97,1,11,151,2
2020-11-15,9885,837,1695,8091,99,1,10,152,2
2020-11-16,10050,838,1705,8244,101,1,9,153,2
2020-11-17,10214,839,1714,8397,103,0,9,154,2
2020-11-18,10379,839,1723,8551,105,0,8,155,2
2020-11-19,10543,839,1730,8706,107,0,7,155,2
2020-11-20,10708,838,1737,8862,109,0,6,156,2
2020-11-21,10872,837,1743,9018,111,0,6,157,2
2020-11-22,11036,835,1748,9175,113,0,5,157,2
2020-11-23,11200,833,1753,9332,115,0,4,157,2
2020-11-24,11363,831,1757,9490,116,0,3,158,2
2020-11-25,11526,828,1760,9648,118,0,2,158,2
2020-11-26,11688,825,1762,9806,120,0,2,158,2
2020-11-27,11849,821,1763,9964,122,0,1,158,2
2020-11-28,12009,818,1763,10122,124,0,0,158,2
2020-11-29,12170,813,1763,10281,126,0,0,158,2
2020-11-30,12329,809,1762,10439,128,0,0,158,2
2020-12-01,12487,804,1760,10597,130,0,0,158,2
2020-12-02,12644,799,1757,10755,132,0,0,158,2
2020-12-03,12801,793,1754,10913,134,0,0,158,2
2020-12-04,12956,787,1750,11070,136,0,0,157,2
2020-12-05,13110,781,1745,11227,138,0,0,157,2
2020-12-06,13263,774,1739,11384,140,0,0,156,2
2020-12-07,13414,768,1732,11540,142,0,0,156,2
2020-12-08,13564,761,1725,11695,144,0,0,155,2
2020-12-09,13712,753,1717,11850,145,0,0,154,2
2020-12-10,13859,746,1708,12004,147,0,0,153,2
2020-12-11,14005,738,1699,12157,149,0,0,153,2
2020-12-12,14149,730,1689,12309,151,0,0,152,2
2020-12-13,14291,722,1678,12460,153,0,0,151,2
2020-12-14,14433,713,1667,12611,155,0,0,150,2
2020-12-15,14572,705,1655,12760,157,0,0,149,2
2020-12-16,14709,696,1643,12908,158,0,0,148,2
2020-12-17,14845,687,1630,13055,160,0,0,146,2
2020-12-18,14979,678,1616,13201,162,0,0,145,2
2020-12-19,15112,669,1602,13346,164,0,0,144,2
2020-12-20,15242,660,1587,13489,166,0,0,143,2
2020-12-21,15370,650,1572,13631,167,0,0,141,2
2020-12-22,15497,641,1556,13772,169,0,0,140,2
2020-12-23,15622,631,1540,13911,171,0,0,138,2
2020-12-24,15745,622,1524,14049,172,0,0,137,2
2020-12-25,15866,612,1507,14185,174,0,0,135,2
2020-12-26,15986,602,1490,14320,176,0,0,134,2
2020-12-27,16103,592,1473,14453,177,0,0,132,2
2020-12-28,16219,583,1455,14585,179,0,0,131,2
2020-12-29,16333,573,1437,14715,181,0,0,129,2
2020-12-30,16443,563,1418,14843,182,0,0,127,2
2020-12-31,16554,553,1400,14970,184,0,0,126,2
2021-01-01,16661,543,1381,15095,185,0,0,124,2
2021-01-02,16768,534,1362,15219,187,0,0,122,2
2021-01-03,16871,524,1343,15340,188,0,0,121,1
2021-01-04,16973,514,1323,15460,190,0,0,119,1
2021-01-05,17073,505,1304,15578,191,0,0,117,1
2021-01-06,17172,495,1284,15695,193,0,0,115,1
2021-01-07,17267,486,1264,15809,194,0,0,114,1
2021-01-08,17362,476,1245,15922,195,0,0,112,1
2021-01-09,17455,467,1225,16033,197,0,0,110,1
2021-01-10,17546,457,1205,16143,198,0,0,108,1
2021-01-11,17634,448,1185,16250,199,0,0,106,1
2021-01-12,17722,439,1165,16356,201,0,0,105,1
2021-01-13,17807,430,1145,16460,202,0,0,103,1
2021-01-14,17891,421,1126,16562,203,0,0,101,1
2021-01-15,17973,412,1106,16663,204,0,0,99,1
2021-01-16,18053,403,1086,16761,206,0,0,98,1
2021-01-17,18131,395,1066,16858,207,0,0,96,1
2021-01-18,18208,386,1047,16953,208,0,0,94,1
2021-01-19,18283,378,1027,17047,209,0,0,92,1
2021-01-20,18356,369,1008,17138,210,0,0,91,1
2021-01-21,18428,361,989,17228,211,0,0,89,1
2021-01-22,18499,353,970,17316,213,0,0,87,1
2021-01-23,18568,345,951,17403,214,0,0,85,1
2021-01-24,18635,337,932,17488,215,0,0,84,1
2021-01-25,18701,330,914,17571,216,0,0,82,1
2021-01-26,18764,322,895,17652,217,0,0,80,1
2021-01-27,18827,315,877,17732,218,0,0,79,1
2021-01-28,18888,307,859,17810,219,0,0,77,1
2021-01-29,18949,300,842,17887,220,0,0,76,1
2021-01-30,19006,293,824,17962,220,0,0,74,1
2021-01-31,19063,286,807,18035,221,0,0,72,1
2021-02-01,19118,279,789,18107,222,0,0,71,1
2021-02-02,19173,273,773,18177,223,0,0,69,1
2021-02-03,19226,266,756,18246,224,0,0,68,1
2021-02-04,19277,260,739,18313,225,0,0,66,1
2021-02-05,19328,253,723,18379,226,0,0,65,1
2021-02-06,19377,247,707,18444,226,0,0,64,1
2021-02-07,19425,241,691,18507,227,0,0,62,1
2021-02-08,19472,235,676,18568,228,0,0,61,1
2021-02-09,19518,229,661,18628,229,0,0,59,1
2021-02-10,19562,224,646,18687,229,0,0,58,1
2021-02-11,19606,218,631,18745,230,0,0,57,1
2021-02-12,19648,213,616,18801,231,0,0,55,1
2021-02-13,19689,207,602,18856,231,0,0,54,1
2021-02-14,19729,202,588,18909,232,0,0,53,1
2021-02-15,19769,197,574,18962,233,0,0,52,1
2021-02-16,19807,192,561,19013,233,0,0,50,1
2021-02-17,19845,187,548,19063,234,0,0,49,1
2021-02-18,19881,182,535,19111,235,0,0,48,1
2021-02-19,19916,178,522,19159,235,0,0,47,1
2021-02-20,19950,173,509,19205,236,0,0,46,1
2021-02-21,19984,169,497,19251,236,0,0,45,1
2021-02-22,20017,164,485,19295,237,0,0,44,1
2021-02-23,20048,160,473,19338,237,0,0,42,1
2021-02-24,20080,156,462,19380,238,0,0,41,1
2021-02-25,20109,152,450,19421,238,0,0,40,0
2021-02-26,20139,148,439,19461,239,0,0,39,0
2021-02-27,20167,144,428,19500,239,0,0,38,0
2021-02-28,20196,140,418,19538,240,0,0,38,0
2021-03-01,20223,136,407,19576,240,0,0,37,0
2021-03-02,20250,133,397,19612,241,0,0,36,0
2021-03-03,20275,129,387,19647,241,0,0,35,0
2021-03-04,20301,126,377,19682,242,0,0,34,0
2021-03-05,20325,123,368,19715,242,0,0,33,0
2021-03-06,20348,119,358,19748,242,0,0,32,0
2021-03-07,20372,116,349,19780,243,0,0,31,0
2021-03-08,20394,113,340,19811,243,0,0,31,0
2021-03-09,20416,110,332,19841,243,0,0,30,0
2021-03-10,20438,107,323,19871,244,0,0,29,0
2021-03-11,20458,104,315,19899,244,0,0,28,0
2021-03-12,20479,101,307,19927,245,0,0,28,0
2021-03-13,20499,99,299,19955,245,0,0,27,0
2021-03-14,20517,96,291,19981,245,0,0,26,0
2021-03-15,20536,93,283,20007,246,0,0,25,0
2021-03-16,20554,91,276,20032,246,0,0,25,0
2021-03-17,20572,88,269,20057,246,0,0,24,0
2021-03-18,20589,86,262,20081,246,0,0,24,0
2021-03-19,20606,84,255,20104,247,0,0,23,0
2021-03-20,20622,81,248,20127,247,0,0,22,0
2021-03-21,20638,79,242,20149,247,0,0,22,0
2021-03-22,20653,77,235,20170,248,0,0,21,0
2021-03-23,20668,75,229,20191,248,0,0,21,0
2021-03-24,20683,73,223,20212,248,0,0,20,0
2021-03-25,20696,71,217,20231,248,0,0,20,0
2021-03-26,20711,69,211,20251,249,0,0,19,0
2021-03-27,20724,67,206,20269,249,0,0,18,0
2021-03-28,20737,65,200,20288,249,0,0,18,0
2021-03-29,20750,63,195,20306,249,0,0,18,0
2021-03-30,20762,62,190,20323,249,0,0,17,0
2021-03-31,20775,60,185,20340,250,0,0,17,0
2021-04-01,20786,58,180,20356,250,0,0,16,0
2021-04-02,20797,57,175,20372,250,0,0,16,0
2021-04-03,20808,55,170,20388,250,0,0,15,0
2021-04-04,20819,54,166,20403,250,0,0,15,0
2021-04-05,20829,52,161,20417,251,0,0,14,0
2021-04-06,20840,51,157,20432,251,0,0,14,0
2021-04-07,20849,49,152,20446,251,0,0,14,0
2021-04-08,20858,48,148,20459,251,0,0,13,0
2021-04-09,20867,47,144,20472,251,0,0,13,0
2021-04-10,20876,45,140,20485,251,0,0,13,0
2021-04-11,20887,44,137,20498,252,0,0,12,0
2021-04-12,20895,43,133,20510,252,0,0,12,0
2021-04-13,20903,42,129,20522,252,0,0,12,0
2021-04-14,20911,41,126,20533,252,0,0,11,0
2021-04-15,20918,39,122,20544,252,0,0,11,0
2021-04-16,20926,38,119,20555,252,0,0,11,0
2021-04-17,20934,37,116,20566,252,0,0,10,0
2021-04-18,20941,36,112,20576,253,0,0,10,0
2021-04-19,20948,35,109,20586,253,0,0,10,0
2021-04-20,20955,34,106,20596,253,0,0,10,0
2021-04-21,20961,33,103,20605,253,0,0,9,0
2021-04-22,20968,32,101,20614,253,0,0,9,0
2021-04-23,20974,31,98,20623,253,0,0,9,0
2021-04-24,20980,31,95,20632,253,0,0,9,0
2021-04-25,20987,30,93,20641,253,0,0,8,0
2021-04-26,20992,29,90,20649,253,0,0,8,0
2021-04-27,20998,28,88,20657,253,0,0,8,0
2021-04-28,21004,27,85,20665,254,0,0,8,0
2021-04-29,21009,27,83,20672,254,0,0,7,0
2021-04-30,21013,26,80,20679,254,0,0,7,0
2021-05-01,21019,25,78,20687,254,0,0,7,0
2021-05-02,21024,24,76,20694,254,0,0,7,0
2021-05-03,21028,24,74,20700,254,0,0,7,0
2021-05-04,21033,23,72,20707,254,0,0,6,0
2021-05-05,21037,22,70,20713,254,0,0,6,0
2021-05-06,21042,22,68,20720,254,0,0,6,0
2021-05-07,21046,21,66,20726,254,0,0,6,0
2021-05-08,21049,21,64,20731,254,0,0,6,0
2021-05-09,21053,20,62,20737,254,0,0,6,0
2021-05-10,21059,19,61,20743,255,0,0,5,0
2021-05-11,21062,19,59,20748,255,0,0,5,0
2021-05-12,21065,18,57,20753,255,0,0,5,0
2021-05-13,21069,18,56,20758,255,0,0,5,0
2021-05-14,21072,17,54,20763,255,0,0,5,0
2021-05-15,21076,17,53,20768,255,0,0,5,0
2021-05-16,21079,16,51,20773,255,0,0,5,0
2021-05-17,21082,16,50,20777,255,0,0,4,0
2021-05-18,21085,15,48,20782,255,0,0,4,0
2021-05-19,21088,15,47,20786,255,0,0,4,0
2021-05-20,21091,15,46,20790,255,0,0,4,0
2021-05-21,21094,14,45,20794,255,0,0,4,0
2021-05-22,21096,14,43,20798,255,0,0,4,0
2021-05-23,21099,13,42,20802,255,0,0,4,0
2021-05-24,21102,13,41,20806,255,0,0,4,0
2021-05-25,21105,13,40,20810,255,0,0,4,0
2021-05-26,21107,12,39,20813,255,0,0,3,0
2021-05-27,21110,12,38,20817,255,0,0,3,0
2021-05-28,21111,12,36,20820,255,0,0,3,0
2021-05-29,21114,11,35,20823,256,0,0,3,0
2021-05-30,21116,11,34,20826,256,0,0,3,0
2021-05-31,21119,11,34,20829,256,0,0,3,0
2021-06-01,21121,10,33,20832,256,0,0,3,0
2021-06-02,21123,10,32,20835,256,0,0,3,0
2021-06-03,21125,10,31,20838,256,0,0,3,0
2021-06-04,21127,10,30,20841,256,0,0,3,0
2021-06-05,21128,9,29,20843,256,0,0,3,0
2021-06-06,21130,9,28,20846,256,0,0,3,0
2021-06-07,21132,9,27,20849,256,0,0,2,0
2021-06-08,21134,9,27,20851,256,0,0,2,0
2021-06-09,21135,8,26,20853,256,0,0,2,0
2021-06-10,21137,8,25,20856,256,0,0,2,0
2021-06-11,21139,8,25,20858,256,0,0,2,0
2021-06-12,21140,8,24,20860,256,0,0,2,0
2021-06-13,21141,7,23,20862,256,0,0,2,0
2021-06-14,21143,7,23,20864,256,0,0,2,0
2021-06-15,21144,7,22,20866,256,0,0,2,0
2021-06-16,21145,7,21,20868,256,0,0,2,0
2021-06-17,21147,7,21,20870,256,0,0,2,0
2021-06-18,21148,6,20,20872,256,0,0,2,0
2021-06-19,21150,6,20,20874,256,0,0,2,0
2021-06-20,21150,6,19,20875,256,0,0,2,0
2021-06-21,21151,6,18,20877,256,0,0,2,0
