Date,Infected,Exposed,Active,Recovered,Deaths,Diff Exposed,Diff Active,Diff Recovered,Diff Deaths
2020-06-20,606,0,178,427,1,23,0,16,0
2020-06-21,608,21,164,443,1,17,0,15,0
2020-06-22,613,37,155,457,1,13,0,14,0
2020-06-23,621,49,149,471,1,10,0,14,0
2020-06-24,631,58,146,484,1,8,0,13,0
2020-06-25,644,65,145,498,1,6,0,13,0
2020-06-26,657,71,145,511,1,5,1,13,0
2020-06-27,671,76,146,524,1,4,2,13,0
2020-06-28,686,80,148,537,1,4,2,13,0
2020-06-29,702,83,150,551,1,3,3,14,0
2020-06-30,718,86,153,564,1,3,3,14,0
2020-07-01,735,89,156,578,1,3,3,14,0
2020-07-02,753,92,159,593,1,3,4,14,0
2020-07-03,771,95,163,607,1,3,4,15,0
2020-07-04,790,98,167,622,1,3,4,15,0
2020-07-05,809,100,171,637,1,3,4,16,0
2020-07-06,829,103,175,653,1,3,4,16,0
2020-07-07,849,105,179,669,1,3,4,16,0
2020-07-08,871,108,184,685,2,3,4,17,0
2020-07-09,892,111,188,702,2,3,5,17,0
2020-07-10,914,113,193,719,2,3,5,17,0
2020-07-11,937,116,198,737,2,3,5,18,0
2020-07-12,959,119,202,755,2,3,5,18,0
2020-07-13,983,122,207,774,2,3,5,19,0
2020-07-14,1007,125,212,793,2,3,5,19,0
2020-07-15,1032,128,218,812,2,3,5,20,0
2020-07-16,1057,131,223,832,2,3,5,20,0
2020-07-17,1082,134,228,852,2,3,5,21,0
2020-07-18,1109,137,234,873,2,3,6,21,0
2020-07-19,1136,140,239,895,2,3,6,22,0
2020-07-20,1164,143,245,917,2,3,6,22,0
2020-07-21,1192,146,251,939,2,3,6,23,0
2020-07-22,1221,150,257,962,2,3,6,23,0
2020-07-23,1251,153,263,986,2,3,6,24,0
2020-07-24,1281,156,269,1010,2,3,6,24,0
2020-07-25,1311,160,275,1034,2,4,6,25,0
2020-07-26,1343,164,282,1059,2,4,6,26,0
2020-07-27,1375,167,288,1085,2,4,7,26,0
2020-07-28,1409,171,295,1112,2,4,7,27,0
2020-07-29,1444,174,302,1139,3,4,7,27,0
2020-07-30,1477,178,308,1166,3,4,7,28,0
2020-07-31,1512,182,315,1194,3,4,7,29,0
2020-08-01,1548,186,322,1223,3,4,7,29,0
2020-08-02,1586,190,330,1253,3,4,7,30,0
2020-08-03,1623,194,337,1283,3,4,7,31,0
2020-08-04,1661,198,344,1314,3,4,7,31,0
2020-08-05,1700,202,352,1345,3,4,8,32,0
2020-08-06,1739,206,359,1377,3,4,8,33,0
2020-08-07,1780,210,367,1410,3,4,8,33,0
2020-08-08,1822,214,375,1444,3,4,8,34,0
2020-08-09,1864,219,383,1478,3,4,8,35,0
2020-08-10,1907,223,391,1513,3,4,8,35,0
2020-08-11,1951,227,399,1549,3,4,8,36,0
2020-08-12,1997,232,408,1585,4,4,8,37,0
2020-08-13,2043,236,416,1623,4,4,8,38,0
2020-08-14,2089,240,424,1661,4,4,9,39,0
2020-08-15,2136,245,433,1699,4,4,9,39,0
2020-08-16,2185,249,442,1739,4,5,9,40,0
2020-08-17,2233,254,450,1779,4,5,9,41,0
2020-08-18,2283,258,459,1820,4,5,9,42,0
2020-08-19,2334,263,468,1862,4,5,9,42,0
2020-08-20,2386,268,477,1905,4,5,9,43,0
2020-08-21,2439,272,486,1949,4,5,9,44,0
2020-08-22,2493,277,496,1993,4,5,9,45,0
2020-08-23,2549,282,505,2039,5,5,9,46,0
2020-08-24,2604,286,514,2085,5,5,9,47,0
2020-08-25,2661,291,524,2132,5,5,9,47,0
2020-08-26,2717,295,533,2179,5,5,9,48,0
2020-08-27,2776,300,543,2228,5,5,10,49,0
2020-08-28,2835,305,552,2278,5,5,10,50,0
2020-08-29,2895,309,562,2328,5,5,10,51,0
2020-08-30,2955,314,571,2379,5,5,10,52,0
2020-08-31,3017,319,581,2431,5,5,10,53,0
2020-09-01,3081,323,591,2484,6,5,10,54,0
2020-09-02,3144,328,600,2538,6,5,10,54,0
2020-09-03,3209,332,610,2593,6,5,10,55,0
2020-09-04,3275,337,620,2649,6,4,10,56,0
2020-09-05,3340,341,629,2705,6,4,10,57,0
2020-09-06,3408,346,639,2763,6,4,10,58,0
2020-09-07,3476,350,649,2821,6,4,10,59,0
2020-09-08,3544,354,658,2880,6,4,10,60,0
2020-09-09,3615,359,668,2940,7,4,10,61,0
2020-09-10,3686,363,678,3001,7,4,10,61,0
2020-09-11,3757,367,687,3063,7,4,10,62,0
2020-09-12,3830,371,697,3126,7,4,9,63,0
2020-09-13,3902,375,706,3189,7,4,9,64,0
2020-09-14,3977,379,716,3254,7,4,9,65,0
2020-09-15,4051,383,725,3319,7,4,9,66,0
2020-09-16,4127,387,734,3385,8,4,9,67,0
2020-09-17,4203,390,743,3452,8,4,9,67,0
2020-09-18,4279,394,752,3519,8,4,9,68,0
2020-09-19,4357,397,761,3588,8,3,9,69,0
2020-09-20,4435,401,770,3657,8,3,9,70,0
2020-09-21,4513,404,778,3727,8,3,8,71,0
2020-09-22,4593,407,787,3798,8,3,8,71,0
2020-09-23,4674,410,795,3870,9,3,8,72,0
2020-09-24,4754,413,803,3942,9,3,8,73,0
2020-09-25,4835,416,811,4015,9,3,8,74,0
2020-09-26,4917,419,819,4089,9,3,8,74,0
2020-09-27,4999,421,826,4164,9,2,7,75,0
2020-09-28,5082,424,834,4239,9,2,7,76,0
2020-09-29,5166,426,841,4315,10,2,7,76,0
2020-09-30,5249,428,848,4391,10,2,7,77,0
2020-10-01,5333,430,855,4468,10,2,7,78,0
2020-10-02,5417,432,861,4546,10,2,6,78,0
2020-10-03,5501,433,867,4624,10,2,6,79,0
2020-10-04,5586,435,873,4703,10,1,6,79,0
2020-10-05,5673,436,879,4783,11,1,6,80,0
2020-10-06,5759,437,885,4863,11,1,5,80,0
2020-10-07,5844,439,890,4943,11,1,5,81,0
2020-10-08,5930,439,895,5024,11,1,5,81,0
2020-10-09,6016,440,900,5105,11,1,5,82,0
2020-10-10,6103,441,904,5187,12,0,4,82,0
2020-10-11,6189,441,908,5269,12,0,4,82,0
2020-10-12,6276,441,912,5352,12,0,4,83,0
2020-10-13,6363,441,916,5435,12,0,3,83,0
2020-10-14,6449,441,919,5518,12,0,3,83,0
2020-10-15,6535,441,922,5601,12,0,3,84,0
2020-10-16,6622,441,924,5685,13,0,2,84,0
2020-10-17,6709,440,927,5769,13,0,2,84,0
2020-10-18,6795,440,929,5853,13,0,2,84,0
2020-10-19,6880,439,930,5937,13,0,1,84,0
2020-10-20,6967,438,932,6022,13,0,1,84,0
2020-10-21,7053,436,933,6106,14,0,1,85,0
2020-10-22,7138,435,933,6191,14,0,0,85,0
2020-10-23,7223,434,934,6275,14,0,0,85,0
2020-10-24,7308,432,934,6360,14,0,0,85,0
2020-10-25,7392,430,933,6445,14,0,0,85,0
2020-10-26,7477,428,933,6529,15,0,0,85,0
2020-10-27,7561,426,932,6614,15,0,0,85,0
2020-10-28,7645,424,931,6699,15,0,0,84,0
2020-10-29,7727,422,929,6783,15,0,0,84,0
2020-10-30,7809,419,927,6867,15,0,0,84,0
2020-10-31,7891,417,925,6951,15,0,0,84,0
2020-11-01,7973,414,922,7035,16,0,0,84,0
2020-11-02,8055,411,920,7119,16,0,0,83,0
2020-11-03,8135,408,917,7202,16,0,0,83,0
2020-11-04,8214,405,913,7285,16,0,0,83,0
2020-11-05,8294,402,910,7368,16,0,0,83,0
2020-11-06,8373,399,906,7450,17,0,0,82,0
2020-11-07,8450,395,901,7532,17,0,0,82,0
2020-11-08,8528,392,897,7614,17,0,0,81,0
2020-11-09,8604,388,892,7695,17,0,0,81,0
2020-11-10,8680,385,887,7776,17,0,0,80,0
2020-11-11,8755,381,882,7856,17,0,0,80,0
2020-11-12,8830,377,876,7936,18,0,0,79,0
2020-11-13,8903,373,870,8015,18,0,0,79,0
2020-11-14,8976,369,864,8094,18,0,0,78,0
2020-11-15,9048,365,858,8172,18,0,0,78,0
2020-11-16,9119,361,852,8249,18,0,0,77,0
2020-11-17,9191,357,845,8327,19,0,0,77,0
2020-11-18,9260,353,838,8403,19,0,0,76,0
2020-11-19,9329,349,831,8479,19,0,0,75,0
2020-11-20,9397,345,824,8554,19,0,0,75,0
2020-11-21,9464,340,817,8628,19,0,0,74,0
2020-11-22,9530,336,809,8702,19,0,0,73,0
2020-11-23,9596,332,801,8775,20,0,0,73,0
2020-11-24,9661,327,793,8848,20,0,0,72,0
2020-11-25,9724,323,785,8919,20,0,0,71,0
2020-11-26,9787,318,777,8990,20,0,0,71,0
2020-11-27,9850,314,769,9061,20,0,0,70,0
2020-11-28,9911,310,761,9130,20,0,0,69,0
2020-11-29,9971,305,752,9199,20,0,0,68,0
2020-11-30,10032,301,744,9267,21,0,0,67,0
2020-12-01,10090,296,735,9334,21,0,0,67,0
2020-12-02,10147,292,726,9400,21,0,0,66,0
2020-12-03,10204,287,717,9466,21,0,0,65,0
2020-12-04,10260,283,708,9531,21,0,0,64,0
2020-12-05,10315,278,699,9595,21,0,0,63,0
2020-12-06,10369,274,690,9658,21,0,0,63,0
2020-12-07,10423,269,681,9720,22,0,0,62,0
2020-12-08,10476,265,672,9782,22,0,0,61,0
2020-12-09,10527,261,663,9842,22,0,0,60,0
2020-12-10,10578,256,654,9902,22,0,0,59,0
2020-12-11,10628,252,645,9961,22,0,0,58,0
2020-12-12,10676,248,635,10019,22,0,0,58,0
2020-12-13,10724,243,626,10076,22,0,0,57,0
2020-12-14,10773,239,617,10133,23,0,0,56,0
2020-12-15,10820,235,608,10189,23,0,0,55,0
2020-12-16,10865,231,599,10243,23,0,0,54,0
2020-12-17,10909,227,589,10297,23,0,0,53,0
2020-12-18,10954,223,580,10351,23,0,0,53,0
2020-12-19,10997,218,571,10403,23,0,0,52,0
2020-12-20,11039,214,562,10454,23,0,0,51,0
2020-12-21,11081,210,553,10505,23,0,0,50,0
2020-12-22,11122,207,544,10555,23,0,0,49,0
2020-12-23,11163,203,535,10604,24,0,0,49,0
2020-12-24,11202,199,526,10652,24,0,0,48,0
2020-12-25,11241,195,517,10700,24,0,0,47,0
2020-12-26,11279,191,509,10746,24,0,0,46,0
2020-12-27,11316,188,500,10792,24,0,0,45,0
2020-12-28,11352,184,491,10837,24,0,0,45,0
2020-12-29,11388,180,483,10881,24,0,0,44,0
2020-12-30,11423,177,474,10925,24,0,0,43,0
2020-12-31,11458,173,466,10968,24,0,0,42,0
2021-01-01,11492,170,457,11010,25,0,0,41,0
2021-01-02,11525,166,449,11051,25,0,0,41,0
2021-01-03,11557,163,441,11091,25,0,0,40,0
2021-01-04,11589,160,433,11131,25,0,0,39,0
2021-01-05,11620,156,425,11170,25,0,0,39,0
2021-01-06,11650,153,417,11208,25,0,0,38,0
2021-01-07,11680,150,409,11246,25,0,0,37,0
2021-01-08,11709,147,401,11283,25,0,0,36,0
2021-01-09,11738,144,394,11319,25,0,0,36,0
2021-01-10,11765,141,386,11354,25,0,0,35,0
2021-01-11,11793,138,379,11389,25,0,0,34,0
2021-01-12,11819,135,371,11423,25,0,0,34,0
2021-01-13,11846,132,364,11456,26,0,0,33,0
2021-01-14,11872,129,357,11489,26,0,0,32,0
2021-01-15,11897,126,350,11521,26,0,0,32,0
2021-01-16,11922,124,343,11553,26,0,0,31,0
2021-01-17,11946,121,336,11584,26,0,0,30,0
2021-01-18,11969,118,329,11614,26,0,0,30,0
2021-01-19,11992,116,322,11644,26,0,0,29,0
2021-01-20,12015,113,316,11673,26,0,0,29,0
2021-01-21,12036,111,309,11701,26,0,0,28,0
2021-01-22,12058,108,303,11729,26,0,0,27,0
2021-01-23,12079,106,297,11756,26,0,0,27,0
2021-01-24,12100,104,291,11783,26,0,0,26,0
2021-01-25,12120,101,285,11809,26,0,0,26,0
2021-01-26,12140,99,279,11835,26,0,0,25,0
2021-01-27,12159,97,273,11860,26,0,0,25,0
2021-01-28,12177,95,267,11884,26,0,0,24,0
2021-01-29,12196,93,261,11908,27,0,0,24,0
2021-01-30,12215,90,256,11932,27,0,0,23,0
2021-01-31,12232,88,250,11955,27,0,0,23,0
2021-02-01,12249,86,245,11977,27,0,0,22,0
2021-02-02,12266,84,240,11999,27,0,0,22,0
2021-02-03,12282,83,234,12021,27,0,0,21,0
2021-02-04,12298,81,229,12042,27,0,0,21,0
2021-02-05,12314,79,224,12063,27,0,0,20,0
2021-02-06,12329,77,219,12083,27,0,0,20,0
2021-02-07,12345,75,215,12103,27,0,0,19,0
2021-02-08,12359,74,210,12122,27,0,0,19,0
2021-02-09,12373,72,205,12141,27,0,0,19,0
2021-02-10,12387,70,201,12159,27,0,0,18,0
2021-02-11,12400,69,196,12177,27,0,0,18,0
2021-02-12,12414,67,192,12195,27,0,0,17,0
2021-02-13,12427,65,188,12212,27,0,0,17,0
2021-02-14,12439,64,183,12229,27,0,0,17,0
2021-02-15,12452,62,179,12246,27,0,0,16,0
2021-02-16,12464,61,175,12262,27,0,0,16,0
2021-02-17,12475,60,171,12277,27,0,0,16,0
2021-02-18,12488,58,168,12293,27,0,0,15,0
2021-02-19,12499,57,164,12308,27,0,0,15,0
2021-02-20,12510,55,160,12323,27,0,0,15,0
2021-02-21,12520,54,156,12337,27,0,0,14,0
2021-02-22,12531,53,153,12351,27,0,0,14,0
2021-02-23,12542,52,149,12365,28,0,0,14,0
2021-02-24,12552,50,146,12378,28,0,0,13,0
2021-02-25,12562,49,143,12391,28,0,0,13,0
2021-02-26,12571,48,139,12404,28,0,0,13,0
2021-02-27,12581,47,136,12417,28,0,0,12,0
2021-02-28,12590,46,133,12429,28,0,0,12,0
2021-03-01,12599,45,130,12441,28,0,0,12,0
2021-03-02,12608,44,127,12453,28,0,0,12,0
2021-03-03,12616,43,124,12464,28,0,0,11,0
2021-03-04,12624,42,121,12475,28,0,0,11,0
2021-03-05,12632,41,118,12486,28,0,0,11,0
2021-03-06,12640,40,115,12497,28,0,0,10,0
2021-03-07,12648,39,113,12507,28,0,0,10,0
2021-03-08,12655,38,110,12517,28,0,0,10,0
2021-03-09,12663,37,108,12527,28,0,0,10,0
2021-03-10,12670,36,105,12537,28,0,0,10,0
2021-03-11,12677,35,103,12546,28,0,0,9,0
2021-03-12,12683,34,100,12555,28,0,0,9,0
2021-03-13,12690,33,98,12564,28,0,0,9,0
2021-03-14,12696,33,95,12573,28,0,0,9,0
2021-03-15,12703,32,93,12582,28,0,0,8,0
2021-03-16,12709,31,91,12590,28,0,0,8,0
2021-03-17,12715,30,89,12598,28,0,0,8,0
2021-03-18,12721,30,87,12606,28,0,0,8,0
2021-03-19,12727,29,85,12614,28,0,0,8,0
2021-03-20,12733,28,83,12622,28,0,0,7,0
2021-03-21,12738,28,81,12629,28,0,0,7,0
2021-03-22,12743,27,79,12636,28,0,0,7,0
2021-03-23,12748,26,77,12643,28,0,0,7,0
2021-03-24,12753,26,75,12650,28,0,0,7,0
2021-03-25,12758,25,73,12657,28,0,0,7,0
2021-03-26,12764,24,72,12664,28,0,0,6,0
2021-03-27,12768,24,70,12670,28,0,0,6,0
2021-03-28,12772,23,68,12676,28,0,0,6,0
2021-03-29,12778,23,67,12683,28,0,0,6,0
2021-03-30,12782,22,65,12689,28,0,0,6,0
2021-03-31,12785,22,63,12694,28,0,0,6,0
2021-04-01,12790,21,62,12700,28,0,0,6,0
2021-04-02,12794,21,60,12706,28,0,0,5,0
2021-04-03,12798,20,59,12711,28,0,0,5,0
2021-04-04,12801,20,57,12716,28,0,0,5,0
2021-04-05,12805,19,56,12721,28,0,0,5,0
2021-04-06,12810,19,55,12727,28,0,0,5,0
2021-04-07,12812,18,53,12731,28,0,0,5,0
2021-04-08,12816,18,52,12736,28,0,0,5,0
2021-04-09,12820,17,51,12741,28,0,0,5,0
2021-04-10,12823,17,50,12745,28,0,0,5,0
2021-04-11,12826,16,48,12750,28,0,0,4,0
2021-04-12,12829,16,47,12754,28,0,0,4,0
2021-04-13,12833,16,46,12759,28,0,0,4,0
2021-04-14,12836,15,45,12763,28,0,0,4,0
2021-04-15,12839,15,44,12767,28,0,0,4,0
2021-04-16,12842,15,43,12771,28,0,0,4,0
2021-04-17,12845,14,42,12775,28,0,0,4,0
2021-04-18,12847,14,41,12778,28,0,0,4,0
2021-04-19,12850,13,40,12782,28,0,0,4,0
2021-04-20,12853,13,39,12786,28,0,0,4,0
2021-04-21,12855,13,38,12789,28,0,0,3,0
2021-04-22,12857,12,37,12792,28,0,0,3,0
2021-04-23,12860,12,36,12796,28,0,0,3,0
2021-04-24,12862,12,35,12799,28,0,0,3,0
2021-04-25,12864,12,34,12802,28,0,0,3,0
2021-04-26,12867,11,33,12805,29,0,0,3,0
2021-04-27,12870,11,33,12808,29,0,0,3,0
2021-04-28,12872,11,32,12811,29,0,0,3,0
2021-04-29,12874,10,31,12814,29,0,0,3,0
2021-04-30,12876,10,30,12817,29,0,0,3,0
2021-05-01,12879,10,30,12820,29,0,0,3,0
2021-05-02,12880,10,29,12822,29,0,0,3,0
2021-05-03,12882,10,28,12825,29,0,0,3,0
2021-05-04,12883,9,27,12827,29,0,0,2,0
2021-05-05,12886,9,27,12830,29,0,0,2,0
2021-05-06,12887,9,26,12832,29,0,0,2,0
2021-05-07,12889,9,25,12835,29,0,0,2,0
2021-05-08,12891,8,25,12837,29,0,0,2,0
2021-05-09,12892,8,24,12839,29,0,0,2,0
2021-05-10,12894,8,24,12841,29,0,0,2,0
2021-05-11,12895,8,23,12843,29,0,0,2,0
2021-05-12,12897,8,23,12845,29,0,0,2,0
2021-05-13,12898,7,22,12847,29,0,0,2,0
2021-05-14,12899,7,21,12849,29,0,0,2,0
2021-05-15,12901,7,21,12851,29,0,0,2,0
2021-05-16,12902,7,20,12853,29,0,0,2,0
2021-05-17,12904,7,20,12855,29,0,0,2,0
2021-05-18,12905,7,19,12857,29,0,0,2,0
2021-05-19,12907,6,19,12859,29,0,0,2,0
2021-05-20,12907,6,18,12860,29,0,0,2,0
2021-05-21,12909,6,18,12862,29,0,0,2,0
2021-05-22,12911,6,18,12864,29,0,0,2,0
2021-05-23,12911,6,17,12865,29,0,0,2,0
2021-05-24,12913,6,17,12867,29,0,0,2,0
2021-05-25,12913,5,16,12868,29,0,0,1,0
2021-05-26,12915,5,16,12870,29,0,0,1,0
2021-05-27,12915,5,15,12871,29,0,0,1,0
2021-05-28,12916,5,15,12872,29,0,0,1,0
2021-05-29,12918,5,15,12874,29,0,0,1,0
2021-05-30,12918,5,14,12875,29,0,0,1,0
2021-05-31,12919,5,14,12876,29,0,0,1,0
2021-06-01,12921,5,14,12878,29,0,0,1,0
2021-06-02,12921,4,13,12879,29,0,0,1,0
2021-06-03,12922,4,13,12880,29,0,0,1,0
2021-06-04,12923,4,13,12881,29,0,0,1,0
2021-06-05,12923,4,12,12882,29,0,0,1,0
2021-06-06,12925,4,12,12884,29,0,0,1,0
2021-06-07,12926,4,12,12885,29,0,0,1,0
2021-06-08,12926,4,11,12886,29,0,0,1,0
2021-06-09,12927,4,11,12887,29,0,0,1,0
2021-06-10,12928,4,11,12888,29,0,0,1,0
2021-06-11,12929,4,11,12889,29,0,0,1,0
2021-06-12,12929,3,10,12890,29,0,0,1,0
2021-06-13,12930,3,10,12891,29,0,0,1,0
2021-06-14,12931,3,10,12892,29,0,0,1,0
2021-06-15,12931,3,10,12892,29,0,0,1,0
