Date,Infected,Exposed,Active,Recovered,Deaths,Diff Exposed,Diff Active,Diff Recovered,Diff Deaths
2020-07-11,1047,45,236,801,10,16,0,21,0
2020-07-12,1057,59,225,822,10,12,0,20,0
2020-07-13,1070,70,217,842,11,9,0,19,0
2020-07-14,1084,78,212,861,11,7,0,19,0
2020-07-15,1100,84,209,880,11,5,0,19,0
2020-07-16,1116,89,207,898,11,4,0,19,0
2020-07-17,1134,93,205,917,12,3,0,18,0
2020-07-18,1152,95,205,935,12,3,0,18,0
2020-07-19,1171,98,205,954,12,2,1,18,0
2020-07-20,1190,100,206,972,12,2,1,19,0
2020-07-21,1211,102,207,991,13,2,1,19,0
2020-07-22,1230,103,208,1009,13,1,1,19,0
2020-07-23,1251,104,210,1028,13,1,1,19,0
2020-07-24,1271,106,211,1047,13,1,2,19,0
2020-07-25,1292,107,213,1066,13,1,2,19,0
2020-07-26,1313,108,214,1085,14,1,2,19,0
2020-07-27,1334,109,216,1104,14,1,2,19,0
2020-07-28,1356,110,218,1124,14,1,2,20,0
2020-07-29,1376,111,219,1143,14,1,2,20,0
2020-07-30,1399,112,221,1163,15,1,2,20,0
2020-07-31,1421,112,223,1183,15,1,2,20,0
2020-08-01,1443,113,225,1203,15,1,2,20,0
2020-08-02,1464,114,226,1223,15,1,2,20,0
2020-08-03,1488,115,228,1244,16,1,2,20,0
2020-08-04,1510,116,230,1264,16,1,2,21,0
2020-08-05,1533,117,232,1285,16,1,2,21,0
2020-08-06,1557,118,234,1306,17,1,2,21,0
2020-08-07,1580,119,236,1327,17,1,2,21,0
2020-08-08,1602,120,237,1348,17,1,2,21,0
2020-08-09,1625,120,239,1369,17,1,2,21,0
2020-08-10,1650,121,241,1391,18,1,2,22,0
2020-08-11,1674,122,243,1413,18,1,2,22,0
2020-08-12,1698,123,245,1435,18,1,2,22,0
2020-08-13,1722,124,247,1457,18,1,2,22,0
2020-08-14,1747,125,249,1479,19,1,2,22,0
2020-08-15,1771,126,251,1501,19,1,2,22,0
2020-08-16,1796,127,253,1524,19,1,2,23,0
2020-08-17,1821,128,254,1547,20,1,2,23,0
2020-08-18,1845,129,256,1569,20,1,2,23,0
2020-08-19,1871,129,258,1593,20,1,2,23,0
2020-08-20,1896,130,260,1616,20,1,2,23,0
2020-08-21,1922,131,262,1639,21,1,2,24,0
2020-08-22,1948,132,264,1663,21,1,2,24,0
2020-08-23,1974,133,266,1687,21,1,2,24,0
2020-08-24,2000,134,268,1710,22,1,2,24,0
2020-08-25,2027,135,270,1735,22,1,2,24,0
2020-08-26,2053,136,272,1759,22,1,2,24,0
2020-08-27,2079,137,273,1783,23,1,2,25,0
2020-08-28,2106,137,275,1808,23,1,2,25,0
2020-08-29,2133,138,277,1833,23,1,2,25,0
2020-08-30,2161,139,279,1858,24,1,2,25,0
2020-08-31,2188,140,281,1883,24,1,2,25,0
2020-09-01,2215,141,283,1908,24,1,2,25,0
2020-09-02,2243,142,285,1934,24,1,2,26,0
2020-09-03,2271,143,287,1959,25,1,2,26,0
2020-09-04,2299,144,289,1985,25,1,2,26,0
2020-09-05,2327,144,291,2011,25,1,2,26,0
2020-09-06,2356,145,293,2037,26,1,2,26,0
2020-09-07,2385,146,295,2064,26,1,2,26,0
2020-09-08,2412,147,296,2090,26,1,2,27,0
2020-09-09,2442,148,298,2117,27,1,2,27,0
2020-09-10,2471,149,300,2144,27,1,2,27,0
2020-09-11,2500,150,302,2171,27,1,2,27,0
2020-09-12,2530,151,304,2198,28,1,2,27,0
2020-09-13,2559,151,306,2225,28,1,2,27,0
2020-09-14,2590,152,308,2253,29,1,2,28,0
2020-09-15,2619,153,310,2280,29,1,2,28,0
2020-09-16,2648,154,311,2308,29,1,2,28,0
2020-09-17,2679,155,313,2336,30,1,2,28,0
2020-09-18,2709,156,315,2364,30,1,2,28,0
2020-09-19,2740,156,317,2393,30,1,2,28,0
2020-09-20,2771,157,319,2421,31,1,2,29,0
2020-09-21,2802,158,321,2450,31,1,2,29,0
2020-09-22,2832,159,322,2479,31,1,2,29,0
2020-09-23,2864,160,324,2508,32,1,2,29,0
2020-09-24,2895,160,326,2537,32,1,2,29,0
2020-09-25,2926,161,328,2566,32,1,2,29,0
2020-09-26,2959,162,330,2596,33,1,2,30,0
2020-09-27,2989,163,331,2625,33,1,2,30,0
2020-09-28,3022,163,333,2655,34,1,2,30,0
2020-09-29,3054,164,335,2685,34,1,2,30,0
2020-09-30,3086,165,337,2715,34,1,2,30,0
2020-10-01,3119,166,338,2746,35,1,2,30,0
2020-10-02,3151,167,340,2776,35,1,2,31,0
2020-10-03,3185,167,342,2807,36,1,2,31,0
2020-10-04,3217,168,344,2837,36,1,2,31,0
2020-10-05,3249,169,345,2868,36,1,2,31,0
2020-10-06,3283,169,347,2899,37,1,2,31,0
2020-10-07,3317,170,349,2931,37,1,2,31,0
2020-10-08,3349,171,350,2962,37,1,2,31,0
2020-10-09,3383,171,352,2993,38,1,2,32,0
2020-10-10,3417,172,354,3025,38,1,2,32,0
2020-10-11,3451,173,355,3057,39,1,2,32,0
2020-10-12,3485,174,357,3089,39,1,2,32,0
2020-10-13,3519,174,358,3121,40,1,2,32,0
2020-10-14,3553,175,360,3153,40,1,2,32,0
2020-10-15,3587,175,361,3186,40,1,2,32,0
2020-10-16,3622,176,363,3218,41,1,2,33,0
2020-10-17,3657,177,365,3251,41,1,2,33,0
2020-10-18,3691,177,366,3283,42,1,1,33,0
2020-10-19,3726,178,368,3316,42,1,1,33,0
2020-10-20,3760,178,369,3349,42,1,1,33,0
2020-10-21,3796,179,370,3383,43,1,1,33,0
2020-10-22,3831,180,372,3416,43,1,1,33,0
2020-10-23,3866,180,373,3449,44,1,1,34,0
2020-10-24,3902,181,375,3483,44,1,1,34,0
2020-10-25,3938,181,376,3517,45,1,1,34,0
2020-10-26,3972,182,377,3550,45,1,1,34,0
2020-10-27,4008,182,379,3584,45,1,1,34,0
2020-10-28,4044,183,380,3618,46,0,1,34,0
2020-10-29,4079,183,381,3652,46,0,1,34,0
2020-10-30,4117,184,383,3687,47,0,1,34,0
2020-10-31,4152,184,384,3721,47,0,1,34,0
2020-11-01,4189,185,385,3756,48,0,1,35,0
2020-11-02,4224,185,386,3790,48,0,1,35,0
2020-11-03,4260,186,387,3825,48,0,1,35,0
2020-11-04,4298,186,389,3860,49,0,1,35,0
2020-11-05,4334,186,390,3895,49,0,1,35,0
2020-11-06,4371,187,391,3930,50,0,1,35,0
2020-11-07,4407,187,392,3965,50,0,1,35,0
2020-11-08,4444,188,393,4000,51,0,1,35,0
2020-11-09,4480,188,394,4035,51,0,1,35,0
2020-11-10,4518,188,395,4071,52,0,1,35,0
2020-11-11,4554,189,396,4106,52,0,1,36,0
2020-11-12,4591,189,397,4142,52,0,1,36,0
2020-11-13,4629,189,398,4178,53,0,1,36,0
2020-11-14,4665,190,399,4213,53,0,1,36,0
2020-11-15,4703,190,400,4249,54,0,1,36,0
2020-11-16,4740,190,401,4285,54,0,1,36,0
2020-11-17,4778,190,402,4321,55,0,1,36,0
2020-11-18,4814,191,402,4357,55,0,1,36,0
2020-11-19,4852,191,403,4393,56,0,1,36,0
2020-11-20,4890,191,404,4430,56,0,1,36,0
2020-11-21,4928,191,405,4466,57,0,1,36,0
2020-11-22,4964,192,405,4502,57,0,1,36,0
2020-11-23,5002,192,406,4539,57,0,1,36,0
2020-11-24,5040,192,407,4575,58,0,1,37,0
2020-11-25,5077,192,407,4612,58,0,1,37,0
2020-11-26,5115,192,408,4648,59,0,1,37,0
2020-11-27,5153,192,409,4685,59,0,1,37,0
2020-11-28,5191,192,409,4722,60,0,1,37,0
2020-11-29,5228,192,410,4758,60,0,1,37,0
2020-11-30,5266,193,410,4795,61,0,0,37,0
2020-12-01,5304,193,411,4832,61,0,0,37,0
2020-12-02,5342,193,411,4869,62,0,0,37,0
2020-12-03,5379,193,411,4906,62,0,0,37,0
2020-12-04,5418,193,412,4943,63,0,0,37,0
2020-12-05,5455,193,412,4980,63,0,0,37,0
2020-12-06,5493,193,412,5017,64,0,0,37,0
2020-12-07,5531,193,413,5054,64,0,0,37,0
2020-12-08,5568,193,413,5091,64,0,0,37,0
2020-12-09,5606,193,413,5128,65,0,0,37,0
2020-12-10,5643,193,413,5165,65,0,0,37,0
2020-12-11,5682,193,414,5202,66,0,0,37,0
2020-12-12,5719,193,414,5239,66,0,0,37,0
2020-12-13,5757,192,414,5276,67,0,0,37,0
2020-12-14,5795,192,414,5314,67,0,0,37,0
2020-12-15,5833,192,414,5351,68,0,0,37,0
2020-12-16,5870,192,414,5388,68,0,0,37,0
2020-12-17,5908,192,414,5425,69,0,0,37,0
2020-12-18,5945,192,414,5462,69,0,0,37,0
2020-12-19,5983,192,414,5499,70,0,0,37,0
2020-12-20,6021,191,414,5537,70,0,0,37,0
2020-12-21,6059,191,414,5574,71,0,0,37,0
2020-12-22,6096,191,414,5611,71,0,0,37,0
2020-12-23,6133,191,414,5648,71,0,0,37,0
2020-12-24,6170,191,413,5685,72,0,0,37,0
2020-12-25,6207,190,413,5722,72,0,0,37,0
2020-12-26,6245,190,413,5759,73,0,0,37,0
2020-12-27,6282,190,413,5796,73,0,0,37,0
2020-12-28,6319,189,412,5833,74,0,0,37,0
2020-12-29,6356,189,412,5870,74,0,0,37,0
2020-12-30,6393,189,411,5907,75,0,0,37,0
2020-12-31,6430,188,411,5944,75,0,0,37,0
2021-01-01,6468,188,411,5981,76,0,0,37,0
2021-01-02,6504,188,410,6018,76,0,0,37,0
2021-01-03,6542,187,410,6055,77,0,0,37,0
2021-01-04,6578,187,409,6092,77,0,0,37,0
2021-01-05,6615,187,409,6128,78,0,0,37,0
2021-01-06,6651,186,408,6165,78,0,0,37,0
2021-01-07,6689,186,408,6202,79,0,0,37,0
2021-01-08,6724,185,407,6238,79,0,0,37,0
2021-01-09,6760,185,406,6275,79,0,0,36,0
2021-01-10,6797,184,406,6311,80,0,0,36,0
2021-01-11,6832,184,405,6347,80,0,0,36,0
2021-01-12,6869,184,404,6384,81,0,0,36,0
2021-01-13,6904,183,403,6420,81,0,0,36,0
2021-01-14,6941,183,403,6456,82,0,0,36,0
2021-01-15,6976,182,402,6492,82,0,0,36,0
2021-01-16,7012,182,401,6528,83,0,0,36,0
2021-01-17,7047,181,400,6564,83,0,0,36,0
2021-01-18,7083,181,399,6600,84,0,0,36,0
2021-01-19,7118,180,398,6636,84,0,0,36,0
2021-01-20,7153,179,397,6672,84,0,0,36,0
2021-01-21,7188,179,396,6707,85,0,0,36,0
2021-01-22,7223,178,395,6743,85,0,0,35,0
2021-01-23,7258,178,394,6778,86,0,0,35,0
2021-01-24,7293,177,393,6814,86,0,0,35,0
2021-01-25,7328,176,392,6849,87,0,0,35,0
2021-01-26,7362,176,391,6884,87,0,0,35,0
2021-01-27,7397,175,390,6919,88,0,0,35,0
2021-01-28,7431,175,389,6954,88,0,0,35,0
2021-01-29,7465,174,388,6989,88,0,0,35,0
2021-01-30,7500,173,387,7024,89,0,0,35,0
2021-01-31,7534,173,386,7059,89,0,0,35,0
2021-02-01,7567,172,384,7093,90,0,0,35,0
2021-02-02,7601,171,383,7128,90,0,0,34,0
2021-02-03,7635,171,382,7162,91,0,0,34,0
2021-02-04,7668,170,381,7196,91,0,0,34,0
2021-02-05,7701,169,379,7230,92,0,0,34,0
2021-02-06,7734,169,378,7264,92,0,0,34,0
2021-02-07,7767,168,377,7298,92,0,0,34,0
2021-02-08,7800,167,375,7332,93,0,0,34,0
2021-02-09,7833,166,374,7366,93,0,0,34,0
2021-02-10,7866,166,373,7399,94,0,0,33,0
2021-02-11,7898,165,371,7433,94,0,0,33,0
2021-02-12,7931,164,370,7466,95,0,0,33,0
2021-02-13,7962,163,368,7499,95,0,0,33,0
2021-02-14,7994,163,367,7532,95,0,0,33,0
2021-02-15,8026,162,365,7565,96,0,0,33,0
2021-02-16,8058,161,364,7598,96,0,0,33,0
2021-02-17,8089,160,362,7630,97,0,0,33,0
2021-02-18,8121,160,361,7663,97,0,0,32,0
2021-02-19,8151,159,359,7695,97,0,0,32,0
2021-02-20,8183,158,358,7727,98,0,0,32,0
2021-02-21,8214,157,356,7760,98,0,0,32,0
2021-02-22,8245,156,355,7791,99,0,0,32,0
2021-02-23,8275,156,353,7823,99,0,0,32,0
2021-02-24,8306,155,352,7855,99,0,0,32,0
2021-02-25,8336,154,350,7886,100,0,0,31,0
2021-02-26,8366,153,348,7918,100,0,0,31,0
2021-02-27,8397,152,347,7949,101,0,0,31,0
2021-02-28,8426,151,345,7980,101,0,0,31,0
2021-03-01,8455,151,343,8011,101,0,0,31,0
2021-03-02,8486,150,342,8042,102,0,0,31,0
2021-03-03,8514,149,340,8072,102,0,0,31,0
2021-03-04,8544,148,338,8103,103,0,0,30,0
2021-03-05,8573,147,337,8133,103,0,0,30,0
2021-03-06,8601,146,335,8163,103,0,0,30,0
2021-03-07,8630,146,333,8193,104,0,0,30,0
2021-03-08,8658,145,331,8223,104,0,0,30,0
2021-03-09,8687,144,330,8253,104,0,0,30,0
2021-03-10,8715,143,328,8282,105,0,0,29,0
2021-03-11,8743,142,326,8312,105,0,0,29,0
2021-03-12,8771,141,324,8341,106,0,0,29,0
2021-03-13,8799,140,323,8370,106,0,0,29,0
2021-03-14,8826,140,321,8399,106,0,0,29,0
2021-03-15,8854,139,319,8428,107,0,0,29,0
2021-03-16,8880,138,317,8456,107,0,0,28,0
2021-03-17,8907,137,315,8485,107,0,0,28,0
2021-03-18,8935,136,314,8513,108,0,0,28,0
2021-03-19,8961,135,312,8541,108,0,0,28,0
2021-03-20,8987,134,310,8569,108,0,0,28,0
2021-03-21,9014,133,308,8597,109,0,0,28,0
2021-03-22,9039,133,306,8624,109,0,0,27,0
2021-03-23,9066,132,304,8652,110,0,0,27,0
2021-03-24,9092,131,303,8679,110,0,0,27,0
2021-03-25,9117,130,301,8706,110,0,0,27,0
2021-03-26,9143,129,299,8733,111,0,0,27,0
2021-03-27,9168,128,297,8760,111,0,0,27,0
2021-03-28,9192,127,295,8786,111,0,0,26,0
2021-03-29,9218,126,293,8813,112,0,0,26,0
2021-03-30,9242,126,291,8839,112,0,0,26,0
2021-03-31,9267,125,290,8865,112,0,0,26,0
2021-04-01,9292,124,288,8891,113,0,0,26,0
2021-04-02,9316,123,286,8917,113,0,0,26,0
2021-04-03,9339,122,284,8942,113,0,0,25,0
2021-04-04,9364,121,282,8968,114,0,0,25,0
2021-04-05,9387,120,280,8993,114,0,0,25,0
2021-04-06,9410,120,278,9018,114,0,0,25,0
2021-04-07,9433,119,276,9043,114,0,0,25,0
2021-04-08,9458,118,275,9068,115,0,0,25,0
2021-04-09,9480,117,273,9092,115,0,0,24,0
2021-04-10,9503,116,271,9117,115,0,0,24,0
2021-04-11,9526,115,269,9141,116,0,0,24,0
2021-04-12,9548,114,267,9165,116,0,0,24,0
2021-04-13,9570,113,265,9189,116,0,0,24,0
2021-04-14,9593,113,263,9213,117,0,0,24,0
2021-04-15,9615,112,262,9236,117,0,0,23,0
2021-04-16,9637,111,260,9260,117,0,0,23,0
2021-04-17,9659,110,258,9283,118,0,0,23,0
2021-04-18,9680,109,256,9306,118,0,0,23,0
2021-04-19,9701,108,254,9329,118,0,0,23,0
2021-04-20,9722,108,252,9352,118,0,0,23,0
2021-04-21,9743,107,250,9374,119,0,0,22,0
2021-04-22,9765,106,249,9397,119,0,0,22,0
2021-04-23,9785,105,247,9419,119,0,0,22,0
2021-04-24,9806,104,245,9441,120,0,0,22,0
2021-04-25,9826,103,243,9463,120,0,0,22,0
2021-04-26,9846,103,241,9485,120,0,0,22,0
2021-04-27,9866,102,239,9507,120,0,0,21,0
2021-04-28,9887,101,238,9528,121,0,0,21,0
2021-04-29,9906,100,236,9549,121,0,0,21,0
2021-04-30,9925,99,234,9570,121,0,0,21,0
2021-05-01,9944,98,232,9591,121,0,0,21,0
2021-05-02,9964,98,230,9612,122,0,0,21,0
2021-05-03,9984,97,229,9633,122,0,0,21,0
2021-05-04,10002,96,227,9653,122,0,0,20,0
2021-05-05,10020,95,225,9673,122,0,0,20,0
2021-05-06,10040,94,223,9694,123,0,0,20,0
2021-05-07,10058,94,221,9714,123,0,0,20,0
2021-05-08,10076,93,220,9733,123,0,0,20,0
2021-05-09,10094,92,218,9753,123,0,0,20,0
2021-05-10,10113,91,216,9773,124,0,0,19,0
2021-05-11,10130,91,214,9792,124,0,0,19,0
2021-05-12,10148,90,213,9811,124,0,0,19,0
2021-05-13,10165,89,211,9830,124,0,0,19,0
2021-05-14,10183,88,209,9849,125,0,0,19,0
2021-05-15,10201,87,208,9868,125,0,0,19,0
2021-05-16,10217,87,206,9886,125,0,0,18,0
2021-05-17,10234,86,204,9905,125,0,0,18,0
2021-05-18,10251,85,202,9923,126,0,0,18,0
2021-05-19,10268,84,201,9941,126,0,0,18,0
2021-05-20,10284,84,199,9959,126,0,0,18,0
2021-05-21,10300,83,197,9977,126,0,0,18,0
2021-05-22,10318,82,196,9995,127,0,0,18,0
2021-05-23,10333,82,194,10012,127,0,0,17,0
2021-05-24,10348,81,192,10029,127,0,0,17,0
2021-05-25,10365,80,191,10047,127,0,0,17,0
2021-05-26,10380,79,189,10064,127,0,0,17,0
2021-05-27,10396,79,187,10081,128,0,0,17,0
2021-05-28,10411,78,186,10097,128,0,0,17,0
2021-05-29,10426,77,184,10114,128,0,0,17,0
2021-05-30,10441,77,183,10130,128,0,0,16,0
2021-05-31,10456,76,181,10147,128,0,0,16,0
2021-06-01,10471,75,179,10163,129,0,0,16,0
2021-06-02,10486,74,178,10179,129,0,0,16,0
2021-06-03,10500,74,176,10195,129,0,0,16,0
2021-06-04,10515,73,175,10211,129,0,0,16,0
2021-06-05,10528,72,173,10226,129,0,0,16,0
2021-06-06,10544,72,172,10242,130,0,0,15,0
2021-06-07,10557,71,170,10257,130,0,0,15,0
2021-06-08,10572,70,169,10273,130,0,0,15,0
2021-06-09,10585,70,167,10288,130,0,0,15,0
2021-06-10,10599,69,166,10303,130,0,0,15,0
2021-06-11,10612,69,164,10317,131,0,0,15,0
2021-06-12,10626,68,163,10332,131,0,0,15,0
2021-06-13,10639,67,161,10347,131,0,0,14,0
2021-06-14,10652,67,160,10361,131,0,0,14,0
2021-06-15,10664,66,158,10375,131,0,0,14,0
2021-06-16,10678,65,157,10389,132,0,0,14,0
2021-06-17,10691,65,155,10404,132,0,0,14,0
2021-06-18,10703,64,154,10417,132,0,0,14,0
2021-06-19,10716,63,153,10431,132,0,0,14,0
2021-06-20,10728,63,151,10445,132,0,0,14,0
2021-06-21,10740,62,150,10458,132,0,0,13,0
2021-06-22,10753,62,148,10472,133,0,0,13,0
2021-06-23,10765,61,147,10485,133,0,0,13,0
2021-06-24,10777,61,146,10498,133,0,0,13,0
2021-06-25,10788,60,144,10511,133,0,0,13,0
2021-06-26,10800,59,143,10524,133,0,0,13,0
2021-06-27,10811,59,141,10537,133,0,0,13,0
2021-06-28,10823,58,140,10549,134,0,0,13,0
2021-06-29,10835,58,139,10562,134,0,0,12,0
2021-06-30,10845,57,137,10574,134,0,0,12,0
2021-07-01,10857,57,136,10587,134,0,0,12,0
2021-07-02,10868,56,135,10599,134,0,0,12,0
2021-07-03,10879,55,134,10611,134,0,0,12,0
2021-07-04,10889,55,132,10623,134,0,0,12,0
2021-07-05,10901,54,131,10635,135,0,0,12,0
2021-07-06,10911,54,130,10646,135,0,0,12,0
