Date,Infected,Exposed,Active,Recovered,Deaths,Diff Exposed,Diff Active,Diff Recovered,Diff Deaths
2020-07-12,1646,257,354,1290,2,0,18,32,0
2020-07-13,1694,241,370,1322,2,0,14,34,0
2020-07-14,1742,230,383,1356,3,0,10,35,0
2020-07-15,1786,221,392,1391,3,0,8,36,0
2020-07-16,1829,215,399,1427,3,0,6,36,0
2020-07-17,1871,210,404,1464,3,0,4,37,0
2020-07-18,1911,206,408,1500,3,0,3,37,0
2020-07-19,1952,204,411,1538,3,0,3,37,0
2020-07-20,1991,202,413,1575,3,0,2,38,0
2020-07-21,2031,200,415,1613,3,0,2,38,0
2020-07-22,2070,199,417,1650,3,0,1,38,0
2020-07-23,2109,199,418,1688,3,0,1,38,0
2020-07-24,2148,198,419,1726,3,0,1,38,0
2020-07-25,2186,198,419,1764,3,0,1,38,0
2020-07-26,2225,197,420,1802,3,0,0,38,0
2020-07-27,2263,197,420,1840,3,0,0,38,0
2020-07-28,2302,197,421,1878,3,0,0,38,0
2020-07-29,2342,196,421,1917,4,0,0,38,0
2020-07-30,2380,196,421,1955,4,0,0,38,0
2020-07-31,2418,196,421,1993,4,0,0,38,0
2020-08-01,2457,196,422,2031,4,0,0,38,0
2020-08-02,2496,196,422,2070,4,0,0,38,0
2020-08-03,2534,196,422,2108,4,0,0,38,0
2020-08-04,2572,195,422,2146,4,0,0,38,0
2020-08-05,2610,195,422,2184,4,0,0,38,0
2020-08-06,2649,195,422,2223,4,0,0,38,0
2020-08-07,2687,195,422,2261,4,0,0,38,0
2020-08-08,2724,195,421,2299,4,0,0,38,0
2020-08-09,2762,194,421,2337,4,0,0,38,0
2020-08-10,2801,194,421,2376,4,0,0,38,0
2020-08-11,2839,194,421,2414,4,0,0,38,0
2020-08-12,2878,194,421,2452,5,0,0,38,0
2020-08-13,2915,193,420,2490,5,0,0,38,0
2020-08-14,2953,193,420,2528,5,0,0,38,0
2020-08-15,2991,193,420,2566,5,0,0,38,0
2020-08-16,3028,193,419,2604,5,0,0,38,0
2020-08-17,3066,192,419,2642,5,0,0,38,0
2020-08-18,3105,192,419,2681,5,0,0,38,0
2020-08-19,3141,192,418,2718,5,0,0,38,0
2020-08-20,3179,191,418,2756,5,0,0,38,0
2020-08-21,3216,191,417,2794,5,0,0,38,0
2020-08-22,3254,190,417,2832,5,0,0,38,0
2020-08-23,3291,190,416,2870,5,0,0,38,0
2020-08-24,3329,190,416,2908,5,0,0,38,0
2020-08-25,3365,189,415,2945,5,0,0,38,0
2020-08-26,3403,189,414,2983,6,0,0,38,0
2020-08-27,3441,188,414,3021,6,0,0,38,0
2020-08-28,3477,188,413,3058,6,0,0,37,0
2020-08-29,3513,187,412,3095,6,0,0,37,0
2020-08-30,3551,187,412,3133,6,0,0,37,0
2020-08-31,3587,187,411,3170,6,0,0,37,0
2020-09-01,3623,186,410,3207,6,0,0,37,0
2020-09-02,3660,186,409,3245,6,0,0,37,0
2020-09-03,3696,185,408,3282,6,0,0,37,0
2020-09-04,3732,184,407,3319,6,0,0,37,0
2020-09-05,3769,184,407,3356,6,0,0,37,0
2020-09-06,3805,183,406,3393,6,0,0,37,0
2020-09-07,3840,183,405,3429,6,0,0,37,0
2020-09-08,3876,182,404,3466,6,0,0,37,0
2020-09-09,3912,182,403,3503,6,0,0,37,0
2020-09-10,3948,181,402,3539,7,0,0,36,0
2020-09-11,3984,181,401,3576,7,0,0,36,0
2020-09-12,4019,180,400,3612,7,0,0,36,0
2020-09-13,4054,179,399,3648,7,0,0,36,0
2020-09-14,4089,179,398,3684,7,0,0,36,0
2020-09-15,4124,178,397,3720,7,0,0,36,0
2020-09-16,4158,177,395,3756,7,0,0,36,0
2020-09-17,4193,177,394,3792,7,0,0,36,0
2020-09-18,4228,176,393,3828,7,0,0,36,0
2020-09-19,4262,176,392,3863,7,0,0,36,0
2020-09-20,4297,175,391,3899,7,0,0,35,0
2020-09-21,4330,174,389,3934,7,0,0,35,0
2020-09-22,4365,174,388,3970,7,0,0,35,0
2020-09-23,4399,173,387,4005,7,0,0,35,0
2020-09-24,4433,172,386,4040,7,0,0,35,0
2020-09-25,4467,171,384,4075,8,0,0,35,0
2020-09-26,4501,171,383,4110,8,0,0,35,0
2020-09-27,4534,170,382,4144,8,0,0,35,0
2020-09-28,4567,169,380,4179,8,0,0,35,0
2020-09-29,4600,169,379,4213,8,0,0,34,0
2020-09-30,4633,168,377,4248,8,0,0,34,0
2020-10-01,4666,167,376,4282,8,0,0,34,0
2020-10-02,4699,166,375,4316,8,0,0,34,0
2020-10-03,4731,166,373,4350,8,0,0,34,0
2020-10-04,4764,165,372,4384,8,0,0,34,0
2020-10-05,4796,164,370,4418,8,0,0,34,0
2020-10-06,4828,163,369,4451,8,0,0,33,0
2020-10-07,4860,162,367,4485,8,0,0,33,0
2020-10-08,4892,162,366,4518,8,0,0,33,0
2020-10-09,4923,161,364,4551,8,0,0,33,0
2020-10-10,4955,160,363,4584,8,0,0,33,0
2020-10-11,4987,159,361,4617,9,0,0,33,0
2020-10-12,5017,159,359,4649,9,0,0,33,0
2020-10-13,5049,158,358,4682,9,0,0,32,0
2020-10-14,5079,157,356,4714,9,0,0,32,0
2020-10-15,5111,156,355,4747,9,0,0,32,0
2020-10-16,5141,155,353,4779,9,0,0,32,0
2020-10-17,5171,154,351,4811,9,0,0,32,0
2020-10-18,5202,154,350,4843,9,0,0,32,0
2020-10-19,5231,153,348,4874,9,0,0,32,0
2020-10-20,5261,152,346,4906,9,0,0,31,0
2020-10-21,5291,151,345,4937,9,0,0,31,0
2020-10-22,5320,150,343,4968,9,0,0,31,0
2020-10-23,5349,149,341,4999,9,0,0,31,0
2020-10-24,5379,149,340,5030,9,0,0,31,0
2020-10-25,5408,148,338,5061,9,0,0,31,0
2020-10-26,5437,147,336,5092,9,0,0,30,0
2020-10-27,5465,146,334,5122,9,0,0,30,0
2020-10-28,5495,145,333,5152,10,0,0,30,0
2020-10-29,5524,144,331,5183,10,0,0,30,0
2020-10-30,5552,144,329,5213,10,0,0,30,0
2020-10-31,5579,143,327,5242,10,0,0,30,0
2020-11-01,5607,142,325,5272,10,0,0,30,0
2020-11-02,5635,141,324,5301,10,0,0,29,0
2020-11-03,5663,140,322,5331,10,0,0,29,0
2020-11-04,5690,139,320,5360,10,0,0,29,0
2020-11-05,5717,138,318,5389,10,0,0,29,0
2020-11-06,5744,137,316,5418,10,0,0,29,0
2020-11-07,5771,137,315,5446,10,0,0,29,0
2020-11-08,5798,136,313,5475,10,0,0,28,0
2020-11-09,5824,135,311,5503,10,0,0,28,0
2020-11-10,5850,134,309,5531,10,0,0,28,0
2020-11-11,5876,133,307,5559,10,0,0,28,0
2020-11-12,5902,132,305,5587,10,0,0,28,0
2020-11-13,5929,131,304,5615,10,0,0,28,0
2020-11-14,5954,131,302,5642,10,0,0,27,0
2020-11-15,5981,130,300,5670,11,0,0,27,0
2020-11-16,6006,129,298,5697,11,0,0,27,0
2020-11-17,6031,128,296,5724,11,0,0,27,0
2020-11-18,6056,127,294,5751,11,0,0,27,0
2020-11-19,6081,126,293,5777,11,0,0,27,0
2020-11-20,6106,125,291,5804,11,0,0,26,0
2020-11-21,6130,124,289,5830,11,0,0,26,0
2020-11-22,6154,124,287,5856,11,0,0,26,0
2020-11-23,6178,123,285,5882,11,0,0,26,0
2020-11-24,6202,122,283,5908,11,0,0,26,0
2020-11-25,6226,121,281,5934,11,0,0,26,0
2020-11-26,6250,120,280,5959,11,0,0,25,0
2020-11-27,6273,119,278,5984,11,0,0,25,0
2020-11-28,6296,118,276,6009,11,0,0,25,0
2020-11-29,6319,118,274,6034,11,0,0,25,0
2020-11-30,6342,117,272,6059,11,0,0,25,0
2020-12-01,6365,116,270,6084,11,0,0,25,0
2020-12-02,6387,115,268,6108,11,0,0,24,0
2020-12-03,6411,114,267,6133,11,0,0,24,0
2020-12-04,6433,113,265,6157,11,0,0,24,0
2020-12-05,6455,112,263,6181,11,0,0,24,0
2020-12-06,6477,112,261,6204,12,0,0,24,0
2020-12-07,6499,111,259,6228,12,0,0,24,0
2020-12-08,6520,110,257,6251,12,0,0,23,0
2020-12-09,6542,109,255,6275,12,0,0,23,0
2020-12-10,6564,108,254,6298,12,0,0,23,0
2020-12-11,6585,107,252,6321,12,0,0,23,0
2020-12-12,6606,107,250,6344,12,0,0,23,0
2020-12-13,6626,106,248,6366,12,0,0,23,0
2020-12-14,6647,105,246,6389,12,0,0,22,0
2020-12-15,6667,104,244,6411,12,0,0,22,0
2020-12-16,6688,103,243,6433,12,0,0,22,0
2020-12-17,6708,102,241,6455,12,0,0,22,0
2020-12-18,6728,102,239,6477,12,0,0,22,0
2020-12-19,6747,101,237,6498,12,0,0,22,0
2020-12-20,6767,100,235,6520,12,0,0,21,0
2020-12-21,6787,99,234,6541,12,0,0,21,0
2020-12-22,6806,98,232,6562,12,0,0,21,0
2020-12-23,6825,98,230,6583,12,0,0,21,0
2020-12-24,6844,97,228,6604,12,0,0,21,0
2020-12-25,6864,96,227,6625,12,0,0,21,0
2020-12-26,6882,95,225,6645,12,0,0,20,0
2020-12-27,6901,94,223,6666,12,0,0,20,0
2020-12-28,6919,94,221,6686,12,0,0,20,0
2020-12-29,6938,93,220,6706,12,0,0,20,0
2020-12-30,6956,92,218,6726,12,0,0,20,0
2020-12-31,6974,91,216,6745,13,0,0,20,0
2021-01-01,6992,91,214,6765,13,0,0,19,0
2021-01-02,7010,90,213,6784,13,0,0,19,0
2021-01-03,7028,89,211,6804,13,0,0,19,0
2021-01-04,7045,88,209,6823,13,0,0,19,0
2021-01-05,7063,88,208,6842,13,0,0,19,0
2021-01-06,7079,87,206,6860,13,0,0,19,0
2021-01-07,7096,86,204,6879,13,0,0,19,0
2021-01-08,7114,85,203,6898,13,0,0,18,0
2021-01-09,7130,85,201,6916,13,0,0,18,0
2021-01-10,7146,84,199,6934,13,0,0,18,0
2021-01-11,7163,83,198,6952,13,0,0,18,0
2021-01-12,7179,82,196,6970,13,0,0,18,0
2021-01-13,7195,82,194,6988,13,0,0,18,0
2021-01-14,7211,81,193,7005,13,0,0,17,0
2021-01-15,7227,80,191,7023,13,0,0,17,0
2021-01-16,7242,80,189,7040,13,0,0,17,0
2021-01-17,7258,79,188,7057,13,0,0,17,0
2021-01-18,7273,78,186,7074,13,0,0,17,0
2021-01-19,7289,78,185,7091,13,0,0,17,0
2021-01-20,7304,77,183,7108,13,0,0,17,0
2021-01-21,7318,76,181,7124,13,0,0,16,0
2021-01-22,7334,75,180,7141,13,0,0,16,0
2021-01-23,7348,75,178,7157,13,0,0,16,0
2021-01-24,7363,74,177,7173,13,0,0,16,0
2021-01-25,7377,73,175,7189,13,0,0,16,0
2021-01-26,7392,73,174,7205,13,0,0,16,0
2021-01-27,7405,72,172,7220,13,0,0,16,0
2021-01-28,7420,71,171,7236,13,0,0,15,0
2021-01-29,7434,71,169,7252,13,0,0,15,0
2021-01-30,7448,70,168,7267,13,0,0,15,0
2021-01-31,7462,70,166,7282,14,0,0,15,0
2021-02-01,7476,69,165,7297,14,0,0,15,0
2021-02-02,7489,68,163,7312,14,0,0,15,0
2021-02-03,7503,68,162,7327,14,0,0,15,0
2021-02-04,7515,67,160,7341,14,0,0,15,0
2021-02-05,7529,66,159,7356,14,0,0,14,0
2021-02-06,7542,66,158,7370,14,0,0,14,0
2021-02-07,7554,65,156,7384,14,0,0,14,0
2021-02-08,7568,65,155,7399,14,0,0,14,0
2021-02-09,7580,64,153,7413,14,0,0,14,0
2021-02-10,7592,63,152,7426,14,0,0,14,0
2021-02-11,7605,63,151,7440,14,0,0,14,0
2021-02-12,7617,62,149,7454,14,0,0,14,0
2021-02-13,7629,62,148,7467,14,0,0,13,0
2021-02-14,7641,61,146,7481,14,0,0,13,0
2021-02-15,7653,60,145,7494,14,0,0,13,0
2021-02-16,7665,60,144,7507,14,0,0,13,0
2021-02-17,7676,59,142,7520,14,0,0,13,0
2021-02-18,7688,59,141,7533,14,0,0,13,0
2021-02-19,7700,58,140,7546,14,0,0,13,0
2021-02-20,7711,58,139,7558,14,0,0,13,0
2021-02-21,7722,57,137,7571,14,0,0,12,0
2021-02-22,7733,57,136,7583,14,0,0,12,0
2021-02-23,7745,56,135,7596,14,0,0,12,0
2021-02-24,7755,55,133,7608,14,0,0,12,0
2021-02-25,7766,55,132,7620,14,0,0,12,0
2021-02-26,7777,54,131,7632,14,0,0,12,0
2021-02-27,7788,54,130,7644,14,0,0,12,0
2021-02-28,7797,53,128,7655,14,0,0,12,0
2021-03-01,7808,53,127,7667,14,0,0,12,0
2021-03-02,7818,52,126,7678,14,0,0,11,0
2021-03-03,7829,52,125,7690,14,0,0,11,0
2021-03-04,7839,51,124,7701,14,0,0,11,0
2021-03-05,7848,51,122,7712,14,0,0,11,0
2021-03-06,7858,50,121,7723,14,0,0,11,0
2021-03-07,7868,50,120,7734,14,0,0,11,0
2021-03-08,7878,49,119,7745,14,0,0,11,0
2021-03-09,7888,49,118,7756,14,0,0,11,0
2021-03-10,7898,48,117,7767,14,0,0,11,0
2021-03-11,7907,48,116,7777,14,0,0,10,0
2021-03-12,7916,47,114,7788,14,0,0,10,0
2021-03-13,7925,47,113,7798,14,0,0,10,0
2021-03-14,7934,46,112,7808,14,0,0,10,0
2021-03-15,7943,46,111,7818,14,0,0,10,0
2021-03-16,7953,46,110,7828,15,0,0,10,0
2021-03-17,7962,45,109,7838,15,0,0,10,0
2021-03-18,7971,45,108,7848,15,0,0,10,0
2021-03-19,7980,44,107,7858,15,0,0,10,0
2021-03-20,7989,44,106,7868,15,0,0,10,0
2021-03-21,7997,43,105,7877,15,0,0,10,0
2021-03-22,8006,43,104,7887,15,0,0,9,0
2021-03-23,8014,42,103,7896,15,0,0,9,0
2021-03-24,8022,42,102,7905,15,0,0,9,0
2021-03-25,8030,42,101,7914,15,0,0,9,0
2021-03-26,8039,41,100,7924,15,0,0,9,0
2021-03-27,8047,41,99,7933,15,0,0,9,0
2021-03-28,8055,40,98,7942,15,0,0,9,0
2021-03-29,8062,40,97,7950,15,0,0,9,0
2021-03-30,8070,40,96,7959,15,0,0,9,0
2021-03-31,8078,39,95,7968,15,0,0,9,0
2021-04-01,8085,39,94,7976,15,0,0,9,0
2021-04-02,8093,38,93,7985,15,0,0,8,0
2021-04-03,8100,38,92,7993,15,0,0,8,0
2021-04-04,8108,38,91,8002,15,0,0,8,0
2021-04-05,8115,37,90,8010,15,0,0,8,0
2021-04-06,8122,37,89,8018,15,0,0,8,0
2021-04-07,8129,36,88,8026,15,0,0,8,0
2021-04-08,8136,36,87,8034,15,0,0,8,0
2021-04-09,8144,36,87,8042,15,0,0,8,0
2021-04-10,8151,35,86,8050,15,0,0,8,0
2021-04-11,8157,35,85,8057,15,0,0,8,0
2021-04-12,8164,35,84,8065,15,0,0,8,0
2021-04-13,8171,34,83,8073,15,0,0,8,0
2021-04-14,8177,34,82,8080,15,0,0,7,0
2021-04-15,8184,34,81,8088,15,0,0,7,0
2021-04-16,8191,33,81,8095,15,0,0,7,0
2021-04-17,8197,33,80,8102,15,0,0,7,0
2021-04-18,8204,32,79,8110,15,0,0,7,0
2021-04-19,8210,32,78,8117,15,0,0,7,0
2021-04-20,8216,32,77,8124,15,0,0,7,0
2021-04-21,8223,31,77,8131,15,0,0,7,0
2021-04-22,8229,31,76,8138,15,0,0,7,0
2021-04-23,8235,31,75,8145,15,0,0,7,0
2021-04-24,8240,31,74,8151,15,0,0,7,0
2021-04-25,8246,30,73,8158,15,0,0,7,0
2021-04-26,8253,30,73,8165,15,0,0,7,0
2021-04-27,8258,30,72,8171,15,0,0,7,0
2021-04-28,8264,29,71,8178,15,0,0,6,0
2021-04-29,8270,29,71,8184,15,0,0,6,0
2021-04-30,8276,29,70,8191,15,0,0,6,0
2021-05-01,8281,28,69,8197,15,0,0,6,0
2021-05-02,8286,28,68,8203,15,0,0,6,0
2021-05-03,8292,28,68,8209,15,0,0,6,0
2021-05-04,8297,27,67,8215,15,0,0,6,0
2021-05-05,8302,27,66,8221,15,0,0,6,0
2021-05-06,8308,27,66,8227,15,0,0,6,0
2021-05-07,8313,27,65,8233,15,0,0,6,0
2021-05-08,8318,26,64,8239,15,0,0,6,0
2021-05-09,8324,26,64,8245,15,0,0,6,0
2021-05-10,8329,26,63,8251,15,0,0,6,0
2021-05-11,8333,26,62,8256,15,0,0,6,0
2021-05-12,8339,25,62,8262,15,0,0,6,0
2021-05-13,8344,25,61,8268,15,0,0,6,0
2021-05-14,8348,25,60,8273,15,0,0,5,0
2021-05-15,8354,24,60,8279,15,0,0,5,0
2021-05-16,8358,24,59,8284,15,0,0,5,0
2021-05-17,8362,24,58,8289,15,0,0,5,0
2021-05-18,8368,24,58,8295,15,0,0,5,0
2021-05-19,8372,23,57,8300,15,0,0,5,0
2021-05-20,8377,23,57,8305,15,0,0,5,0
2021-05-21,8381,23,56,8310,15,0,0,5,0
2021-05-22,8385,23,55,8315,15,0,0,5,0
2021-05-23,8390,22,55,8320,15,0,0,5,0
2021-05-24,8394,22,54,8325,15,0,0,5,0
2021-05-25,8399,22,54,8330,15,0,0,5,0
2021-05-26,8403,22,53,8335,15,0,0,5,0
2021-05-27,8408,21,53,8340,15,0,0,5,0
2021-05-28,8411,21,52,8344,15,0,0,5,0
2021-05-29,8415,21,51,8349,15,0,0,5,0
2021-05-30,8420,21,51,8354,15,0,0,5,0
2021-05-31,8423,21,50,8358,15,0,0,5,0
2021-06-01,8429,20,50,8363,16,0,0,5,0
2021-06-02,8432,20,49,8367,16,0,0,4,0
2021-06-03,8437,20,49,8372,16,0,0,4,0
2021-06-04,8440,20,48,8376,16,0,0,4,0
2021-06-05,8445,20,48,8381,16,0,0,4,0
2021-06-06,8448,19,47,8385,16,0,0,4,0
2021-06-07,8452,19,47,8389,16,0,0,4,0
2021-06-08,8455,19,46,8393,16,0,0,4,0
2021-06-09,8460,19,46,8398,16,0,0,4,0
2021-06-10,8463,18,45,8402,16,0,0,4,0
2021-06-11,8467,18,45,8406,16,0,0,4,0
2021-06-12,8470,18,44,8410,16,0,0,4,0
2021-06-13,8474,18,44,8414,16,0,0,4,0
2021-06-14,8477,18,43,8418,16,0,0,4,0
2021-06-15,8481,18,43,8422,16,0,0,4,0
2021-06-16,8484,17,42,8426,16,0,0,4,0
2021-06-17,8487,17,42,8429,16,0,0,4,0
2021-06-18,8490,17,41,8433,16,0,0,4,0
2021-06-19,8494,17,41,8437,16,0,0,4,0
2021-06-20,8498,17,41,8441,16,0,0,4,0
2021-06-21,8500,16,40,8444,16,0,0,4,0
2021-06-22,8504,16,40,8448,16,0,0,4,0
2021-06-23,8506,16,39,8451,16,0,0,4,0
2021-06-24,8510,16,39,8455,16,0,0,4,0
2021-06-25,8513,16,38,8459,16,0,0,3,0
2021-06-26,8516,16,38,8462,16,0,0,3,0
2021-06-27,8519,15,38,8465,16,0,0,3,0
2021-06-28,8522,15,37,8469,16,0,0,3,0
2021-06-29,8525,15,37,8472,16,0,0,3,0
2021-06-30,8528,15,36,8476,16,0,0,3,0
2021-07-01,8531,15,36,8479,16,0,0,3,0
2021-07-02,8534,15,36,8482,16,0,0,3,0
2021-07-03,8536,14,35,8485,16,0,0,3,0
2021-07-04,8540,14,35,8489,16,0,0,3,0
2021-07-05,8542,14,34,8492,16,0,0,3,0
2021-07-06,8545,14,34,8495,16,0,0,3,0
2021-07-07,8548,14,34,8498,16,0,0,3,0
