Date,Infected,Exposed,Active,Recovered,Deaths,Diff Exposed,Diff Active,Diff Recovered,Diff Deaths
2020-07-14,346,12,69,275,2,6,0,6,0
2020-07-15,349,17,66,281,2,5,0,6,0
2020-07-16,353,22,64,287,2,4,0,6,0
2020-07-17,357,25,62,293,2,3,0,6,0
2020-07-18,362,27,62,298,2,2,0,6,0
2020-07-19,368,29,62,304,2,2,0,6,0
2020-07-20,374,31,62,310,2,1,0,6,0
2020-07-21,379,32,62,315,2,1,1,6,0
2020-07-22,386,33,63,321,2,1,1,6,0
2020-07-23,393,35,64,327,2,1,1,6,0
2020-07-24,399,35,65,332,2,1,1,6,0
2020-07-25,406,36,66,338,2,1,1,6,0
2020-07-26,413,37,67,344,2,1,1,6,0
2020-07-27,420,38,68,350,2,1,1,6,0
2020-07-28,429,39,70,357,2,1,1,6,0
2020-07-29,436,39,71,363,2,1,1,6,0
2020-07-30,443,40,72,369,2,1,1,7,0
2020-07-31,453,41,74,376,3,1,1,7,0
2020-08-01,461,42,75,383,3,1,1,7,0
2020-08-02,468,42,76,389,3,1,1,7,0
2020-08-03,477,43,78,396,3,1,1,7,0
2020-08-04,485,44,79,403,3,1,1,7,0
2020-08-05,495,45,81,411,3,1,1,7,0
2020-08-06,503,45,82,418,3,1,1,7,0
2020-08-07,511,46,83,425,3,1,1,8,0
2020-08-08,521,47,85,433,3,1,1,8,0
2020-08-09,530,48,86,441,3,1,2,8,0
2020-08-10,539,49,88,448,3,1,2,8,0
2020-08-11,548,49,89,456,3,1,2,8,0
2020-08-12,559,50,91,465,3,1,2,8,0
2020-08-13,569,51,93,473,3,1,2,8,0
2020-08-14,578,52,94,481,3,1,2,9,0
2020-08-15,589,53,96,490,3,1,2,9,0
2020-08-16,599,53,97,499,3,1,2,9,0
2020-08-17,609,54,99,507,3,1,2,9,0
2020-08-18,620,55,101,516,3,1,2,9,0
2020-08-19,632,56,102,526,4,1,2,9,0
2020-08-20,643,57,104,535,4,1,2,9,0
2020-08-21,653,57,105,544,4,1,2,10,0
2020-08-22,665,58,107,554,4,1,2,10,0
2020-08-23,677,59,109,564,4,1,2,10,0
2020-08-24,688,60,111,573,4,1,2,10,0
2020-08-25,699,61,112,583,4,1,2,10,0
2020-08-26,712,61,114,594,4,1,2,10,0
2020-08-27,724,62,116,604,4,1,2,10,0
2020-08-28,735,63,117,614,4,1,2,11,0
2020-08-29,748,64,119,625,4,1,2,11,0
2020-08-30,761,65,121,636,4,1,2,11,0
2020-08-31,773,65,122,647,4,1,2,11,0
2020-09-01,786,66,124,658,4,1,2,11,0
2020-09-02,800,67,126,669,5,1,2,11,0
2020-09-03,814,68,128,681,5,1,2,12,0
2020-09-04,826,69,129,692,5,1,2,12,0
2020-09-05,840,69,131,704,5,1,2,12,0
2020-09-06,854,70,133,716,5,1,2,12,0
2020-09-07,867,71,134,728,5,1,2,12,0
2020-09-08,881,72,136,740,5,1,2,12,0
2020-09-09,895,72,138,752,5,1,2,12,0
2020-09-10,909,73,139,765,5,1,2,13,0
2020-09-11,924,74,141,778,5,1,2,13,0
2020-09-12,938,75,143,790,5,1,2,13,0
2020-09-13,952,75,144,803,5,1,2,13,0
2020-09-14,968,76,146,816,6,1,2,13,0
2020-09-15,984,77,148,830,6,1,2,13,0
2020-09-16,998,77,149,843,6,1,2,13,0
2020-09-17,1014,78,151,857,6,1,2,14,0
2020-09-18,1028,79,152,870,6,1,2,14,0
2020-09-19,1044,79,154,884,6,1,2,14,0
2020-09-20,1060,80,156,898,6,1,2,14,0
2020-09-21,1075,80,157,912,6,1,1,14,0
2020-09-22,1091,81,159,926,6,1,1,14,0
2020-09-23,1107,82,160,941,6,1,1,14,0
2020-09-24,1122,82,161,955,6,1,1,15,0
2020-09-25,1140,83,163,970,7,1,1,15,0
2020-09-26,1156,83,164,985,7,0,1,15,0
2020-09-27,1172,84,166,999,7,0,1,15,0
2020-09-28,1188,84,167,1014,7,0,1,15,0
2020-09-29,1205,85,168,1030,7,0,1,15,0
2020-09-30,1222,85,170,1045,7,0,1,15,0
2020-10-01,1238,85,171,1060,7,0,1,15,0
2020-10-02,1255,86,172,1076,7,0,1,16,0
2020-10-03,1271,86,173,1091,7,0,1,16,0
2020-10-04,1288,86,174,1107,7,0,1,16,0
2020-10-05,1306,87,175,1123,8,0,1,16,0
2020-10-06,1323,87,176,1139,8,0,1,16,0
2020-10-07,1339,87,177,1154,8,0,1,16,0
2020-10-08,1357,88,178,1171,8,0,1,16,0
2020-10-09,1374,88,179,1187,8,0,1,16,0
2020-10-10,1391,88,180,1203,8,0,1,16,0
2020-10-11,1408,88,181,1219,8,0,1,16,0
2020-10-12,1426,88,182,1236,8,0,1,16,0
2020-10-13,1443,88,183,1252,8,0,1,16,0
2020-10-14,1461,89,183,1269,9,0,1,17,0
2020-10-15,1478,89,184,1285,9,0,1,17,0
2020-10-16,1496,89,185,1302,9,0,1,17,0
2020-10-17,1512,89,185,1318,9,0,1,17,0
2020-10-18,1530,89,186,1335,9,0,1,17,0
2020-10-19,1547,89,186,1352,9,0,0,17,0
2020-10-20,1565,89,187,1369,9,0,0,17,0
2020-10-21,1582,89,187,1386,9,0,0,17,0
2020-10-22,1599,88,187,1403,9,0,0,17,0
2020-10-23,1618,88,188,1420,10,0,0,17,0
2020-10-24,1635,88,188,1437,10,0,0,17,0
2020-10-25,1651,88,188,1453,10,0,0,17,0
2020-10-26,1668,88,188,1470,10,0,0,17,0
2020-10-27,1685,88,188,1487,10,0,0,17,0
2020-10-28,1702,87,188,1504,10,0,0,17,0
2020-10-29,1720,87,188,1522,10,0,0,17,0
2020-10-30,1737,87,188,1539,10,0,0,17,0
2020-10-31,1755,87,188,1556,11,0,0,17,0
2020-11-01,1772,86,188,1573,11,0,0,17,0
2020-11-02,1788,86,188,1589,11,0,0,17,0
2020-11-03,1805,85,188,1606,11,0,0,17,0
2020-11-04,1821,85,187,1623,11,0,0,17,0
2020-11-05,1838,85,187,1640,11,0,0,17,0
2020-11-06,1855,84,187,1657,11,0,0,17,0
2020-11-07,1871,84,186,1674,11,0,0,17,0
2020-11-08,1888,83,186,1691,11,0,0,17,0
2020-11-09,1904,83,185,1707,12,0,0,17,0
2020-11-10,1920,82,184,1724,12,0,0,17,0
2020-11-11,1937,82,184,1741,12,0,0,17,0
2020-11-12,1952,81,183,1757,12,0,0,17,0
2020-11-13,1968,81,182,1774,12,0,0,16,0
2020-11-14,1984,80,182,1790,12,0,0,16,0
2020-11-15,2000,80,181,1807,12,0,0,16,0
2020-11-16,2015,79,180,1823,12,0,0,16,0
2020-11-17,2030,78,179,1839,12,0,0,16,0
2020-11-18,2046,78,178,1855,13,0,0,16,0
2020-11-19,2061,77,177,1871,13,0,0,16,0
2020-11-20,2076,76,176,1887,13,0,0,16,0
2020-11-21,2091,76,175,1903,13,0,0,16,0
2020-11-22,2106,75,174,1919,13,0,0,16,0
2020-11-23,2121,74,173,1935,13,0,0,16,0
2020-11-24,2135,74,172,1950,13,0,0,16,0
2020-11-25,2150,73,171,1966,13,0,0,15,0
2020-11-26,2163,72,169,1981,13,0,0,15,0
2020-11-27,2178,72,168,1996,14,0,0,15,0
2020-11-28,2193,71,167,2012,14,0,0,15,0
2020-11-29,2207,70,166,2027,14,0,0,15,0
2020-11-30,2219,69,164,2041,14,0,0,15,0
2020-12-01,2233,69,163,2056,14,0,0,15,0
2020-12-02,2247,68,162,2071,14,0,0,15,0
2020-12-03,2259,67,160,2085,14,0,0,14,0
2020-12-04,2273,66,159,2100,14,0,0,14,0
2020-12-05,2285,66,157,2114,14,0,0,14,0
2020-12-06,2298,65,156,2128,14,0,0,14,0
2020-12-07,2311,64,154,2142,15,0,0,14,0
2020-12-08,2324,63,153,2156,15,0,0,14,0
2020-12-09,2336,62,151,2170,15,0,0,14,0
2020-12-10,2349,62,150,2184,15,0,0,14,0
2020-12-11,2360,61,148,2197,15,0,0,13,0
2020-12-12,2372,60,147,2210,15,0,0,13,0
2020-12-13,2384,59,145,2224,15,0,0,13,0
2020-12-14,2396,58,144,2237,15,0,0,13,0
2020-12-15,2407,58,142,2250,15,0,0,13,0
2020-12-16,2417,57,140,2262,15,0,0,13,0
2020-12-17,2429,56,139,2275,15,0,0,13,0
2020-12-18,2439,55,137,2287,15,0,0,12,0
2020-12-19,2452,55,136,2300,16,0,0,12,0
2020-12-20,2462,54,134,2312,16,0,0,12,0
2020-12-21,2472,53,132,2324,16,0,0,12,0
2020-12-22,2483,52,131,2336,16,0,0,12,0
2020-12-23,2493,51,129,2348,16,0,0,12,0
2020-12-24,2502,51,127,2359,16,0,0,12,0
2020-12-25,2513,50,126,2371,16,0,0,11,0
2020-12-26,2522,49,124,2382,16,0,0,11,0
2020-12-27,2532,48,123,2393,16,0,0,11,0
2020-12-28,2541,48,121,2404,16,0,0,11,0
2020-12-29,2550,47,119,2415,16,0,0,11,0
2020-12-30,2560,46,118,2426,16,0,0,11,0
2020-12-31,2568,46,116,2436,16,0,0,10,0
2021-01-01,2578,45,114,2447,17,0,0,10,0
2021-01-02,2587,44,113,2457,17,0,0,10,0
2021-01-03,2595,43,111,2467,17,0,0,10,0
2021-01-04,2604,43,110,2477,17,0,0,10,0
2021-01-05,2612,42,108,2487,17,0,0,10,0
2021-01-06,2620,41,106,2497,17,0,0,10,0
2021-01-07,2628,41,105,2506,17,0,0,9,0
2021-01-08,2636,40,103,2516,17,0,0,9,0
2021-01-09,2644,39,102,2525,17,0,0,9,0
2021-01-10,2651,39,100,2534,17,0,0,9,0
2021-01-11,2659,38,99,2543,17,0,0,9,0
2021-01-12,2666,37,97,2552,17,0,0,9,0
2021-01-13,2674,37,96,2561,17,0,0,9,0
2021-01-14,2680,36,94,2569,17,0,0,8,0
2021-01-15,2688,35,93,2578,17,0,0,8,0
2021-01-16,2695,35,91,2586,18,0,0,8,0
2021-01-17,2702,34,90,2594,18,0,0,8,0
2021-01-18,2708,34,88,2602,18,0,0,8,0
2021-01-19,2715,33,87,2610,18,0,0,8,0
2021-01-20,2721,32,85,2618,18,0,0,8,0
2021-01-21,2728,32,84,2626,18,0,0,8,0
2021-01-22,2734,31,83,2633,18,0,0,7,0
2021-01-23,2739,31,81,2640,18,0,0,7,0
2021-01-24,2746,30,80,2648,18,0,0,7,0
2021-01-25,2751,30,78,2655,18,0,0,7,0
2021-01-26,2757,29,77,2662,18,0,0,7,0
2021-01-27,2763,28,76,2669,18,0,0,7,0
2021-01-28,2769,28,75,2676,18,0,0,7,0
2021-01-29,2773,27,73,2682,18,0,0,7,0
2021-01-30,2779,27,72,2689,18,0,0,6,0
2021-01-31,2784,26,71,2695,18,0,0,6,0
2021-02-01,2789,26,69,2702,18,0,0,6,0
2021-02-02,2794,25,68,2708,18,0,0,6,0
2021-02-03,2799,25,67,2714,18,0,0,6,0
2021-02-04,2804,24,66,2720,18,0,0,6,0
2021-02-05,2809,24,65,2726,18,0,0,6,0
2021-02-06,2814,24,64,2732,18,0,0,6,0
2021-02-07,2818,23,62,2737,19,0,0,6,0
2021-02-08,2823,23,61,2743,19,0,0,6,0
2021-02-09,2828,22,60,2749,19,0,0,5,0
2021-02-10,2832,22,59,2754,19,0,0,5,0
2021-02-11,2836,21,58,2759,19,0,0,5,0
2021-02-12,2840,21,57,2764,19,0,0,5,0
2021-02-13,2845,21,56,2770,19,0,0,5,0
2021-02-14,2849,20,55,2775,19,0,0,5,0
2021-02-15,2852,20,54,2779,19,0,0,5,0
2021-02-16,2856,19,53,2784,19,0,0,5,0
2021-02-17,2860,19,52,2789,19,0,0,5,0
2021-02-18,2864,19,51,2794,19,0,0,5,0
2021-02-19,2867,18,50,2798,19,0,0,4,0
2021-02-20,2871,18,49,2803,19,0,0,4,0
2021-02-21,2874,18,48,2807,19,0,0,4,0
2021-02-22,2877,17,47,2811,19,0,0,4,0
2021-02-23,2881,17,46,2816,19,0,0,4,0
2021-02-24,2884,17,45,2820,19,0,0,4,0
2021-02-25,2887,16,44,2824,19,0,0,4,0
2021-02-26,2891,16,44,2828,19,0,0,4,0
2021-02-27,2894,16,43,2832,19,0,0,4,0
2021-02-28,2896,15,42,2835,19,0,0,4,0
2021-03-01,2899,15,41,2839,19,0,0,4,0
2021-03-02,2902,15,40,2843,19,0,0,4,0
2021-03-03,2905,14,39,2847,19,0,0,4,0
2021-03-04,2908,14,39,2850,19,0,0,3,0
2021-03-05,2911,14,38,2854,19,0,0,3,0
2021-03-06,2913,13,37,2857,19,0,0,3,0
2021-03-07,2915,13,36,2860,19,0,0,3,0
2021-03-08,2918,13,36,2863,19,0,0,3,0
2021-03-09,2921,13,35,2867,19,0,0,3,0
2021-03-10,2923,12,34,2870,19,0,0,3,0
2021-03-11,2926,12,34,2873,19,0,0,3,0
2021-03-12,2928,12,33,2876,19,0,0,3,0
2021-03-13,2930,12,32,2879,19,0,0,3,0
2021-03-14,2934,11,32,2882,20,0,0,3,0
2021-03-15,2936,11,31,2885,20,0,0,3,0
2021-03-16,2937,11,30,2887,20,0,0,3,0
2021-03-17,2940,11,30,2890,20,0,0,3,0
2021-03-18,2942,10,29,2893,20,0,0,3,0
2021-03-19,2944,10,29,2895,20,0,0,3,0
2021-03-20,2946,10,28,2898,20,0,0,3,0
2021-03-21,2947,10,27,2900,20,0,0,2,0
2021-03-22,2950,10,27,2903,20,0,0,2,0
2021-03-23,2951,9,26,2905,20,0,0,2,0
2021-03-24,2954,9,26,2908,20,0,0,2,0
2021-03-25,2955,9,25,2910,20,0,0,2,0
2021-03-26,2957,9,25,2912,20,0,0,2,0
2021-03-27,2958,9,24,2914,20,0,0,2,0
2021-03-28,2961,8,24,2917,20,0,0,2,0
2021-03-29,2962,8,23,2919,20,0,0,2,0
2021-03-30,2964,8,23,2921,20,0,0,2,0
2021-03-31,2965,8,22,2923,20,0,0,2,0
2021-04-01,2967,8,22,2925,20,0,0,2,0
2021-04-02,2968,8,21,2927,20,0,0,2,0
2021-04-03,2970,7,21,2929,20,0,0,2,0
2021-04-04,2971,7,20,2931,20,0,0,2,0
2021-04-05,2972,7,20,2932,20,0,0,2,0
2021-04-06,2974,7,20,2934,20,0,0,2,0
2021-04-07,2975,7,19,2936,20,0,0,2,0
2021-04-08,2977,7,19,2938,20,0,0,2,0
2021-04-09,2977,7,18,2939,20,0,0,2,0
2021-04-10,2979,6,18,2941,20,0,0,2,0
2021-04-11,2981,6,18,2943,20,0,0,2,0
2021-04-12,2981,6,17,2944,20,0,0,2,0
2021-04-13,2983,6,17,2946,20,0,0,2,0
2021-04-14,2984,6,17,2947,20,0,0,1,0
2021-04-15,2985,6,16,2949,20,0,0,1,0
2021-04-16,2986,6,16,2950,20,0,0,1,0
2021-04-17,2988,6,16,2952,20,0,0,1,0
2021-04-18,2988,5,15,2953,20,0,0,1,0
2021-04-19,2989,5,15,2954,20,0,0,1,0
2021-04-20,2991,5,15,2956,20,0,0,1,0
2021-04-21,2991,5,14,2957,20,0,0,1,0
2021-04-22,2992,5,14,2958,20,0,0,1,0
2021-04-23,2994,5,14,2960,20,0,0,1,0
2021-04-24,2994,5,13,2961,20,0,0,1,0
2021-04-25,2995,5,13,2962,20,0,0,1,0
2021-04-26,2996,5,13,2963,20,0,0,1,0
2021-04-27,2997,4,13,2964,20,0,0,1,0
2021-04-28,2998,4,12,2966,20,0,0,1,0
2021-04-29,2999,4,12,2967,20,0,0,1,0
2021-04-30,3000,4,12,2968,20,0,0,1,0
2021-05-01,3001,4,12,2969,20,0,0,1,0
2021-05-02,3001,4,11,2970,20,0,0,1,0
2021-05-03,3002,4,11,2971,20,0,0,1,0
2021-05-04,3003,4,11,2972,20,0,0,1,0
2021-05-05,3004,4,11,2973,20,0,0,1,0
2021-05-06,3004,4,10,2974,20,0,0,1,0
2021-05-07,3005,4,10,2975,20,0,0,1,0
2021-05-08,3006,4,10,2976,20,0,0,1,0
2021-05-09,3006,3,10,2976,20,0,0,1,0
2021-05-10,3007,3,10,2977,20,0,0,1,0
2021-05-11,3007,3,9,2978,20,0,0,1,0
2021-05-12,3008,3,9,2979,20,0,0,1,0
2021-05-13,3009,3,9,2980,20,0,0,1,0
2021-05-14,3010,3,9,2981,20,0,0,1,0
2021-05-15,3010,3,9,2981,20,0,0,1,0
2021-05-16,3010,3,8,2982,20,0,0,1,0
2021-05-17,3011,3,8,2983,20,0,0,1,0
2021-05-18,3012,3,8,2984,20,0,0,1,0
2021-05-19,3012,3,8,2984,20,0,0,1,0
2021-05-20,3013,3,8,2985,20,0,0,1,0
2021-05-21,3013,3,7,2986,20,0,0,1,0
2021-05-22,3013,3,7,2986,20,0,0,1,0
2021-05-23,3014,3,7,2987,20,0,0,1,0
2021-05-24,3015,2,7,2988,20,0,0,1,0
2021-05-25,3015,2,7,2988,20,0,0,1,0
2021-05-26,3016,2,7,2989,20,0,0,1,0
2021-05-27,3017,2,7,2990,20,0,0,1,0
2021-05-28,3016,2,6,2990,20,0,0,1,0
2021-05-29,3017,2,6,2991,20,0,0,1,0
2021-05-30,3017,2,6,2991,20,0,0,1,0
2021-05-31,3018,2,6,2992,20,0,0,1,0
2021-06-01,3018,2,6,2992,20,0,0,1,0
2021-06-02,3019,2,6,2993,20,0,0,1,0
2021-06-03,3019,2,6,2993,20,0,0,1,0
2021-06-04,3020,2,6,2994,20,0,0,0,0
2021-06-05,3019,2,5,2994,20,0,0,0,0
2021-06-06,3020,2,5,2995,20,0,0,0,0
2021-06-07,3020,2,5,2995,20,0,0,0,0
2021-06-08,3021,2,5,2996,20,0,0,0,0
2021-06-09,3021,2,5,2996,20,0,0,0,0
2021-06-10,3022,2,5,2997,20,0,0,0,0
2021-06-11,3022,2,5,2997,20,0,0,0,0
2021-06-12,3023,2,5,2998,20,0,0,0,0
2021-06-13,3023,2,5,2998,20,0,0,0,0
2021-06-14,3022,2,4,2998,20,0,0,0,0
2021-06-15,3023,2,4,2999,20,0,0,0,0
2021-06-16,3023,1,4,2999,20,0,0,0,0
2021-06-17,3024,1,4,3000,20,0,0,0,0
2021-06-18,3024,1,4,3000,20,0,0,0,0
2021-06-19,3024,1,4,3000,20,0,0,0,0
2021-06-20,3025,1,4,3001,20,0,0,0,0
2021-06-21,3025,1,4,3001,20,0,0,0,0
2021-06-22,3025,1,4,3001,20,0,0,0,0
2021-06-23,3026,1,4,3002,20,0,0,0,0
2021-06-24,3026,1,4,3002,20,0,0,0,0
2021-06-25,3025,1,3,3002,20,0,0,0,0
2021-06-26,3026,1,3,3003,20,0,0,0,0
2021-06-27,3026,1,3,3003,20,0,0,0,0
2021-06-28,3026,1,3,3003,20,0,0,0,0
2021-06-29,3027,1,3,3004,20,0,0,0,0
2021-06-30,3027,1,3,3004,20,0,0,0,0
2021-07-01,3027,1,3,3004,20,0,0,0,0
2021-07-02,3027,1,3,3004,20,0,0,0,0
2021-07-03,3028,1,3,3005,20,0,0,0,0
2021-07-04,3028,1,3,3005,20,0,0,0,0
2021-07-05,3028,1,3,3005,20,0,0,0,0
2021-07-06,3028,1,3,3005,20,0,0,0,0
2021-07-07,3029,1,3,3006,20,0,0,0,0
2021-07-08,3029,1,3,3006,20,0,0,0,0
2021-07-09,3029,1,3,3006,20,0,0,0,0
