Date,Infected,Exposed,Active,Recovered,Deaths,Diff Exposed,Diff Active,Diff Recovered,Diff Deaths
2020-07-17,440,181,88,351,1,0,27,8,0
2020-07-18,474,159,113,360,1,0,21,10,0
2020-07-19,504,143,132,371,1,0,16,12,0
2020-07-20,530,132,146,383,1,0,13,13,0
2020-07-21,556,124,158,397,1,0,10,14,0
2020-07-22,579,119,167,411,1,0,8,15,0
2020-07-23,603,116,175,427,1,0,7,16,0
2020-07-24,626,114,181,443,2,0,6,16,0
2020-07-25,648,113,187,459,2,0,5,17,0
2020-07-26,671,113,192,477,2,0,5,17,0
2020-07-27,692,113,196,494,2,1,4,18,0
2020-07-28,715,114,201,512,2,1,4,18,0
2020-07-29,737,115,205,530,2,1,4,19,0
2020-07-30,760,116,209,549,2,1,4,19,0
2020-07-31,782,118,212,568,2,1,4,19,0
2020-08-01,805,119,216,587,2,2,4,20,0
2020-08-02,829,121,220,607,2,2,4,20,0
2020-08-03,853,123,224,627,2,2,4,20,0
2020-08-04,877,124,227,648,2,2,4,21,0
2020-08-05,901,126,231,668,2,2,4,21,0
2020-08-06,926,128,235,689,2,2,4,21,0
2020-08-07,952,130,239,711,2,2,4,22,0
2020-08-08,978,132,242,733,3,2,4,22,0
2020-08-09,1004,134,246,755,3,2,4,22,0
2020-08-10,1030,136,250,777,3,2,4,23,0
2020-08-11,1057,138,254,800,3,2,4,23,0
2020-08-12,1084,140,258,823,3,2,4,23,0
2020-08-13,1111,142,262,846,3,2,4,24,0
2020-08-14,1139,144,266,870,3,2,4,24,0
2020-08-15,1167,146,270,894,3,2,4,24,0
2020-08-16,1196,148,274,919,3,2,4,25,0
2020-08-17,1225,150,278,944,3,2,4,25,0
2020-08-18,1254,152,282,969,3,2,4,26,0
2020-08-19,1284,154,286,995,3,2,4,26,0
2020-08-20,1315,156,290,1021,4,2,4,26,0
2020-08-21,1345,158,294,1047,4,2,4,27,0
2020-08-22,1377,160,299,1074,4,2,4,27,0
2020-08-23,1408,162,303,1101,4,2,4,27,0
2020-08-24,1440,164,307,1129,4,2,4,28,0
2020-08-25,1472,166,311,1157,4,2,4,28,0
2020-08-26,1505,169,316,1185,4,2,4,29,0
2020-08-27,1538,171,320,1214,4,2,4,29,0
2020-08-28,1572,173,325,1243,4,2,4,29,0
2020-08-29,1606,175,329,1273,4,2,4,30,0
2020-08-30,1641,177,333,1303,5,2,4,30,0
2020-08-31,1676,179,338,1333,5,2,4,31,0
2020-09-01,1711,181,342,1364,5,2,4,31,0
2020-09-02,1747,184,347,1395,5,2,4,31,0
2020-09-03,1783,186,351,1427,5,2,4,32,0
2020-09-04,1820,188,356,1459,5,2,5,32,0
2020-09-05,1856,190,360,1491,5,2,5,33,0
2020-09-06,1894,192,365,1524,5,2,5,33,0
2020-09-07,1931,194,369,1557,5,2,5,33,0
2020-09-08,1971,196,374,1591,6,2,5,34,0
2020-09-09,2009,199,378,1625,6,2,5,34,0
2020-09-10,2048,201,383,1659,6,2,5,35,0
2020-09-11,2087,203,387,1694,6,2,5,35,0
2020-09-12,2127,205,392,1729,6,2,5,36,0
2020-09-13,2167,207,396,1765,6,2,5,36,0
2020-09-14,2208,209,401,1801,6,2,5,36,0
2020-09-15,2248,211,405,1837,6,2,5,37,0
2020-09-16,2291,213,410,1874,7,2,5,37,0
2020-09-17,2332,215,414,1911,7,2,4,38,0
2020-09-18,2375,217,419,1949,7,2,4,38,0
2020-09-19,2417,219,423,1987,7,2,4,38,0
2020-09-20,2461,221,428,2026,7,2,4,39,0
2020-09-21,2504,223,432,2065,7,2,4,39,0
2020-09-22,2548,225,437,2104,7,2,4,40,0
2020-09-23,2592,227,441,2144,7,2,4,40,0
2020-09-24,2638,229,446,2184,8,2,4,40,0
2020-09-25,2682,231,450,2224,8,2,4,41,0
2020-09-26,2727,232,454,2265,8,2,4,41,0
2020-09-27,2773,234,458,2307,8,2,4,42,0
2020-09-28,2819,236,463,2348,8,2,4,42,0
2020-09-29,2865,238,467,2390,8,2,4,42,0
2020-09-30,2912,240,471,2433,8,2,4,43,0
2020-10-01,2960,241,475,2476,9,2,4,43,0
2020-10-02,3007,243,479,2519,9,2,4,43,0
2020-10-03,3054,245,483,2562,9,2,4,44,0
2020-10-04,3102,246,487,2606,9,2,4,44,0
2020-10-05,3150,248,491,2650,9,2,4,45,0
2020-10-06,3199,249,495,2695,9,1,4,45,0
2020-10-07,3249,251,499,2740,10,1,4,45,0
2020-10-08,3298,252,503,2785,10,1,4,46,0
2020-10-09,3347,253,506,2831,10,1,4,46,0
2020-10-10,3397,255,510,2877,10,1,4,46,0
2020-10-11,3447,256,514,2923,10,1,4,47,0
2020-10-12,3497,257,517,2970,10,1,3,47,0
2020-10-13,3549,259,521,3017,11,1,3,47,0
2020-10-14,3599,260,524,3064,11,1,3,47,0
2020-10-15,3650,261,527,3112,11,1,3,48,0
2020-10-16,3701,262,530,3160,11,1,3,48,0
2020-10-17,3753,263,534,3208,11,1,3,48,0
2020-10-18,3804,264,537,3256,11,1,3,49,0
2020-10-19,3857,265,540,3305,12,1,3,49,0
2020-10-20,3909,266,543,3354,12,1,3,49,0
2020-10-21,3960,267,545,3403,12,1,3,49,0
2020-10-22,4013,268,548,3453,12,1,3,50,0
2020-10-23,4066,268,551,3503,12,1,3,50,0
2020-10-24,4118,269,553,3553,12,1,2,50,0
2020-10-25,4172,270,556,3603,13,1,2,50,0
2020-10-26,4224,270,558,3653,13,1,2,51,0
2020-10-27,4277,271,560,3704,13,0,2,51,0
2020-10-28,4330,271,562,3755,13,0,2,51,0
2020-10-29,4383,272,564,3806,13,0,2,51,0
2020-10-30,4436,272,566,3857,13,0,2,51,0
2020-10-31,4490,272,568,3908,14,0,2,51,0
2020-11-01,4544,273,570,3960,14,0,2,52,0
2020-11-02,4596,273,571,4011,14,0,2,52,0
2020-11-03,4650,273,573,4063,14,0,1,52,0
2020-11-04,4703,273,574,4115,14,0,1,52,0
2020-11-05,4758,273,576,4167,15,0,1,52,0
2020-11-06,4811,273,577,4219,15,0,1,52,0
2020-11-07,4865,273,578,4272,15,0,1,52,0
2020-11-08,4918,273,579,4324,15,0,1,52,0
2020-11-09,4971,273,580,4376,15,0,1,53,0
2020-11-10,5024,272,580,4429,15,0,1,53,0
2020-11-11,5079,272,581,4482,16,0,1,53,0
2020-11-12,5132,272,582,4534,16,0,0,53,0
2020-11-13,5185,271,582,4587,16,0,0,53,0
2020-11-14,5238,271,582,4640,16,0,0,53,0
2020-11-15,5290,270,582,4692,16,0,0,53,0
2020-11-16,5344,270,582,4745,17,0,0,53,0
2020-11-17,5397,269,582,4798,17,0,0,53,0
2020-11-18,5450,269,582,4851,17,0,0,53,0
2020-11-19,5502,268,582,4903,17,0,0,53,0
2020-11-20,5554,267,581,4956,17,0,0,53,0
2020-11-21,5607,266,581,5009,17,0,0,53,0
2020-11-22,5659,265,580,5061,18,0,0,53,0
2020-11-23,5712,264,580,5114,18,0,0,52,0
2020-11-24,5763,264,579,5166,18,0,0,52,0
2020-11-25,5815,263,578,5219,18,0,0,52,0
2020-11-26,5866,261,577,5271,18,0,0,52,0
2020-11-27,5917,260,575,5323,19,0,0,52,0
2020-11-28,5968,259,574,5375,19,0,0,52,0
2020-11-29,6019,258,573,5427,19,0,0,52,0
2020-11-30,6069,257,571,5479,19,0,0,52,0
2020-12-01,6120,255,570,5531,19,0,0,52,0
2020-12-02,6169,254,568,5582,19,0,0,51,0
2020-12-03,6220,253,566,5634,20,0,0,51,0
2020-12-04,6269,251,564,5685,20,0,0,51,0
2020-12-05,6318,250,562,5736,20,0,0,51,0
2020-12-06,6367,249,560,5787,20,0,0,51,0
2020-12-07,6416,247,558,5838,20,0,0,51,0
2020-12-08,6464,245,555,5888,21,0,0,50,0
2020-12-09,6512,244,553,5938,21,0,0,50,0
2020-12-10,6560,242,551,5988,21,0,0,50,0
2020-12-11,6607,241,548,6038,21,0,0,50,0
2020-12-12,6654,239,545,6088,21,0,0,49,0
2020-12-13,6701,237,543,6137,21,0,0,49,0
2020-12-14,6748,236,540,6186,22,0,0,49,0
2020-12-15,6794,234,537,6235,22,0,0,49,0
2020-12-16,6839,232,534,6283,22,0,0,48,0
2020-12-17,6885,230,531,6332,22,0,0,48,0
2020-12-18,6930,228,528,6380,22,0,0,48,0
2020-12-19,6973,227,524,6427,22,0,0,48,0
2020-12-20,7019,225,521,6475,23,0,0,47,0
2020-12-21,7063,223,518,6522,23,0,0,47,0
2020-12-22,7105,221,514,6568,23,0,0,47,0
2020-12-23,7149,219,511,6615,23,0,0,46,0
2020-12-24,7191,217,507,6661,23,0,0,46,0
2020-12-25,7234,215,504,6707,23,0,0,46,0
2020-12-26,7276,213,500,6752,24,0,0,45,0
2020-12-27,7318,211,496,6798,24,0,0,45,0
2020-12-28,7360,209,493,6843,24,0,0,45,0
2020-12-29,7400,207,489,6887,24,0,0,44,0
2020-12-30,7440,205,485,6931,24,0,0,44,0
2020-12-31,7480,203,481,6975,24,0,0,44,0
2021-01-01,7520,201,477,7018,25,0,0,43,0
2021-01-02,7560,199,473,7062,25,0,0,43,0
2021-01-03,7598,197,469,7104,25,0,0,43,0
2021-01-04,7637,195,465,7147,25,0,0,42,0
2021-01-05,7675,193,461,7189,25,0,0,42,0
2021-01-06,7712,191,457,7230,25,0,0,41,0
2021-01-07,7749,189,453,7271,25,0,0,41,0
2021-01-08,7787,187,449,7312,26,0,0,41,0
2021-01-09,7823,184,444,7353,26,0,0,40,0
2021-01-10,7859,182,440,7393,26,0,0,40,0
2021-01-11,7895,180,436,7433,26,0,0,39,0
2021-01-12,7930,178,432,7472,26,0,0,39,0
2021-01-13,7964,176,427,7511,26,0,0,39,0
2021-01-14,7999,174,423,7550,26,0,0,38,0
2021-01-15,8034,172,419,7588,27,0,0,38,0
2021-01-16,8066,170,414,7625,27,0,0,38,0
2021-01-17,8100,168,410,7663,27,0,0,37,0
2021-01-18,8133,166,406,7700,27,0,0,37,0
2021-01-19,8164,164,401,7736,27,0,0,36,0
2021-01-20,8197,162,397,7773,27,0,0,36,0
2021-01-21,8228,160,393,7808,27,0,0,36,0
2021-01-22,8259,158,388,7844,27,0,0,35,0
2021-01-23,8291,156,384,7879,28,0,0,35,0
2021-01-24,8322,154,380,7914,28,0,0,34,0
2021-01-25,8351,152,375,7948,28,0,0,34,0
2021-01-26,8381,150,371,7982,28,0,0,34,0
2021-01-27,8409,148,366,8015,28,0,0,33,0
2021-01-28,8438,146,362,8048,28,0,0,33,0
2021-01-29,8467,144,358,8081,28,0,0,32,0
2021-01-30,8495,142,354,8113,28,0,0,32,0
2021-01-31,8522,140,349,8145,28,0,0,32,0
2021-02-01,8550,138,345,8176,29,0,0,31,0
2021-02-02,8578,136,341,8208,29,0,0,31,0
2021-02-03,8603,134,336,8238,29,0,0,30,0
2021-02-04,8630,132,332,8269,29,0,0,30,0
2021-02-05,8656,131,328,8299,29,0,0,30,0
2021-02-06,8681,129,324,8328,29,0,0,29,0
2021-02-07,8706,127,320,8357,29,0,0,29,0
2021-02-08,8730,125,315,8386,29,0,0,29,0
2021-02-09,8755,123,311,8415,29,0,0,28,0
2021-02-10,8779,122,307,8443,29,0,0,28,0
2021-02-11,8803,120,303,8470,30,0,0,27,0
2021-02-12,8827,118,299,8498,30,0,0,27,0
2021-02-13,8850,116,295,8525,30,0,0,27,0
2021-02-14,8872,115,291,8551,30,0,0,26,0
2021-02-15,8894,113,287,8577,30,0,0,26,0
2021-02-16,8916,111,283,8603,30,0,0,26,0
2021-02-17,8938,110,279,8629,30,0,0,25,0
2021-02-18,8959,108,275,8654,30,0,0,25,0
2021-02-19,8980,106,271,8679,30,0,0,25,0
2021-02-20,9001,105,268,8703,30,0,0,24,0
2021-02-21,9021,103,264,8727,30,0,0,24,0
2021-02-22,9042,102,260,8751,31,0,0,24,0
2021-02-23,9062,100,256,8775,31,0,0,23,0
2021-02-24,9082,98,253,8798,31,0,0,23,0
2021-02-25,9100,97,249,8820,31,0,0,23,0
2021-02-26,9119,95,245,8843,31,0,0,22,0
2021-02-27,9138,94,242,8865,31,0,0,22,0
2021-02-28,9156,92,238,8887,31,0,0,22,0
2021-03-01,9174,91,235,8908,31,0,0,21,0
2021-03-02,9191,90,231,8929,31,0,0,21,0
2021-03-03,9209,88,228,8950,31,0,0,21,0
2021-03-04,9226,87,224,8971,31,0,0,20,0
2021-03-05,9243,85,221,8991,31,0,0,20,0
2021-03-06,9260,84,218,9011,31,0,0,20,0
2021-03-07,9276,83,214,9030,32,0,0,19,0
2021-03-08,9293,81,211,9050,32,0,0,19,0
2021-03-09,9309,80,208,9069,32,0,0,19,0
2021-03-10,9324,79,205,9087,32,0,0,19,0
2021-03-11,9339,77,201,9106,32,0,0,18,0
2021-03-12,9354,76,198,9124,32,0,0,18,0
2021-03-13,9369,75,195,9142,32,0,0,18,0
2021-03-14,9384,74,192,9160,32,0,0,17,0
2021-03-15,9398,72,189,9177,32,0,0,17,0
2021-03-16,9412,71,186,9194,32,0,0,17,0
2021-03-17,9426,70,183,9211,32,0,0,17,0
2021-03-18,9439,69,180,9227,32,0,0,16,0
2021-03-19,9452,68,177,9243,32,0,0,16,0
2021-03-20,9466,67,175,9259,32,0,0,16,0
2021-03-21,9479,66,172,9275,32,0,0,16,0
2021-03-22,9492,64,169,9291,32,0,0,15,0
2021-03-23,9505,63,166,9306,33,0,0,15,0
2021-03-24,9518,62,164,9321,33,0,0,15,0
2021-03-25,9530,61,161,9336,33,0,0,15,0
2021-03-26,9541,60,158,9350,33,0,0,14,0
2021-03-27,9553,59,156,9364,33,0,0,14,0
2021-03-28,9564,58,153,9378,33,0,0,14,0
2021-03-29,9576,57,151,9392,33,0,0,14,0
2021-03-30,9587,56,148,9406,33,0,0,13,0
2021-03-31,9598,55,146,9419,33,0,0,13,0
2021-04-01,9608,54,143,9432,33,0,0,13,0
2021-04-02,9619,53,141,9445,33,0,0,13,0
2021-04-03,9630,52,139,9458,33,0,0,13,0
2021-04-04,9639,52,136,9470,33,0,0,12,0
2021-04-05,9649,51,134,9482,33,0,0,12,0
2021-04-06,9660,50,132,9495,33,0,0,12,0
2021-04-07,9669,49,130,9506,33,0,0,12,0
2021-04-08,9678,48,127,9518,33,0,0,12,0
2021-04-09,9688,47,125,9530,33,0,0,11,0
2021-04-10,9697,46,123,9541,33,0,0,11,0
2021-04-11,9706,46,121,9552,33,0,0,11,0
2021-04-12,9715,45,119,9563,33,0,0,11,0
2021-04-13,9724,44,117,9574,33,0,0,11,0
2021-04-14,9732,43,115,9584,33,0,0,10,0
2021-04-15,9741,42,113,9594,34,0,0,10,0
2021-04-16,9750,42,111,9605,34,0,0,10,0
2021-04-17,9758,41,109,9615,34,0,0,10,0
2021-04-18,9765,40,107,9624,34,0,0,10,0
2021-04-19,9773,40,105,9634,34,0,0,10,0
2021-04-20,9782,39,104,9644,34,0,0,9,0
2021-04-21,9789,38,102,9653,34,0,0,9,0
2021-04-22,9796,37,100,9662,34,0,0,9,0
2021-04-23,9803,37,98,9671,34,0,0,9,0
2021-04-24,9811,36,97,9680,34,0,0,9,0
2021-04-25,9818,36,95,9689,34,0,0,9,0
2021-04-26,9824,35,93,9697,34,0,0,8,0
2021-04-27,9832,34,92,9706,34,0,0,8,0
2021-04-28,9838,34,90,9714,34,0,0,8,0
2021-04-29,9844,33,88,9722,34,0,0,8,0
2021-04-30,9851,32,87,9730,34,0,0,8,0
2021-05-01,9857,32,85,9738,34,0,0,8,0
2021-05-02,9863,31,84,9745,34,0,0,8,0
2021-05-03,9869,31,82,9753,34,0,0,7,0
2021-05-04,9875,30,81,9760,34,0,0,7,0
2021-05-05,9881,30,79,9768,34,0,0,7,0
2021-05-06,9887,29,78,9775,34,0,0,7,0
2021-05-07,9893,29,77,9782,34,0,0,7,0
2021-05-08,9898,28,75,9789,34,0,0,7,0
2021-05-09,9903,28,74,9795,34,0,0,7,0
2021-05-10,9909,27,73,9802,34,0,0,7,0
2021-05-11,9914,27,71,9809,34,0,0,6,0
2021-05-12,9919,26,70,9815,34,0,0,6,0
2021-05-13,9924,26,69,9821,34,0,0,6,0
2021-05-14,9930,25,68,9828,34,0,0,6,0
2021-05-15,9934,25,66,9834,34,0,0,6,0
2021-05-16,9939,24,65,9840,34,0,0,6,0
2021-05-17,9943,24,64,9845,34,0,0,6,0
2021-05-18,9948,23,63,9851,34,0,0,6,0
2021-05-19,9953,23,62,9857,34,0,0,6,0
2021-05-20,9957,23,61,9862,34,0,0,5,0
2021-05-21,9962,22,60,9868,34,0,0,5,0
2021-05-22,9965,22,58,9873,34,0,0,5,0
2021-05-23,9971,21,57,9879,35,0,0,5,0
2021-05-24,9975,21,56,9884,35,0,0,5,0
2021-05-25,9979,21,55,9889,35,0,0,5,0
2021-05-26,9983,20,54,9894,35,0,0,5,0
2021-05-27,9987,20,53,9899,35,0,0,5,0
2021-05-28,9990,19,52,9903,35,0,0,5,0
2021-05-29,9994,19,51,9908,35,0,0,5,0
2021-05-30,9999,19,51,9913,35,0,0,5,0
2021-05-31,10002,18,50,9917,35,0,0,4,0
2021-06-01,10006,18,49,9922,35,0,0,4,0
2021-06-02,10009,18,48,9926,35,0,0,4,0
2021-06-03,10013,17,47,9931,35,0,0,4,0
2021-06-04,10016,17,46,9935,35,0,0,4,0
2021-06-05,10019,17,45,9939,35,0,0,4,0
2021-06-06,10022,16,44,9943,35,0,0,4,0
2021-06-07,10026,16,44,9947,35,0,0,4,0
2021-06-08,10029,16,43,9951,35,0,0,4,0
2021-06-09,10032,16,42,9955,35,0,0,4,0
2021-06-10,10035,15,41,9959,35,0,0,4,0
2021-06-11,10037,15,40,9962,35,0,0,4,0
2021-06-12,10041,15,40,9966,35,0,0,4,0
2021-06-13,10043,14,39,9969,35,0,0,4,0
2021-06-14,10046,14,38,9973,35,0,0,3,0
2021-06-15,10049,14,38,9976,35,0,0,3,0
2021-06-16,10052,14,37,9980,35,0,0,3,0
2021-06-17,10054,13,36,9983,35,0,0,3,0
2021-06-18,10057,13,36,9986,35,0,0,3,0
2021-06-19,10060,13,35,9990,35,0,0,3,0
2021-06-20,10062,13,34,9993,35,0,0,3,0
2021-06-21,10065,12,34,9996,35,0,0,3,0
2021-06-22,10067,12,33,9999,35,0,0,3,0
2021-06-23,10069,12,32,10002,35,0,0,3,0
2021-06-24,10072,12,32,10005,35,0,0,3,0
2021-06-25,10074,12,31,10008,35,0,0,3,0
2021-06-26,10076,11,31,10010,35,0,0,3,0
2021-06-27,10078,11,30,10013,35,0,0,3,0
2021-06-28,10081,11,30,10016,35,0,0,3,0
2021-06-29,10082,11,29,10018,35,0,0,3,0
2021-06-30,10084,10,28,10021,35,0,0,3,0
2021-07-01,10087,10,28,10024,35,0,0,3,0
2021-07-02,10088,10,27,10026,35,0,0,2,0
2021-07-03,10091,10,27,10029,35,0,0,2,0
2021-07-04,10092,10,26,10031,35,0,0,2,0
2021-07-05,10094,10,26,10033,35,0,0,2,0
2021-07-06,10096,9,25,10036,35,0,0,2,0
2021-07-07,10098,9,25,10038,35,0,0,2,0
2021-07-08,10099,9,24,10040,35,0,0,2,0
2021-07-09,10101,9,24,10042,35,0,0,2,0
2021-07-10,10104,9,24,10045,35,0,0,2,0
2021-07-11,10105,9,23,10047,35,0,0,2,0
2021-07-12,10107,8,23,10049,35,0,0,2,0
