Date,Infected,Exposed,Active,Recovered,Deaths,Diff Exposed,Diff Active,Diff Recovered,Diff Deaths
2020-07-14,730,43,149,580,1,12,0,14,0
2020-07-15,740,54,145,594,1,9,0,13,0
2020-07-16,751,62,143,607,1,7,0,13,0
2020-07-17,764,69,143,620,1,6,1,13,0
2020-07-18,778,74,144,633,1,5,1,13,0
2020-07-19,792,79,145,646,1,4,2,13,0
2020-07-20,808,83,148,659,1,4,3,13,0
2020-07-21,824,86,151,672,1,3,3,14,0
2020-07-22,841,90,154,686,1,3,4,14,0
2020-07-23,859,93,158,700,1,3,4,14,0
2020-07-24,878,96,162,715,1,3,4,15,0
2020-07-25,897,98,166,730,1,3,4,15,0
2020-07-26,916,101,170,745,1,3,4,15,0
2020-07-27,935,104,174,760,1,3,5,16,0
2020-07-28,956,107,179,776,1,3,5,16,0
2020-07-29,978,110,184,793,1,3,5,17,0
2020-07-30,1000,112,189,810,1,3,5,17,0
2020-07-31,1022,115,194,827,1,3,5,18,0
2020-08-01,1045,118,199,845,1,3,5,18,0
2020-08-02,1068,121,204,863,1,3,5,19,0
2020-08-03,1092,124,209,882,1,3,5,19,0
2020-08-04,1116,127,214,901,1,3,5,19,0
2020-08-05,1141,130,220,920,1,3,6,20,0
2020-08-06,1168,134,226,941,1,3,6,20,0
2020-08-07,1193,137,231,961,1,3,6,21,0
2020-08-08,1220,140,237,982,1,3,6,22,0
2020-08-09,1248,143,243,1004,1,3,6,22,0
2020-08-10,1276,147,249,1026,1,3,6,23,0
2020-08-11,1305,150,255,1049,1,3,6,23,0
2020-08-12,1335,153,261,1073,1,3,6,24,0
2020-08-13,1367,157,268,1097,2,3,6,24,0
2020-08-14,1397,160,274,1121,2,3,6,25,0
2020-08-15,1429,164,281,1146,2,4,7,25,0
2020-08-16,1461,167,287,1172,2,4,7,26,0
2020-08-17,1494,171,294,1198,2,4,7,27,0
2020-08-18,1528,174,301,1225,2,4,7,27,0
2020-08-19,1563,178,308,1253,2,4,7,28,0
2020-08-20,1598,182,315,1281,2,4,7,29,0
2020-08-21,1634,185,322,1310,2,4,7,29,0
2020-08-22,1670,189,329,1339,2,4,7,30,0
2020-08-23,1707,193,336,1369,2,4,7,31,0
2020-08-24,1745,197,343,1400,2,4,7,31,0
2020-08-25,1784,200,351,1431,2,4,7,32,0
2020-08-26,1824,204,358,1464,2,4,7,33,0
2020-08-27,1864,208,366,1496,2,4,7,33,0
2020-08-28,1905,211,373,1530,2,4,8,34,0
2020-08-29,1947,215,381,1564,2,4,8,35,0
2020-08-30,1989,219,388,1599,2,4,8,35,0
2020-08-31,2032,223,396,1634,2,4,8,36,0
2020-09-01,2076,226,404,1670,2,4,8,37,0
2020-09-02,2120,230,411,1707,2,4,8,37,0
2020-09-03,2166,234,419,1745,2,4,8,38,0
2020-09-04,2212,237,427,1783,2,4,8,39,0
2020-09-05,2259,241,434,1822,3,4,8,39,0
2020-09-06,2307,244,442,1862,3,4,8,40,0
2020-09-07,2355,248,450,1902,3,3,8,41,0
2020-09-08,2404,251,458,1943,3,3,8,42,0
2020-09-09,2453,255,465,1985,3,3,8,42,0
2020-09-10,2504,258,473,2028,3,3,8,43,0
2020-09-11,2555,262,481,2071,3,3,8,44,0
2020-09-12,2606,265,488,2115,3,3,8,44,0
2020-09-13,2658,268,496,2159,3,3,7,45,0
2020-09-14,2711,271,503,2205,3,3,7,46,0
2020-09-15,2765,274,511,2251,3,3,7,46,0
2020-09-16,2818,277,518,2297,3,3,7,47,0
2020-09-17,2872,280,525,2344,3,3,7,48,0
2020-09-18,2927,283,532,2392,3,3,7,48,0
2020-09-19,2983,285,539,2441,3,3,7,49,0
2020-09-20,3039,288,546,2490,3,2,7,50,0
2020-09-21,3097,290,553,2540,4,2,7,50,0
2020-09-22,3153,293,559,2590,4,2,7,51,0
2020-09-23,3211,295,566,2641,4,2,6,51,0
2020-09-24,3269,297,572,2693,4,2,6,52,0
2020-09-25,3327,299,578,2745,4,2,6,52,0
2020-09-26,3386,301,584,2798,4,2,6,53,0
2020-09-27,3445,302,590,2851,4,2,6,54,0
2020-09-28,3505,304,596,2905,4,2,5,54,0
2020-09-29,3564,305,601,2959,4,1,5,55,0
2020-09-30,3624,307,606,3014,4,1,5,55,0
2020-10-01,3684,308,611,3069,4,1,5,55,0
2020-10-02,3745,309,616,3125,4,1,5,56,0
2020-10-03,3805,310,620,3181,4,1,4,56,0
2020-10-04,3866,311,625,3237,4,1,4,57,0
2020-10-05,3928,311,629,3294,5,1,4,57,0
2020-10-06,3988,312,632,3351,5,0,4,57,0
2020-10-07,4050,312,636,3409,5,0,3,58,0
2020-10-08,4111,312,639,3467,5,0,3,58,0
2020-10-09,4172,312,642,3525,5,0,3,58,0
2020-10-10,4233,312,645,3583,5,0,3,59,0
2020-10-11,4294,312,647,3642,5,0,2,59,0
2020-10-12,4356,311,650,3701,5,0,2,59,0
2020-10-13,4416,311,651,3760,5,0,2,59,0
2020-10-14,4477,310,653,3819,5,0,1,59,0
2020-10-15,4537,309,654,3878,5,0,1,59,0
2020-10-16,4598,308,655,3938,5,0,1,60,0
2020-10-17,4659,307,656,3997,6,0,1,60,0
2020-10-18,4720,306,657,4057,6,0,0,60,0
2020-10-19,4779,304,657,4116,6,0,0,60,0
2020-10-20,4839,303,657,4176,6,0,0,60,0
2020-10-21,4898,301,656,4236,6,0,0,60,0
2020-10-22,4957,299,656,4295,6,0,0,60,0
2020-10-23,5016,298,655,4355,6,0,0,59,0
2020-10-24,5073,296,653,4414,6,0,0,59,0
2020-10-25,5131,293,652,4473,6,0,0,59,0
2020-10-26,5188,291,650,4532,6,0,0,59,0
2020-10-27,5245,289,648,4591,6,0,0,59,0
2020-10-28,5301,286,645,4650,6,0,0,59,0
2020-10-29,5357,284,643,4708,6,0,0,58,0
2020-10-30,5414,281,640,4767,7,0,0,58,0
2020-10-31,5469,278,637,4825,7,0,0,58,0
2020-11-01,5522,276,633,4882,7,0,0,58,0
2020-11-02,5577,273,630,4940,7,0,0,57,0
2020-11-03,5630,270,626,4997,7,0,0,57,0
2020-11-04,5683,267,622,5054,7,0,0,56,0
2020-11-05,5734,264,617,5110,7,0,0,56,0
2020-11-06,5786,260,613,5166,7,0,0,56,0
2020-11-07,5836,257,608,5221,7,0,0,55,0
2020-11-08,5886,254,603,5276,7,0,0,55,0
2020-11-09,5936,251,598,5331,7,0,0,54,0
2020-11-10,5985,247,593,5385,7,0,0,54,0
2020-11-11,6034,244,587,5439,8,0,0,53,0
2020-11-12,6082,240,582,5492,8,0,0,53,0
2020-11-13,6128,237,576,5544,8,0,0,52,0
2020-11-14,6174,233,570,5596,8,0,0,52,0
2020-11-15,6220,230,564,5648,8,0,0,51,0
2020-11-16,6265,226,558,5699,8,0,0,51,0
2020-11-17,6308,223,551,5749,8,0,0,50,0
2020-11-18,6352,219,545,5799,8,0,0,49,0
2020-11-19,6394,216,538,5848,8,0,0,49,0
2020-11-20,6436,212,531,5897,8,0,0,48,0
2020-11-21,6478,208,525,5945,8,0,0,48,0
2020-11-22,6518,205,518,5992,8,0,0,47,0
2020-11-23,6558,201,511,6039,8,0,0,46,0
2020-11-24,6597,198,504,6085,8,0,0,46,0
2020-11-25,6636,194,497,6131,8,0,0,45,0
2020-11-26,6675,191,490,6176,9,0,0,44,0
2020-11-27,6711,187,482,6220,9,0,0,44,0
2020-11-28,6747,183,475,6263,9,0,0,43,0
2020-11-29,6783,180,468,6306,9,0,0,42,0
2020-11-30,6819,177,461,6349,9,0,0,42,0
2020-12-01,6852,173,453,6390,9,0,0,41,0
2020-12-02,6886,170,446,6431,9,0,0,41,0
2020-12-03,6919,166,439,6471,9,0,0,40,0
2020-12-04,6952,163,432,6511,9,0,0,39,0
2020-12-05,6983,160,424,6550,9,0,0,39,0
2020-12-06,7014,156,417,6588,9,0,0,38,0
2020-12-07,7045,153,410,6626,9,0,0,37,0
2020-12-08,7075,150,403,6663,9,0,0,37,0
2020-12-09,7103,147,395,6699,9,0,0,36,0
2020-12-10,7132,144,388,6735,9,0,0,35,0
2020-12-11,7160,141,381,6770,9,0,0,35,0
2020-12-12,7187,138,374,6804,9,0,0,34,0
2020-12-13,7214,135,367,6838,9,0,0,33,0
2020-12-14,7240,132,360,6871,9,0,0,33,0
2020-12-15,7266,129,353,6903,10,0,0,32,0
2020-12-16,7291,126,346,6935,10,0,0,31,0
2020-12-17,7316,123,340,6966,10,0,0,31,0
2020-12-18,7340,120,333,6997,10,0,0,30,0
2020-12-19,7363,117,326,7027,10,0,0,30,0
2020-12-20,7386,115,320,7056,10,0,0,29,0
2020-12-21,7408,112,313,7085,10,0,0,28,0
2020-12-22,7430,110,307,7113,10,0,0,28,0
2020-12-23,7451,107,300,7141,10,0,0,27,0
2020-12-24,7472,105,294,7168,10,0,0,27,0
2020-12-25,7492,102,288,7194,10,0,0,26,0
2020-12-26,7512,100,282,7220,10,0,0,26,0
2020-12-27,7532,97,276,7246,10,0,0,25,0
2020-12-28,7551,95,270,7271,10,0,0,24,0
2020-12-29,7569,93,264,7295,10,0,0,24,0
2020-12-30,7587,90,258,7319,10,0,0,23,0
2020-12-31,7604,88,252,7342,10,0,0,23,0
2021-01-01,7622,86,247,7365,10,0,0,22,0
2021-01-02,7638,84,241,7387,10,0,0,22,0
2021-01-03,7654,82,236,7408,10,0,0,21,0
2021-01-04,7670,80,230,7430,10,0,0,21,0
2021-01-05,7685,78,225,7450,10,0,0,20,0
2021-01-06,7701,76,220,7471,10,0,0,20,0
2021-01-07,7716,74,215,7491,10,0,0,20,0
2021-01-08,7730,72,210,7510,10,0,0,19,0
2021-01-09,7744,70,205,7529,10,0,0,19,0
2021-01-10,7757,69,200,7547,10,0,0,18,0
2021-01-11,7771,67,196,7565,10,0,0,18,0
2021-01-12,7784,65,191,7583,10,0,0,17,0
2021-01-13,7796,64,186,7600,10,0,0,17,0
2021-01-14,7810,62,182,7617,11,0,0,17,0
2021-01-15,7822,60,178,7633,11,0,0,16,0
2021-01-16,7833,59,173,7649,11,0,0,16,0
2021-01-17,7845,57,169,7665,11,0,0,15,0
2021-01-18,7856,56,165,7680,11,0,0,15,0
2021-01-19,7867,54,161,7695,11,0,0,15,0
2021-01-20,7877,53,157,7709,11,0,0,14,0
2021-01-21,7887,52,153,7723,11,0,0,14,0
2021-01-22,7898,50,150,7737,11,0,0,14,0
2021-01-23,7908,49,146,7751,11,0,0,13,0
2021-01-24,7917,48,142,7764,11,0,0,13,0
2021-01-25,7927,47,139,7777,11,0,0,13,0
2021-01-26,7935,45,135,7789,11,0,0,12,0
2021-01-27,7944,44,132,7801,11,0,0,12,0
2021-01-28,7953,43,129,7813,11,0,0,12,0
2021-01-29,7961,42,125,7825,11,0,0,11,0
2021-01-30,7969,41,122,7836,11,0,0,11,0
2021-01-31,7977,40,119,7847,11,0,0,11,0
2021-02-01,7985,39,116,7858,11,0,0,11,0
2021-02-02,7992,38,113,7868,11,0,0,10,0
2021-02-03,7999,37,110,7878,11,0,0,10,0
2021-02-04,8006,36,107,7888,11,0,0,10,0
2021-02-05,8014,35,105,7898,11,0,0,9,0
2021-02-06,8020,34,102,7907,11,0,0,9,0
2021-02-07,8026,33,99,7916,11,0,0,9,0
2021-02-08,8033,32,97,7925,11,0,0,9,0
2021-02-09,8039,31,94,7934,11,0,0,9,0
2021-02-10,8045,30,92,7942,11,0,0,8,0
2021-02-11,8051,29,89,7951,11,0,0,8,0
2021-02-12,8057,29,87,7959,11,0,0,8,0
2021-02-13,8063,28,85,7967,11,0,0,8,0
2021-02-14,8068,27,83,7974,11,0,0,8,0
2021-02-15,8073,26,80,7982,11,0,0,7,0
2021-02-16,8078,26,78,7989,11,0,0,7,0
2021-02-17,8083,25,76,7996,11,0,0,7,0
2021-02-18,8088,24,74,8003,11,0,0,7,0
2021-02-19,8092,24,72,8009,11,0,0,7,0
2021-02-20,8097,23,70,8016,11,0,0,6,0
2021-02-21,8102,22,69,8022,11,0,0,6,0
2021-02-22,8106,22,67,8028,11,0,0,6,0
2021-02-23,8110,21,65,8034,11,0,0,6,0
2021-02-24,8114,21,63,8040,11,0,0,6,0
2021-02-25,8119,20,62,8046,11,0,0,6,0
2021-02-26,8123,20,60,8052,11,0,0,5,0
2021-02-27,8126,19,58,8057,11,0,0,5,0
2021-02-28,8130,19,57,8062,11,0,0,5,0
2021-03-01,8133,18,55,8067,11,0,0,5,0
2021-03-02,8137,18,54,8072,11,0,0,5,0
2021-03-03,8140,17,52,8077,11,0,0,5,0
2021-03-04,8144,17,51,8082,11,0,0,5,0
2021-03-05,8147,16,50,8086,11,0,0,5,0
2021-03-06,8150,16,48,8091,11,0,0,4,0
2021-03-07,8153,15,47,8095,11,0,0,4,0
2021-03-08,8156,15,46,8099,11,0,0,4,0
2021-03-09,8158,14,44,8103,11,0,0,4,0
2021-03-10,8161,14,43,8107,11,0,0,4,0
2021-03-11,8164,14,42,8111,11,0,0,4,0
2021-03-12,8167,13,41,8115,11,0,0,4,0
2021-03-13,8170,13,40,8119,11,0,0,4,0
2021-03-14,8172,13,39,8122,11,0,0,4,0
2021-03-15,8175,12,38,8126,11,0,0,3,0
2021-03-16,8177,12,37,8129,11,0,0,3,0
2021-03-17,8180,12,36,8133,11,0,0,3,0
2021-03-18,8182,11,35,8136,11,0,0,3,0
2021-03-19,8184,11,34,8139,11,0,0,3,0
2021-03-20,8186,11,33,8142,11,0,0,3,0
2021-03-21,8188,10,32,8145,11,0,0,3,0
2021-03-22,8190,10,31,8148,11,0,0,3,0
2021-03-23,8192,10,30,8151,11,0,0,3,0
2021-03-24,8193,10,29,8153,11,0,0,3,0
2021-03-25,8196,9,29,8156,11,0,0,3,0
2021-03-26,8198,9,28,8159,11,0,0,3,0
2021-03-27,8199,9,27,8161,11,0,0,2,0
2021-03-28,8200,9,26,8163,11,0,0,2,0
2021-03-29,8203,8,26,8166,11,0,0,2,0
2021-03-30,8204,8,25,8168,11,0,0,2,0
2021-03-31,8205,8,24,8170,11,0,0,2,0
2021-04-01,8208,8,24,8173,11,0,0,2,0
2021-04-02,8209,7,23,8175,11,0,0,2,0
2021-04-03,8210,7,22,8177,11,0,0,2,0
2021-04-04,8212,7,22,8179,11,0,0,2,0
2021-04-05,8213,7,21,8181,11,0,0,2,0
2021-04-06,8215,7,21,8183,11,0,0,2,0
2021-04-07,8215,6,20,8184,11,0,0,2,0
2021-04-08,8216,6,19,8186,11,0,0,2,0
2021-04-09,8218,6,19,8188,11,0,0,2,0
2021-04-10,8219,6,18,8190,11,0,0,2,0
2021-04-11,8220,6,18,8191,11,0,0,2,0
2021-04-12,8221,6,17,8193,11,0,0,2,0
2021-04-13,8222,5,17,8194,11,0,0,2,0
2021-04-14,8223,5,16,8196,11,0,0,1,0
2021-04-15,8224,5,16,8197,11,0,0,1,0
2021-04-16,8226,5,16,8199,11,0,0,1,0
2021-04-17,8226,5,15,8200,11,0,0,1,0
2021-04-18,8228,5,15,8202,11,0,0,1,0
2021-04-19,8228,5,14,8203,11,0,0,1,0
2021-04-20,8229,4,14,8204,11,0,0,1,0
2021-04-21,8231,4,14,8206,11,0,0,1,0
2021-04-22,8231,4,13,8207,11,0,0,1,0
2021-04-23,8232,4,13,8208,11,0,0,1,0
2021-04-24,8232,4,12,8209,11,0,0,1,0
2021-04-25,8233,4,12,8210,11,0,0,1,0
2021-04-26,8234,4,12,8211,11,0,0,1,0
2021-04-27,8234,4,11,8212,11,0,0,1,0
2021-04-28,8235,4,11,8213,11,0,0,1,0
2021-04-29,8236,3,11,8214,11,0,0,1,0
2021-04-30,8237,3,11,8215,11,0,0,1,0
2021-05-01,8237,3,10,8216,11,0,0,1,0
2021-05-02,8238,3,10,8217,11,0,0,1,0
2021-05-03,8239,3,10,8218,11,0,0,1,0
2021-05-04,8239,3,9,8219,11,0,0,1,0
2021-05-05,8240,3,9,8220,11,0,0,1,0
2021-05-06,8241,3,9,8221,11,0,0,1,0
2021-05-07,8241,3,9,8221,11,0,0,1,0
2021-05-08,8241,3,8,8222,11,0,0,1,0
2021-05-09,8242,3,8,8223,11,0,0,1,0
2021-05-10,8243,3,8,8224,11,0,0,1,0
2021-05-11,8243,2,8,8224,11,0,0,1,0
2021-05-12,8244,2,8,8225,11,0,0,1,0
2021-05-13,8244,2,7,8226,11,0,0,1,0
2021-05-14,8244,2,7,8226,11,0,0,1,0
2021-05-15,8245,2,7,8227,11,0,0,1,0
2021-05-16,8246,2,7,8228,11,0,0,1,0
2021-05-17,8246,2,7,8228,11,0,0,1,0
2021-05-18,8246,2,6,8229,11,0,0,1,0
2021-05-19,8246,2,6,8229,11,0,0,1,0
2021-05-20,8247,2,6,8230,11,0,0,1,0
2021-05-21,8248,2,6,8231,11,0,0,1,0
2021-05-22,8248,2,6,8231,11,0,0,1,0
2021-05-23,8249,2,6,8232,11,0,0,1,0
2021-05-24,8248,2,5,8232,11,0,0,0,0
2021-05-25,8249,2,5,8233,11,0,0,0,0
2021-05-26,8249,2,5,8233,11,0,0,0,0
2021-05-27,8249,2,5,8233,11,0,0,0,0
2021-05-28,8250,2,5,8234,11,0,0,0,0
2021-05-29,8250,1,5,8234,11,0,0,0,0
2021-05-30,8251,1,5,8235,11,0,0,0,0
2021-05-31,8250,1,4,8235,11,0,0,0,0
2021-06-01,8251,1,4,8236,11,0,0,0,0
2021-06-02,8251,1,4,8236,11,0,0,0,0
2021-06-03,8251,1,4,8236,11,0,0,0,0
2021-06-04,8252,1,4,8237,11,0,0,0,0
2021-06-05,8252,1,4,8237,11,0,0,0,0
2021-06-06,8252,1,4,8237,11,0,0,0,0
2021-06-07,8253,1,4,8238,11,0,0,0,0
2021-06-08,8253,1,4,8238,11,0,0,0,0
2021-06-09,8252,1,3,8238,11,0,0,0,0
2021-06-10,8253,1,3,8239,11,0,0,0,0
2021-06-11,8253,1,3,8239,11,0,0,0,0
2021-06-12,8253,1,3,8239,11,0,0,0,0
2021-06-13,8254,1,3,8240,11,0,0,0,0
2021-06-14,8254,1,3,8240,11,0,0,0,0
2021-06-15,8254,1,3,8240,11,0,0,0,0
2021-06-16,8254,1,3,8240,11,0,0,0,0
2021-06-17,8255,1,3,8241,11,0,0,0,0
2021-06-18,8255,1,3,8241,11,0,0,0,0
2021-06-19,8255,1,3,8241,11,0,0,0,0
2021-06-20,8255,1,3,8241,11,0,0,0,0
2021-06-21,8255,1,2,8242,11,0,0,0,0
2021-06-22,8255,1,2,8242,11,0,0,0,0
2021-06-23,8255,1,2,8242,11,0,0,0,0
2021-06-24,8255,1,2,8242,11,0,0,0,0
2021-06-25,8255,1,2,8242,11,0,0,0,0
2021-06-26,8256,1,2,8243,11,0,0,0,0
2021-06-27,8256,1,2,8243,11,0,0,0,0
2021-06-28,8256,1,2,8243,11,0,0,0,0
2021-06-29,8256,1,2,8243,11,0,0,0,0
2021-06-30,8256,1,2,8243,11,0,0,0,0
2021-07-01,8256,1,2,8243,11,0,0,0,0
2021-07-02,8257,1,2,8244,11,0,0,0,0
2021-07-03,8257,1,2,8244,11,0,0,0,0
2021-07-04,8257,1,2,8244,11,0,0,0,0
2021-07-05,8257,1,2,8244,11,0,0,0,0
2021-07-06,8257,1,2,8244,11,0,0,0,0
2021-07-07,8257,0,2,8244,11,0,0,0,0
2021-07-08,8258,0,2,8245,11,0,0,0,0
2021-07-09,8257,0,1,8245,11,0,0,0,0
