Date,Infected,Exposed,Active,Recovered,Deaths,Diff Exposed,Diff Active,Diff Recovered,Diff Deaths
2020-07-12,177,65,38,138,1,0,9,3,0
2020-07-13,189,56,46,142,1,0,7,4,0
2020-07-14,199,48,52,146,1,0,5,5,0
2020-07-15,208,43,56,151,1,0,3,5,0
2020-07-16,216,38,59,156,1,0,2,5,0
2020-07-17,224,35,61,162,1,0,1,5,0
2020-07-18,230,32,62,167,1,0,1,6,0
2020-07-19,236,30,62,173,1,0,0,6,0
2020-07-20,241,28,62,178,1,0,0,6,0
2020-07-21,247,27,62,184,1,0,0,6,0
2020-07-22,253,25,62,190,1,0,0,6,0
2020-07-23,257,24,61,195,1,0,0,5,0
2020-07-24,263,23,60,201,2,0,0,5,0
2020-07-25,267,23,59,206,2,0,0,5,0
2020-07-26,271,22,58,211,2,0,0,5,0
2020-07-27,275,21,57,216,2,0,0,5,0
2020-07-28,280,21,56,222,2,0,0,5,0
2020-07-29,284,20,55,227,2,0,0,5,0
2020-07-30,288,20,54,232,2,0,0,5,0
2020-07-31,291,19,53,236,2,0,0,5,0
2020-08-01,295,19,52,241,2,0,0,5,0
2020-08-02,299,18,51,246,2,0,0,5,0
2020-08-03,302,18,50,250,2,0,0,5,0
2020-08-04,306,17,49,255,2,0,0,4,0
2020-08-05,309,17,48,259,2,0,0,4,0
2020-08-06,312,17,47,263,2,0,0,4,0
2020-08-07,316,16,46,268,2,0,0,4,0
2020-08-08,319,16,45,272,2,0,0,4,0
2020-08-09,322,16,44,276,2,0,0,4,0
2020-08-10,325,15,43,280,2,0,0,4,0
2020-08-11,328,15,42,284,2,0,0,4,0
2020-08-12,330,15,41,287,2,0,0,4,0
2020-08-13,333,14,40,291,2,0,0,4,0
2020-08-14,337,14,40,295,2,0,0,4,0
2020-08-15,339,14,39,298,2,0,0,3,0
2020-08-16,342,13,38,302,2,0,0,3,0
2020-08-17,344,13,37,305,2,0,0,3,0
2020-08-18,346,13,36,308,2,0,0,3,0
2020-08-19,349,13,35,312,2,0,0,3,0
2020-08-20,352,12,35,315,2,0,0,3,0
2020-08-21,354,12,34,318,2,0,0,3,0
2020-08-22,356,12,33,321,2,0,0,3,0
2020-08-23,359,11,33,324,2,0,0,3,0
2020-08-24,361,11,32,327,2,0,0,3,0
2020-08-25,363,11,31,330,2,0,0,3,0
2020-08-26,365,11,30,332,3,0,0,3,0
2020-08-27,368,11,30,335,3,0,0,3,0
2020-08-28,370,10,29,338,3,0,0,3,0
2020-08-29,372,10,29,340,3,0,0,3,0
2020-08-30,374,10,28,343,3,0,0,3,0
2020-08-31,376,10,27,346,3,0,0,2,0
2020-09-01,378,9,27,348,3,0,0,2,0
2020-09-02,379,9,26,350,3,0,0,2,0
2020-09-03,382,9,26,353,3,0,0,2,0
2020-09-04,383,9,25,355,3,0,0,2,0
2020-09-05,384,9,24,357,3,0,0,2,0
2020-09-06,386,8,24,359,3,0,0,2,0
2020-09-07,388,8,23,362,3,0,0,2,0
2020-09-08,390,8,23,364,3,0,0,2,0
2020-09-09,391,8,22,366,3,0,0,2,0
2020-09-10,393,8,22,368,3,0,0,2,0
2020-09-11,394,8,21,370,3,0,0,2,0
2020-09-12,396,7,21,372,3,0,0,2,0
2020-09-13,398,7,21,374,3,0,0,2,0
2020-09-14,398,7,20,375,3,0,0,2,0
2020-09-15,400,7,20,377,3,0,0,2,0
2020-09-16,401,7,19,379,3,0,0,2,0
2020-09-17,403,7,19,381,3,0,0,2,0
2020-09-18,403,6,18,382,3,0,0,2,0
2020-09-19,405,6,18,384,3,0,0,2,0
2020-09-20,407,6,18,386,3,0,0,2,0
2020-09-21,407,6,17,387,3,0,0,2,0
2020-09-22,409,6,17,389,3,0,0,2,0
2020-09-23,409,6,16,390,3,0,0,1,0
2020-09-24,411,6,16,392,3,0,0,1,0
2020-09-25,412,6,16,393,3,0,0,1,0
2020-09-26,413,5,15,395,3,0,0,1,0
2020-09-27,414,5,15,396,3,0,0,1,0
2020-09-28,415,5,15,397,3,0,0,1,0
2020-09-29,416,5,14,399,3,0,0,1,0
2020-09-30,417,5,14,400,3,0,0,1,0
2020-10-01,418,5,14,401,3,0,0,1,0
2020-10-02,418,5,13,402,3,0,0,1,0
2020-10-03,420,5,13,404,3,0,0,1,0
2020-10-04,421,5,13,405,3,0,0,1,0
2020-10-05,422,4,13,406,3,0,0,1,0
2020-10-06,422,4,12,407,3,0,0,1,0
2020-10-07,423,4,12,408,3,0,0,1,0
2020-10-08,424,4,12,409,3,0,0,1,0
2020-10-09,425,4,12,410,3,0,0,1,0
2020-10-10,425,4,11,411,3,0,0,1,0
2020-10-11,426,4,11,412,3,0,0,1,0
2020-10-12,427,4,11,413,3,0,0,1,0
2020-10-13,428,4,11,414,3,0,0,1,0
2020-10-14,428,4,10,415,3,0,0,1,0
2020-10-15,429,4,10,416,3,0,0,1,0
2020-10-16,430,3,10,417,3,0,0,1,0
2020-10-17,431,3,10,418,3,0,0,1,0
2020-10-18,431,3,9,419,3,0,0,1,0
2020-10-19,432,3,9,420,3,0,0,1,0
2020-10-20,432,3,9,420,3,0,0,1,0
2020-10-21,433,3,9,421,3,0,0,1,0
2020-10-22,434,3,9,422,3,0,0,1,0
2020-10-23,434,3,8,423,3,0,0,1,0
2020-10-24,435,3,8,424,3,0,0,1,0
2020-10-25,435,3,8,424,3,0,0,1,0
2020-10-26,436,3,8,425,3,0,0,1,0
2020-10-27,437,3,8,426,3,0,0,1,0
2020-10-28,437,3,8,426,3,0,0,1,0
2020-10-29,437,3,7,427,3,0,0,1,0
2020-10-30,438,3,7,428,3,0,0,1,0
2020-10-31,438,2,7,428,3,0,0,1,0
2020-11-01,439,2,7,429,3,0,0,1,0
2020-11-02,440,2,7,430,3,0,0,1,0
2020-11-03,440,2,7,430,3,0,0,1,0
2020-11-04,440,2,6,431,3,0,0,1,0
2020-11-05,440,2,6,431,3,0,0,1,0
2020-11-06,441,2,6,432,3,0,0,1,0
2020-11-07,441,2,6,432,3,0,0,1,0
2020-11-08,442,2,6,433,3,0,0,1,0
2020-11-09,443,2,6,434,3,0,0,1,0
2020-11-10,443,2,6,434,3,0,0,1,0
2020-11-11,443,2,5,435,3,0,0,0,0
2020-11-12,443,2,5,435,3,0,0,0,0
2020-11-13,444,2,5,436,3,0,0,0,0
2020-11-14,444,2,5,436,3,0,0,0,0
2020-11-15,444,2,5,436,3,0,0,0,0
2020-11-16,445,2,5,437,3,0,0,0,0
2020-11-17,445,2,5,437,3,0,0,0,0
2020-11-18,446,2,5,438,3,0,0,0,0
2020-11-19,446,2,5,438,3,0,0,0,0
2020-11-20,446,2,4,439,3,0,0,0,0
2020-11-21,446,2,4,439,3,0,0,0,0
2020-11-22,446,1,4,439,3,0,0,0,0
2020-11-23,447,1,4,440,3,0,0,0,0
2020-11-24,447,1,4,440,3,0,0,0,0
2020-11-25,448,1,4,441,3,0,0,0,0
2020-11-26,448,1,4,441,3,0,0,0,0
2020-11-27,448,1,4,441,3,0,0,0,0
2020-11-28,449,1,4,442,3,0,0,0,0
2020-11-29,449,1,4,442,3,0,0,0,0
2020-11-30,449,1,4,442,3,0,0,0,0
2020-12-01,449,1,3,443,3,0,0,0,0
2020-12-02,449,1,3,443,3,0,0,0,0
2020-12-03,449,1,3,443,3,0,0,0,0
2020-12-04,449,1,3,443,3,0,0,0,0
2020-12-05,450,1,3,444,3,0,0,0,0
2020-12-06,450,1,3,444,3,0,0,0,0
2020-12-07,450,1,3,444,3,0,0,0,0
2020-12-08,451,1,3,445,3,0,0,0,0
2020-12-09,451,1,3,445,3,0,0,0,0
2020-12-10,451,1,3,445,3,0,0,0,0
2020-12-11,451,1,3,445,3,0,0,0,0
2020-12-12,452,1,3,446,3,0,0,0,0
2020-12-13,452,1,3,446,3,0,0,0,0
2020-12-14,452,1,3,446,3,0,0,0,0
2020-12-15,452,1,3,446,3,0,0,0,0
2020-12-16,452,1,2,447,3,0,0,0,0
2020-12-17,452,1,2,447,3,0,0,0,0
2020-12-18,452,1,2,447,3,0,0,0,0
2020-12-19,452,1,2,447,3,0,0,0,0
2020-12-20,452,1,2,447,3,0,0,0,0
2020-12-21,453,1,2,448,3,0,0,0,0
2020-12-22,453,1,2,448,3,0,0,0,0
2020-12-23,453,1,2,448,3,0,0,0,0
2020-12-24,453,1,2,448,3,0,0,0,0
2020-12-25,453,1,2,448,3,0,0,0,0
2020-12-26,454,1,2,449,3,0,0,0,0
2020-12-27,454,1,2,449,3,0,0,0,0
2020-12-28,454,1,2,449,3,0,0,0,0
2020-12-29,454,1,2,449,3,0,0,0,0
2020-12-30,454,1,2,449,3,0,0,0,0
2020-12-31,454,1,2,449,3,0,0,0,0
2021-01-01,455,1,2,450,3,0,0,0,0
2021-01-02,455,1,2,450,3,0,0,0,0
2021-01-03,455,1,2,450,3,0,0,0,0
2021-01-04,455,1,2,450,3,0,0,0,0
2021-01-05,455,1,2,450,3,0,0,0,0
2021-01-06,455,1,2,450,3,0,0,0,0
2021-01-07,456,1,2,451,3,0,0,0,0
2021-01-08,455,1,1,451,3,0,0,0,0
2021-01-09,455,1,1,451,3,0,0,0,0
2021-01-10,455,0,1,451,3,0,0,0,0
2021-01-11,455,0,1,451,3,0,0,0,0
2021-01-12,455,0,1,451,3,0,0,0,0
2021-01-13,455,0,1,451,3,0,0,0,0
2021-01-14,455,0,1,451,3,0,0,0,0
2021-01-15,456,0,1,452,3,0,0,0,0
2021-01-16,456,0,1,452,3,0,0,0,0
2021-01-17,456,0,1,452,3,0,0,0,0
2021-01-18,456,0,1,452,3,0,0,0,0
2021-01-19,456,0,1,452,3,0,0,0,0
2021-01-20,456,0,1,452,3,0,0,0,0
2021-01-21,456,0,1,452,3,0,0,0,0
2021-01-22,456,0,1,452,3,0,0,0,0
2021-01-23,456,0,1,452,3,0,0,0,0
2021-01-24,456,0,1,452,3,0,0,0,0
2021-01-25,457,0,1,453,3,0,0,0,0
2021-01-26,457,0,1,453,3,0,0,0,0
2021-01-27,457,0,1,453,3,0,0,0,0
2021-01-28,457,0,1,453,3,0,0,0,0
2021-01-29,457,0,1,453,3,0,0,0,0
2021-01-30,457,0,1,453,3,0,0,0,0
2021-01-31,457,0,1,453,3,0,0,0,0
2021-02-01,457,0,1,453,3,0,0,0,0
2021-02-02,457,0,1,453,3,0,0,0,0
2021-02-03,457,0,1,453,3,0,0,0,0
2021-02-04,457,0,1,453,3,0,0,0,0
2021-02-05,457,0,1,453,3,0,0,0,0
2021-02-06,457,0,1,453,3,0,0,0,0
2021-02-07,458,0,1,454,3,0,0,0,0
2021-02-08,458,0,1,454,3,0,0,0,0
2021-02-09,458,0,1,454,3,0,0,0,0
2021-02-10,458,0,1,454,3,0,0,0,0
2021-02-11,458,0,1,454,3,0,0,0,0
2021-02-12,458,0,1,454,3,0,0,0,0
2021-02-13,458,0,1,454,3,0,0,0,0
2021-02-14,458,0,1,454,3,0,0,0,0
2021-02-15,458,0,1,454,3,0,0,0,0
2021-02-16,458,0,1,454,3,0,0,0,0
2021-02-17,458,0,1,454,3,0,0,0,0
2021-02-18,458,0,1,454,3,0,0,0,0
2021-02-19,458,0,1,454,3,0,0,0,0
2021-02-20,458,0,1,454,3,0,0,0,0
2021-02-21,458,0,1,454,3,0,0,0,0
2021-02-22,458,0,1,454,3,0,0,0,0
2021-02-23,458,0,1,454,3,0,0,0,0
2021-02-24,459,0,1,455,3,0,0,0,0
2021-02-25,458,0,0,455,3,0,0,0,0
2021-02-26,458,0,0,455,3,0,0,0,0
2021-02-27,458,0,0,455,3,0,0,0,0
2021-02-28,458,0,0,455,3,0,0,0,0
2021-03-01,458,0,0,455,3,0,0,0,0
2021-03-02,458,0,0,455,3,0,0,0,0
2021-03-03,458,0,0,455,3,0,0,0,0
2021-03-04,458,0,0,455,3,0,0,0,0
2021-03-05,458,0,0,455,3,0,0,0,0
2021-03-06,458,0,0,455,3,0,0,0,0
2021-03-07,458,0,0,455,3,0,0,0,0
2021-03-08,458,0,0,455,3,0,0,0,0
2021-03-09,458,0,0,455,3,0,0,0,0
2021-03-10,458,0,0,455,3,0,0,0,0
2021-03-11,458,0,0,455,3,0,0,0,0
2021-03-12,458,0,0,455,3,0,0,0,0
2021-03-13,458,0,0,455,3,0,0,0,0
2021-03-14,458,0,0,455,3,0,0,0,0
2021-03-15,458,0,0,455,3,0,0,0,0
2021-03-16,458,0,0,455,3,0,0,0,0
2021-03-17,458,0,0,455,3,0,0,0,0
2021-03-18,458,0,0,455,3,0,0,0,0
2021-03-19,458,0,0,455,3,0,0,0,0
2021-03-20,458,0,0,455,3,0,0,0,0
2021-03-21,458,0,0,455,3,0,0,0,0
2021-03-22,458,0,0,455,3,0,0,0,0
2021-03-23,458,0,0,455,3,0,0,0,0
2021-03-24,458,0,0,455,3,0,0,0,0
2021-03-25,458,0,0,455,3,0,0,0,0
2021-03-26,459,0,0,456,3,0,0,0,0
2021-03-27,459,0,0,456,3,0,0,0,0
2021-03-28,459,0,0,456,3,0,0,0,0
2021-03-29,459,0,0,456,3,0,0,0,0
2021-03-30,459,0,0,456,3,0,0,0,0
2021-03-31,459,0,0,456,3,0,0,0,0
2021-04-01,459,0,0,456,3,0,0,0,0
2021-04-02,459,0,0,456,3,0,0,0,0
2021-04-03,459,0,0,456,3,0,0,0,0
2021-04-04,459,0,0,456,3,0,0,0,0
2021-04-05,459,0,0,456,3,0,0,0,0
2021-04-06,459,0,0,456,3,0,0,0,0
2021-04-07,459,0,0,456,3,0,0,0,0
2021-04-08,459,0,0,456,3,0,0,0,0
2021-04-09,459,0,0,456,3,0,0,0,0
2021-04-10,459,0,0,456,3,0,0,0,0
2021-04-11,459,0,0,456,3,0,0,0,0
2021-04-12,459,0,0,456,3,0,0,0,0
2021-04-13,459,0,0,456,3,0,0,0,0
2021-04-14,459,0,0,456,3,0,0,0,0
2021-04-15,459,0,0,456,3,0,0,0,0
2021-04-16,459,0,0,456,3,0,0,0,0
2021-04-17,459,0,0,456,3,0,0,0,0
2021-04-18,459,0,0,456,3,0,0,0,0
2021-04-19,459,0,0,456,3,0,0,0,0
2021-04-20,459,0,0,456,3,0,0,0,0
2021-04-21,459,0,0,456,3,0,0,0,0
2021-04-22,459,0,0,456,3,0,0,0,0
2021-04-23,459,0,0,456,3,0,0,0,0
2021-04-24,459,0,0,456,3,0,0,0,0
2021-04-25,459,0,0,456,3,0,0,0,0
2021-04-26,459,0,0,456,3,0,0,0,0
2021-04-27,459,0,0,456,3,0,0,0,0
2021-04-28,459,0,0,456,3,0,0,0,0
2021-04-29,459,0,0,456,3,0,0,0,0
2021-04-30,459,0,0,456,3,0,0,0,0
2021-05-01,459,0,0,456,3,0,0,0,0
2021-05-02,459,0,0,456,3,0,0,0,0
2021-05-03,459,0,0,456,3,0,0,0,0
2021-05-04,459,0,0,456,3,0,0,0,0
2021-05-05,459,0,0,456,3,0,0,0,0
2021-05-06,459,0,0,456,3,0,0,0,0
2021-05-07,459,0,0,456,3,0,0,0,0
2021-05-08,459,0,0,456,3,0,0,0,0
2021-05-09,459,0,0,456,3,0,0,0,0
2021-05-10,459,0,0,456,3,0,0,0,0
2021-05-11,459,0,0,456,3,0,0,0,0
2021-05-12,459,0,0,456,3,0,0,0,0
2021-05-13,459,0,0,456,3,0,0,0,0
2021-05-14,459,0,0,456,3,0,0,0,0
2021-05-15,459,0,0,456,3,0,0,0,0
2021-05-16,459,0,0,456,3,0,0,0,0
2021-05-17,459,0,0,456,3,0,0,0,0
2021-05-18,459,0,0,456,3,0,0,0,0
2021-05-19,459,0,0,456,3,0,0,0,0
2021-05-20,459,0,0,456,3,0,0,0,0
2021-05-21,459,0,0,456,3,0,0,0,0
2021-05-22,459,0,0,456,3,0,0,0,0
2021-05-23,459,0,0,456,3,0,0,0,0
2021-05-24,459,0,0,456,3,0,0,0,0
2021-05-25,459,0,0,456,3,0,0,0,0
2021-05-26,459,0,0,456,3,0,0,0,0
2021-05-27,459,0,0,456,3,0,0,0,0
2021-05-28,459,0,0,456,3,0,0,0,0
2021-05-29,459,0,0,456,3,0,0,0,0
2021-05-30,459,0,0,456,3,0,0,0,0
2021-05-31,459,0,0,456,3,0,0,0,0
2021-06-01,459,0,0,456,3,0,0,0,0
2021-06-02,459,0,0,456,3,0,0,0,0
2021-06-03,459,0,0,456,3,0,0,0,0
2021-06-04,459,0,0,456,3,0,0,0,0
2021-06-05,459,0,0,456,3,0,0,0,0
2021-06-06,459,0,0,456,3,0,0,0,0
2021-06-07,459,0,0,456,3,0,0,0,0
2021-06-08,459,0,0,456,3,0,0,0,0
2021-06-09,459,0,0,456,3,0,0,0,0
2021-06-10,459,0,0,456,3,0,0,0,0
2021-06-11,459,0,0,456,3,0,0,0,0
2021-06-12,459,0,0,456,3,0,0,0,0
2021-06-13,459,0,0,456,3,0,0,0,0
2021-06-14,459,0,0,456,3,0,0,0,0
2021-06-15,459,0,0,456,3,0,0,0,0
2021-06-16,459,0,0,456,3,0,0,0,0
2021-06-17,459,0,0,456,3,0,0,0,0
2021-06-18,459,0,0,456,3,0,0,0,0
2021-06-19,459,0,0,456,3,0,0,0,0
2021-06-20,459,0,0,456,3,0,0,0,0
2021-06-21,459,0,0,456,3,0,0,0,0
2021-06-22,459,0,0,456,3,0,0,0,0
2021-06-23,459,0,0,456,3,0,0,0,0
2021-06-24,459,0,0,456,3,0,0,0,0
2021-06-25,459,0,0,456,3,0,0,0,0
2021-06-26,459,0,0,456,3,0,0,0,0
2021-06-27,459,0,0,456,3,0,0,0,0
2021-06-28,459,0,0,456,3,0,0,0,0
2021-06-29,459,0,0,456,3,0,0,0,0
2021-06-30,459,0,0,456,3,0,0,0,0
2021-07-01,459,0,0,456,3,0,0,0,0
2021-07-02,459,0,0,456,3,0,0,0,0
2021-07-03,459,0,0,456,3,0,0,0,0
2021-07-04,459,0,0,456,3,0,0,0,0
2021-07-05,459,0,0,456,3,0,0,0,0
2021-07-06,459,0,0,456,3,0,0,0,0
2021-07-07,459,0,0,456,3,0,0,0,0
