Date,Infected,Exposed,Active,Recovered,Deaths,Diff Exposed,Diff Active,Diff Recovered,Diff Deaths
2020-07-14,598,157,122,475,1,0,20,11,0
2020-07-15,627,141,140,486,1,0,15,13,0
2020-07-16,654,130,153,500,1,0,12,14,0
2020-07-17,679,123,164,514,1,0,9,15,0
2020-07-18,702,117,172,529,1,0,7,16,0
2020-07-19,725,113,179,545,1,0,6,16,0
2020-07-20,748,111,185,561,2,0,5,17,0
2020-07-21,769,110,189,578,2,0,4,17,0
2020-07-22,791,109,193,596,2,0,4,18,0
2020-07-23,812,108,197,613,2,0,3,18,0
2020-07-24,833,109,200,631,2,0,3,18,0
2020-07-25,855,109,203,650,2,1,3,18,0
2020-07-26,876,110,206,668,2,1,3,19,0
2020-07-27,898,110,209,687,2,1,3,19,0
2020-07-28,919,111,211,706,2,1,3,19,0
2020-07-29,941,112,214,725,2,1,3,19,0
2020-07-30,964,113,217,745,2,1,2,20,0
2020-07-31,985,114,219,764,2,1,2,20,0
2020-08-01,1007,115,221,784,2,1,2,20,0
2020-08-02,1030,116,224,804,2,1,2,20,0
2020-08-03,1053,117,226,825,2,1,2,21,0
2020-08-04,1076,119,229,845,2,1,2,21,0
2020-08-05,1099,120,231,866,2,1,2,21,0
2020-08-06,1123,121,234,887,2,1,2,21,0
2020-08-07,1147,122,236,909,2,1,2,21,0
2020-08-08,1172,123,239,930,3,1,2,22,0
2020-08-09,1196,124,241,952,3,1,2,22,0
2020-08-10,1221,126,244,974,3,1,2,22,0
2020-08-11,1245,127,246,996,3,1,2,22,0
2020-08-12,1270,128,249,1018,3,1,2,23,0
2020-08-13,1295,129,251,1041,3,1,2,23,0
2020-08-14,1321,130,254,1064,3,1,3,23,0
2020-08-15,1346,132,256,1087,3,1,3,23,0
2020-08-16,1372,133,259,1110,3,1,3,23,0
2020-08-17,1398,134,261,1134,3,1,3,24,0
2020-08-18,1424,135,264,1157,3,1,3,24,0
2020-08-19,1450,136,266,1181,3,1,3,24,0
2020-08-20,1478,137,269,1206,3,1,3,24,0
2020-08-21,1504,139,271,1230,3,1,3,25,0
2020-08-22,1532,140,274,1255,3,1,3,25,0
2020-08-23,1559,141,276,1280,3,1,3,25,0
2020-08-24,1588,142,279,1305,4,1,3,25,0
2020-08-25,1615,143,281,1330,4,1,3,26,0
2020-08-26,1644,145,284,1356,4,1,3,26,0
2020-08-27,1672,146,286,1382,4,1,3,26,0
2020-08-28,1701,147,289,1408,4,1,3,26,0
2020-08-29,1729,148,291,1434,4,1,3,26,0
2020-08-30,1758,149,294,1460,4,1,3,27,0
2020-08-31,1787,150,296,1487,4,1,3,27,0
2020-09-01,1817,151,299,1514,4,1,3,27,0
2020-09-02,1847,153,302,1541,4,1,3,27,0
2020-09-03,1877,154,304,1569,4,1,2,28,0
2020-09-04,1907,155,307,1596,4,1,2,28,0
2020-09-05,1937,156,309,1624,4,1,2,28,0
2020-09-06,1968,157,311,1652,5,1,2,28,0
2020-09-07,2000,158,314,1681,5,1,2,28,0
2020-09-08,2030,159,316,1709,5,1,2,29,0
2020-09-09,2062,160,319,1738,5,1,2,29,0
2020-09-10,2093,161,321,1767,5,1,2,29,0
2020-09-11,2125,162,324,1796,5,1,2,29,0
2020-09-12,2157,163,326,1826,5,1,2,30,0
2020-09-13,2189,164,329,1855,5,1,2,30,0
2020-09-14,2221,166,331,1885,5,1,2,30,0
2020-09-15,2253,167,333,1915,5,1,2,30,0
2020-09-16,2287,168,336,1946,5,1,2,30,0
2020-09-17,2319,169,338,1976,5,1,2,31,0
2020-09-18,2352,170,340,2007,5,1,2,31,0
2020-09-19,2387,171,343,2038,6,1,2,31,0
2020-09-20,2420,171,345,2069,6,1,2,31,0
2020-09-21,2453,172,347,2100,6,1,2,31,0
2020-09-22,2487,173,349,2132,6,1,2,32,0
2020-09-23,2521,174,352,2163,6,1,2,32,0
2020-09-24,2555,175,354,2195,6,1,2,32,0
2020-09-25,2590,176,356,2228,6,1,2,32,0
2020-09-26,2624,177,358,2260,6,1,2,32,0
2020-09-27,2658,178,360,2292,6,1,2,33,0
2020-09-28,2693,179,362,2325,6,1,2,33,0
2020-09-29,2728,179,364,2358,6,1,2,33,0
2020-09-30,2764,180,366,2391,7,1,2,33,0
2020-10-01,2799,181,368,2424,7,1,2,33,0
2020-10-02,2835,182,370,2458,7,1,2,34,0
2020-10-03,2871,183,372,2492,7,1,2,34,0
2020-10-04,2906,183,374,2525,7,1,2,34,0
2020-10-05,2942,184,376,2559,7,1,2,34,0
2020-10-06,2979,185,378,2594,7,1,2,34,0
2020-10-07,3015,185,380,2628,7,1,2,34,0
2020-10-08,3051,186,382,2662,7,1,2,35,0
2020-10-09,3088,187,384,2697,7,1,2,35,0
2020-10-10,3124,187,385,2732,7,1,2,35,0
2020-10-11,3162,188,387,2767,8,1,2,35,0
2020-10-12,3199,189,389,2802,8,1,2,35,0
2020-10-13,3235,189,390,2837,8,1,2,35,0
2020-10-14,3273,190,392,2873,8,1,2,36,0
2020-10-15,3309,190,393,2908,8,1,2,36,0
2020-10-16,3347,191,395,2944,8,0,1,36,0
2020-10-17,3384,191,396,2980,8,0,1,36,0
2020-10-18,3422,192,398,3016,8,0,1,36,0
2020-10-19,3459,192,399,3052,8,0,1,36,0
2020-10-20,3497,192,401,3088,8,0,1,36,0
2020-10-21,3536,193,402,3125,9,0,1,36,0
2020-10-22,3573,193,403,3161,9,0,1,37,0
2020-10-23,3611,194,404,3198,9,0,1,37,0
2020-10-24,3649,194,406,3234,9,0,1,37,0
2020-10-25,3687,194,407,3271,9,0,1,37,0
2020-10-26,3725,194,408,3308,9,0,1,37,0
2020-10-27,3763,195,409,3345,9,0,1,37,0
2020-10-28,3801,195,410,3382,9,0,1,37,0
2020-10-29,3839,195,411,3419,9,0,1,37,0
2020-10-30,3878,195,412,3457,9,0,1,37,0
2020-10-31,3916,195,412,3494,10,0,1,37,0
2020-11-01,3954,196,413,3531,10,0,1,37,0
2020-11-02,3993,196,414,3569,10,0,1,38,0
2020-11-03,4031,196,415,3606,10,0,1,38,0
2020-11-04,4069,196,415,3644,10,0,1,38,0
2020-11-05,4108,196,416,3682,10,0,1,38,0
2020-11-06,4147,196,417,3720,10,0,1,38,0
2020-11-07,4184,196,417,3757,10,0,0,38,0
2020-11-08,4223,196,418,3795,10,0,0,38,0
2020-11-09,4261,196,418,3833,10,0,0,38,0
2020-11-10,4300,196,418,3871,11,0,0,38,0
2020-11-11,4339,196,419,3909,11,0,0,38,0
2020-11-12,4377,196,419,3947,11,0,0,38,0
2020-11-13,4415,195,419,3985,11,0,0,38,0
2020-11-14,4453,195,419,4023,11,0,0,38,0
2020-11-15,4492,195,420,4061,11,0,0,38,0
2020-11-16,4530,195,420,4099,11,0,0,38,0
2020-11-17,4568,195,420,4137,11,0,0,38,0
2020-11-18,4606,194,420,4175,11,0,0,38,0
2020-11-19,4645,194,420,4213,12,0,0,38,0
2020-11-20,4683,194,420,4251,12,0,0,38,0
2020-11-21,4720,193,419,4289,12,0,0,38,0
2020-11-22,4758,193,419,4327,12,0,0,38,0
2020-11-23,4796,193,419,4365,12,0,0,38,0
2020-11-24,4834,192,419,4403,12,0,0,38,0
2020-11-25,4871,192,418,4441,12,0,0,38,0
2020-11-26,4909,191,418,4479,12,0,0,38,0
2020-11-27,4946,191,417,4517,12,0,0,38,0
2020-11-28,4984,190,417,4555,12,0,0,38,0
2020-11-29,5021,190,416,4592,13,0,0,38,0
2020-11-30,5059,189,416,4630,13,0,0,38,0
2020-12-01,5096,189,415,4668,13,0,0,38,0
2020-12-02,5132,188,414,4705,13,0,0,38,0
2020-12-03,5169,188,413,4743,13,0,0,37,0
2020-12-04,5206,187,413,4780,13,0,0,37,0
2020-12-05,5243,187,412,4818,13,0,0,37,0
2020-12-06,5279,186,411,4855,13,0,0,37,0
2020-12-07,5315,185,410,4892,13,0,0,37,0
2020-12-08,5352,185,409,4930,13,0,0,37,0
2020-12-09,5389,184,408,4967,14,0,0,37,0
2020-12-10,5425,183,407,5004,14,0,0,37,0
2020-12-11,5460,182,406,5040,14,0,0,37,0
2020-12-12,5496,182,405,5077,14,0,0,37,0
2020-12-13,5532,181,404,5114,14,0,0,37,0
2020-12-14,5566,180,402,5150,14,0,0,36,0
2020-12-15,5602,179,401,5187,14,0,0,36,0
2020-12-16,5637,178,400,5223,14,0,0,36,0
2020-12-17,5671,178,398,5259,14,0,0,36,0
2020-12-18,5706,177,397,5295,14,0,0,36,0
2020-12-19,5741,176,395,5331,15,0,0,36,0
2020-12-20,5776,175,394,5367,15,0,0,36,0
2020-12-21,5810,174,392,5403,15,0,0,36,0
2020-12-22,5844,173,391,5438,15,0,0,35,0
2020-12-23,5878,172,389,5474,15,0,0,35,0
2020-12-24,5912,171,388,5509,15,0,0,35,0
2020-12-25,5945,170,386,5544,15,0,0,35,0
2020-12-26,5978,169,384,5579,15,0,0,35,0
2020-12-27,6012,169,383,5614,15,0,0,35,0
2020-12-28,6044,168,381,5648,15,0,0,35,0
2020-12-29,6078,167,379,5683,16,0,0,34,0
2020-12-30,6110,166,377,5717,16,0,0,34,0
2020-12-31,6142,165,375,5751,16,0,0,34,0
2021-01-01,6175,164,374,5785,16,0,0,34,0
2021-01-02,6207,162,372,5819,16,0,0,34,0
2021-01-03,6239,161,370,5853,16,0,0,34,0
2021-01-04,6270,160,368,5886,16,0,0,33,0
2021-01-05,6301,159,366,5919,16,0,0,33,0
2021-01-06,6332,158,364,5952,16,0,0,33,0
2021-01-07,6363,157,362,5985,16,0,0,33,0
2021-01-08,6394,156,360,6018,16,0,0,33,0
2021-01-09,6426,155,358,6051,17,0,0,32,0
2021-01-10,6455,154,355,6083,17,0,0,32,0
2021-01-11,6485,153,353,6115,17,0,0,32,0
2021-01-12,6515,152,351,6147,17,0,0,32,0
2021-01-13,6545,151,349,6179,17,0,0,32,0
2021-01-14,6574,150,347,6210,17,0,0,31,0
2021-01-15,6604,148,345,6242,17,0,0,31,0
2021-01-16,6632,147,342,6273,17,0,0,31,0
2021-01-17,6661,146,340,6304,17,0,0,31,0
2021-01-18,6690,145,338,6335,17,0,0,31,0
2021-01-19,6718,144,336,6365,17,0,0,30,0
2021-01-20,6746,143,333,6396,17,0,0,30,0
2021-01-21,6775,142,331,6426,18,0,0,30,0
2021-01-22,6803,140,329,6456,18,0,0,30,0
2021-01-23,6829,139,326,6485,18,0,0,30,0
2021-01-24,6857,138,324,6515,18,0,0,29,0
2021-01-25,6884,137,322,6544,18,0,0,29,0
2021-01-26,6910,136,319,6573,18,0,0,29,0
2021-01-27,6937,135,317,6602,18,0,0,29,0
2021-01-28,6963,134,314,6631,18,0,0,29,0
2021-01-29,6989,132,312,6659,18,0,0,28,0
2021-01-30,7015,131,310,6687,18,0,0,28,0
2021-01-31,7040,130,307,6715,18,0,0,28,0
2021-02-01,7066,129,305,6743,18,0,0,28,0
2021-02-02,7091,128,302,6771,18,0,0,27,0
2021-02-03,7117,127,300,6798,19,0,0,27,0
2021-02-04,7141,125,297,6825,19,0,0,27,0
2021-02-05,7166,124,295,6852,19,0,0,27,0
2021-02-06,7191,123,293,6879,19,0,0,27,0
2021-02-07,7214,122,290,6905,19,0,0,26,0
2021-02-08,7238,121,288,6931,19,0,0,26,0
2021-02-09,7261,120,285,6957,19,0,0,26,0
2021-02-10,7285,119,283,6983,19,0,0,26,0
2021-02-11,7308,117,280,7009,19,0,0,25,0
2021-02-12,7331,116,278,7034,19,0,0,25,0
2021-02-13,7353,115,275,7059,19,0,0,25,0
2021-02-14,7376,114,273,7084,19,0,0,25,0
2021-02-15,7398,113,270,7109,19,0,0,25,0
2021-02-16,7420,112,268,7133,19,0,0,24,0
2021-02-17,7443,111,266,7157,20,0,0,24,0
2021-02-18,7464,110,263,7181,20,0,0,24,0
2021-02-19,7486,108,261,7205,20,0,0,24,0
2021-02-20,7507,107,258,7229,20,0,0,23,0
2021-02-21,7528,106,256,7252,20,0,0,23,0
2021-02-22,7548,105,253,7275,20,0,0,23,0
2021-02-23,7569,104,251,7298,20,0,0,23,0
2021-02-24,7590,103,249,7321,20,0,0,23,0
2021-02-25,7609,102,246,7343,20,0,0,22,0
2021-02-26,7629,101,244,7365,20,0,0,22,0
2021-02-27,7648,100,241,7387,20,0,0,22,0
2021-02-28,7668,99,239,7409,20,0,0,22,0
2021-03-01,7688,98,237,7431,20,0,0,21,0
2021-03-02,7706,97,234,7452,20,0,0,21,0
2021-03-03,7725,96,232,7473,20,0,0,21,0
2021-03-04,7744,95,230,7494,20,0,0,21,0
2021-03-05,7763,93,227,7515,21,0,0,21,0
2021-03-06,7781,92,225,7535,21,0,0,20,0
2021-03-07,7800,91,223,7556,21,0,0,20,0
2021-03-08,7817,90,220,7576,21,0,0,20,0
2021-03-09,7835,89,218,7596,21,0,0,20,0
2021-03-10,7852,88,216,7615,21,0,0,20,0
2021-03-11,7869,87,213,7635,21,0,0,19,0
2021-03-12,7886,86,211,7654,21,0,0,19,0
2021-03-13,7903,85,209,7673,21,0,0,19,0
2021-03-14,7920,84,207,7692,21,0,0,19,0
2021-03-15,7937,84,205,7711,21,0,0,19,0
2021-03-16,7952,83,202,7729,21,0,0,18,0
2021-03-17,7969,82,200,7748,21,0,0,18,0
2021-03-18,7985,81,198,7766,21,0,0,18,0
2021-03-19,8001,80,196,7784,21,0,0,18,0
2021-03-20,8016,79,194,7801,21,0,0,18,0
2021-03-21,8031,78,191,7819,21,0,0,17,0
2021-03-22,8046,77,189,7836,21,0,0,17,0
2021-03-23,8061,76,187,7853,21,0,0,17,0
2021-03-24,8076,75,185,7870,21,0,0,17,0
2021-03-25,8092,74,183,7887,22,0,0,17,0
2021-03-26,8106,73,181,7903,22,0,0,16,0
2021-03-27,8121,73,179,7920,22,0,0,16,0
2021-03-28,8135,72,177,7936,22,0,0,16,0
2021-03-29,8149,71,175,7952,22,0,0,16,0
2021-03-30,8162,70,173,7967,22,0,0,16,0
2021-03-31,8176,69,171,7983,22,0,0,15,0
2021-04-01,8189,68,169,7998,22,0,0,15,0
2021-04-02,8203,67,167,8014,22,0,0,15,0
2021-04-03,8216,67,165,8029,22,0,0,15,0
2021-04-04,8229,66,163,8044,22,0,0,15,0
2021-04-05,8241,65,161,8058,22,0,0,15,0
2021-04-06,8254,64,159,8073,22,0,0,14,0
2021-04-07,8266,63,157,8087,22,0,0,14,0
2021-04-08,8278,63,155,8101,22,0,0,14,0
2021-04-09,8291,62,154,8115,22,0,0,14,0
2021-04-10,8303,61,152,8129,22,0,0,14,0
2021-04-11,8315,60,150,8143,22,0,0,14,0
2021-04-12,8327,60,148,8157,22,0,0,13,0
2021-04-13,8338,59,146,8170,22,0,0,13,0
2021-04-14,8350,58,145,8183,22,0,0,13,0
2021-04-15,8361,57,143,8196,22,0,0,13,0
2021-04-16,8372,57,141,8209,22,0,0,13,0
2021-04-17,8383,56,139,8222,22,0,0,13,0
2021-04-18,8394,55,138,8234,22,0,0,12,0
2021-04-19,8406,54,136,8247,23,0,0,12,0
2021-04-20,8416,54,134,8259,23,0,0,12,0
2021-04-21,8427,53,133,8271,23,0,0,12,0
2021-04-22,8437,52,131,8283,23,0,0,12,0
2021-04-23,8447,52,129,8295,23,0,0,12,0
2021-04-24,8458,51,128,8307,23,0,0,12,0
2021-04-25,8467,50,126,8318,23,0,0,11,0
2021-04-26,8477,50,124,8330,23,0,0,11,0
2021-04-27,8487,49,123,8341,23,0,0,11,0
2021-04-28,8496,48,121,8352,23,0,0,11,0
2021-04-29,8506,48,120,8363,23,0,0,11,0
2021-04-30,8515,47,118,8374,23,0,0,11,0
2021-05-01,8524,47,117,8384,23,0,0,11,0
2021-05-02,8533,46,115,8395,23,0,0,10,0
2021-05-03,8542,45,114,8405,23,0,0,10,0
2021-05-04,8550,45,112,8415,23,0,0,10,0
2021-05-05,8560,44,111,8426,23,0,0,10,0
2021-05-06,8569,44,110,8436,23,0,0,10,0
2021-05-07,8577,43,108,8446,23,0,0,10,0
2021-05-08,8585,42,107,8455,23,0,0,10,0
2021-05-09,8593,42,105,8465,23,0,0,10,0
2021-05-10,8601,41,104,8474,23,0,0,9,0
2021-05-11,8610,41,103,8484,23,0,0,9,0
2021-05-12,8617,40,101,8493,23,0,0,9,0
2021-05-13,8625,40,100,8502,23,0,0,9,0
2021-05-14,8633,39,99,8511,23,0,0,9,0
2021-05-15,8640,39,97,8520,23,0,0,9,0
2021-05-16,8648,38,96,8529,23,0,0,9,0
2021-05-17,8656,38,95,8538,23,0,0,9,0
2021-05-18,8663,37,94,8546,23,0,0,8,0
2021-05-19,8670,37,92,8555,23,0,0,8,0
2021-05-20,8677,36,91,8563,23,0,0,8,0
2021-05-21,8684,36,90,8571,23,0,0,8,0
2021-05-22,8691,35,89,8579,23,0,0,8,0
2021-05-23,8698,35,88,8587,23,0,0,8,0
2021-05-24,8704,34,86,8595,23,0,0,8,0
2021-05-25,8711,34,85,8603,23,0,0,8,0
2021-05-26,8719,33,84,8611,24,0,0,8,0
2021-05-27,8725,33,83,8618,24,0,0,8,0
2021-05-28,8732,32,82,8626,24,0,0,7,0
2021-05-29,8738,32,81,8633,24,0,0,7,0
2021-05-30,8744,31,80,8640,24,0,0,7,0
2021-05-31,8750,31,79,8647,24,0,0,7,0
2021-06-01,8757,31,78,8655,24,0,0,7,0
2021-06-02,8762,30,76,8662,24,0,0,7,0
2021-06-03,8767,30,75,8668,24,0,0,7,0
2021-06-04,8773,29,74,8675,24,0,0,7,0
2021-06-05,8779,29,73,8682,24,0,0,7,0
2021-06-06,8785,29,72,8689,24,0,0,7,0
2021-06-07,8790,28,71,8695,24,0,0,6,0
2021-06-08,8796,28,70,8702,24,0,0,6,0
2021-06-09,8801,27,69,8708,24,0,0,6,0
2021-06-10,8807,27,69,8714,24,0,0,6,0
2021-06-11,8812,27,68,8720,24,0,0,6,0
2021-06-12,8817,26,67,8726,24,0,0,6,0
2021-06-13,8822,26,66,8732,24,0,0,6,0
2021-06-14,8827,25,65,8738,24,0,0,6,0
2021-06-15,8832,25,64,8744,24,0,0,6,0
2021-06-16,8837,25,63,8750,24,0,0,6,0
2021-06-17,8842,24,62,8756,24,0,0,6,0
2021-06-18,8846,24,61,8761,24,0,0,6,0
2021-06-19,8851,24,60,8767,24,0,0,5,0
2021-06-20,8856,23,60,8772,24,0,0,5,0
2021-06-21,8861,23,59,8778,24,0,0,5,0
2021-06-22,8865,23,58,8783,24,0,0,5,0
2021-06-23,8869,22,57,8788,24,0,0,5,0
2021-06-24,8873,22,56,8793,24,0,0,5,0
2021-06-25,8878,22,56,8798,24,0,0,5,0
2021-06-26,8882,22,55,8803,24,0,0,5,0
2021-06-27,8886,21,54,8808,24,0,0,5,0
2021-06-28,8890,21,53,8813,24,0,0,5,0
2021-06-29,8895,21,53,8818,24,0,0,5,0
2021-06-30,8899,20,52,8823,24,0,0,5,0
2021-07-01,8903,20,51,8828,24,0,0,5,0
2021-07-02,8906,20,50,8832,24,0,0,5,0
2021-07-03,8911,19,50,8837,24,0,0,5,0
2021-07-04,8914,19,49,8841,24,0,0,4,0
2021-07-05,8918,19,48,8846,24,0,0,4,0
2021-07-06,8922,19,48,8850,24,0,0,4,0
2021-07-07,8925,18,47,8854,24,0,0,4,0
2021-07-08,8928,18,46,8858,24,0,0,4,0
2021-07-09,8933,18,46,8863,24,0,0,4,0
