Date,Infected,Exposed,Active,Recovered,Deaths,Diff Exposed,Diff Active,Diff Recovered,Diff Deaths
2020-07-20,102,61,18,84,0,0,10,2,0
2020-07-21,113,53,27,86,0,0,8,2,0
2020-07-22,122,47,34,88,0,0,6,3,0
2020-07-23,132,43,40,92,0,0,5,4,0
2020-07-24,139,40,44,95,0,0,4,4,0
2020-07-25,148,39,48,100,0,0,3,4,0
2020-07-26,155,38,51,104,0,0,3,5,0
2020-07-27,163,38,54,109,0,0,2,5,0
2020-07-28,170,38,56,114,0,0,2,5,0
2020-07-29,177,38,58,119,0,0,2,5,0
2020-07-30,185,39,61,124,0,1,2,5,0
2020-07-31,193,39,63,130,0,1,2,6,0
2020-08-01,201,40,65,136,0,1,2,6,0
2020-08-02,209,41,67,142,0,1,2,6,0
2020-08-03,218,42,69,148,1,1,2,6,0
2020-08-04,226,43,71,154,1,1,2,6,0
2020-08-05,234,44,73,160,1,1,2,7,0
2020-08-06,243,45,75,167,1,1,2,7,0
2020-08-07,252,46,77,174,1,1,2,7,0
2020-08-08,261,48,79,181,1,1,2,7,0
2020-08-09,270,49,81,188,1,1,2,7,0
2020-08-10,279,50,83,195,1,1,2,8,0
2020-08-11,290,52,86,203,1,1,2,8,0
2020-08-12,300,53,88,211,1,1,2,8,0
2020-08-13,310,54,90,219,1,1,2,8,0
2020-08-14,321,56,93,227,1,1,2,8,0
2020-08-15,332,57,95,236,1,1,3,9,0
2020-08-16,343,59,98,244,1,1,3,9,0
2020-08-17,354,60,100,253,1,2,3,9,0
2020-08-18,367,62,103,263,1,2,3,9,0
2020-08-19,379,63,106,272,1,2,3,10,0
2020-08-20,392,65,109,282,1,2,3,10,0
2020-08-21,405,66,112,292,1,2,3,10,0
2020-08-22,417,68,114,302,1,2,3,10,0
2020-08-23,430,70,117,312,1,2,3,11,0
2020-08-24,444,72,120,323,1,2,3,11,0
2020-08-25,459,73,124,334,1,2,3,11,0
2020-08-26,473,75,127,345,1,2,3,11,0
2020-08-27,488,77,130,357,1,2,3,12,0
2020-08-28,503,79,133,369,1,2,3,12,0
2020-08-29,519,81,137,381,1,2,3,12,0
2020-08-30,535,83,140,394,1,2,3,13,0
2020-08-31,551,85,144,406,1,2,4,13,0
2020-09-01,567,86,147,419,1,2,4,13,0
2020-09-02,586,88,151,433,2,2,4,14,0
2020-09-03,603,91,154,447,2,2,4,14,0
2020-09-04,621,93,158,461,2,2,4,14,0
2020-09-05,639,95,162,475,2,2,4,15,0
2020-09-06,658,97,166,490,2,2,4,15,0
2020-09-07,677,99,170,505,2,2,4,15,0
2020-09-08,697,101,174,521,2,2,4,16,0
2020-09-09,717,103,178,537,2,2,4,16,0
2020-09-10,737,105,182,553,2,2,4,16,0
2020-09-11,757,108,186,569,2,2,4,17,0
2020-09-12,778,110,190,586,2,2,4,17,0
2020-09-13,801,112,195,604,2,2,4,18,0
2020-09-14,823,115,199,622,2,2,4,18,0
2020-09-15,845,117,203,640,2,2,4,18,0
2020-09-16,868,119,208,658,2,2,4,19,0
2020-09-17,891,122,212,677,2,2,5,19,0
2020-09-18,916,124,217,697,2,2,5,20,0
2020-09-19,940,126,221,716,3,2,5,20,0
2020-09-20,966,129,226,737,3,2,5,20,0
2020-09-21,991,131,231,757,3,2,5,21,0
2020-09-22,1016,133,235,778,3,2,5,21,0
2020-09-23,1043,136,240,800,3,2,5,22,0
2020-09-24,1070,138,245,822,3,2,5,22,0
2020-09-25,1097,141,250,844,3,2,5,23,0
2020-09-26,1125,143,255,867,3,2,5,23,0
2020-09-27,1153,145,260,890,3,2,5,24,0
2020-09-28,1181,148,264,914,3,2,5,24,0
2020-09-29,1210,150,269,938,3,2,5,24,0
2020-09-30,1239,152,274,962,3,2,5,25,0
2020-10-01,1269,155,279,987,3,2,5,25,0
2020-10-02,1301,157,284,1013,4,2,5,26,0
2020-10-03,1332,159,289,1039,4,2,5,26,0
2020-10-04,1363,162,294,1065,4,2,5,27,0
2020-10-05,1395,164,299,1092,4,2,5,27,0
2020-10-06,1427,166,304,1119,4,2,5,28,0
2020-10-07,1460,168,309,1147,4,2,5,28,0
2020-10-08,1493,170,314,1175,4,2,5,28,0
2020-10-09,1527,173,319,1204,4,2,5,29,0
2020-10-10,1560,175,323,1233,4,2,5,29,0
2020-10-11,1594,177,328,1262,4,2,5,30,0
2020-10-12,1630,179,333,1292,5,2,5,30,0
2020-10-13,1665,181,338,1322,5,2,5,31,0
2020-10-14,1700,182,342,1353,5,2,5,31,0
2020-10-15,1736,184,347,1384,5,2,5,31,0
2020-10-16,1773,186,352,1416,5,2,5,32,0
2020-10-17,1809,188,356,1448,5,2,4,32,0
2020-10-18,1846,189,361,1480,5,2,4,33,0
2020-10-19,1883,191,365,1513,5,2,4,33,0
2020-10-20,1920,193,369,1546,5,1,4,33,0
2020-10-21,1959,194,373,1580,6,1,4,34,0
2020-10-22,1997,195,377,1614,6,1,4,34,0
2020-10-23,2035,197,381,1648,6,1,4,35,0
2020-10-24,2074,198,385,1683,6,1,4,35,0
2020-10-25,2113,199,389,1718,6,1,4,35,0
2020-10-26,2152,200,393,1753,6,1,4,36,0
2020-10-27,2191,201,396,1789,6,1,3,36,0
2020-10-28,2231,202,400,1825,6,1,3,36,0
2020-10-29,2271,203,403,1861,7,1,3,36,0
2020-10-30,2311,204,406,1898,7,1,3,37,0
2020-10-31,2351,204,409,1935,7,1,3,37,0
2020-11-01,2391,205,412,1972,7,1,3,37,0
2020-11-02,2430,205,414,2009,7,0,3,38,0
2020-11-03,2471,206,417,2047,7,0,2,38,0
2020-11-04,2511,206,419,2085,7,0,2,38,0
2020-11-05,2552,206,422,2123,7,0,2,38,0
2020-11-06,2593,206,424,2161,8,0,2,38,0
2020-11-07,2634,207,426,2200,8,0,2,39,0
2020-11-08,2673,206,427,2238,8,0,2,39,0
2020-11-09,2714,206,429,2277,8,0,1,39,0
2020-11-10,2754,206,430,2316,8,0,1,39,0
2020-11-11,2795,206,432,2355,8,0,1,39,0
2020-11-12,2835,205,433,2394,8,0,1,39,0
2020-11-13,2875,205,433,2433,9,0,1,39,0
2020-11-14,2916,204,434,2473,9,0,1,39,0
2020-11-15,2956,204,435,2512,9,0,0,39,0
2020-11-16,2995,203,435,2551,9,0,0,39,0
2020-11-17,3035,202,435,2591,9,0,0,39,0
2020-11-18,3074,201,435,2630,9,0,0,39,0
2020-11-19,3114,200,435,2670,9,0,0,39,0
2020-11-20,3154,199,435,2709,10,0,0,39,0
2020-11-21,3192,198,434,2748,10,0,0,39,0
2020-11-22,3231,197,433,2788,10,0,0,39,0
2020-11-23,3269,195,432,2827,10,0,0,39,0
2020-11-24,3307,194,431,2866,10,0,0,39,0
2020-11-25,3345,192,430,2905,10,0,0,39,0
2020-11-26,3383,191,429,2944,10,0,0,39,0
2020-11-27,3420,189,427,2983,10,0,0,39,0
2020-11-28,3457,188,425,3021,11,0,0,39,0
2020-11-29,3494,186,423,3060,11,0,0,38,0
2020-11-30,3530,184,421,3098,11,0,0,38,0
2020-12-01,3566,182,419,3136,11,0,0,38,0
2020-12-02,3602,181,417,3174,11,0,0,38,0
2020-12-03,3637,179,414,3212,11,0,0,38,0
2020-12-04,3671,177,411,3249,11,0,0,37,0
2020-12-05,3707,175,409,3286,12,0,0,37,0
2020-12-06,3741,173,406,3323,12,0,0,37,0
2020-12-07,3775,171,403,3360,12,0,0,36,0
2020-12-08,3808,169,400,3396,12,0,0,36,0
2020-12-09,3840,167,396,3432,12,0,0,36,0
2020-12-10,3873,164,393,3468,12,0,0,36,0
2020-12-11,3905,162,389,3504,12,0,0,35,0
2020-12-12,3937,160,386,3539,12,0,0,35,0
2020-12-13,3968,158,382,3573,13,0,0,35,0
2020-12-14,3999,156,378,3608,13,0,0,34,0
2020-12-15,4029,153,374,3642,13,0,0,34,0
2020-12-16,4059,151,370,3676,13,0,0,34,0
2020-12-17,4088,149,366,3709,13,0,0,33,0
2020-12-18,4117,147,362,3742,13,0,0,33,0
2020-12-19,4146,144,358,3775,13,0,0,32,0
2020-12-20,4174,142,354,3807,13,0,0,32,0
2020-12-21,4201,140,349,3839,13,0,0,32,0
2020-12-22,4230,137,345,3871,14,0,0,31,0
2020-12-23,4257,135,341,3902,14,0,0,31,0
2020-12-24,4282,133,336,3932,14,0,0,30,0
2020-12-25,4309,131,332,3963,14,0,0,30,0
2020-12-26,4334,128,327,3993,14,0,0,30,0
2020-12-27,4358,126,322,4022,14,0,0,29,0
2020-12-28,4383,124,318,4051,14,0,0,29,0
2020-12-29,4407,122,313,4080,14,0,0,28,0
2020-12-30,4431,119,309,4108,14,0,0,28,0
2020-12-31,4455,117,304,4136,15,0,0,28,0
2021-01-01,4477,115,299,4163,15,0,0,27,0
2021-01-02,4500,113,295,4190,15,0,0,27,0
2021-01-03,4522,111,290,4217,15,0,0,26,0
2021-01-04,4543,108,285,4243,15,0,0,26,0
2021-01-05,4564,106,281,4268,15,0,0,25,0
2021-01-06,4585,104,276,4294,15,0,0,25,0
2021-01-07,4605,102,271,4319,15,0,0,25,0
2021-01-08,4625,100,267,4343,15,0,0,24,0
2021-01-09,4644,98,262,4367,15,0,0,24,0
2021-01-10,4662,96,257,4390,15,0,0,23,0
2021-01-11,4683,94,253,4414,16,0,0,23,0
2021-01-12,4700,92,248,4436,16,0,0,22,0
2021-01-13,4719,90,244,4459,16,0,0,22,0
2021-01-14,4736,88,239,4481,16,0,0,22,0
2021-01-15,4753,86,235,4502,16,0,0,21,0
2021-01-16,4770,85,231,4523,16,0,0,21,0
2021-01-17,4786,83,226,4544,16,0,0,20,0
2021-01-18,4802,81,222,4564,16,0,0,20,0
2021-01-19,4818,79,218,4584,16,0,0,20,0
2021-01-20,4833,77,213,4604,16,0,0,19,0
2021-01-21,4848,76,209,4623,16,0,0,19,0
2021-01-22,4863,74,205,4642,16,0,0,19,0
2021-01-23,4877,72,201,4660,16,0,0,18,0
2021-01-24,4891,71,197,4678,16,0,0,18,0
2021-01-25,4905,69,193,4696,16,0,0,17,0
2021-01-26,4919,68,189,4713,17,0,0,17,0
2021-01-27,4932,66,185,4730,17,0,0,17,0
2021-01-28,4945,64,181,4747,17,0,0,16,0
2021-01-29,4957,63,177,4763,17,0,0,16,0
2021-01-30,4970,62,174,4779,17,0,0,16,0
2021-01-31,4982,60,170,4795,17,0,0,15,0
2021-02-01,4993,59,166,4810,17,0,0,15,0
2021-02-02,5005,57,163,4825,17,0,0,15,0
2021-02-03,5016,56,159,4840,17,0,0,14,0
2021-02-04,5027,55,156,4854,17,0,0,14,0
2021-02-05,5037,53,152,4868,17,0,0,14,0
2021-02-06,5048,52,149,4882,17,0,0,13,0
2021-02-07,5058,51,146,4895,17,0,0,13,0
2021-02-08,5067,50,142,4908,17,0,0,13,0
2021-02-09,5077,48,139,4921,17,0,0,13,0
2021-02-10,5086,47,136,4933,17,0,0,12,0
2021-02-11,5096,46,133,4946,17,0,0,12,0
2021-02-12,5105,45,130,4958,17,0,0,12,0
2021-02-13,5113,44,127,4969,17,0,0,11,0
2021-02-14,5122,43,124,4981,17,0,0,11,0
2021-02-15,5131,42,121,4992,18,0,0,11,0
2021-02-16,5139,41,118,5003,18,0,0,11,0
2021-02-17,5147,40,116,5013,18,0,0,10,0
2021-02-18,5155,39,113,5024,18,0,0,10,0
2021-02-19,5162,38,110,5034,18,0,0,10,0
2021-02-20,5170,37,108,5044,18,0,0,10,0
2021-02-21,5176,36,105,5053,18,0,0,10,0
2021-02-22,5184,35,103,5063,18,0,0,9,0
2021-02-23,5190,34,100,5072,18,0,0,9,0
2021-02-24,5197,33,98,5081,18,0,0,9,0
2021-02-25,5203,32,95,5090,18,0,0,9,0
2021-02-26,5209,32,93,5098,18,0,0,8,0
2021-02-27,5216,31,91,5107,18,0,0,8,0
2021-02-28,5222,30,89,5115,18,0,0,8,0
2021-03-01,5228,29,87,5123,18,0,0,8,0
2021-03-02,5233,29,84,5131,18,0,0,8,0
2021-03-03,5238,28,82,5138,18,0,0,7,0
2021-03-04,5244,27,80,5146,18,0,0,7,0
2021-03-05,5249,26,78,5153,18,0,0,7,0
2021-03-06,5254,26,76,5160,18,0,0,7,0
2021-03-07,5260,25,75,5167,18,0,0,7,0
2021-03-08,5264,24,73,5173,18,0,0,7,0
2021-03-09,5269,24,71,5180,18,0,0,6,0
2021-03-10,5273,23,69,5186,18,0,0,6,0
2021-03-11,5277,23,67,5192,18,0,0,6,0
2021-03-12,5282,22,66,5198,18,0,0,6,0
2021-03-13,5286,21,64,5204,18,0,0,6,0
2021-03-14,5291,21,63,5210,18,0,0,6,0
2021-03-15,5295,20,61,5216,18,0,0,6,0
2021-03-16,5298,20,59,5221,18,0,0,5,0
2021-03-17,5303,19,58,5227,18,0,0,5,0
2021-03-18,5306,19,56,5232,18,0,0,5,0
2021-03-19,5310,18,55,5237,18,0,0,5,0
2021-03-20,5314,18,54,5242,18,0,0,5,0
2021-03-21,5317,17,52,5247,18,0,0,5,0
2021-03-22,5320,17,51,5251,18,0,0,5,0
2021-03-23,5324,17,50,5256,18,0,0,4,0
2021-03-24,5326,16,48,5260,18,0,0,4,0
2021-03-25,5330,16,47,5265,18,0,0,4,0
2021-03-26,5334,15,46,5269,19,0,0,4,0
2021-03-27,5337,15,45,5273,19,0,0,4,0
2021-03-28,5340,14,44,5277,19,0,0,4,0
2021-03-29,5343,14,43,5281,19,0,0,4,0
2021-03-30,5345,14,41,5285,19,0,0,4,0
2021-03-31,5347,13,40,5288,19,0,0,4,0
2021-04-01,5350,13,39,5292,19,0,0,4,0
2021-04-02,5353,13,38,5296,19,0,0,3,0
2021-04-03,5355,12,37,5299,19,0,0,3,0
2021-04-04,5357,12,36,5302,19,0,0,3,0
2021-04-05,5360,12,35,5306,19,0,0,3,0
2021-04-06,5362,11,34,5309,19,0,0,3,0
2021-04-07,5365,11,34,5312,19,0,0,3,0
2021-04-08,5367,11,33,5315,19,0,0,3,0
2021-04-09,5369,11,32,5318,19,0,0,3,0
2021-04-10,5371,10,31,5321,19,0,0,3,0
2021-04-11,5373,10,30,5324,19,0,0,3,0
2021-04-12,5374,10,29,5326,19,0,0,3,0
2021-04-13,5377,9,29,5329,19,0,0,3,0
2021-04-14,5378,9,28,5331,19,0,0,3,0
2021-04-15,5380,9,27,5334,19,0,0,2,0
2021-04-16,5381,9,26,5336,19,0,0,2,0
2021-04-17,5384,8,26,5339,19,0,0,2,0
2021-04-18,5385,8,25,5341,19,0,0,2,0
2021-04-19,5386,8,24,5343,19,0,0,2,0
2021-04-20,5389,8,24,5346,19,0,0,2,0
2021-04-21,5390,8,23,5348,19,0,0,2,0
2021-04-22,5392,7,23,5350,19,0,0,2,0
2021-04-23,5393,7,22,5352,19,0,0,2,0
2021-04-24,5394,7,21,5354,19,0,0,2,0
2021-04-25,5396,7,21,5356,19,0,0,2,0
2021-04-26,5397,7,20,5358,19,0,0,2,0
2021-04-27,5398,6,20,5359,19,0,0,2,0
2021-04-28,5399,6,19,5361,19,0,0,2,0
2021-04-29,5401,6,19,5363,19,0,0,2,0
2021-04-30,5402,6,18,5365,19,0,0,2,0
2021-05-01,5403,6,18,5366,19,0,0,2,0
2021-05-02,5404,6,17,5368,19,0,0,2,0
2021-05-03,5405,6,17,5369,19,0,0,2,0
2021-05-04,5406,5,16,5371,19,0,0,1,0
2021-05-05,5407,5,16,5372,19,0,0,1,0
2021-05-06,5409,5,16,5374,19,0,0,1,0
2021-05-07,5409,5,15,5375,19,0,0,1,0
2021-05-08,5410,5,15,5376,19,0,0,1,0
2021-05-09,5411,5,14,5378,19,0,0,1,0
2021-05-10,5412,5,14,5379,19,0,0,1,0
2021-05-11,5413,4,14,5380,19,0,0,1,0
2021-05-12,5414,4,13,5382,19,0,0,1,0
2021-05-13,5415,4,13,5383,19,0,0,1,0
2021-05-14,5416,4,13,5384,19,0,0,1,0
2021-05-15,5416,4,12,5385,19,0,0,1,0
2021-05-16,5417,4,12,5386,19,0,0,1,0
2021-05-17,5418,4,12,5387,19,0,0,1,0
2021-05-18,5418,4,11,5388,19,0,0,1,0
2021-05-19,5419,4,11,5389,19,0,0,1,0
2021-05-20,5420,3,11,5390,19,0,0,1,0
2021-05-21,5420,3,10,5391,19,0,0,1,0
2021-05-22,5421,3,10,5392,19,0,0,1,0
2021-05-23,5422,3,10,5393,19,0,0,1,0
2021-05-24,5423,3,10,5394,19,0,0,1,0
2021-05-25,5423,3,9,5395,19,0,0,1,0
2021-05-26,5424,3,9,5396,19,0,0,1,0
2021-05-27,5424,3,9,5396,19,0,0,1,0
2021-05-28,5425,3,9,5397,19,0,0,1,0
2021-05-29,5425,3,8,5398,19,0,0,1,0
2021-05-30,5426,3,8,5399,19,0,0,1,0
2021-05-31,5426,3,8,5399,19,0,0,1,0
2021-06-01,5427,3,8,5400,19,0,0,1,0
2021-06-02,5427,2,7,5401,19,0,0,1,0
2021-06-03,5427,2,7,5401,19,0,0,1,0
2021-06-04,5428,2,7,5402,19,0,0,1,0
2021-06-05,5429,2,7,5403,19,0,0,1,0
2021-06-06,5429,2,7,5403,19,0,0,1,0
2021-06-07,5430,2,7,5404,19,0,0,1,0
2021-06-08,5430,2,6,5405,19,0,0,1,0
2021-06-09,5430,2,6,5405,19,0,0,1,0
2021-06-10,5431,2,6,5406,19,0,0,1,0
2021-06-11,5431,2,6,5406,19,0,0,1,0
2021-06-12,5432,2,6,5407,19,0,0,1,0
2021-06-13,5432,2,6,5407,19,0,0,1,0
2021-06-14,5432,2,5,5408,19,0,0,0,0
2021-06-15,5432,2,5,5408,19,0,0,0,0
2021-06-16,5433,2,5,5409,19,0,0,0,0
2021-06-17,5433,2,5,5409,19,0,0,0,0
2021-06-18,5434,2,5,5410,19,0,0,0,0
2021-06-19,5434,2,5,5410,19,0,0,0,0
2021-06-20,5434,1,5,5410,19,0,0,0,0
2021-06-21,5434,1,4,5411,19,0,0,0,0
2021-06-22,5434,1,4,5411,19,0,0,0,0
2021-06-23,5435,1,4,5412,19,0,0,0,0
2021-06-24,5435,1,4,5412,19,0,0,0,0
2021-06-25,5435,1,4,5412,19,0,0,0,0
2021-06-26,5436,1,4,5413,19,0,0,0,0
2021-06-27,5436,1,4,5413,19,0,0,0,0
2021-06-28,5436,1,4,5413,19,0,0,0,0
2021-06-29,5437,1,4,5414,19,0,0,0,0
2021-06-30,5436,1,3,5414,19,0,0,0,0
2021-07-01,5436,1,3,5414,19,0,0,0,0
2021-07-02,5437,1,3,5415,19,0,0,0,0
2021-07-03,5437,1,3,5415,19,0,0,0,0
2021-07-04,5437,1,3,5415,19,0,0,0,0
2021-07-05,5438,1,3,5416,19,0,0,0,0
2021-07-06,5438,1,3,5416,19,0,0,0,0
2021-07-07,5438,1,3,5416,19,0,0,0,0
2021-07-08,5438,1,3,5416,19,0,0,0,0
2021-07-09,5439,1,3,5417,19,0,0,0,0
2021-07-10,5439,1,3,5417,19,0,0,0,0
2021-07-11,5439,1,3,5417,19,0,0,0,0
2021-07-12,5439,1,3,5417,19,0,0,0,0
2021-07-13,5439,1,2,5418,19,0,0,0,0
2021-07-14,5439,1,2,5418,19,0,0,0,0
2021-07-15,5439,1,2,5418,19,0,0,0,0
