Date,Infected,Exposed,Active,Recovered,Deaths,Diff Exposed,Diff Active,Diff Recovered,Diff Deaths
2020-07-21,1877,281,331,1543,3,0,25,30,0
2020-07-22,1931,263,354,1574,3,0,19,32,0
2020-07-23,1981,250,372,1606,3,0,15,34,0
2020-07-24,2030,240,386,1641,3,0,12,35,0
2020-07-25,2076,234,397,1676,3,0,10,36,0
2020-07-26,2122,229,406,1712,4,0,8,37,0
2020-07-27,2166,226,413,1749,4,0,7,38,0
2020-07-28,2211,225,420,1787,4,0,6,38,0
2020-07-29,2254,223,425,1825,4,0,5,39,0
2020-07-30,2298,223,430,1864,4,0,5,39,0
2020-07-31,2342,223,435,1903,4,0,4,39,0
2020-08-01,2386,223,439,1943,4,0,4,40,0
2020-08-02,2429,223,442,1983,4,0,4,40,0
2020-08-03,2473,224,446,2023,4,1,3,40,0
2020-08-04,2517,224,449,2064,4,1,3,41,0
2020-08-05,2561,225,452,2105,4,1,3,41,0
2020-08-06,2605,225,455,2146,4,1,3,41,0
2020-08-07,2650,226,458,2187,5,1,3,42,0
2020-08-08,2695,226,461,2229,5,1,3,42,0
2020-08-09,2739,227,463,2271,5,1,2,42,0
2020-08-10,2783,227,465,2313,5,0,2,42,0
2020-08-11,2828,228,468,2355,5,0,2,42,0
2020-08-12,2872,228,470,2397,5,0,2,43,0
2020-08-13,2917,229,472,2440,5,0,2,43,0
2020-08-14,2962,229,474,2483,5,0,2,43,0
2020-08-15,3007,229,476,2526,5,0,2,43,0
2020-08-16,3051,229,477,2569,5,0,2,43,0
2020-08-17,3097,230,479,2613,5,0,1,43,0
2020-08-18,3142,230,480,2656,6,0,1,44,0
2020-08-19,3188,230,482,2700,6,0,1,44,0
2020-08-20,3232,230,483,2743,6,0,1,44,0
2020-08-21,3277,230,484,2787,6,0,1,44,0
2020-08-22,3322,229,485,2831,6,0,1,44,0
2020-08-23,3367,229,486,2875,6,0,1,44,0
2020-08-24,3411,229,486,2919,6,0,1,44,0
2020-08-25,3456,229,487,2963,6,0,1,44,0
2020-08-26,3502,228,488,3008,6,0,0,44,0
2020-08-27,3546,228,488,3052,6,0,0,44,0
2020-08-28,3590,227,488,3096,6,0,0,44,0
2020-08-29,3635,227,488,3140,7,0,0,44,0
2020-08-30,3680,226,488,3185,7,0,0,44,0
2020-08-31,3724,225,488,3229,7,0,0,44,0
2020-09-01,3768,225,488,3273,7,0,0,44,0
2020-09-02,3813,224,488,3318,7,0,0,44,0
2020-09-03,3856,223,487,3362,7,0,0,44,0
2020-09-04,3900,222,487,3406,7,0,0,44,0
2020-09-05,3943,221,486,3450,7,0,0,44,0
2020-09-06,3986,220,485,3494,7,0,0,44,0
2020-09-07,4029,219,484,3538,7,0,0,44,0
2020-09-08,4072,218,483,3582,7,0,0,44,0
2020-09-09,4116,217,482,3626,8,0,0,44,0
2020-09-10,4159,216,481,3670,8,0,0,44,0
2020-09-11,4200,215,479,3713,8,0,0,43,0
2020-09-12,4243,214,478,3757,8,0,0,43,0
2020-09-13,4284,212,476,3800,8,0,0,43,0
2020-09-14,4326,211,475,3843,8,0,0,43,0
2020-09-15,4367,210,473,3886,8,0,0,43,0
2020-09-16,4408,208,471,3929,8,0,0,43,0
2020-09-17,4448,207,469,3971,8,0,0,43,0
2020-09-18,4489,205,467,4014,8,0,0,42,0
2020-09-19,4528,204,464,4056,8,0,0,42,0
2020-09-20,4569,202,462,4098,9,0,0,42,0
2020-09-21,4609,200,460,4140,9,0,0,42,0
2020-09-22,4648,199,457,4182,9,0,0,41,0
2020-09-23,4687,197,455,4223,9,0,0,41,0
2020-09-24,4725,196,452,4264,9,0,0,41,0
2020-09-25,4763,194,449,4305,9,0,0,41,0
2020-09-26,4801,192,446,4346,9,0,0,40,0
2020-09-27,4838,190,443,4386,9,0,0,40,0
2020-09-28,4875,189,440,4426,9,0,0,40,0
2020-09-29,4912,187,437,4466,9,0,0,40,0
2020-09-30,4949,185,434,4506,9,0,0,39,0
2020-10-01,4985,183,431,4545,9,0,0,39,0
2020-10-02,5022,181,428,4584,10,0,0,39,0
2020-10-03,5057,179,424,4623,10,0,0,38,0
2020-10-04,5092,178,421,4661,10,0,0,38,0
2020-10-05,5126,176,417,4699,10,0,0,38,0
2020-10-06,5161,174,414,4737,10,0,0,38,0
2020-10-07,5194,172,410,4774,10,0,0,37,0
2020-10-08,5228,170,407,4811,10,0,0,37,0
2020-10-09,5261,168,403,4848,10,0,0,37,0
2020-10-10,5293,166,399,4884,10,0,0,36,0
2020-10-11,5325,164,395,4920,10,0,0,36,0
2020-10-12,5358,162,392,4956,10,0,0,36,0
2020-10-13,5390,160,388,4992,10,0,0,35,0
2020-10-14,5421,158,384,5027,10,0,0,35,0
2020-10-15,5452,156,380,5061,11,0,0,34,0
2020-10-16,5483,154,376,5096,11,0,0,34,0
2020-10-17,5513,152,372,5130,11,0,0,34,0
2020-10-18,5542,150,368,5163,11,0,0,33,0
2020-10-19,5572,148,364,5197,11,0,0,33,0
2020-10-20,5600,146,360,5229,11,0,0,33,0
2020-10-21,5629,144,356,5262,11,0,0,32,0
2020-10-22,5657,142,352,5294,11,0,0,32,0
2020-10-23,5685,141,348,5326,11,0,0,32,0
2020-10-24,5712,139,344,5357,11,0,0,31,0
2020-10-25,5739,137,340,5388,11,0,0,31,0
2020-10-26,5766,135,336,5419,11,0,0,30,0
2020-10-27,5792,133,332,5449,11,0,0,30,0
2020-10-28,5817,131,327,5479,11,0,0,30,0
2020-10-29,5843,129,323,5509,11,0,0,29,0
2020-10-30,5869,127,319,5538,12,0,0,29,0
2020-10-31,5894,125,315,5567,12,0,0,29,0
2020-11-01,5918,123,311,5595,12,0,0,28,0
2020-11-02,5943,122,307,5624,12,0,0,28,0
2020-11-03,5966,120,303,5651,12,0,0,27,0
2020-11-04,5990,118,299,5679,12,0,0,27,0
2020-11-05,6013,116,295,5706,12,0,0,27,0
2020-11-06,6035,114,291,5732,12,0,0,26,0
2020-11-07,6057,113,287,5758,12,0,0,26,0
2020-11-08,6079,111,283,5784,12,0,0,26,0
2020-11-09,6101,109,279,5810,12,0,0,25,0
2020-11-10,6122,107,275,5835,12,0,0,25,0
2020-11-11,6143,106,271,5860,12,0,0,25,0
2020-11-12,6163,104,267,5884,12,0,0,24,0
2020-11-13,6183,102,263,5908,12,0,0,24,0
2020-11-14,6203,101,259,5932,12,0,0,24,0
2020-11-15,6222,99,255,5955,12,0,0,23,0
2020-11-16,6242,97,252,5978,12,0,0,23,0
2020-11-17,6262,96,248,6001,13,0,0,22,0
2020-11-18,6281,94,244,6024,13,0,0,22,0
2020-11-19,6299,92,240,6046,13,0,0,22,0
2020-11-20,6317,91,237,6067,13,0,0,21,0
2020-11-21,6335,89,233,6089,13,0,0,21,0
2020-11-22,6352,88,229,6110,13,0,0,21,0
2020-11-23,6369,86,226,6130,13,0,0,20,0
2020-11-24,6386,85,222,6151,13,0,0,20,0
2020-11-25,6403,83,219,6171,13,0,0,20,0
2020-11-26,6418,82,215,6190,13,0,0,20,0
2020-11-27,6435,81,212,6210,13,0,0,19,0
2020-11-28,6450,79,208,6229,13,0,0,19,0
2020-11-29,6466,78,205,6248,13,0,0,19,0
2020-11-30,6480,76,201,6266,13,0,0,18,0
2020-12-01,6495,75,198,6284,13,0,0,18,0
2020-12-02,6510,74,195,6302,13,0,0,18,0
2020-12-03,6525,72,192,6320,13,0,0,17,0
2020-12-04,6538,71,188,6337,13,0,0,17,0
2020-12-05,6552,70,185,6354,13,0,0,17,0
2020-12-06,6566,69,182,6371,13,0,0,17,0
2020-12-07,6579,67,179,6387,13,0,0,16,0
2020-12-08,6592,66,176,6403,13,0,0,16,0
2020-12-09,6605,65,173,6419,13,0,0,16,0
2020-12-10,6618,64,170,6435,13,0,0,15,0
2020-12-11,6630,63,167,6450,13,0,0,15,0
2020-12-12,6642,61,164,6465,13,0,0,15,0
2020-12-13,6655,60,161,6480,14,0,0,15,0
2020-12-14,6666,59,158,6494,14,0,0,14,0
2020-12-15,6679,58,156,6509,14,0,0,14,0
2020-12-16,6690,57,153,6523,14,0,0,14,0
2020-12-17,6700,56,150,6536,14,0,0,14,0
2020-12-18,6711,55,147,6550,14,0,0,13,0
2020-12-19,6722,54,145,6563,14,0,0,13,0
2020-12-20,6732,53,142,6576,14,0,0,13,0
2020-12-21,6743,52,140,6589,14,0,0,13,0
2020-12-22,6753,51,137,6602,14,0,0,12,0
2020-12-23,6763,50,135,6614,14,0,0,12,0
2020-12-24,6772,49,132,6626,14,0,0,12,0
2020-12-25,6782,48,130,6638,14,0,0,12,0
2020-12-26,6791,47,127,6650,14,0,0,12,0
2020-12-27,6800,46,125,6661,14,0,0,11,0
2020-12-28,6809,45,123,6672,14,0,0,11,0
2020-12-29,6817,44,120,6683,14,0,0,11,0
2020-12-30,6826,43,118,6694,14,0,0,11,0
2020-12-31,6835,43,116,6705,14,0,0,11,0
2021-01-01,6843,42,114,6715,14,0,0,10,0
2021-01-02,6852,41,112,6726,14,0,0,10,0
2021-01-03,6860,40,110,6736,14,0,0,10,0
2021-01-04,6868,39,108,6746,14,0,0,10,0
2021-01-05,6874,39,105,6755,14,0,0,10,0
2021-01-06,6882,38,103,6765,14,0,0,9,0
2021-01-07,6890,37,102,6774,14,0,0,9,0
2021-01-08,6897,36,100,6783,14,0,0,9,0
2021-01-09,6904,36,98,6792,14,0,0,9,0
2021-01-10,6911,35,96,6801,14,0,0,9,0
2021-01-11,6918,34,94,6810,14,0,0,9,0
2021-01-12,6924,34,92,6818,14,0,0,8,0
2021-01-13,6930,33,90,6826,14,0,0,8,0
2021-01-14,6937,32,89,6834,14,0,0,8,0
2021-01-15,6943,32,87,6842,14,0,0,8,0
2021-01-16,6949,31,85,6850,14,0,0,8,0
2021-01-17,6956,30,84,6858,14,0,0,8,0
2021-01-18,6961,30,82,6865,14,0,0,7,0
2021-01-19,6967,29,80,6873,14,0,0,7,0
2021-01-20,6973,29,79,6880,14,0,0,7,0
2021-01-21,6978,28,77,6887,14,0,0,7,0
2021-01-22,6984,28,76,6894,14,0,0,7,0
2021-01-23,6989,27,74,6901,14,0,0,7,0
2021-01-24,6995,26,73,6908,14,0,0,7,0
2021-01-25,6999,26,71,6914,14,0,0,6,0
2021-01-26,7005,25,70,6921,14,0,0,6,0
2021-01-27,7010,25,69,6927,14,0,0,6,0
2021-01-28,7014,24,67,6933,14,0,0,6,0
2021-01-29,7019,24,66,6939,14,0,0,6,0
2021-01-30,7024,23,65,6945,14,0,0,6,0
2021-01-31,7028,23,63,6951,14,0,0,6,0
2021-02-01,7034,22,62,6957,15,0,0,6,0
2021-02-02,7038,22,61,6962,15,0,0,6,0
2021-02-03,7043,22,60,6968,15,0,0,5,0
2021-02-04,7046,21,58,6973,15,0,0,5,0
2021-02-05,7050,21,57,6978,15,0,0,5,0
2021-02-06,7055,20,56,6984,15,0,0,5,0
2021-02-07,7059,20,55,6989,15,0,0,5,0
2021-02-08,7063,19,54,6994,15,0,0,5,0
2021-02-09,7066,19,53,6998,15,0,0,5,0
2021-02-10,7070,19,52,7003,15,0,0,5,0
2021-02-11,7074,18,51,7008,15,0,0,5,0
2021-02-12,7077,18,50,7012,15,0,0,5,0
2021-02-13,7081,18,49,7017,15,0,0,4,0
2021-02-14,7084,17,48,7021,15,0,0,4,0
2021-02-15,7088,17,47,7026,15,0,0,4,0
2021-02-16,7091,16,46,7030,15,0,0,4,0
2021-02-17,7094,16,45,7034,15,0,0,4,0
2021-02-18,7097,16,44,7038,15,0,0,4,0
2021-02-19,7100,15,43,7042,15,0,0,4,0
2021-02-20,7103,15,42,7046,15,0,0,4,0
2021-02-21,7106,15,41,7050,15,0,0,4,0
2021-02-22,7108,15,40,7053,15,0,0,4,0
2021-02-23,7112,14,40,7057,15,0,0,4,0
2021-02-24,7114,14,39,7060,15,0,0,4,0
2021-02-25,7117,14,38,7064,15,0,0,3,0
2021-02-26,7119,13,37,7067,15,0,0,3,0
2021-02-27,7123,13,37,7071,15,0,0,3,0
2021-02-28,7125,13,36,7074,15,0,0,3,0
2021-03-01,7127,13,35,7077,15,0,0,3,0
2021-03-02,7129,12,34,7080,15,0,0,3,0
2021-03-03,7132,12,34,7083,15,0,0,3,0
2021-03-04,7134,12,33,7086,15,0,0,3,0
2021-03-05,7136,12,32,7089,15,0,0,3,0
2021-03-06,7139,11,32,7092,15,0,0,3,0
2021-03-07,7141,11,31,7095,15,0,0,3,0
2021-03-08,7143,11,30,7098,15,0,0,3,0
2021-03-09,7146,11,30,7101,15,0,0,3,0
2021-03-10,7147,10,29,7103,15,0,0,3,0
2021-03-11,7149,10,28,7106,15,0,0,3,0
2021-03-12,7152,10,28,7109,15,0,0,3,0
2021-03-13,7153,10,27,7111,15,0,0,2,0
2021-03-14,7156,10,27,7114,15,0,0,2,0
2021-03-15,7157,9,26,7116,15,0,0,2,0
2021-03-16,7159,9,26,7118,15,0,0,2,0
2021-03-17,7161,9,25,7121,15,0,0,2,0
2021-03-18,7163,9,25,7123,15,0,0,2,0
2021-03-19,7164,9,24,7125,15,0,0,2,0
2021-03-20,7166,8,24,7127,15,0,0,2,0
2021-03-21,7167,8,23,7129,15,0,0,2,0
2021-03-22,7169,8,23,7131,15,0,0,2,0
2021-03-23,7170,8,22,7133,15,0,0,2,0
2021-03-24,7172,8,22,7135,15,0,0,2,0
2021-03-25,7173,8,21,7137,15,0,0,2,0
2021-03-26,7175,7,21,7139,15,0,0,2,0
2021-03-27,7176,7,20,7141,15,0,0,2,0
2021-03-28,7178,7,20,7143,15,0,0,2,0
2021-03-29,7180,7,20,7145,15,0,0,2,0
2021-03-30,7181,7,19,7147,15,0,0,2,0
2021-03-31,7182,7,19,7148,15,0,0,2,0
2021-04-01,7183,7,18,7150,15,0,0,2,0
2021-04-02,7185,6,18,7152,15,0,0,2,0
2021-04-03,7186,6,18,7153,15,0,0,2,0
2021-04-04,7187,6,17,7155,15,0,0,2,0
2021-04-05,7188,6,17,7156,15,0,0,2,0
2021-04-06,7189,6,16,7158,15,0,0,1,0
2021-04-07,7190,6,16,7159,15,0,0,1,0
2021-04-08,7192,6,16,7161,15,0,0,1,0
2021-04-09,7192,6,15,7162,15,0,0,1,0
2021-04-10,7194,5,15,7164,15,0,0,1,0
2021-04-11,7195,5,15,7165,15,0,0,1,0
2021-04-12,7196,5,15,7166,15,0,0,1,0
2021-04-13,7197,5,14,7168,15,0,0,1,0
2021-04-14,7198,5,14,7169,15,0,0,1,0
2021-04-15,7199,5,14,7170,15,0,0,1,0
2021-04-16,7199,5,13,7171,15,0,0,1,0
2021-04-17,7201,5,13,7173,15,0,0,1,0
2021-04-18,7202,5,13,7174,15,0,0,1,0
2021-04-19,7203,4,13,7175,15,0,0,1,0
2021-04-20,7203,4,12,7176,15,0,0,1,0
2021-04-21,7204,4,12,7177,15,0,0,1,0
2021-04-22,7205,4,12,7178,15,0,0,1,0
2021-04-23,7206,4,12,7179,15,0,0,1,0
2021-04-24,7206,4,11,7180,15,0,0,1,0
2021-04-25,7207,4,11,7181,15,0,0,1,0
2021-04-26,7208,4,11,7182,15,0,0,1,0
2021-04-27,7209,4,11,7183,15,0,0,1,0
2021-04-28,7209,4,10,7184,15,0,0,1,0
2021-04-29,7210,4,10,7185,15,0,0,1,0
2021-04-30,7211,4,10,7186,15,0,0,1,0
2021-05-01,7212,3,10,7187,15,0,0,1,0
2021-05-02,7213,3,10,7188,15,0,0,1,0
2021-05-03,7213,3,9,7189,15,0,0,1,0
2021-05-04,7214,3,9,7190,15,0,0,1,0
2021-05-05,7214,3,9,7190,15,0,0,1,0
2021-05-06,7215,3,9,7191,15,0,0,1,0
2021-05-07,7216,3,9,7192,15,0,0,1,0
2021-05-08,7216,3,8,7193,15,0,0,1,0
2021-05-09,7217,3,8,7194,15,0,0,1,0
2021-05-10,7217,3,8,7194,15,0,0,1,0
2021-05-11,7218,3,8,7195,15,0,0,1,0
2021-05-12,7219,3,8,7196,15,0,0,1,0
2021-05-13,7219,3,8,7196,15,0,0,1,0
2021-05-14,7219,3,7,7197,15,0,0,1,0
2021-05-15,7220,3,7,7198,15,0,0,1,0
2021-05-16,7220,3,7,7198,15,0,0,1,0
2021-05-17,7221,2,7,7199,15,0,0,1,0
2021-05-18,7222,2,7,7200,15,0,0,1,0
2021-05-19,7222,2,7,7200,15,0,0,1,0
2021-05-20,7222,2,6,7201,15,0,0,1,0
2021-05-21,7222,2,6,7201,15,0,0,1,0
2021-05-22,7223,2,6,7202,15,0,0,1,0
2021-05-23,7224,2,6,7203,15,0,0,1,0
2021-05-24,7224,2,6,7203,15,0,0,1,0
2021-05-25,7225,2,6,7204,15,0,0,1,0
2021-05-26,7225,2,6,7204,15,0,0,1,0
2021-05-27,7226,2,6,7205,15,0,0,1,0
2021-05-28,7225,2,5,7205,15,0,0,0,0
2021-05-29,7226,2,5,7206,15,0,0,0,0
2021-05-30,7226,2,5,7206,15,0,0,0,0
2021-05-31,7227,2,5,7207,15,0,0,0,0
2021-06-01,7227,2,5,7207,15,0,0,0,0
2021-06-02,7228,2,5,7208,15,0,0,0,0
2021-06-03,7228,2,5,7208,15,0,0,0,0
2021-06-04,7228,2,5,7208,15,0,0,0,0
2021-06-05,7229,2,5,7209,15,0,0,0,0
2021-06-06,7229,2,5,7209,15,0,0,0,0
2021-06-07,7229,2,4,7210,15,0,0,0,0
2021-06-08,7229,2,4,7210,15,0,0,0,0
2021-06-09,7229,2,4,7210,15,0,0,0,0
2021-06-10,7230,1,4,7211,15,0,0,0,0
2021-06-11,7230,1,4,7211,15,0,0,0,0
2021-06-12,7231,1,4,7212,15,0,0,0,0
2021-06-13,7231,1,4,7212,15,0,0,0,0
2021-06-14,7231,1,4,7212,15,0,0,0,0
2021-06-15,7232,1,4,7213,15,0,0,0,0
2021-06-16,7232,1,4,7213,15,0,0,0,0
2021-06-17,7232,1,4,7213,15,0,0,0,0
2021-06-18,7232,1,3,7214,15,0,0,0,0
2021-06-19,7232,1,3,7214,15,0,0,0,0
2021-06-20,7232,1,3,7214,15,0,0,0,0
2021-06-21,7232,1,3,7214,15,0,0,0,0
2021-06-22,7233,1,3,7215,15,0,0,0,0
2021-06-23,7233,1,3,7215,15,0,0,0,0
2021-06-24,7233,1,3,7215,15,0,0,0,0
2021-06-25,7234,1,3,7216,15,0,0,0,0
2021-06-26,7234,1,3,7216,15,0,0,0,0
2021-06-27,7234,1,3,7216,15,0,0,0,0
2021-06-28,7234,1,3,7216,15,0,0,0,0
2021-06-29,7235,1,3,7217,15,0,0,0,0
2021-06-30,7235,1,3,7217,15,0,0,0,0
2021-07-01,7235,1,3,7217,15,0,0,0,0
2021-07-02,7235,1,3,7217,15,0,0,0,0
2021-07-03,7236,1,3,7218,15,0,0,0,0
2021-07-04,7235,1,2,7218,15,0,0,0,0
2021-07-05,7235,1,2,7218,15,0,0,0,0
2021-07-06,7235,1,2,7218,15,0,0,0,0
2021-07-07,7236,1,2,7219,15,0,0,0,0
2021-07-08,7236,1,2,7219,15,0,0,0,0
2021-07-09,7236,1,2,7219,15,0,0,0,0
2021-07-10,7236,1,2,7219,15,0,0,0,0
2021-07-11,7236,1,2,7219,15,0,0,0,0
2021-07-12,7237,1,2,7220,15,0,0,0,0
2021-07-13,7237,1,2,7220,15,0,0,0,0
2021-07-14,7237,1,2,7220,15,0,0,0,0
2021-07-15,7237,1,2,7220,15,0,0,0,0
2021-07-16,7237,1,2,7220,15,0,0,0,0
