Date,Infected,Exposed,Active,Recovered,Deaths,Diff Exposed,Diff Active,Diff Recovered,Diff Deaths
2020-06-23,1529,221,407,1117,5,6,6,37,0
2020-06-24,1573,227,414,1154,5,5,7,37,0
2020-06-25,1618,232,421,1192,5,5,7,38,0
2020-06-26,1664,237,428,1230,6,5,8,39,0
2020-06-27,1711,242,436,1269,6,5,8,39,0
2020-06-28,1759,247,444,1309,6,5,8,40,0
2020-06-29,1807,252,452,1349,6,5,8,41,0
2020-06-30,1856,257,460,1390,6,5,9,42,0
2020-07-01,1908,262,469,1432,7,5,9,42,0
2020-07-02,1960,267,478,1475,7,5,9,43,0
2020-07-03,2012,272,487,1518,7,5,9,44,0
2020-07-04,2066,277,496,1563,7,5,9,45,0
2020-07-05,2120,282,505,1608,7,5,9,46,0
2020-07-06,2176,287,514,1654,8,5,10,47,0
2020-07-07,2233,292,524,1701,8,5,10,47,0
2020-07-08,2290,298,534,1748,8,5,10,48,0
2020-07-09,2349,303,544,1797,8,5,10,49,0
2020-07-10,2409,308,554,1847,8,5,10,50,0
2020-07-11,2470,314,564,1897,9,6,10,51,0
2020-07-12,2531,319,574,1948,9,6,10,52,0
2020-07-13,2595,325,585,2001,9,6,11,53,0
2020-07-14,2658,331,595,2054,9,6,11,54,0
2020-07-15,2724,337,606,2108,10,6,11,55,0
2020-07-16,2790,343,617,2163,10,6,11,56,0
2020-07-17,2858,349,628,2220,10,6,11,57,0
2020-07-18,2927,355,640,2277,10,6,11,58,0
2020-07-19,2997,361,651,2335,11,6,12,59,0
2020-07-20,3068,367,663,2394,11,6,12,60,0
2020-07-21,3140,373,674,2455,11,6,12,61,0
2020-07-22,3213,379,686,2516,11,6,12,62,0
2020-07-23,3289,386,698,2579,12,6,12,63,0
2020-07-24,3365,392,711,2642,12,7,12,64,0
2020-07-25,3442,399,723,2707,12,7,13,65,0
2020-07-26,3522,406,736,2773,13,7,13,67,0
2020-07-27,3601,412,748,2840,13,7,13,68,0
2020-07-28,3682,419,761,2908,13,7,13,69,0
2020-07-29,3765,426,774,2977,14,7,13,70,0
2020-07-30,3849,433,787,3048,14,7,13,71,0
2020-07-31,3935,440,801,3120,14,7,13,72,0
2020-08-01,4022,447,814,3193,15,7,14,74,0
2020-08-02,4110,454,828,3267,15,7,14,75,0
2020-08-03,4199,461,842,3342,15,7,14,76,0
2020-08-04,4291,468,856,3419,16,7,14,77,0
2020-08-05,4383,476,870,3497,16,7,14,79,0
2020-08-06,4476,483,884,3576,16,7,14,80,0
2020-08-07,4572,491,899,3656,17,7,15,81,0
2020-08-08,4668,498,913,3738,17,8,15,83,0
2020-08-09,4766,506,928,3821,17,8,15,84,0
2020-08-10,4867,513,943,3906,18,8,15,85,0
2020-08-11,4968,521,958,3992,18,8,15,87,0
2020-08-12,5071,529,973,4079,19,8,15,88,0
2020-08-13,5174,536,988,4167,19,8,15,89,0
2020-08-14,5279,544,1003,4257,19,8,15,91,0
2020-08-15,5388,552,1019,4349,20,8,16,92,0
2020-08-16,5496,560,1035,4441,20,8,16,94,0
2020-08-17,5607,568,1051,4535,21,8,16,95,0
2020-08-18,5718,576,1066,4631,21,8,16,97,0
2020-08-19,5832,584,1082,4728,22,8,16,98,0
2020-08-20,5948,592,1099,4827,22,8,16,99,0
2020-08-21,6065,600,1115,4927,23,8,16,101,0
2020-08-22,6182,608,1131,5028,23,8,16,102,0
2020-08-23,6302,616,1148,5131,23,8,17,104,0
2020-08-24,6423,625,1164,5235,24,8,17,105,0
2020-08-25,6546,633,1181,5341,24,8,17,107,0
2020-08-26,6672,641,1198,5449,25,8,17,108,0
2020-08-27,6798,649,1215,5558,25,8,17,110,1
2020-08-28,6925,657,1231,5668,26,8,17,111,1
2020-08-29,7054,666,1248,5780,26,8,17,113,1
2020-08-30,7187,674,1266,5894,27,8,17,115,1
2020-08-31,7319,682,1283,6009,27,8,17,116,1
2020-09-01,7454,690,1300,6126,28,8,17,118,1
2020-09-02,7590,699,1317,6244,29,8,17,119,1
2020-09-03,7727,707,1334,6364,29,8,17,121,1
2020-09-04,7867,715,1352,6485,30,8,17,122,1
2020-09-05,8007,723,1369,6608,30,8,17,124,1
2020-09-06,8149,731,1386,6732,31,8,17,125,1
2020-09-07,8293,739,1404,6858,31,8,17,127,1
2020-09-08,8439,747,1421,6986,32,8,17,129,1
2020-09-09,8586,755,1438,7115,33,8,17,130,1
2020-09-10,8735,763,1456,7246,33,8,17,132,1
2020-09-11,8885,771,1473,7378,34,8,17,133,1
2020-09-12,9036,779,1490,7512,34,8,17,135,1
2020-09-13,9191,787,1508,7648,35,8,17,136,1
2020-09-14,9346,795,1525,7785,36,8,17,138,1
2020-09-15,9501,803,1542,7923,36,8,17,140,1
2020-09-16,9659,810,1559,8063,37,8,17,141,1
2020-09-17,9818,818,1576,8205,37,8,17,143,1
2020-09-18,9979,825,1593,8348,38,7,17,144,1
2020-09-19,10142,833,1610,8493,39,7,17,146,1
2020-09-20,10305,840,1627,8639,39,7,17,147,1
2020-09-21,10471,847,1644,8787,40,7,17,149,1
2020-09-22,10638,854,1661,8936,41,7,17,150,1
2020-09-23,10806,861,1677,9087,42,7,16,152,1
2020-09-24,10975,868,1693,9240,42,7,16,153,1
2020-09-25,11146,875,1710,9393,43,7,16,155,1
2020-09-26,11319,882,1726,9549,44,7,16,156,1
2020-09-27,11491,888,1742,9705,44,6,16,158,1
2020-09-28,11666,895,1757,9864,45,6,16,159,1
2020-09-29,11842,901,1773,10023,46,6,15,160,1
2020-09-30,12019,907,1788,10184,47,6,15,162,1
2020-10-01,12197,913,1804,10346,47,6,15,163,1
2020-10-02,12377,919,1819,10510,48,6,15,165,1
2020-10-03,12557,925,1833,10675,49,6,15,166,1
2020-10-04,12740,930,1848,10842,50,5,14,167,1
2020-10-05,12921,935,1862,11009,50,5,14,169,1
2020-10-06,13105,941,1876,11178,51,5,14,170,1
2020-10-07,13291,946,1890,11349,52,5,14,171,1
2020-10-08,13477,951,1904,11520,53,5,13,172,1
2020-10-09,13663,955,1917,11693,53,5,13,173,1
2020-10-10,13851,960,1930,11867,54,4,13,175,1
2020-10-11,14039,964,1942,12042,55,4,12,176,1
2020-10-12,14229,968,1955,12218,56,4,12,177,1
2020-10-13,14419,972,1967,12395,57,4,12,178,1
2020-10-14,14610,976,1979,12574,57,4,12,179,1
2020-10-15,14801,980,1990,12753,58,3,11,180,1
2020-10-16,14994,983,2001,12934,59,3,11,181,1
2020-10-17,15187,986,2012,13115,60,3,10,182,1
2020-10-18,15380,989,2022,13297,61,3,10,183,1
2020-10-19,15575,992,2032,13481,62,3,10,184,1
2020-10-20,15769,995,2042,13665,62,2,9,185,1
2020-10-21,15964,997,2051,13850,63,2,9,186,1
2020-10-22,16160,999,2060,14036,64,2,9,186,1
2020-10-23,16356,1001,2068,14223,65,2,8,187,1
2020-10-24,16552,1003,2076,14410,66,2,8,188,1
2020-10-25,16749,1004,2084,14598,67,1,7,189,1
2020-10-26,16946,1005,2091,14787,68,1,7,189,1
2020-10-27,17143,1006,2098,14977,68,1,7,190,1
2020-10-28,17341,1007,2105,15167,69,1,6,190,1
2020-10-29,17538,1008,2111,15357,70,0,6,191,1
2020-10-30,17736,1008,2116,15549,71,0,5,192,1
2020-10-31,17933,1008,2121,15740,72,0,5,192,1
2020-11-01,18131,1008,2126,15932,73,0,4,192,1
2020-11-02,18329,1008,2130,16125,74,0,4,193,1
2020-11-03,18527,1008,2134,16318,75,0,4,193,1
2020-11-04,18723,1007,2137,16511,75,0,3,193,1
2020-11-05,18921,1006,2140,16705,76,0,3,194,1
2020-11-06,19118,1005,2143,16898,77,0,2,194,1
2020-11-07,19315,1003,2145,17092,78,0,2,194,1
2020-11-08,19512,1002,2146,17287,79,0,1,194,1
2020-11-09,19709,1000,2148,17481,80,0,1,194,1
2020-11-10,19904,998,2148,17675,81,0,0,194,1
2020-11-11,20100,996,2148,17870,82,0,0,194,1
2020-11-12,20295,993,2148,18064,83,0,0,194,1
2020-11-13,20489,991,2148,18258,83,0,0,194,1
2020-11-14,20683,988,2146,18453,84,0,0,194,1
2020-11-15,20877,985,2145,18647,85,0,0,194,1
2020-11-16,21070,982,2143,18841,86,0,0,194,1
2020-11-17,21262,978,2140,19035,87,0,0,194,1
2020-11-18,21453,974,2137,19228,88,0,0,193,1
2020-11-19,21645,971,2134,19422,89,0,0,193,1
2020-11-20,21835,967,2130,19615,90,0,0,193,1
2020-11-21,22024,962,2126,19807,91,0,0,192,1
2020-11-22,22212,958,2121,20000,91,0,0,192,1
2020-11-23,22399,954,2116,20191,92,0,0,191,1
2020-11-24,22586,949,2110,20383,93,0,0,191,1
2020-11-25,22771,944,2104,20573,94,0,0,190,1
2020-11-26,22957,939,2098,20764,95,0,0,190,1
2020-11-27,23140,934,2091,20953,96,0,0,189,1
2020-11-28,23323,928,2084,21142,97,0,0,189,1
2020-11-29,23505,923,2077,21331,97,0,0,188,1
2020-11-30,23685,917,2069,21518,98,0,0,187,1
2020-12-01,23864,911,2060,21705,99,0,0,186,1
2020-12-02,24042,906,2051,21891,100,0,0,186,1
2020-12-03,24220,899,2042,22077,101,0,0,185,1
2020-12-04,24396,893,2033,22261,102,0,0,184,1
2020-12-05,24571,887,2023,22445,103,0,0,183,1
2020-12-06,24744,881,2013,22628,103,0,0,182,1
2020-12-07,24916,874,2003,22809,104,0,0,181,1
2020-12-08,25087,867,1992,22990,105,0,0,180,1
2020-12-09,25257,861,1981,23170,106,0,0,179,1
2020-12-10,25425,854,1969,23349,107,0,0,178,1
2020-12-11,25592,847,1957,23527,108,0,0,177,1
2020-12-12,25757,840,1945,23704,108,0,0,176,1
2020-12-13,25921,833,1933,23879,109,0,0,175,1
2020-12-14,26085,825,1921,24054,110,0,0,174,1
2020-12-15,26246,818,1908,24227,111,0,0,173,1
2020-12-16,26406,811,1895,24399,112,0,0,171,1
2020-12-17,26563,803,1881,24570,112,0,0,170,1
2020-12-18,26721,796,1868,24740,113,0,0,169,1
2020-12-19,26877,788,1854,24909,114,0,0,168,1
2020-12-20,27031,781,1840,25076,115,0,0,166,1
2020-12-21,27183,773,1826,25242,115,0,0,165,1
2020-12-22,27334,765,1811,25407,116,0,0,164,1
2020-12-23,27483,758,1796,25570,117,0,0,163,1
2020-12-24,27632,750,1782,25732,118,0,0,161,1
2020-12-25,27778,742,1767,25893,118,0,0,160,1
2020-12-26,27922,734,1751,26052,119,0,0,158,1
2020-12-27,28066,726,1736,26210,120,0,0,157,1
2020-12-28,28208,718,1721,26367,120,0,0,156,1
2020-12-29,28348,710,1705,26522,121,0,0,154,1
2020-12-30,28487,702,1689,26676,122,0,0,153,1
2020-12-31,28624,695,1673,26828,123,0,0,151,1
2021-01-01,28759,687,1657,26979,123,0,0,150,1
2021-01-02,28893,679,1641,27128,124,0,0,149,1
2021-01-03,29026,671,1625,27276,125,0,0,147,1
2021-01-04,29157,663,1609,27423,125,0,0,146,1
2021-01-05,29287,655,1593,27568,126,0,0,144,1
2021-01-06,29414,647,1576,27711,127,0,0,143,1
2021-01-07,29540,639,1560,27853,127,0,0,141,1
2021-01-08,29665,631,1543,27994,128,0,0,140,1
2021-01-09,29789,623,1527,28133,129,0,0,138,1
2021-01-10,29910,615,1510,28271,129,0,0,137,1
2021-01-11,30030,607,1493,28407,130,0,0,135,1
2021-01-12,30148,600,1477,28541,130,0,0,134,1
2021-01-13,30265,592,1460,28674,131,0,0,132,1
2021-01-14,30381,584,1443,28806,132,0,0,131,1
2021-01-15,30495,576,1427,28936,132,0,0,129,1
2021-01-16,30608,569,1410,29065,133,0,0,128,1
2021-01-17,30718,561,1393,29192,133,0,0,126,1
2021-01-18,30828,554,1377,29317,134,0,0,125,1
2021-01-19,30936,546,1360,29441,135,0,0,123,1
2021-01-20,31043,539,1344,29564,135,0,0,122,1
2021-01-21,31148,531,1327,29685,136,0,0,120,1
2021-01-22,31251,524,1311,29804,136,0,0,119,1
2021-01-23,31353,516,1294,29922,137,0,0,117,1
2021-01-24,31454,509,1278,30039,137,0,0,116,1
2021-01-25,31553,502,1261,30154,138,0,0,114,1
2021-01-26,31650,495,1245,30267,138,0,0,113,1
2021-01-27,31748,487,1229,30380,139,0,0,111,1
2021-01-28,31842,480,1213,30490,139,0,0,110,1
2021-01-29,31936,473,1197,30599,140,0,0,108,0
2021-01-30,32028,466,1181,30707,140,0,0,107,0
2021-01-31,32119,459,1165,30813,141,0,0,105,0
2021-02-01,32208,453,1149,30918,141,0,0,104,0
2021-02-02,32297,446,1133,31022,142,0,0,103,0
2021-02-03,32384,439,1118,31124,142,0,0,101,0
2021-02-04,32469,432,1102,31224,143,0,0,100,0
2021-02-05,32554,426,1087,31324,143,0,0,98,0
2021-02-06,32638,419,1072,31422,144,0,0,97,0
2021-02-07,32718,413,1056,31518,144,0,0,96,0
2021-02-08,32798,406,1041,31613,144,0,0,94,0
2021-02-09,32878,400,1026,31707,145,0,0,93,0
2021-02-10,32956,394,1012,31799,145,0,0,92,0
2021-02-11,33033,388,997,31890,146,0,0,90,0
2021-02-12,33108,382,982,31980,146,0,0,89,0
2021-02-13,33183,376,968,32068,147,0,0,88,0
2021-02-14,33257,370,954,32156,147,0,0,86,0
2021-02-15,33327,364,939,32241,147,0,0,85,0
2021-02-16,33399,358,925,32326,148,0,0,84,0
2021-02-17,33468,352,911,32409,148,0,0,82,0
2021-02-18,33537,346,898,32491,148,0,0,81,0
2021-02-19,33605,341,884,32572,149,0,0,80,0
2021-02-20,33670,335,870,32651,149,0,0,79,0
2021-02-21,33737,330,857,32730,150,0,0,78,0
2021-02-22,33801,324,844,32807,150,0,0,76,0
2021-02-23,33864,319,831,32883,150,0,0,75,0
2021-02-24,33927,314,818,32958,151,0,0,74,0
2021-02-25,33987,308,805,33031,151,0,0,73,0
2021-02-26,34047,303,792,33104,151,0,0,72,0
2021-02-27,34107,298,780,33175,152,0,0,71,0
2021-02-28,34164,293,767,33245,152,0,0,69,0
2021-03-01,34221,288,755,33314,152,0,0,68,0
2021-03-02,34278,283,743,33382,153,0,0,67,0
2021-03-03,34333,279,731,33449,153,0,0,66,0
2021-03-04,34387,274,719,33515,153,0,0,65,0
2021-03-05,34440,269,708,33579,153,0,0,64,0
2021-03-06,34493,265,696,33643,154,0,0,63,0
2021-03-07,34545,260,685,33706,154,0,0,62,0
2021-03-08,34595,256,674,33767,154,0,0,61,0
2021-03-09,34646,251,663,33828,155,0,0,60,0
2021-03-10,34694,247,652,33887,155,0,0,59,0
2021-03-11,34742,242,641,33946,155,0,0,58,0
2021-03-12,34789,238,630,34004,155,0,0,57,0
2021-03-13,34836,234,620,34060,156,0,0,56,0
2021-03-14,34881,230,609,34116,156,0,0,55,0
2021-03-15,34926,226,599,34171,156,0,0,54,0
2021-03-16,34970,222,589,34225,156,0,0,53,0
2021-03-17,35014,218,579,34278,157,0,0,52,0
2021-03-18,35056,214,569,34330,157,0,0,52,0
2021-03-19,35098,211,560,34381,157,0,0,51,0
2021-03-20,35138,207,550,34431,157,0,0,50,0
2021-03-21,35180,203,541,34481,158,0,0,49,0
2021-03-22,35218,199,531,34529,158,0,0,48,0
2021-03-23,35257,196,522,34577,158,0,0,47,0
2021-03-24,35295,192,513,34624,158,0,0,46,0
2021-03-25,35332,189,504,34670,158,0,0,46,0
2021-03-26,35370,186,496,34715,159,0,0,45,0
2021-03-27,35406,182,487,34760,159,0,0,44,0
2021-03-28,35441,179,478,34804,159,0,0,43,0
2021-03-29,35476,176,470,34847,159,0,0,43,0
2021-03-30,35510,173,462,34889,159,0,0,42,0
2021-03-31,35544,169,454,34930,160,0,0,41,0
2021-04-01,35577,166,446,34971,160,0,0,40,0
2021-04-02,35609,163,438,35011,160,0,0,40,0
2021-04-03,35641,160,430,35051,160,0,0,39,0
2021-04-04,35672,157,423,35089,160,0,0,38,0
2021-04-05,35703,155,415,35127,161,0,0,38,0
2021-04-06,35734,152,408,35165,161,0,0,37,0
2021-04-07,35762,149,400,35201,161,0,0,36,0
2021-04-08,35791,146,393,35237,161,0,0,36,0
2021-04-09,35820,144,386,35273,161,0,0,35,0
2021-04-10,35847,141,379,35307,161,0,0,34,0
2021-04-11,35876,138,373,35341,162,0,0,34,0
2021-04-12,35903,136,366,35375,162,0,0,33,0
2021-04-13,35929,133,359,35408,162,0,0,33,0
2021-04-14,35955,131,353,35440,162,0,0,32,0
2021-04-15,35980,128,346,35472,162,0,0,31,0
2021-04-16,36005,126,340,35503,162,0,0,31,0
2021-04-17,36030,124,334,35534,162,0,0,30,0
2021-04-18,36055,121,328,35564,163,0,0,30,0
2021-04-19,36078,119,322,35593,163,0,0,29,0
2021-04-20,36101,117,316,35622,163,0,0,29,0
2021-04-21,36123,115,310,35650,163,0,0,28,0
2021-04-22,36146,113,305,35678,163,0,0,28,0
2021-04-23,36168,111,299,35706,163,0,0,27,0
2021-04-24,36190,108,294,35733,163,0,0,27,0
2021-04-25,36210,106,288,35759,163,0,0,26,0
2021-04-26,36232,104,283,35785,164,0,0,26,0
2021-04-27,36252,103,278,35810,164,0,0,25,0
2021-04-28,36272,101,273,35835,164,0,0,25,0
2021-04-29,36292,99,268,35860,164,0,0,24,0
2021-04-30,36311,97,263,35884,164,0,0,24,0
2021-05-01,36329,95,258,35907,164,0,0,23,0
2021-05-02,36348,93,253,35931,164,0,0,23,0
2021-05-03,36365,91,248,35953,164,0,0,22,0
2021-05-04,36384,90,244,35976,164,0,0,22,0
2021-05-05,36402,88,239,35998,165,0,0,22,0
2021-05-06,36419,86,235,36019,165,0,0,21,0
2021-05-07,36435,85,230,36040,165,0,0,21,0
2021-05-08,36452,83,226,36061,165,0,0,20,0
2021-05-09,36468,82,222,36081,165,0,0,20,0
2021-05-10,36484,80,218,36101,165,0,0,20,0
2021-05-11,36500,79,214,36121,165,0,0,19,0
2021-05-12,36515,77,210,36140,165,0,0,19,0
2021-05-13,36530,76,206,36159,165,0,0,19,0
2021-05-14,36544,74,202,36177,165,0,0,18,0
2021-05-15,36558,73,198,36195,165,0,0,18,0
2021-05-16,36572,71,194,36213,165,0,0,18,0
2021-05-17,36588,70,191,36231,166,0,0,17,0
2021-05-18,36601,69,187,36248,166,0,0,17,0
2021-05-19,36614,67,184,36264,166,0,0,17,0
2021-05-20,36627,66,180,36281,166,0,0,16,0
2021-05-21,36640,65,177,36297,166,0,0,16,0
2021-05-22,36652,64,173,36313,166,0,0,16,0
2021-05-23,36665,62,170,36329,166,0,0,15,0
2021-05-24,36677,61,167,36344,166,0,0,15,0
2021-05-25,36689,60,164,36359,166,0,0,15,0
2021-05-26,36701,59,161,36374,166,0,0,15,0
2021-05-27,36712,58,158,36388,166,0,0,14,0
2021-05-28,36723,57,155,36402,166,0,0,14,0
2021-05-29,36734,56,152,36416,166,0,0,14,0
2021-05-30,36745,54,149,36430,166,0,0,13,0
2021-05-31,36756,53,146,36443,167,0,0,13,0
2021-06-01,36766,52,143,36456,167,0,0,13,0
2021-06-02,36776,51,140,36469,167,0,0,13,0
2021-06-03,36787,50,138,36482,167,0,0,12,0
2021-06-04,36796,49,135,36494,167,0,0,12,0
2021-06-05,36806,48,133,36506,167,0,0,12,0
2021-06-06,36815,48,130,36518,167,0,0,12,0
2021-06-07,36825,47,128,36530,167,0,0,12,0
2021-06-08,36833,46,125,36541,167,0,0,11,0
2021-06-09,36842,45,123,36552,167,0,0,11,0
2021-06-10,36851,44,120,36564,167,0,0,11,0
2021-06-11,36859,43,118,36574,167,0,0,11,0
2021-06-12,36868,42,116,36585,167,0,0,10,0
2021-06-13,36876,41,114,36595,167,0,0,10,0
2021-06-14,36884,41,111,36606,167,0,0,10,0
2021-06-15,36892,40,109,36616,167,0,0,10,0
2021-06-16,36899,39,107,36625,167,0,0,10,0
2021-06-17,36907,38,105,36635,167,0,0,10,0
2021-06-18,36914,38,103,36644,167,0,0,9,0
