Date,Infected,Exposed,Active,Recovered,Deaths,Diff Exposed,Diff Active,Diff Recovered,Diff Deaths
2020-07-14,344,12,69,273,2,7,0,6,0
2020-07-15,348,18,66,279,3,5,0,6,0
2020-07-16,351,23,64,284,3,4,0,6,0
2020-07-17,356,27,63,290,3,3,0,6,0
2020-07-18,362,30,63,296,3,3,0,6,0
2020-07-19,367,33,63,301,3,2,1,6,0
2020-07-20,374,35,64,307,3,2,1,6,0
2020-07-21,381,37,65,313,3,2,1,6,0
2020-07-22,389,38,67,319,3,2,1,6,0
2020-07-23,396,40,68,325,3,1,2,6,0
2020-07-24,404,41,70,331,3,1,2,6,0
2020-07-25,413,43,72,338,3,1,2,6,0
2020-07-26,420,44,73,344,3,1,2,7,0
2020-07-27,429,45,75,351,3,1,2,7,0
2020-07-28,438,46,77,358,3,1,2,7,0
2020-07-29,447,48,79,365,3,1,2,7,0
2020-07-30,457,49,82,372,3,1,2,7,0
2020-07-31,466,50,84,379,3,1,2,8,0
2020-08-01,477,52,86,387,4,1,2,8,0
2020-08-02,487,53,88,395,4,1,2,8,0
2020-08-03,498,54,91,403,4,1,2,8,0
2020-08-04,508,56,93,411,4,1,2,8,0
2020-08-05,519,57,96,419,4,1,2,9,0
2020-08-06,530,58,98,428,4,1,3,9,0
2020-08-07,542,60,101,437,4,1,3,9,0
2020-08-08,553,61,103,446,4,1,3,9,0
2020-08-09,566,62,106,456,4,1,3,10,0
2020-08-10,577,64,108,465,4,1,3,10,0
2020-08-11,590,65,111,475,4,1,3,10,0
2020-08-12,603,67,114,485,4,1,3,10,0
2020-08-13,616,68,116,495,5,1,3,10,0
2020-08-14,630,70,119,506,5,1,3,11,0
2020-08-15,644,71,122,517,5,1,3,11,0
2020-08-16,658,73,125,528,5,1,3,11,0
2020-08-17,672,74,128,539,5,1,3,12,0
2020-08-18,687,75,131,551,5,1,3,12,0
2020-08-19,702,77,134,563,5,1,3,12,0
2020-08-20,717,78,137,575,5,1,3,12,0
2020-08-21,732,80,140,587,5,1,3,13,0
2020-08-22,748,81,143,600,5,1,3,13,0
2020-08-23,765,83,146,613,6,1,3,13,0
2020-08-24,781,84,149,626,6,1,3,13,0
2020-08-25,798,86,152,640,6,1,3,14,0
2020-08-26,814,87,155,653,6,1,3,14,0
2020-08-27,831,89,158,667,6,1,3,14,0
2020-08-28,849,90,161,682,6,1,3,14,0
2020-08-29,866,91,164,696,6,1,3,15,0
2020-08-30,885,93,167,711,7,1,3,15,0
2020-08-31,903,94,170,726,7,1,3,15,0
2020-09-01,922,95,173,742,7,1,3,16,0
2020-09-02,940,97,176,757,7,1,3,16,0
2020-09-03,959,98,179,773,7,1,3,16,0
2020-09-04,979,99,182,790,7,1,3,16,0
2020-09-05,998,100,185,806,7,1,3,17,0
2020-09-06,1019,102,188,823,8,1,3,17,0
2020-09-07,1038,103,190,840,8,1,3,17,0
2020-09-08,1058,104,193,857,8,1,3,17,0
2020-09-09,1078,105,196,874,8,1,3,18,0
2020-09-10,1099,106,199,892,8,1,3,18,0
2020-09-11,1119,107,201,910,8,1,3,18,0
2020-09-12,1141,108,204,928,9,1,3,18,0
2020-09-13,1163,109,207,947,9,1,3,19,0
2020-09-14,1184,109,209,966,9,1,2,19,0
2020-09-15,1204,110,211,984,9,1,2,19,0
2020-09-16,1227,111,214,1004,9,1,2,19,0
2020-09-17,1248,112,216,1023,9,1,2,19,0
2020-09-18,1270,112,218,1042,10,1,2,20,0
2020-09-19,1292,113,220,1062,10,1,2,20,0
2020-09-20,1314,113,222,1082,10,0,2,20,0
2020-09-21,1336,114,224,1102,10,0,2,20,0
2020-09-22,1358,114,226,1122,10,0,2,20,0
2020-09-23,1381,114,228,1143,10,0,2,21,0
2020-09-24,1404,114,230,1163,11,0,2,21,0
2020-09-25,1426,115,231,1184,11,0,1,21,0
2020-09-26,1449,115,233,1205,11,0,1,21,0
2020-09-27,1471,115,234,1226,11,0,1,21,0
2020-09-28,1493,115,235,1247,11,0,1,21,0
2020-09-29,1516,115,236,1268,12,0,1,21,0
2020-09-30,1539,115,237,1290,12,0,1,21,0
2020-10-01,1561,114,238,1311,12,0,1,21,0
2020-10-02,1584,114,239,1333,12,0,1,22,0
2020-10-03,1605,114,239,1354,12,0,1,22,0
2020-10-04,1629,113,240,1376,13,0,0,22,0
2020-10-05,1650,113,240,1397,13,0,0,22,0
2020-10-06,1673,113,241,1419,13,0,0,22,0
2020-10-07,1695,112,241,1441,13,0,0,22,0
2020-10-08,1716,111,241,1462,13,0,0,22,0
2020-10-09,1739,111,241,1484,14,0,0,22,0
2020-10-10,1760,110,240,1506,14,0,0,22,0
2020-10-11,1781,109,240,1527,14,0,0,22,0
2020-10-12,1803,108,240,1549,14,0,0,22,0
2020-10-13,1824,108,239,1571,14,0,0,22,0
2020-10-14,1845,107,238,1592,15,0,0,21,0
2020-10-15,1866,106,238,1613,15,0,0,21,0
2020-10-16,1887,105,237,1635,15,0,0,21,0
2020-10-17,1907,104,236,1656,15,0,0,21,0
2020-10-18,1927,103,235,1677,15,0,0,21,0
2020-10-19,1947,102,233,1698,16,0,0,21,0
2020-10-20,1967,100,232,1719,16,0,0,21,0
2020-10-21,1987,99,231,1740,16,0,0,21,0
2020-10-22,2006,98,229,1761,16,0,0,21,0
2020-10-23,2025,97,227,1782,16,0,0,20,0
2020-10-24,2045,96,226,1802,17,0,0,20,0
2020-10-25,2063,94,224,1822,17,0,0,20,0
2020-10-26,2081,93,222,1842,17,0,0,20,0
2020-10-27,2099,92,220,1862,17,0,0,20,0
2020-10-28,2117,90,218,1882,17,0,0,20,0
2020-10-29,2135,89,216,1902,17,0,0,19,0
2020-10-30,2153,88,214,1921,18,0,0,19,0
2020-10-31,2169,86,211,1940,18,0,0,19,0
2020-11-01,2186,85,209,1959,18,0,0,19,0
2020-11-02,2203,83,207,1978,18,0,0,19,0
2020-11-03,2218,82,204,1996,18,0,0,18,0
2020-11-04,2235,81,202,2015,18,0,0,18,0
2020-11-05,2251,79,199,2033,19,0,0,18,0
2020-11-06,2267,78,197,2051,19,0,0,18,0
2020-11-07,2281,76,194,2068,19,0,0,17,0
2020-11-08,2296,75,191,2086,19,0,0,17,0
2020-11-09,2311,74,189,2103,19,0,0,17,0
2020-11-10,2325,72,186,2120,19,0,0,17,0
2020-11-11,2339,71,183,2136,20,0,0,16,0
2020-11-12,2353,69,180,2153,20,0,0,16,0
2020-11-13,2366,68,177,2169,20,0,0,16,0
2020-11-14,2380,67,175,2185,20,0,0,16,0
2020-11-15,2392,65,172,2200,20,0,0,15,0
2020-11-16,2405,64,169,2216,20,0,0,15,0
2020-11-17,2417,63,166,2231,20,0,0,15,0
2020-11-18,2430,61,163,2246,21,0,0,15,0
2020-11-19,2441,60,160,2260,21,0,0,14,0
2020-11-20,2454,59,158,2275,21,0,0,14,0
2020-11-21,2465,57,155,2289,21,0,0,14,0
2020-11-22,2476,56,152,2303,21,0,0,14,0
2020-11-23,2486,55,149,2316,21,0,0,13,0
2020-11-24,2497,54,146,2330,21,0,0,13,0
2020-11-25,2508,52,144,2343,21,0,0,13,0
2020-11-26,2518,51,141,2355,22,0,0,13,0
2020-11-27,2528,50,138,2368,22,0,0,12,0
2020-11-28,2537,49,135,2380,22,0,0,12,0
2020-11-29,2546,48,132,2392,22,0,0,12,0
2020-11-30,2556,46,130,2404,22,0,0,12,0
2020-12-01,2565,45,127,2416,22,0,0,11,0
2020-12-02,2573,44,124,2427,22,0,0,11,0
2020-12-03,2582,43,122,2438,22,0,0,11,0
2020-12-04,2590,42,119,2449,22,0,0,11,0
2020-12-05,2600,41,117,2460,23,0,0,11,0
2020-12-06,2607,40,114,2470,23,0,0,10,0
2020-12-07,2616,39,112,2481,23,0,0,10,0
2020-12-08,2623,38,109,2491,23,0,0,10,0
2020-12-09,2630,37,107,2500,23,0,0,10,0
2020-12-10,2637,36,104,2510,23,0,0,9,0
2020-12-11,2644,35,102,2519,23,0,0,9,0
2020-12-12,2651,34,100,2528,23,0,0,9,0
2020-12-13,2657,33,97,2537,23,0,0,9,0
2020-12-14,2664,33,95,2546,23,0,0,9,0
2020-12-15,2670,32,93,2554,23,0,0,8,0
2020-12-16,2677,31,91,2563,23,0,0,8,0
2020-12-17,2683,30,88,2571,24,0,0,8,0
2020-12-18,2689,29,86,2579,24,0,0,8,0
2020-12-19,2694,29,84,2586,24,0,0,8,0
2020-12-20,2700,28,82,2594,24,0,0,7,0
2020-12-21,2705,27,80,2601,24,0,0,7,0
2020-12-22,2710,26,78,2608,24,0,0,7,0
2020-12-23,2715,26,76,2615,24,0,0,7,0
2020-12-24,2720,25,74,2622,24,0,0,7,0
2020-12-25,2726,24,73,2629,24,0,0,7,0
2020-12-26,2730,24,71,2635,24,0,0,6,0
2020-12-27,2735,23,69,2642,24,0,0,6,0
2020-12-28,2739,22,67,2648,24,0,0,6,0
2020-12-29,2743,22,65,2654,24,0,0,6,0
2020-12-30,2747,21,64,2659,24,0,0,6,0
2020-12-31,2751,21,62,2665,24,0,0,6,0
2021-01-01,2756,20,61,2671,24,0,0,5,0
2021-01-02,2760,19,59,2676,25,0,0,5,0
2021-01-03,2763,19,57,2681,25,0,0,5,0
2021-01-04,2768,18,56,2687,25,0,0,5,0
2021-01-05,2772,18,55,2692,25,0,0,5,0
2021-01-06,2774,17,53,2696,25,0,0,5,0
2021-01-07,2778,17,52,2701,25,0,0,5,0
2021-01-08,2781,16,50,2706,25,0,0,5,0
2021-01-09,2784,16,49,2710,25,0,0,4,0
2021-01-10,2788,16,48,2715,25,0,0,4,0
2021-01-11,2790,15,46,2719,25,0,0,4,0
2021-01-12,2793,15,45,2723,25,0,0,4,0
2021-01-13,2796,14,44,2727,25,0,0,4,0
2021-01-14,2799,14,43,2731,25,0,0,4,0
2021-01-15,2802,13,42,2735,25,0,0,4,0
2021-01-16,2803,13,40,2738,25,0,0,4,0
2021-01-17,2806,13,39,2742,25,0,0,4,0
2021-01-18,2809,12,38,2746,25,0,0,3,0
2021-01-19,2811,12,37,2749,25,0,0,3,0
2021-01-20,2813,12,36,2752,25,0,0,3,0
2021-01-21,2816,11,35,2756,25,0,0,3,0
2021-01-22,2818,11,34,2759,25,0,0,3,0
2021-01-23,2820,11,33,2762,25,0,0,3,0
2021-01-24,2822,10,32,2765,25,0,0,3,0
2021-01-25,2825,10,32,2768,25,0,0,3,0
2021-01-26,2826,10,31,2770,25,0,0,3,0
2021-01-27,2828,10,30,2773,25,0,0,3,0
2021-01-28,2830,9,29,2776,25,0,0,3,0
2021-01-29,2831,9,28,2778,25,0,0,3,0
2021-01-30,2833,9,27,2781,25,0,0,2,0
2021-01-31,2836,8,27,2783,26,0,0,2,0
2021-02-01,2838,8,26,2786,26,0,0,2,0
2021-02-02,2839,8,25,2788,26,0,0,2,0
2021-02-03,2840,8,24,2790,26,0,0,2,0
2021-02-04,2842,8,24,2792,26,0,0,2,0
2021-02-05,2844,7,23,2795,26,0,0,2,0
2021-02-06,2845,7,22,2797,26,0,0,2,0
2021-02-07,2847,7,22,2799,26,0,0,2,0
2021-02-08,2848,7,21,2801,26,0,0,2,0
2021-02-09,2849,7,21,2802,26,0,0,2,0
2021-02-10,2850,6,20,2804,26,0,0,2,0
2021-02-11,2851,6,19,2806,26,0,0,2,0
2021-02-12,2853,6,19,2808,26,0,0,2,0
2021-02-13,2853,6,18,2809,26,0,0,2,0
2021-02-14,2855,6,18,2811,26,0,0,2,0
2021-02-15,2856,5,17,2813,26,0,0,2,0
2021-02-16,2857,5,17,2814,26,0,0,2,0
2021-02-17,2858,5,16,2816,26,0,0,1,0
2021-02-18,2859,5,16,2817,26,0,0,1,0
2021-02-19,2860,5,15,2819,26,0,0,1,0
2021-02-20,2861,5,15,2820,26,0,0,1,0
2021-02-21,2862,5,15,2821,26,0,0,1,0
2021-02-22,2863,4,14,2823,26,0,0,1,0
2021-02-23,2864,4,14,2824,26,0,0,1,0
2021-02-24,2864,4,13,2825,26,0,0,1,0
2021-02-25,2865,4,13,2826,26,0,0,1,0
2021-02-26,2866,4,13,2827,26,0,0,1,0
2021-02-27,2866,4,12,2828,26,0,0,1,0
2021-02-28,2868,4,12,2830,26,0,0,1,0
2021-03-01,2868,4,11,2831,26,0,0,1,0
2021-03-02,2869,4,11,2832,26,0,0,1,0
2021-03-03,2870,3,11,2833,26,0,0,1,0
2021-03-04,2871,3,11,2834,26,0,0,1,0
2021-03-05,2871,3,10,2835,26,0,0,1,0
2021-03-06,2871,3,10,2835,26,0,0,1,0
2021-03-07,2872,3,10,2836,26,0,0,1,0
2021-03-08,2872,3,9,2837,26,0,0,1,0
2021-03-09,2873,3,9,2838,26,0,0,1,0
2021-03-10,2874,3,9,2839,26,0,0,1,0
2021-03-11,2875,3,9,2840,26,0,0,1,0
2021-03-12,2874,3,8,2840,26,0,0,1,0
2021-03-13,2875,3,8,2841,26,0,0,1,0
2021-03-14,2876,2,8,2842,26,0,0,1,0
2021-03-15,2876,2,8,2842,26,0,0,1,0
2021-03-16,2876,2,7,2843,26,0,0,1,0
2021-03-17,2877,2,7,2844,26,0,0,1,0
2021-03-18,2877,2,7,2844,26,0,0,1,0
2021-03-19,2878,2,7,2845,26,0,0,1,0
2021-03-20,2879,2,7,2846,26,0,0,1,0
2021-03-21,2878,2,6,2846,26,0,0,1,0
2021-03-22,2879,2,6,2847,26,0,0,1,0
2021-03-23,2879,2,6,2847,26,0,0,1,0
2021-03-24,2880,2,6,2848,26,0,0,1,0
2021-03-25,2880,2,6,2848,26,0,0,1,0
2021-03-26,2880,2,5,2849,26,0,0,0,0
2021-03-27,2880,2,5,2849,26,0,0,0,0
2021-03-28,2881,2,5,2850,26,0,0,0,0
2021-03-29,2881,2,5,2850,26,0,0,0,0
2021-03-30,2882,2,5,2851,26,0,0,0,0
2021-03-31,2882,1,5,2851,26,0,0,0,0
2021-04-01,2883,1,5,2852,26,0,0,0,0
2021-04-02,2882,1,4,2852,26,0,0,0,0
2021-04-03,2882,1,4,2852,26,0,0,0,0
2021-04-04,2883,1,4,2853,26,0,0,0,0
2021-04-05,2883,1,4,2853,26,0,0,0,0
2021-04-06,2884,1,4,2854,26,0,0,0,0
2021-04-07,2884,1,4,2854,26,0,0,0,0
2021-04-08,2884,1,4,2854,26,0,0,0,0
2021-04-09,2885,1,4,2855,26,0,0,0,0
2021-04-10,2885,1,4,2855,26,0,0,0,0
2021-04-11,2884,1,3,2855,26,0,0,0,0
2021-04-12,2885,1,3,2856,26,0,0,0,0
2021-04-13,2885,1,3,2856,26,0,0,0,0
2021-04-14,2885,1,3,2856,26,0,0,0,0
2021-04-15,2885,1,3,2856,26,0,0,0,0
2021-04-16,2886,1,3,2857,26,0,0,0,0
2021-04-17,2886,1,3,2857,26,0,0,0,0
2021-04-18,2886,1,3,2857,26,0,0,0,0
2021-04-19,2886,1,3,2857,26,0,0,0,0
2021-04-20,2887,1,3,2858,26,0,0,0,0
2021-04-21,2887,1,3,2858,26,0,0,0,0
2021-04-22,2886,1,2,2858,26,0,0,0,0
2021-04-23,2886,1,2,2858,26,0,0,0,0
2021-04-24,2887,1,2,2859,26,0,0,0,0
2021-04-25,2887,1,2,2859,26,0,0,0,0
2021-04-26,2887,1,2,2859,26,0,0,0,0
2021-04-27,2887,1,2,2859,26,0,0,0,0
2021-04-28,2887,1,2,2859,26,0,0,0,0
2021-04-29,2888,1,2,2860,26,0,0,0,0
2021-04-30,2888,1,2,2860,26,0,0,0,0
2021-05-01,2888,1,2,2860,26,0,0,0,0
2021-05-02,2888,1,2,2860,26,0,0,0,0
2021-05-03,2888,1,2,2860,26,0,0,0,0
2021-05-04,2888,1,2,2860,26,0,0,0,0
2021-05-05,2889,1,2,2861,26,0,0,0,0
2021-05-06,2889,1,2,2861,26,0,0,0,0
2021-05-07,2889,0,2,2861,26,0,0,0,0
2021-05-08,2889,0,2,2861,26,0,0,0,0
2021-05-09,2888,0,1,2861,26,0,0,0,0
2021-05-10,2888,0,1,2861,26,0,0,0,0
2021-05-11,2888,0,1,2861,26,0,0,0,0
2021-05-12,2888,0,1,2861,26,0,0,0,0
2021-05-13,2889,0,1,2862,26,0,0,0,0
2021-05-14,2889,0,1,2862,26,0,0,0,0
2021-05-15,2889,0,1,2862,26,0,0,0,0
2021-05-16,2889,0,1,2862,26,0,0,0,0
2021-05-17,2889,0,1,2862,26,0,0,0,0
2021-05-18,2889,0,1,2862,26,0,0,0,0
2021-05-19,2889,0,1,2862,26,0,0,0,0
2021-05-20,2889,0,1,2862,26,0,0,0,0
2021-05-21,2889,0,1,2862,26,0,0,0,0
2021-05-22,2890,0,1,2863,26,0,0,0,0
2021-05-23,2890,0,1,2863,26,0,0,0,0
2021-05-24,2890,0,1,2863,26,0,0,0,0
2021-05-25,2890,0,1,2863,26,0,0,0,0
2021-05-26,2890,0,1,2863,26,0,0,0,0
2021-05-27,2890,0,1,2863,26,0,0,0,0
2021-05-28,2890,0,1,2863,26,0,0,0,0
2021-05-29,2890,0,1,2863,26,0,0,0,0
2021-05-30,2890,0,1,2863,26,0,0,0,0
2021-05-31,2890,0,1,2863,26,0,0,0,0
2021-06-01,2890,0,1,2863,26,0,0,0,0
2021-06-02,2890,0,1,2863,26,0,0,0,0
2021-06-03,2890,0,1,2863,26,0,0,0,0
2021-06-04,2891,0,1,2864,26,0,0,0,0
2021-06-05,2891,0,1,2864,26,0,0,0,0
2021-06-06,2891,0,1,2864,26,0,0,0,0
2021-06-07,2891,0,1,2864,26,0,0,0,0
2021-06-08,2891,0,1,2864,26,0,0,0,0
2021-06-09,2891,0,1,2864,26,0,0,0,0
2021-06-10,2891,0,1,2864,26,0,0,0,0
2021-06-11,2891,0,1,2864,26,0,0,0,0
2021-06-12,2891,0,1,2864,26,0,0,0,0
2021-06-13,2891,0,1,2864,26,0,0,0,0
2021-06-14,2891,0,1,2864,26,0,0,0,0
2021-06-15,2890,0,0,2864,26,0,0,0,0
2021-06-16,2890,0,0,2864,26,0,0,0,0
2021-06-17,2890,0,0,2864,26,0,0,0,0
2021-06-18,2890,0,0,2864,26,0,0,0,0
2021-06-19,2890,0,0,2864,26,0,0,0,0
2021-06-20,2890,0,0,2864,26,0,0,0,0
2021-06-21,2890,0,0,2864,26,0,0,0,0
2021-06-22,2890,0,0,2864,26,0,0,0,0
2021-06-23,2890,0,0,2864,26,0,0,0,0
2021-06-24,2890,0,0,2864,26,0,0,0,0
2021-06-25,2890,0,0,2864,26,0,0,0,0
2021-06-26,2890,0,0,2864,26,0,0,0,0
2021-06-27,2891,0,0,2865,26,0,0,0,0
2021-06-28,2891,0,0,2865,26,0,0,0,0
2021-06-29,2891,0,0,2865,26,0,0,0,0
2021-06-30,2891,0,0,2865,26,0,0,0,0
2021-07-01,2891,0,0,2865,26,0,0,0,0
2021-07-02,2891,0,0,2865,26,0,0,0,0
2021-07-03,2891,0,0,2865,26,0,0,0,0
2021-07-04,2891,0,0,2865,26,0,0,0,0
2021-07-05,2891,0,0,2865,26,0,0,0,0
2021-07-06,2891,0,0,2865,26,0,0,0,0
2021-07-07,2891,0,0,2865,26,0,0,0,0
2021-07-08,2891,0,0,2865,26,0,0,0,0
2021-07-09,2891,0,0,2865,26,0,0,0,0
