Date,Infected,Exposed,Active,Recovered,Deaths,Diff Exposed,Diff Active,Diff Recovered,Diff Deaths
2020-07-12,184,0,40,144,0,6,0,4,0
2020-07-13,184,5,37,147,0,4,0,3,0
2020-07-14,186,9,35,150,1,3,0,3,0
2020-07-15,188,12,34,153,1,3,0,3,0
2020-07-16,190,15,33,156,1,2,0,3,0
2020-07-17,193,16,33,159,1,2,0,3,0
2020-07-18,198,18,34,163,1,1,0,3,0
2020-07-19,201,19,34,166,1,1,1,3,0
2020-07-20,205,21,35,169,1,1,1,3,0
2020-07-21,209,22,36,172,1,1,1,3,0
2020-07-22,213,23,37,175,1,1,1,3,0
2020-07-23,218,24,38,179,1,1,1,3,0
2020-07-24,222,24,39,182,1,1,1,4,0
2020-07-25,227,25,40,186,1,1,1,4,0
2020-07-26,232,26,42,189,1,1,1,4,0
2020-07-27,237,27,43,193,1,1,1,4,0
2020-07-28,243,28,45,197,1,1,1,4,0
2020-07-29,248,29,46,201,1,1,2,4,0
2020-07-30,254,30,48,205,1,1,2,4,0
2020-07-31,260,31,49,210,1,1,2,4,0
2020-08-01,266,32,51,214,1,1,2,5,0
2020-08-02,273,33,53,219,1,1,2,5,0
2020-08-03,279,34,54,224,1,1,2,5,0
2020-08-04,286,36,56,229,1,1,2,5,0
2020-08-05,293,37,58,234,1,1,2,5,0
2020-08-06,300,38,60,239,1,1,2,5,0
2020-08-07,308,39,62,245,1,1,2,6,0
2020-08-08,316,40,64,251,1,1,2,6,0
2020-08-09,323,42,66,256,1,1,2,6,0
2020-08-10,331,43,68,262,1,1,2,6,0
2020-08-11,341,45,71,269,1,1,2,6,0
2020-08-12,349,46,73,275,1,1,2,7,0
2020-08-13,358,47,75,282,1,2,2,7,0
2020-08-14,368,49,78,289,1,2,3,7,0
2020-08-15,377,51,80,296,1,2,3,7,0
2020-08-16,387,52,83,303,1,2,3,8,0
2020-08-17,398,54,86,311,1,2,3,8,0
2020-08-18,409,56,89,319,1,2,3,8,0
2020-08-19,419,57,91,327,1,2,3,8,0
2020-08-20,430,59,94,335,1,2,3,9,0
2020-08-21,442,61,97,344,1,2,3,9,0
2020-08-22,455,63,101,353,1,2,3,9,0
2020-08-23,467,65,104,362,1,2,3,9,0
2020-08-24,480,67,107,372,1,2,3,10,0
2020-08-25,492,69,110,381,1,2,3,10,0
2020-08-26,507,71,114,392,1,2,4,10,0
2020-08-27,520,73,117,402,1,2,4,11,0
2020-08-28,535,75,121,413,1,2,4,11,0
2020-08-29,550,77,125,424,1,2,4,11,0
2020-08-30,565,80,129,435,1,2,4,12,0
2020-08-31,582,82,133,447,2,2,4,12,0
2020-09-01,598,84,137,459,2,2,4,12,0
2020-09-02,615,87,141,472,2,2,4,13,0
2020-09-03,632,89,145,485,2,3,4,13,0
2020-09-04,650,92,150,498,2,3,4,14,0
2020-09-05,668,95,154,512,2,3,5,14,0
2020-09-06,687,97,159,526,2,3,5,14,0
2020-09-07,705,100,163,540,2,3,5,15,0
2020-09-08,725,103,168,555,2,3,5,15,0
2020-09-09,746,106,173,571,2,3,5,16,0
2020-09-10,767,109,178,587,2,3,5,16,0
2020-09-11,788,111,183,603,2,3,5,17,0
2020-09-12,810,114,188,620,2,3,5,17,0
2020-09-13,833,117,194,637,2,3,5,18,0
2020-09-14,856,121,199,655,2,3,6,18,0
2020-09-15,880,124,205,673,2,3,6,19,0
2020-09-16,905,127,211,692,2,3,6,19,0
2020-09-17,929,130,216,711,2,3,6,20,0
2020-09-18,955,133,222,731,2,3,6,20,0
2020-09-19,982,137,228,751,3,3,6,21,0
2020-09-20,1009,140,234,772,3,3,6,21,0
2020-09-21,1036,143,240,793,3,3,6,22,0
2020-09-22,1065,147,247,815,3,3,6,22,0
2020-09-23,1094,150,253,838,3,3,6,23,0
2020-09-24,1123,154,259,861,3,3,7,24,0
2020-09-25,1154,157,266,885,3,3,7,24,0
2020-09-26,1185,160,273,909,3,3,7,25,0
2020-09-27,1216,164,279,934,3,4,7,25,0
2020-09-28,1249,167,286,960,3,4,7,26,0
2020-09-29,1282,171,293,986,3,4,7,27,0
2020-09-30,1316,175,300,1013,3,4,7,27,0
2020-10-01,1351,178,307,1040,4,4,7,28,0
2020-10-02,1386,182,314,1068,4,4,7,28,0
2020-10-03,1422,185,321,1097,4,4,7,29,0
2020-10-04,1458,189,328,1126,4,3,7,30,0
2020-10-05,1495,192,335,1156,4,3,7,30,0
2020-10-06,1534,196,343,1187,4,3,7,31,0
2020-10-07,1572,199,350,1218,4,3,7,32,0
2020-10-08,1611,202,357,1250,4,3,7,32,0
2020-10-09,1651,206,364,1283,4,3,7,33,0
2020-10-10,1691,209,371,1316,4,3,7,34,0
2020-10-11,1734,212,379,1350,5,3,7,34,0
2020-10-12,1775,216,386,1384,5,3,7,35,0
2020-10-13,1817,219,393,1419,5,3,7,36,0
2020-10-14,1860,222,400,1455,5,3,7,36,0
2020-10-15,1904,225,407,1492,5,3,7,37,0
2020-10-16,1948,228,414,1529,5,3,7,38,0
2020-10-17,1993,231,421,1567,5,3,7,38,0
2020-10-18,2038,234,428,1605,5,3,7,39,0
2020-10-19,2085,236,435,1644,6,3,7,39,0
2020-10-20,2132,239,442,1684,6,3,7,40,0
2020-10-21,2178,241,448,1724,6,2,7,41,0
2020-10-22,2226,244,455,1765,6,2,6,41,0
2020-10-23,2273,246,461,1806,6,2,6,42,0
2020-10-24,2322,248,468,1848,6,2,6,42,0
2020-10-25,2371,250,474,1891,6,2,6,43,0
2020-10-26,2421,252,480,1934,7,2,6,43,0
2020-10-27,2470,254,485,1978,7,2,6,44,0
2020-10-28,2520,255,491,2022,7,2,5,44,0
2020-10-29,2570,257,496,2067,7,1,5,45,0
2020-10-30,2621,258,502,2112,7,1,5,45,0
2020-10-31,2671,260,507,2157,7,1,5,46,0
2020-11-01,2721,261,511,2203,7,1,5,46,0
2020-11-02,2774,262,516,2250,8,1,4,47,0
2020-11-03,2825,262,520,2297,8,1,4,47,0
2020-11-04,2876,263,524,2344,8,1,4,47,0
2020-11-05,2928,263,528,2392,8,0,4,48,0
2020-11-06,2979,264,531,2440,8,0,3,48,0
2020-11-07,3031,264,535,2488,8,0,3,48,0
2020-11-08,3083,264,538,2536,9,0,3,49,0
2020-11-09,3134,264,540,2585,9,0,3,49,0
2020-11-10,3186,263,543,2634,9,0,2,49,0
2020-11-11,3238,263,545,2684,9,0,2,49,0
2020-11-12,3289,262,547,2733,9,0,2,50,0
2020-11-13,3341,261,549,2783,9,0,1,50,0
2020-11-14,3392,260,550,2832,10,0,1,50,0
2020-11-15,3443,259,551,2882,10,0,1,50,0
2020-11-16,3493,258,551,2932,10,0,0,50,0
2020-11-17,3544,257,552,2982,10,0,0,50,0
2020-11-18,3594,255,552,3032,10,0,0,50,0
2020-11-19,3644,254,552,3082,10,0,0,50,0
2020-11-20,3694,252,551,3132,11,0,0,50,0
2020-11-21,3743,250,550,3182,11,0,0,50,0
2020-11-22,3792,248,549,3232,11,0,0,50,0
2020-11-23,3841,246,548,3282,11,0,0,50,0
2020-11-24,3888,244,546,3331,11,0,0,49,0
2020-11-25,3936,241,544,3381,11,0,0,49,0
2020-11-26,3984,239,542,3430,12,0,0,49,0
2020-11-27,4030,236,539,3479,12,0,0,49,0
2020-11-28,4077,234,537,3528,12,0,0,49,0
2020-11-29,4122,231,534,3576,12,0,0,48,0
2020-11-30,4166,228,530,3624,12,0,0,48,0
2020-12-01,4211,225,527,3672,12,0,0,48,0
2020-12-02,4256,223,523,3720,13,0,0,47,0
2020-12-03,4299,220,519,3767,13,0,0,47,0
2020-12-04,4342,216,515,3814,13,0,0,47,0
2020-12-05,4384,213,510,3861,13,0,0,46,0
2020-12-06,4426,210,506,3907,13,0,0,46,0
2020-12-07,4466,207,501,3952,13,0,0,45,0
2020-12-08,4507,204,496,3998,13,0,0,45,0
2020-12-09,4547,200,491,4042,14,0,0,44,0
2020-12-10,4586,197,485,4087,14,0,0,44,0
2020-12-11,4624,194,480,4130,14,0,0,43,0
2020-12-12,4662,191,474,4174,14,0,0,43,0
2020-12-13,4698,187,468,4216,14,0,0,42,0
2020-12-14,4735,184,462,4259,14,0,0,42,0
2020-12-15,4770,180,456,4300,14,0,0,41,0
2020-12-16,4807,177,450,4342,15,0,0,41,0
2020-12-17,4841,174,444,4382,15,0,0,40,0
2020-12-18,4875,170,438,4422,15,0,0,40,0
2020-12-19,4908,167,431,4462,15,0,0,39,0
2020-12-20,4940,164,425,4500,15,0,0,38,0
2020-12-21,4972,160,418,4539,15,0,0,38,0
2020-12-22,5003,157,412,4576,15,0,0,37,0
2020-12-23,5034,154,405,4613,16,0,0,37,0
2020-12-24,5064,150,398,4650,16,0,0,36,0
2020-12-25,5093,147,391,4686,16,0,0,35,0
2020-12-26,5122,144,385,4721,16,0,0,35,0
2020-12-27,5150,141,378,4756,16,0,0,34,0
2020-12-28,5177,138,371,4790,16,0,0,34,0
2020-12-29,5203,134,364,4823,16,0,0,33,0
2020-12-30,5230,131,358,4856,16,0,0,32,0
2020-12-31,5255,128,351,4888,16,0,0,32,0
2021-01-01,5280,125,344,4919,17,0,0,31,0
2021-01-02,5304,122,337,4950,17,0,0,31,0
2021-01-03,5329,119,331,4981,17,0,0,30,0
2021-01-04,5352,117,324,5011,17,0,0,29,0
2021-01-05,5375,114,318,5040,17,0,0,29,0
2021-01-06,5396,111,311,5068,17,0,0,28,0
2021-01-07,5418,108,305,5096,17,0,0,28,0
2021-01-08,5439,106,298,5124,17,0,0,27,0
2021-01-09,5459,103,292,5150,17,0,0,26,0
2021-01-10,5479,100,285,5177,17,0,0,26,0
2021-01-11,5499,98,279,5202,18,0,0,25,0
2021-01-12,5518,95,273,5227,18,0,0,25,0
2021-01-13,5537,93,267,5252,18,0,0,24,0
2021-01-14,5555,90,261,5276,18,0,0,24,0
2021-01-15,5572,88,255,5299,18,0,0,23,0
2021-01-16,5589,86,249,5322,18,0,0,23,0
2021-01-17,5606,84,243,5345,18,0,0,22,0
2021-01-18,5622,81,238,5366,18,0,0,22,0
2021-01-19,5638,79,232,5388,18,0,0,21,0
2021-01-20,5653,77,226,5409,18,0,0,21,0
2021-01-21,5668,75,221,5429,18,0,0,20,0
2021-01-22,5683,73,216,5449,18,0,0,20,0
2021-01-23,5696,71,210,5468,18,0,0,19,0
2021-01-24,5710,69,205,5487,18,0,0,19,0
2021-01-25,5724,67,200,5505,19,0,0,18,0
2021-01-26,5737,65,195,5523,19,0,0,18,0
2021-01-27,5750,64,190,5541,19,0,0,17,0
2021-01-28,5762,62,185,5558,19,0,0,17,0
2021-01-29,5775,60,181,5575,19,0,0,16,0
2021-01-30,5786,58,176,5591,19,0,0,16,0
2021-01-31,5798,57,172,5607,19,0,0,16,0
2021-02-01,5808,55,167,5622,19,0,0,15,0
2021-02-02,5819,54,163,5637,19,0,0,15,0
2021-02-03,5830,52,159,5652,19,0,0,14,0
2021-02-04,5839,51,154,5666,19,0,0,14,0
2021-02-05,5849,49,150,5680,19,0,0,14,0
2021-02-06,5858,48,146,5693,19,0,0,13,0
2021-02-07,5868,46,143,5706,19,0,0,13,0
2021-02-08,5877,45,139,5719,19,0,0,13,0
2021-02-09,5886,44,135,5732,19,0,0,12,0
2021-02-10,5894,43,131,5744,19,0,0,12,0
2021-02-11,5902,41,128,5755,19,0,0,12,0
2021-02-12,5910,40,124,5767,19,0,0,11,0
2021-02-13,5918,39,121,5778,19,0,0,11,0
2021-02-14,5927,38,118,5789,20,0,0,11,0
2021-02-15,5933,37,114,5799,20,0,0,10,0
2021-02-16,5941,36,111,5810,20,0,0,10,0
2021-02-17,5948,35,108,5820,20,0,0,10,0
2021-02-18,5954,34,105,5829,20,0,0,10,0
2021-02-19,5961,33,102,5839,20,0,0,9,0
2021-02-20,5967,32,99,5848,20,0,0,9,0
2021-02-21,5974,31,97,5857,20,0,0,9,0
2021-02-22,5980,30,94,5866,20,0,0,9,0
2021-02-23,5985,29,91,5874,20,0,0,8,0
2021-02-24,5991,28,89,5882,20,0,0,8,0
2021-02-25,5996,27,86,5890,20,0,0,8,0
2021-02-26,6002,27,84,5898,20,0,0,8,0
2021-02-27,6006,26,81,5905,20,0,0,7,0
2021-02-28,6012,25,79,5913,20,0,0,7,0
2021-03-01,6017,24,77,5920,20,0,0,7,0
2021-03-02,6022,24,75,5927,20,0,0,7,0
2021-03-03,6025,23,72,5933,20,0,0,7,0
2021-03-04,6030,22,70,5940,20,0,0,6,0
2021-03-05,6034,22,68,5946,20,0,0,6,0
2021-03-06,6038,21,66,5952,20,0,0,6,0
2021-03-07,6042,20,64,5958,20,0,0,6,0
2021-03-08,6047,20,63,5964,20,0,0,6,0
2021-03-09,6051,19,61,5970,20,0,0,6,0
2021-03-10,6054,19,59,5975,20,0,0,5,0
2021-03-11,6057,18,57,5980,20,0,0,5,0
2021-03-12,6061,17,56,5985,20,0,0,5,0
2021-03-13,6064,17,54,5990,20,0,0,5,0
2021-03-14,6067,16,52,5995,20,0,0,5,0
2021-03-15,6071,16,51,6000,20,0,0,5,0
2021-03-16,6073,15,49,6004,20,0,0,4,0
2021-03-17,6077,15,48,6009,20,0,0,4,0
2021-03-18,6080,15,47,6013,20,0,0,4,0
2021-03-19,6082,14,45,6017,20,0,0,4,0
2021-03-20,6085,14,44,6021,20,0,0,4,0
2021-03-21,6088,13,43,6025,20,0,0,4,0
2021-03-22,6090,13,41,6029,20,0,0,4,0
2021-03-23,6093,12,40,6033,20,0,0,4,0
2021-03-24,6095,12,39,6036,20,0,0,4,0
2021-03-25,6098,12,38,6040,20,0,0,3,0
2021-03-26,6100,11,37,6043,20,0,0,3,0
2021-03-27,6103,11,36,6047,20,0,0,3,0
2021-03-28,6104,11,34,6050,20,0,0,3,0
2021-03-29,6106,10,33,6053,20,0,0,3,0
2021-03-30,6108,10,32,6056,20,0,0,3,0
2021-03-31,6110,10,31,6059,20,0,0,3,0
2021-04-01,6113,9,31,6062,20,0,0,3,0
2021-04-02,6114,9,30,6064,20,0,0,3,0
2021-04-03,6116,9,29,6067,20,0,0,3,0
2021-04-04,6118,9,28,6070,20,0,0,3,0
2021-04-05,6119,8,27,6072,20,0,0,2,0
2021-04-06,6120,8,26,6074,20,0,0,2,0
2021-04-07,6122,8,25,6077,20,0,0,2,0
2021-04-08,6124,8,25,6079,20,0,0,2,0
2021-04-09,6125,7,24,6081,20,0,0,2,0
2021-04-10,6126,7,23,6083,20,0,0,2,0
2021-04-11,6129,7,23,6085,21,0,0,2,0
2021-04-12,6131,7,22,6088,21,0,0,2,0
2021-04-13,6131,7,21,6089,21,0,0,2,0
2021-04-14,6133,6,21,6091,21,0,0,2,0
2021-04-15,6134,6,20,6093,21,0,0,2,0
2021-04-16,6135,6,19,6095,21,0,0,2,0
2021-04-17,6137,6,19,6097,21,0,0,2,0
2021-04-18,6137,6,18,6098,21,0,0,2,0
2021-04-19,6139,5,18,6100,21,0,0,2,0
2021-04-20,6140,5,17,6102,21,0,0,2,0
2021-04-21,6141,5,17,6103,21,0,0,2,0
2021-04-22,6142,5,16,6105,21,0,0,1,0
2021-04-23,6143,5,16,6106,21,0,0,1,0
2021-04-24,6143,5,15,6107,21,0,0,1,0
2021-04-25,6145,5,15,6109,21,0,0,1,0
2021-04-26,6145,4,14,6110,21,0,0,1,0
2021-04-27,6146,4,14,6111,21,0,0,1,0
2021-04-28,6147,4,13,6113,21,0,0,1,0
2021-04-29,6148,4,13,6114,21,0,0,1,0
2021-04-30,6149,4,13,6115,21,0,0,1,0
2021-05-01,6149,4,12,6116,21,0,0,1,0
2021-05-02,6150,4,12,6117,21,0,0,1,0
2021-05-03,6150,4,11,6118,21,0,0,1,0
2021-05-04,6151,3,11,6119,21,0,0,1,0
2021-05-05,6152,3,11,6120,21,0,0,1,0
2021-05-06,6152,3,10,6121,21,0,0,1,0
2021-05-07,6153,3,10,6122,21,0,0,1,0
2021-05-08,6154,3,10,6123,21,0,0,1,0
2021-05-09,6155,3,10,6124,21,0,0,1,0
2021-05-10,6155,3,9,6125,21,0,0,1,0
2021-05-11,6156,3,9,6126,21,0,0,1,0
2021-05-12,6156,3,9,6126,21,0,0,1,0
2021-05-13,6156,3,8,6127,21,0,0,1,0
2021-05-14,6157,3,8,6128,21,0,0,1,0
2021-05-15,6158,2,8,6129,21,0,0,1,0
2021-05-16,6158,2,8,6129,21,0,0,1,0
2021-05-17,6158,2,7,6130,21,0,0,1,0
2021-05-18,6159,2,7,6131,21,0,0,1,0
2021-05-19,6159,2,7,6131,21,0,0,1,0
2021-05-20,6160,2,7,6132,21,0,0,1,0
2021-05-21,6161,2,7,6133,21,0,0,1,0
2021-05-22,6160,2,6,6133,21,0,0,1,0
2021-05-23,6161,2,6,6134,21,0,0,1,0
2021-05-24,6161,2,6,6134,21,0,0,1,0
2021-05-25,6162,2,6,6135,21,0,0,1,0
2021-05-26,6162,2,6,6135,21,0,0,1,0
2021-05-27,6162,2,5,6136,21,0,0,0,0
2021-05-28,6162,2,5,6136,21,0,0,0,0
2021-05-29,6163,2,5,6137,21,0,0,0,0
2021-05-30,6163,2,5,6137,21,0,0,0,0
2021-05-31,6164,1,5,6138,21,0,0,0,0
2021-06-01,6164,1,5,6138,21,0,0,0,0
2021-06-02,6165,1,5,6139,21,0,0,0,0
2021-06-03,6164,1,4,6139,21,0,0,0,0
2021-06-04,6164,1,4,6139,21,0,0,0,0
2021-06-05,6165,1,4,6140,21,0,0,0,0
2021-06-06,6165,1,4,6140,21,0,0,0,0
2021-06-07,6166,1,4,6141,21,0,0,0,0
2021-06-08,6166,1,4,6141,21,0,0,0,0
2021-06-09,6166,1,4,6141,21,0,0,0,0
2021-06-10,6167,1,4,6142,21,0,0,0,0
2021-06-11,6166,1,3,6142,21,0,0,0,0
2021-06-12,6166,1,3,6142,21,0,0,0,0
2021-06-13,6166,1,3,6142,21,0,0,0,0
2021-06-14,6167,1,3,6143,21,0,0,0,0
2021-06-15,6167,1,3,6143,21,0,0,0,0
2021-06-16,6167,1,3,6143,21,0,0,0,0
2021-06-17,6168,1,3,6144,21,0,0,0,0
2021-06-18,6168,1,3,6144,21,0,0,0,0
2021-06-19,6168,1,3,6144,21,0,0,0,0
2021-06-20,6168,1,3,6144,21,0,0,0,0
2021-06-21,6169,1,3,6145,21,0,0,0,0
2021-06-22,6168,1,2,6145,21,0,0,0,0
2021-06-23,6168,1,2,6145,21,0,0,0,0
2021-06-24,6168,1,2,6145,21,0,0,0,0
2021-06-25,6168,1,2,6145,21,0,0,0,0
2021-06-26,6169,1,2,6146,21,0,0,0,0
2021-06-27,6169,1,2,6146,21,0,0,0,0
2021-06-28,6169,1,2,6146,21,0,0,0,0
2021-06-29,6169,1,2,6146,21,0,0,0,0
2021-06-30,6169,1,2,6146,21,0,0,0,0
2021-07-01,6170,1,2,6147,21,0,0,0,0
2021-07-02,6170,1,2,6147,21,0,0,0,0
2021-07-03,6170,1,2,6147,21,0,0,0,0
2021-07-04,6170,1,2,6147,21,0,0,0,0
2021-07-05,6170,0,2,6147,21,0,0,0,0
2021-07-06,6170,0,2,6147,21,0,0,0,0
2021-07-07,6170,0,2,6147,21,0,0,0,0
