Date,Infected,Exposed,Active,Recovered,Deaths,Diff Exposed,Diff Active,Diff Recovered,Diff Deaths
2020-06-25,446,21,120,324,2,10,0,11,0
2020-06-26,451,30,114,335,2,8,0,10,0
2020-06-27,457,38,110,345,2,6,0,10,0
2020-06-28,465,43,108,355,2,5,0,10,0
2020-06-29,474,47,107,365,2,4,0,10,0
2020-06-30,483,51,107,374,2,3,0,10,0
2020-07-01,494,54,108,384,2,2,1,10,0
2020-07-02,504,56,108,394,2,2,1,10,0
2020-07-03,516,58,110,404,2,2,1,10,0
2020-07-04,527,60,111,414,2,2,2,10,0
2020-07-05,539,61,113,424,2,2,2,10,0
2020-07-06,551,63,115,434,2,1,2,10,0
2020-07-07,562,64,116,444,2,1,2,11,0
2020-07-08,575,65,118,455,2,1,2,11,0
2020-07-09,590,67,121,466,3,1,2,11,0
2020-07-10,603,68,123,477,3,1,2,11,0
2020-07-11,616,69,125,488,3,1,2,11,0
2020-07-12,629,70,127,499,3,1,2,11,0
2020-07-13,643,72,129,511,3,1,2,12,0
2020-07-14,658,73,132,523,3,1,2,12,0
2020-07-15,672,74,134,535,3,1,2,12,0
2020-07-16,686,75,136,547,3,1,2,12,0
2020-07-17,701,77,139,559,3,1,2,13,0
2020-07-18,716,78,141,572,3,1,2,13,0
2020-07-19,732,79,144,585,3,1,2,13,0
2020-07-20,747,80,146,598,3,1,2,13,0
2020-07-21,763,82,149,611,3,1,3,13,0
2020-07-22,779,83,151,625,3,1,3,14,0
2020-07-23,795,84,154,638,3,1,3,14,0
2020-07-24,812,86,156,652,4,1,3,14,0
2020-07-25,830,87,159,667,4,1,3,14,0
2020-07-26,846,88,161,681,4,1,3,15,0
2020-07-27,864,89,164,696,4,1,3,15,0
2020-07-28,882,91,167,711,4,1,3,15,0
2020-07-29,899,92,169,726,4,1,3,15,0
2020-07-30,917,93,172,741,4,1,3,16,0
2020-07-31,936,95,175,757,4,1,3,16,0
2020-08-01,954,96,177,773,4,1,3,16,0
2020-08-02,973,97,180,789,4,1,3,16,0
2020-08-03,992,98,183,805,4,1,3,17,0
2020-08-04,1011,100,185,822,4,1,3,17,0
2020-08-05,1032,101,188,839,5,1,3,17,0
2020-08-06,1052,102,191,856,5,1,3,17,0
2020-08-07,1072,104,194,873,5,1,3,17,0
2020-08-08,1092,105,196,891,5,1,3,18,0
2020-08-09,1112,106,199,908,5,1,3,18,0
2020-08-10,1134,107,202,927,5,1,3,18,0
2020-08-11,1154,109,204,945,5,1,3,18,0
2020-08-12,1175,110,207,963,5,1,3,19,0
2020-08-13,1197,111,210,982,5,1,3,19,0
2020-08-14,1219,112,213,1001,5,1,3,19,0
2020-08-15,1242,114,215,1021,6,1,3,19,0
2020-08-16,1264,115,218,1040,6,1,3,20,0
2020-08-17,1287,116,221,1060,6,1,3,20,0
2020-08-18,1309,117,223,1080,6,1,3,20,0
2020-08-19,1332,118,226,1100,6,1,3,20,0
2020-08-20,1356,119,229,1121,6,1,3,21,0
2020-08-21,1379,120,231,1142,6,1,3,21,0
2020-08-22,1402,121,234,1162,6,1,3,21,0
2020-08-23,1426,123,236,1184,6,1,3,21,0
2020-08-24,1451,124,239,1205,7,1,3,22,0
2020-08-25,1475,125,241,1227,7,1,2,22,0
2020-08-26,1500,126,244,1249,7,1,2,22,0
2020-08-27,1524,127,246,1271,7,1,2,22,0
2020-08-28,1549,128,249,1293,7,1,2,22,0
2020-08-29,1574,128,251,1316,7,1,2,23,0
2020-08-30,1599,129,253,1339,7,1,2,23,0
2020-08-31,1625,130,256,1362,7,1,2,23,0
2020-09-01,1651,131,258,1385,8,1,2,23,0
2020-09-02,1676,132,260,1408,8,1,2,24,0
2020-09-03,1702,133,262,1432,8,1,2,24,0
2020-09-04,1729,133,265,1456,8,1,2,24,0
2020-09-05,1755,134,267,1480,8,1,2,24,0
2020-09-06,1781,135,269,1504,8,1,2,24,0
2020-09-07,1807,135,271,1528,8,1,2,24,0
2020-09-08,1834,136,273,1553,8,1,2,25,0
2020-09-09,1861,137,275,1577,9,1,2,25,0
2020-09-10,1887,137,276,1602,9,1,2,25,0
2020-09-11,1914,138,278,1627,9,0,2,25,0
2020-09-12,1942,138,280,1653,9,0,2,25,0
2020-09-13,1968,139,281,1678,9,0,2,25,0
2020-09-14,1995,139,283,1703,9,0,2,26,0
2020-09-15,2023,139,285,1729,9,0,1,26,0
2020-09-16,2051,140,286,1755,10,0,1,26,0
2020-09-17,2078,140,287,1781,10,0,1,26,0
2020-09-18,2106,140,289,1807,10,0,1,26,0
2020-09-19,2133,141,290,1833,10,0,1,26,0
2020-09-20,2160,141,291,1859,10,0,1,26,0
2020-09-21,2187,141,292,1885,10,0,1,26,0
2020-09-22,2215,141,293,1912,10,0,1,27,0
2020-09-23,2243,141,294,1938,11,0,1,27,0
2020-09-24,2271,141,295,1965,11,0,1,27,0
2020-09-25,2299,141,296,1992,11,0,1,27,0
2020-09-26,2327,141,297,2019,11,0,1,27,0
2020-09-27,2353,141,297,2045,11,0,1,27,0
2020-09-28,2381,141,298,2072,11,0,1,27,0
2020-09-29,2408,141,298,2099,11,0,0,27,0
2020-09-30,2437,140,299,2126,12,0,0,27,0
2020-10-01,2464,140,299,2153,12,0,0,27,0
2020-10-02,2491,140,299,2180,12,0,0,27,0
2020-10-03,2518,139,299,2207,12,0,0,27,0
2020-10-04,2545,139,299,2234,12,0,0,27,0
2020-10-05,2573,139,300,2261,12,0,0,27,0
2020-10-06,2601,138,299,2289,13,0,0,27,0
2020-10-07,2628,138,299,2316,13,0,0,27,0
2020-10-08,2655,137,299,2343,13,0,0,27,0
2020-10-09,2682,137,299,2370,13,0,0,27,0
2020-10-10,2708,136,298,2397,13,0,0,27,0
2020-10-11,2735,136,298,2424,13,0,0,27,0
2020-10-12,2761,135,297,2451,13,0,0,27,0
2020-10-13,2788,134,297,2477,14,0,0,27,0
2020-10-14,2814,133,296,2504,14,0,0,27,0
2020-10-15,2840,133,295,2531,14,0,0,27,0
2020-10-16,2866,132,294,2558,14,0,0,27,0
2020-10-17,2892,131,294,2584,14,0,0,27,0
2020-10-18,2918,130,293,2611,14,0,0,26,0
2020-10-19,2942,130,291,2637,14,0,0,26,0
2020-10-20,2968,129,290,2663,15,0,0,26,0
2020-10-21,2994,128,289,2690,15,0,0,26,0
2020-10-22,3019,127,288,2716,15,0,0,26,0
2020-10-23,3044,126,287,2742,15,0,0,26,0
2020-10-24,3068,125,285,2768,15,0,0,26,0
2020-10-25,3092,124,284,2793,15,0,0,26,0
2020-10-26,3116,123,282,2819,15,0,0,26,0
2020-10-27,3141,122,281,2844,16,0,0,25,0
2020-10-28,3165,121,279,2870,16,0,0,25,0
2020-10-29,3188,120,277,2895,16,0,0,25,0
2020-10-30,3211,119,275,2920,16,0,0,25,0
2020-10-31,3235,118,274,2945,16,0,0,25,0
2020-11-01,3257,116,272,2969,16,0,0,25,0
2020-11-02,3280,115,270,2994,16,0,0,24,0
2020-11-03,3303,114,268,3018,17,0,0,24,0
2020-11-04,3325,113,266,3042,17,0,0,24,0
2020-11-05,3347,112,264,3066,17,0,0,24,0
2020-11-06,3369,111,262,3090,17,0,0,24,0
2020-11-07,3391,109,260,3114,17,0,0,23,0
2020-11-08,3412,108,258,3137,17,0,0,23,0
2020-11-09,3432,107,255,3160,17,0,0,23,0
2020-11-10,3453,106,253,3183,17,0,0,23,0
2020-11-11,3475,105,251,3206,18,0,0,23,0
2020-11-12,3495,103,248,3229,18,0,0,22,0
2020-11-13,3515,102,246,3251,18,0,0,22,0
2020-11-14,3535,101,244,3273,18,0,0,22,0
2020-11-15,3554,100,241,3295,18,0,0,22,0
2020-11-16,3574,98,239,3317,18,0,0,22,0
2020-11-17,3593,97,236,3339,18,0,0,21,0
2020-11-18,3612,96,234,3360,18,0,0,21,0
2020-11-19,3631,95,232,3381,18,0,0,21,0
2020-11-20,3650,93,229,3402,19,0,0,21,0
2020-11-21,3667,92,226,3422,19,0,0,20,0
2020-11-22,3686,91,224,3443,19,0,0,20,0
2020-11-23,3703,90,221,3463,19,0,0,20,0
2020-11-24,3721,88,219,3483,19,0,0,20,0
2020-11-25,3738,87,216,3503,19,0,0,20,0
2020-11-26,3755,86,214,3522,19,0,0,19,0
2020-11-27,3771,85,211,3541,19,0,0,19,0
2020-11-28,3787,83,208,3560,19,0,0,19,0
2020-11-29,3805,82,206,3579,20,0,0,19,0
2020-11-30,3821,81,203,3598,20,0,0,18,0
2020-12-01,3837,80,201,3616,20,0,0,18,0
2020-12-02,3852,79,198,3634,20,0,0,18,0
2020-12-03,3868,77,196,3652,20,0,0,18,0
2020-12-04,3882,76,193,3669,20,0,0,17,0
2020-12-05,3897,75,190,3687,20,0,0,17,0
2020-12-06,3912,74,188,3704,20,0,0,17,0
2020-12-07,3926,73,185,3721,20,0,0,17,0
2020-12-08,3940,72,183,3737,20,0,0,17,0
2020-12-09,3955,70,180,3754,21,0,0,16,0
2020-12-10,3968,69,177,3770,21,0,0,16,0
2020-12-11,3982,68,175,3786,21,0,0,16,0
2020-12-12,3995,67,172,3802,21,0,0,16,0
2020-12-13,4008,66,170,3817,21,0,0,15,0
2020-12-14,4020,65,167,3832,21,0,0,15,0
2020-12-15,4033,64,165,3847,21,0,0,15,0
2020-12-16,4045,63,162,3862,21,0,0,15,0
2020-12-17,4058,62,160,3877,21,0,0,14,0
2020-12-18,4069,61,157,3891,21,0,0,14,0
2020-12-19,4081,60,155,3905,21,0,0,14,0
2020-12-20,4093,59,153,3919,21,0,0,14,0
2020-12-21,4105,58,150,3933,22,0,0,14,0
2020-12-22,4117,57,148,3947,22,0,0,13,0
2020-12-23,4128,56,146,3960,22,0,0,13,0
2020-12-24,4138,55,143,3973,22,0,0,13,0
2020-12-25,4149,54,141,3986,22,0,0,13,0
2020-12-26,4160,53,139,3999,22,0,0,13,0
2020-12-27,4169,52,136,4011,22,0,0,12,0
2020-12-28,4179,51,134,4023,22,0,0,12,0
2020-12-29,4189,50,132,4035,22,0,0,12,0
2020-12-30,4199,49,130,4047,22,0,0,12,0
2020-12-31,4209,48,128,4059,22,0,0,12,0
2021-01-01,4217,47,125,4070,22,0,0,11,0
2021-01-02,4226,46,123,4081,22,0,0,11,0
2021-01-03,4236,45,121,4093,22,0,0,11,0
2021-01-04,4244,45,119,4103,22,0,0,11,0
2021-01-05,4254,44,117,4114,23,0,0,11,0
2021-01-06,4263,43,115,4125,23,0,0,10,0
2021-01-07,4271,42,113,4135,23,0,0,10,0
2021-01-08,4279,41,111,4145,23,0,0,10,0
2021-01-09,4287,41,109,4155,23,0,0,10,0
2021-01-10,4295,40,107,4165,23,0,0,10,0
2021-01-11,4302,39,105,4174,23,0,0,10,0
2021-01-12,4310,38,103,4184,23,0,0,9,0
2021-01-13,4317,38,101,4193,23,0,0,9,0
2021-01-14,4325,37,100,4202,23,0,0,9,0
2021-01-15,4332,36,98,4211,23,0,0,9,0
2021-01-16,4339,36,96,4220,23,0,0,9,0
2021-01-17,4346,35,94,4229,23,0,0,9,0
2021-01-18,4353,34,93,4237,23,0,0,8,0
2021-01-19,4359,33,91,4245,23,0,0,8,0
2021-01-20,4366,33,89,4254,23,0,0,8,0
2021-01-21,4372,32,87,4262,23,0,0,8,0
2021-01-22,4378,32,86,4269,23,0,0,8,0
2021-01-23,4384,31,84,4277,23,0,0,8,0
2021-01-24,4391,30,83,4285,23,0,0,7,0
2021-01-25,4396,30,81,4292,23,0,0,7,0
2021-01-26,4403,29,80,4299,24,0,0,7,0
2021-01-27,4409,29,78,4307,24,0,0,7,0
2021-01-28,4415,28,77,4314,24,0,0,7,0
2021-01-29,4419,27,75,4320,24,0,0,7,0
2021-01-30,4425,27,74,4327,24,0,0,7,0
2021-01-31,4430,26,72,4334,24,0,0,7,0
2021-02-01,4435,26,71,4340,24,0,0,6,0
2021-02-02,4441,25,70,4347,24,0,0,6,0
2021-02-03,4445,25,68,4353,24,0,0,6,0
2021-02-04,4450,24,67,4359,24,0,0,6,0
2021-02-05,4455,24,66,4365,24,0,0,6,0
2021-02-06,4459,23,64,4371,24,0,0,6,0
2021-02-07,4464,23,63,4377,24,0,0,6,0
2021-02-08,4468,22,62,4382,24,0,0,6,0
2021-02-09,4473,22,61,4388,24,0,0,5,0
2021-02-10,4476,21,59,4393,24,0,0,5,0
2021-02-11,4481,21,58,4399,24,0,0,5,0
2021-02-12,4485,21,57,4404,24,0,0,5,0
2021-02-13,4489,20,56,4409,24,0,0,5,0
2021-02-14,4493,20,55,4414,24,0,0,5,0
2021-02-15,4497,19,54,4419,24,0,0,5,0
2021-02-16,4501,19,53,4424,24,0,0,5,0
2021-02-17,4504,19,52,4428,24,0,0,5,0
2021-02-18,4508,18,51,4433,24,0,0,5,0
2021-02-19,4512,18,50,4438,24,0,0,4,0
2021-02-20,4515,17,49,4442,24,0,0,4,0
2021-02-21,4518,17,48,4446,24,0,0,4,0
2021-02-22,4522,17,47,4451,24,0,0,4,0
2021-02-23,4525,16,46,4455,24,0,0,4,0
2021-02-24,4528,16,45,4459,24,0,0,4,0
2021-02-25,4531,16,44,4463,24,0,0,4,0
2021-02-26,4534,15,43,4467,24,0,0,4,0
2021-02-27,4537,15,42,4471,24,0,0,4,0
2021-02-28,4539,15,41,4474,24,0,0,4,0
2021-03-01,4542,14,40,4478,24,0,0,4,0
2021-03-02,4546,14,39,4482,25,0,0,4,0
2021-03-03,4549,14,39,4485,25,0,0,3,0
2021-03-04,4552,14,38,4489,25,0,0,3,0
2021-03-05,4554,13,37,4492,25,0,0,3,0
2021-03-06,4557,13,36,4496,25,0,0,3,0
2021-03-07,4560,13,36,4499,25,0,0,3,0
2021-03-08,4562,12,35,4502,25,0,0,3,0
2021-03-09,4564,12,34,4505,25,0,0,3,0
2021-03-10,4566,12,33,4508,25,0,0,3,0
2021-03-11,4569,12,33,4511,25,0,0,3,0
2021-03-12,4571,11,32,4514,25,0,0,3,0
2021-03-13,4573,11,31,4517,25,0,0,3,0
2021-03-14,4576,11,31,4520,25,0,0,3,0
2021-03-15,4578,11,30,4523,25,0,0,3,0
2021-03-16,4579,10,29,4525,25,0,0,3,0
2021-03-17,4582,10,29,4528,25,0,0,3,0
2021-03-18,4583,10,28,4530,25,0,0,3,0
2021-03-19,4586,10,28,4533,25,0,0,2,0
2021-03-20,4587,10,27,4535,25,0,0,2,0
2021-03-21,4590,9,27,4538,25,0,0,2,0
2021-03-22,4591,9,26,4540,25,0,0,2,0
2021-03-23,4593,9,25,4543,25,0,0,2,0
2021-03-24,4595,9,25,4545,25,0,0,2,0
2021-03-25,4596,9,24,4547,25,0,0,2,0
2021-03-26,4598,8,24,4549,25,0,0,2,0
2021-03-27,4599,8,23,4551,25,0,0,2,0
2021-03-28,4602,8,23,4554,25,0,0,2,0
2021-03-29,4603,8,22,4556,25,0,0,2,0
2021-03-30,4605,8,22,4558,25,0,0,2,0
2021-03-31,4606,8,21,4560,25,0,0,2,0
2021-04-01,4607,7,21,4561,25,0,0,2,0
2021-04-02,4609,7,21,4563,25,0,0,2,0
2021-04-03,4610,7,20,4565,25,0,0,2,0
2021-04-04,4612,7,20,4567,25,0,0,2,0
2021-04-05,4613,7,19,4569,25,0,0,2,0
2021-04-06,4614,7,19,4570,25,0,0,2,0
2021-04-07,4615,7,18,4572,25,0,0,2,0
2021-04-08,4617,6,18,4574,25,0,0,2,0
2021-04-09,4618,6,18,4575,25,0,0,2,0
2021-04-10,4619,6,17,4577,25,0,0,2,0
2021-04-11,4621,6,17,4579,25,0,0,2,0
2021-04-12,4622,6,17,4580,25,0,0,1,0
2021-04-13,4623,6,16,4582,25,0,0,1,0
2021-04-14,4624,6,16,4583,25,0,0,1,0
2021-04-15,4625,5,16,4584,25,0,0,1,0
2021-04-16,4626,5,15,4586,25,0,0,1,0
2021-04-17,4627,5,15,4587,25,0,0,1,0
2021-04-18,4629,5,15,4589,25,0,0,1,0
2021-04-19,4629,5,14,4590,25,0,0,1,0
2021-04-20,4630,5,14,4591,25,0,0,1,0
2021-04-21,4631,5,14,4592,25,0,0,1,0
2021-04-22,4632,5,13,4594,25,0,0,1,0
2021-04-23,4633,5,13,4595,25,0,0,1,0
2021-04-24,4634,5,13,4596,25,0,0,1,0
2021-04-25,4634,4,12,4597,25,0,0,1,0
2021-04-26,4635,4,12,4598,25,0,0,1,0
2021-04-27,4636,4,12,4599,25,0,0,1,0
2021-04-28,4637,4,12,4600,25,0,0,1,0
2021-04-29,4637,4,11,4601,25,0,0,1,0
2021-04-30,4638,4,11,4602,25,0,0,1,0
2021-05-01,4639,4,11,4603,25,0,0,1,0
2021-05-02,4640,4,11,4604,25,0,0,1,0
2021-05-03,4640,4,10,4605,25,0,0,1,0
2021-05-04,4641,4,10,4606,25,0,0,1,0
2021-05-05,4642,4,10,4607,25,0,0,1,0
2021-05-06,4643,3,10,4608,25,0,0,1,0
2021-05-07,4644,3,10,4609,25,0,0,1,0
2021-05-08,4644,3,9,4610,25,0,0,1,0
2021-05-09,4645,3,9,4611,25,0,0,1,0
2021-05-10,4646,3,9,4612,25,0,0,1,0
2021-05-11,4646,3,9,4612,25,0,0,1,0
2021-05-12,4647,3,9,4613,25,0,0,1,0
2021-05-13,4647,3,8,4614,25,0,0,1,0
2021-05-14,4648,3,8,4615,25,0,0,1,0
2021-05-15,4648,3,8,4615,25,0,0,1,0
2021-05-16,4649,3,8,4616,25,0,0,1,0
2021-05-17,4650,3,8,4617,25,0,0,1,0
2021-05-18,4651,3,8,4618,25,0,0,1,0
2021-05-19,4650,3,7,4618,25,0,0,1,0
2021-05-20,4651,3,7,4619,25,0,0,1,0
2021-05-21,4652,2,7,4620,25,0,0,1,0
2021-05-22,4652,2,7,4620,25,0,0,1,0
2021-05-23,4653,2,7,4621,25,0,0,1,0
2021-05-24,4653,2,7,4621,25,0,0,1,0
2021-05-25,4653,2,6,4622,25,0,0,1,0
2021-05-26,4654,2,6,4623,25,0,0,1,0
2021-05-27,4654,2,6,4623,25,0,0,1,0
2021-05-28,4655,2,6,4624,25,0,0,1,0
2021-05-29,4655,2,6,4624,25,0,0,1,0
2021-05-30,4656,2,6,4625,25,0,0,1,0
2021-05-31,4656,2,6,4625,25,0,0,1,0
2021-06-01,4657,2,6,4626,25,0,0,1,0
2021-06-02,4656,2,5,4626,25,0,0,0,0
2021-06-03,4657,2,5,4627,25,0,0,0,0
2021-06-04,4657,2,5,4627,25,0,0,0,0
2021-06-05,4658,2,5,4628,25,0,0,0,0
2021-06-06,4658,2,5,4628,25,0,0,0,0
2021-06-07,4659,2,5,4629,25,0,0,0,0
2021-06-08,4659,2,5,4629,25,0,0,0,0
2021-06-09,4659,2,5,4629,25,0,0,0,0
2021-06-10,4660,2,5,4630,25,0,0,0,0
2021-06-11,4659,2,4,4630,25,0,0,0,0
2021-06-12,4660,2,4,4631,25,0,0,0,0
2021-06-13,4660,1,4,4631,25,0,0,0,0
2021-06-14,4660,1,4,4631,25,0,0,0,0
2021-06-15,4661,1,4,4632,25,0,0,0,0
2021-06-16,4661,1,4,4632,25,0,0,0,0
2021-06-17,4662,1,4,4633,25,0,0,0,0
2021-06-18,4662,1,4,4633,25,0,0,0,0
2021-06-19,4662,1,4,4633,25,0,0,0,0
2021-06-20,4663,1,4,4634,25,0,0,0,0
