Date,Confirmed,Exposed,Active,Recovered,Deaths,Diff Exposed,Diff Active,Diff Recovered,Diff Deaths
2020-05-13,6,2,6,0,0,-1,1,0,0
2020-05-14,7,1,7,0,0,0,1,0,0
2020-05-15,7,1,7,0,0,0,0,0,0
2020-05-16,8,1,8,0,0,0,0,0,0
2020-05-17,8,1,8,0,0,0,0,0,0
2020-05-18,9,1,9,0,0,0,0,0,0
2020-05-19,9,1,9,0,0,0,0,0,0
2020-05-20,9,1,9,0,0,0,0,0,0
2020-05-21,10,1,10,0,0,0,0,0,0
2020-05-22,10,1,10,0,0,0,0,0,0
2020-05-23,10,1,10,0,0,0,0,0,0
2020-05-24,11,1,11,0,0,0,0,0,0
2020-05-25,11,1,11,0,0,0,0,0,0
2020-05-26,12,2,12,0,0,0,0,0,0
2020-05-27,12,2,12,0,0,0,0,0,0
2020-05-28,13,2,13,0,0,0,1,0,0
2020-05-29,13,2,13,0,0,0,1,0,0
2020-05-30,14,2,14,0,0,0,1,0,0
2020-05-31,14,2,14,0,0,0,1,0,0
2020-06-01,15,2,15,0,0,0,1,0,0
2020-06-02,16,2,16,0,0,0,1,0,0
2020-06-03,16,2,16,0,0,0,1,0,0
2020-06-04,17,2,17,0,0,0,1,0,0
2020-06-05,17,2,17,0,0,0,1,0,0
2020-06-06,18,2,18,0,0,0,1,0,0
2020-06-07,19,2,19,0,0,0,1,0,0
2020-06-08,20,3,20,0,0,0,1,0,0
2020-06-09,20,3,20,0,0,0,1,0,0
2020-06-10,21,3,21,0,0,0,1,0,0
2020-06-11,22,3,22,0,0,0,1,0,0
2020-06-12,23,3,23,0,0,0,1,0,0
2020-06-13,24,3,24,0,0,0,1,0,0
2020-06-14,25,3,25,0,0,0,1,0,0
2020-06-15,26,3,26,0,0,0,1,0,0
2020-06-16,27,3,27,0,0,0,1,0,0
2020-06-17,28,4,28,0,0,0,1,0,0
2020-06-18,29,4,29,0,0,0,1,0,0
2020-06-19,30,4,30,0,0,0,1,0,0
2020-06-20,32,4,32,0,0,0,1,0,0
2020-06-21,33,4,33,0,0,0,1,0,0
2020-06-22,34,4,34,0,0,0,1,0,0
2020-06-23,36,5,36,0,0,0,1,0,0
2020-06-24,37,5,37,0,0,0,1,0,0
2020-06-25,39,5,39,0,0,0,2,0,0
2020-06-26,40,5,40,0,0,0,2,0,0
2020-06-27,42,5,42,0,0,0,2,0,0
2020-06-28,43,6,43,0,0,0,2,0,0
2020-06-29,45,6,45,0,0,0,2,0,0
2020-06-30,47,6,47,0,0,0,2,0,0
2020-07-01,49,6,49,0,0,0,2,0,0
2020-07-02,51,7,51,0,0,0,2,0,0
2020-07-03,53,7,53,0,0,0,2,0,0
2020-07-04,55,7,55,0,0,0,2,0,0
2020-07-05,57,7,57,0,0,0,2,0,0
2020-07-06,60,8,60,0,0,0,2,0,0
2020-07-07,62,8,62,0,0,0,3,0,0
2020-07-08,65,8,65,0,0,0,3,0,0
2020-07-09,67,9,67,0,0,0,3,0,0
2020-07-10,70,9,70,0,0,0,3,0,0
2020-07-11,73,9,73,0,0,0,3,0,0
2020-07-12,76,10,76,0,0,0,3,0,0
2020-07-13,79,10,79,0,0,0,3,0,0
2020-07-14,82,11,82,0,0,0,3,0,0
2020-07-15,85,11,85,0,0,0,3,0,0
2020-07-16,89,11,89,0,0,0,4,0,0
2020-07-17,92,12,92,0,0,0,4,0,0
2020-07-18,96,12,96,0,0,0,4,0,0
2020-07-19,100,13,100,0,0,1,4,0,0
2020-07-20,104,13,104,0,0,1,4,0,0
2020-07-21,108,14,108,0,0,1,4,0,0
2020-07-22,112,14,112,0,0,1,5,0,0
2020-07-23,117,15,117,0,0,1,5,0,0
2020-07-24,121,16,121,0,0,1,5,0,0
2020-07-25,126,16,126,0,0,1,5,0,0
2020-07-26,131,17,131,0,0,1,5,0,0
2020-07-27,137,18,137,0,0,1,6,0,0
2020-07-28,142,18,142,0,0,1,6,0,0
2020-07-29,148,19,148,0,0,1,6,0,0
2020-07-30,154,20,154,0,0,1,6,0,0
2020-07-31,160,21,160,0,0,1,6,0,0
2020-08-01,167,21,167,0,0,1,7,0,0
2020-08-02,173,22,173,0,0,1,7,0,0
2020-08-03,180,23,180,0,0,1,7,0,0
2020-08-04,188,24,188,0,0,1,8,0,0
2020-08-05,195,25,195,0,0,1,8,0,0
2020-08-06,203,26,203,0,0,1,8,0,0
2020-08-07,211,27,211,0,0,1,8,0,0
2020-08-08,220,28,220,0,0,1,9,0,0
2020-08-09,228,29,228,0,0,1,9,0,0
2020-08-10,238,31,238,0,0,1,10,0,0
2020-08-11,247,32,247,0,0,1,10,0,0
2020-08-12,257,33,257,0,0,1,10,0,0
2020-08-13,267,34,267,0,0,1,11,0,0
2020-08-14,278,36,278,0,0,1,11,0,0
2020-08-15,289,37,289,0,0,1,12,0,0
2020-08-16,301,39,301,0,0,2,12,0,0
2020-08-17,313,40,313,0,0,2,13,0,0
2020-08-18,326,42,326,0,0,2,13,0,0
2020-08-19,339,43,339,0,0,2,14,0,0
2020-08-20,352,45,352,0,0,2,14,0,0
2020-08-21,366,47,366,0,0,2,15,0,0
2020-08-22,381,49,381,0,0,2,15,0,0
2020-08-23,396,51,396,0,0,2,16,0,0
2020-08-24,412,53,412,0,0,2,16,0,0
2020-08-25,429,55,429,0,0,2,17,0,0
2020-08-26,446,57,446,0,0,2,18,0,0
2020-08-27,464,59,464,0,0,2,19,0,0
2020-08-28,482,62,482,0,0,2,19,0,0
2020-08-29,501,64,501,0,0,3,20,0,0
2020-08-30,521,67,521,0,0,3,21,0,0
2020-08-31,542,69,542,0,0,3,22,0,0
2020-09-01,564,72,564,0,0,3,22,0,0
2020-09-02,586,75,586,0,0,3,23,0,0
2020-09-03,610,78,610,0,0,3,24,0,0
2020-09-04,634,81,634,0,0,3,25,0,0
2020-09-05,659,84,659,0,0,3,26,0,0
2020-09-06,685,87,685,0,0,3,27,0,0
2020-09-07,712,91,712,0,0,4,28,0,0
2020-09-08,741,94,741,0,0,4,29,0,0
2020-09-09,770,98,770,0,0,4,31,0,0
2020-09-10,801,102,801,0,0,4,32,0,0
2020-09-11,832,106,832,0,0,4,33,0,0
2020-09-12,865,110,865,0,0,4,34,0,0
2020-09-13,899,114,899,0,0,4,36,0,0
2020-09-14,935,119,935,0,0,5,37,0,0
2020-09-15,972,123,972,0,0,5,38,0,0
2020-09-16,1010,128,1010,0,0,5,40,0,0
2020-09-17,1050,133,1050,0,0,5,41,0,0
2020-09-18,1091,138,1091,0,0,5,43,0,0
2020-09-19,1134,144,1134,0,0,6,45,0,0
2020-09-20,1179,149,1179,0,0,6,46,0,0
2020-09-21,1225,155,1225,0,0,6,48,0,0
2020-09-22,1273,161,1273,0,0,6,50,0,0
2020-09-23,1323,167,1323,0,0,6,52,0,0
2020-09-24,1374,174,1374,0,0,7,54,0,0
2020-09-25,1428,180,1428,0,0,7,56,0,0
2020-09-26,1483,187,1483,0,0,7,58,0,0
2020-09-27,1541,194,1541,0,0,7,60,0,0
2020-09-28,1601,202,1601,0,0,8,62,0,0
2020-09-29,1663,209,1663,0,0,8,64,0,0
2020-09-30,1727,217,1727,0,0,8,67,0,0
2020-10-01,1794,225,1794,0,0,8,69,0,0
2020-10-02,1863,234,1863,0,0,9,72,0,0
2020-10-03,1935,242,1935,0,0,9,74,0,0
2020-10-04,2009,251,2009,0,0,9,77,0,0
2020-10-05,2087,261,2087,0,0,10,80,0,0
2020-10-06,2166,270,2166,0,0,10,83,0,0
2020-10-07,2249,280,2249,0,0,10,86,0,0
2020-10-08,2335,291,2335,0,0,11,89,0,0
2020-10-09,2423,301,2423,0,0,11,92,0,0
2020-10-10,2515,312,2515,0,0,11,95,0,0
2020-10-11,2610,324,2610,0,0,12,98,0,0
2020-10-12,2709,335,2709,0,0,12,102,0,0
2020-10-13,2811,348,2811,0,0,12,105,0,0
2020-10-14,2916,360,2916,0,0,13,109,0,0
2020-10-15,3025,373,3025,0,0,13,113,0,0
2020-10-16,3138,386,3138,0,0,14,117,0,0
2020-10-17,3254,400,3254,0,0,14,120,0,0
2020-10-18,3375,414,3375,0,0,14,124,0,0
2020-10-19,3499,428,3499,0,0,15,129,0,0
2020-10-20,3628,443,3628,0,0,15,133,0,0
2020-10-21,3761,458,3761,0,0,16,137,0,0
2020-10-22,3898,474,3898,0,0,16,142,0,0
2020-10-23,4039,490,4039,0,0,17,146,0,0
2020-10-24,4185,507,4185,0,0,17,151,0,0
2020-10-25,4336,524,4336,0,0,17,155,0,0
2020-10-26,4492,541,4492,0,0,18,160,0,0
2020-10-27,4652,559,4652,0,0,18,165,0,0
2020-10-28,4817,577,4817,0,0,19,170,0,0
2020-10-29,4987,596,4987,0,0,19,175,0,0
2020-10-30,5162,615,5162,0,0,20,180,0,0
2020-10-31,5343,635,5343,0,0,20,186,0,0
2020-11-01,5528,655,5528,0,0,20,191,0,0
2020-11-02,5719,676,5719,0,0,21,196,0,0
2020-11-03,5915,696,5915,0,0,21,202,0,0
2020-11-04,6117,718,6117,0,0,22,207,0,0
2020-11-05,6324,739,6324,0,0,22,213,0,0
2020-11-06,6537,762,6537,0,0,22,218,0,0
2020-11-07,6755,784,6755,0,0,23,224,0,0
2020-11-08,6979,807,6979,0,0,23,230,0,0
2020-11-09,7209,830,7209,0,0,24,235,0,0
2020-11-10,7444,854,7444,0,0,24,241,0,0
2020-11-11,7684,878,7684,0,0,24,246,0,0
2020-11-12,7931,902,7931,0,0,24,252,0,0
2020-11-13,8183,926,8183,0,0,25,258,0,0
2020-11-14,8441,951,8441,0,0,25,263,0,0
2020-11-15,8704,976,8704,0,0,25,269,0,0
2020-11-16,8973,1001,8973,0,0,25,274,0,0
2020-11-17,9247,1026,9247,0,0,25,279,0,0
2020-11-18,9526,1051,9526,0,0,25,285,0,0
2020-11-19,9811,1077,9811,0,0,26,290,0,0
2020-11-20,10100,1102,10100,0,0,26,295,0,0
2020-11-21,10395,1128,10395,0,0,26,300,0,0
2020-11-22,10695,1154,10695,0,0,25,304,0,0
2020-11-23,10999,1179,10999,0,0,25,309,0,0
2020-11-24,11307,1204,11307,0,0,25,313,0,0
2020-11-25,11620,1230,11620,0,0,25,317,0,0
2020-11-26,11937,1255,11937,0,0,25,321,0,0
2020-11-27,12258,1279,12258,0,0,24,324,0,0
2020-11-28,12582,1304,12582,0,0,24,327,0,0
2020-11-29,12909,1328,12909,0,0,24,330,0,0
2020-11-30,13240,1352,13240,0,0,23,333,0,0
2020-12-01,13572,1375,13572,0,0,23,335,0,0
2020-12-02,13907,1398,13907,0,0,22,337,0,0
2020-12-03,14244,1420,14244,0,0,22,338,0,0
2020-12-04,14583,1442,14583,0,0,21,340,0,0
2020-12-05,14922,1463,14922,0,0,20,340,0,0
2020-12-06,15263,1483,15263,0,0,19,340,0,0
2020-12-07,15603,1502,15603,0,0,19,340,0,0
2020-12-08,15943,1521,15943,0,0,18,340,0,0
2020-12-09,16283,1539,16283,0,0,17,339,0,0
2020-12-10,16621,1556,16621,0,0,16,337,0,0
2020-12-11,16958,1572,16958,0,0,15,335,0,0
2020-12-12,17293,1586,17293,0,0,14,332,0,0
2020-12-13,17625,1600,17625,0,0,13,329,0,0
2020-12-14,17954,1613,17954,0,0,12,325,0,0
2020-12-15,18280,1625,18280,0,0,11,321,0,0
2020-12-16,18601,1635,18601,0,0,9,317,0,0
2020-12-17,18918,1645,18918,0,0,8,311,0,0
2020-12-18,19229,1653,19229,0,0,7,306,0,0
2020-12-19,19535,1660,19535,0,0,6,300,0,0
2020-12-20,19835,1666,19835,0,0,4,293,0,0
2020-12-21,20127,1670,20127,0,0,3,286,0,0
2020-12-22,20413,1673,20413,0,0,2,278,0,0
2020-12-23,20691,1675,20691,0,0,1,270,0,0
2020-12-24,20961,1676,20961,0,0,-1,261,0,0
2020-12-25,21222,1675,21222,0,0,-2,252,0,0
2020-12-26,21474,1673,21474,0,0,-3,243,0,0
2020-12-27,21717,1670,21717,0,0,-4,233,0,0
2020-12-28,21949,1666,21949,0,0,-6,222,0,0
2020-12-29,22172,1660,22172,0,0,-7,212,0,0
2020-12-30,22384,1653,22384,0,0,-8,201,0,0
2020-12-31,22585,1646,22585,0,0,-9,190,0,0
2021-01-01,22774,1636,22774,0,0,-10,178,0,0
2021-01-02,22952,1626,22952,0,0,-11,166,0,0
2021-01-03,23119,1615,23119,0,0,-12,154,0,0
2021-01-04,23273,1603,23273,0,0,-13,142,0,0
2021-01-05,23415,1589,23415,0,0,-14,130,0,0
2021-01-06,23545,1575,23545,0,0,-15,117,0,0
2021-01-07,23662,1560,23662,0,0,-16,105,0,0
2021-01-08,23766,1544,23766,0,0,-17,92,0,0
2021-01-09,23858,1527,23858,0,0,-18,79,0,0
2021-01-10,23937,1509,23937,0,0,-18,66,0,0
2021-01-11,24004,1491,24004,0,0,-19,54,0,0
2021-01-12,24057,1472,24057,0,0,-20,41,0,0
2021-01-13,24098,1452,24098,0,0,-20,28,0,0
2021-01-14,24126,1432,24126,0,0,-21,16,0,0
2021-01-15,24142,1411,24142,0,0,-21,3,0,0
2021-01-16,24146,1390,24146,0,0,-22,-9,0,0
2021-01-17,24137,1368,24137,0,0,-22,-21,0,0
2021-01-18,24116,1346,24116,0,0,-22,-33,0,0
2021-01-19,24083,1324,24083,0,0,-23,-45,0,0
2021-01-20,24038,1301,24038,0,0,-23,-56,0,0
2021-01-21,23982,1279,23982,0,0,-23,-67,0,0
2021-01-22,23915,1256,23915,0,0,-23,-78,0,0
2021-01-23,23837,1232,23837,0,0,-23,-89,0,0
2021-01-24,23748,1209,23748,0,0,-23,-99,0,0
2021-01-25,23649,1186,23649,0,0,-23,-109,0,0
2021-01-26,23540,1163,23540,0,0,-23,-119,0,0
2021-01-27,23421,1139,23421,0,0,-23,-128,0,0
2021-01-28,23293,1116,23293,0,0,-23,-137,0,0
2021-01-29,23156,1093,23156,0,0,-23,-146,0,0
2021-01-30,23010,1070,23010,0,0,-23,-154,0,0
2021-01-31,22856,1047,22856,0,0,-23,-162,0,0
2021-02-01,22694,1024,22694,0,0,-23,-170,0,0
2021-02-02,22524,1002,22524,0,0,-22,-177,0,0
2021-02-03,22347,980,22347,0,0,-22,-184,0,0
2021-02-04,22163,957,22163,0,0,-22,-190,0,0
2021-02-05,21973,936,21973,0,0,-22,-197,0,0
2021-02-06,21776,914,21776,0,0,-21,-202,0,0
2021-02-07,21574,893,21574,0,0,-21,-208,0,0
2021-02-08,21366,872,21366,0,0,-21,-213,0,0
2021-02-09,21153,851,21153,0,0,-20,-218,0,0
2021-02-10,20936,831,20936,0,0,-20,-222,0,0
2021-02-11,20714,811,20714,0,0,-20,-226,0,0
2021-02-12,20487,791,20487,0,0,-19,-230,0,0
2021-02-13,20258,772,20258,0,0,-19,-233,0,0
2021-02-14,20024,753,20024,0,0,-19,-236,0,0
2021-02-15,19788,734,19788,0,0,-18,-239,0,0
2021-02-16,19549,716,19549,0,0,-18,-242,0,0
2021-02-17,19307,698,19307,0,0,-18,-244,0,0
2021-02-18,19063,680,19063,0,0,-17,-246,0,0
2021-02-19,18818,663,18818,0,0,-17,-247,0,0
2021-02-20,18570,646,18570,0,0,-16,-249,0,0
2021-02-21,18321,630,18321,0,0,-16,-250,0,0
2021-02-22,18071,614,18071,0,0,-16,-251,0,0
2021-02-23,17821,598,17821,0,0,-15,-251,0,0
2021-02-24,17569,583,17569,0,0,-15,-252,0,0
2021-02-25,17317,568,17317,0,0,-15,-252,0,0
2021-02-26,17065,553,17065,0,0,-14,-252,0,0
2021-02-27,16813,539,16813,0,0,-14,-252,0,0
2021-02-28,16561,525,16561,0,0,-14,-251,0,0
2021-03-01,16310,511,16310,0,0,-13,-251,0,0
2021-03-02,16059,498,16059,0,0,-13,-250,0,0
2021-03-03,15809,485,15809,0,0,-13,-249,0,0
2021-03-04,15559,472,15559,0,0,-12,-248,0,0
2021-03-05,15311,460,15311,0,0,-12,-247,0,0
2021-03-06,15064,448,15064,0,0,-12,-246,0,0
2021-03-07,14819,436,14819,0,0,-11,-244,0,0
2021-03-08,14574,425,14574,0,0,-11,-243,0,0
2021-03-09,14332,414,14332,0,0,-11,-241,0,0
2021-03-10,14091,403,14091,0,0,-11,-239,0,0
2021-03-11,13852,392,13852,0,0,-10,-237,0,0
2021-03-12,13615,382,13615,0,0,-10,-235,0,0
2021-03-13,13380,372,13380,0,0,-10,-233,0,0
2021-03-14,13147,362,13147,0,0,-9,-231,0,0
2021-03-15,12916,353,12916,0,0,-9,-229,0,0
2021-03-16,12687,343,12687,0,0,-9,-226,0,0
2021-03-17,12461,334,12461,0,0,-9,-224,0,0
2021-03-18,12237,326,12237,0,0,-9,-221,0,0
2021-03-19,12016,317,12016,0,0,-8,-219,0,0
2021-03-20,11797,309,11797,0,0,-8,-216,0,0
2021-03-21,11581,301,11581,0,0,-8,-214,0,0
2021-03-22,11367,293,11367,0,0,-8,-211,0,0
2021-03-23,11156,285,11156,0,0,-7,-208,0,0
2021-03-24,10948,278,10948,0,0,-7,-206,0,0
2021-03-25,10742,271,10742,0,0,-7,-203,0,0
2021-03-26,10539,264,10539,0,0,-7,-200,0,0
2021-03-27,10339,257,10339,0,0,-7,-198,0,0
2021-03-28,10141,250,10141,0,0,-6,-195,0,0
2021-03-29,9946,244,9946,0,0,-6,-192,0,0
2021-03-30,9755,237,9755,0,0,-6,-189,0,0
2021-03-31,9565,231,9565,0,0,-6,-186,0,0
2021-04-01,9379,225,9379,0,0,-6,-184,0,0
2021-04-02,9195,220,9195,0,0,-6,-181,0,0
2021-04-03,9015,214,9015,0,0,-5,-178,0,0
2021-04-04,8837,208,8837,0,0,-5,-175,0,0
2021-04-05,8661,203,8661,0,0,-5,-172,0,0
2021-04-06,8489,198,8489,0,0,-5,-170,0,0
2021-04-07,8319,193,8319,0,0,-5,-167,0,0
2021-04-08,8152,188,8152,0,0,-5,-164,0,0
2021-04-09,7988,183,7988,0,0,-5,-161,0,0
2021-04-10,7827,178,7827,0,0,-5,-159,0,0
2021-04-11,7668,174,7668,0,0,-4,-156,0,0
2021-04-12,7512,169,7512,0,0,-4,-153,0,0
2021-04-13,7359,165,7359,0,0,-4,-151,0,0
2021-04-14,7208,161,7208,0,0,-4,-148,0,0
2021-04-15,7060,157,7060,0,0,-4,-145,0,0
2021-04-16,6914,153,6914,0,0,-4,-143,0,0
2021-04-17,6771,149,6771,0,0,-4,-140,0,0
2021-04-18,6631,145,6631,0,0,-4,-138,0,0
2021-04-19,6493,142,6493,0,0,-4,-135,0,0
2021-04-20,6358,138,6358,0,0,-3,-133,0,0
2021-04-21,6225,135,6225,0,0,-3,-130,0,0
2021-04-22,6095,131,6095,0,0,-3,-128,0,0
2021-04-23,5967,128,5967,0,0,-3,-126,0,0
2021-04-24,5841,125,5841,0,0,-3,-123,0,0
2021-04-25,5718,122,5718,0,0,-3,-121,0,0
2021-04-26,5597,119,5597,0,0,-3,-119,0,0
2021-04-27,5478,116,5478,0,0,-3,-116,0,0
2021-04-28,5362,113,5362,0,0,-3,-114,0,0
2021-04-29,5248,110,5248,0,0,-3,-112,0,0
2021-04-30,5136,107,5136,0,0,-3,-110,0,0
2021-05-01,5026,105,5026,0,0,-3,-108,0,0
2021-05-02,4918,102,4918,0,0,-3,-106,0,0
2021-05-03,4813,99,4813,0,0,-2,-103,0,0
2021-05-04,4709,97,4709,0,0,-2,-101,0,0
2021-05-05,4608,95,4608,0,0,-2,-99,0,0
2021-05-06,4508,92,4508,0,0,-2,-97,0,0
2021-05-07,4411,90,4411,0,0,-2,-95,0,0
2021-05-08,4316,88,4316,0,0,-2,-94,0,0
