Date,Infected,Exposed,Active,Recovered,Deaths,Diff Exposed,Diff Active,Diff Recovered,Diff Deaths
2020-05-18,224,29,134,88,2,0,2,12,0
2020-05-19,238,29,136,99,3,0,2,12,0
2020-05-20,252,29,138,111,3,0,2,12,0
2020-05-21,265,29,139,123,3,0,2,12,0
2020-05-22,279,29,141,134,4,0,2,12,0
2020-05-23,294,30,143,147,4,0,2,12,0
2020-05-24,307,30,144,159,4,0,2,12,0
2020-05-25,322,30,146,171,5,0,2,13,0
2020-05-26,337,31,148,184,5,0,2,13,0
2020-05-27,351,31,149,196,6,0,2,13,0
2020-05-28,366,31,151,209,6,0,2,13,0
2020-05-29,381,32,153,222,6,0,2,13,0
2020-05-30,396,32,154,235,7,0,2,13,0
2020-05-31,412,32,156,249,7,0,2,13,0
2020-06-01,427,33,158,262,7,0,2,14,0
2020-06-02,442,33,159,275,8,0,2,14,0
2020-06-03,458,33,161,289,8,0,2,14,0
2020-06-04,475,34,163,303,9,0,2,14,0
2020-06-05,491,34,165,317,9,0,2,14,0
2020-06-06,506,35,166,331,9,0,2,14,0
2020-06-07,523,35,168,345,10,0,2,14,0
2020-06-08,540,35,170,360,10,0,2,15,0
2020-06-09,557,36,172,374,11,0,2,15,0
2020-06-10,574,36,174,389,11,0,2,15,0
2020-06-11,591,36,176,404,11,0,2,15,0
2020-06-12,608,37,177,419,12,0,2,15,0
2020-06-13,625,37,179,434,12,0,2,15,0
2020-06-14,644,37,181,450,13,0,2,16,0
2020-06-15,661,38,183,465,13,0,2,16,0
2020-06-16,680,38,185,481,14,0,2,16,0
2020-06-17,698,39,187,497,14,0,2,16,0
2020-06-18,717,39,189,513,15,0,2,16,0
2020-06-19,735,39,191,529,15,0,2,16,0
2020-06-20,754,40,193,546,15,0,2,17,0
2020-06-21,773,40,195,562,16,0,2,17,0
2020-06-22,792,41,197,579,16,0,2,17,0
2020-06-23,812,41,199,596,17,0,2,17,0
2020-06-24,831,41,201,613,17,0,2,17,0
2020-06-25,851,42,203,630,18,0,2,17,0
2020-06-26,871,42,205,648,18,0,2,18,0
2020-06-27,891,43,207,665,19,0,2,18,1
2020-06-28,911,43,209,683,19,0,2,18,1
2020-06-29,932,43,211,701,20,0,2,18,1
2020-06-30,952,44,213,719,20,0,2,18,1
2020-07-01,973,44,215,737,21,0,2,18,1
2020-07-02,994,45,217,756,21,0,2,19,1
2020-07-03,1015,45,219,774,22,0,2,19,1
2020-07-04,1037,45,222,793,22,0,2,19,1
2020-07-05,1059,46,224,812,23,0,2,19,1
2020-07-06,1081,46,226,831,24,0,2,19,1
2020-07-07,1103,47,228,851,24,0,2,20,1
2020-07-08,1125,47,230,870,25,0,2,20,1
2020-07-09,1147,47,232,890,25,0,2,20,1
2020-07-10,1170,48,234,910,26,0,2,20,1
2020-07-11,1193,48,237,930,26,0,2,20,1
2020-07-12,1217,49,239,951,27,0,2,21,1
2020-07-13,1239,49,241,971,27,0,2,21,1
2020-07-14,1263,50,243,992,28,0,2,21,1
2020-07-15,1287,50,245,1013,29,0,2,21,1
2020-07-16,1311,50,248,1034,29,0,2,21,1
2020-07-17,1335,51,250,1055,30,0,2,21,1
2020-07-18,1358,51,252,1076,30,0,2,22,1
2020-07-19,1383,52,254,1098,31,0,2,22,1
2020-07-20,1409,52,257,1120,32,0,2,22,1
2020-07-21,1433,53,259,1142,32,0,2,22,1
2020-07-22,1458,53,261,1164,33,0,2,22,1
2020-07-23,1484,53,263,1187,34,0,2,23,1
2020-07-24,1509,54,266,1209,34,0,2,23,1
2020-07-25,1535,54,268,1232,35,0,2,23,1
2020-07-26,1560,55,270,1255,35,0,2,23,1
2020-07-27,1586,55,272,1278,36,0,2,23,1
2020-07-28,1613,56,275,1301,37,0,2,24,1
2020-07-29,1639,56,277,1325,37,0,2,24,1
2020-07-30,1666,56,279,1349,38,0,2,24,1
2020-07-31,1694,57,282,1373,39,0,2,24,1
2020-08-01,1721,57,284,1397,40,0,2,24,1
2020-08-02,1747,58,286,1421,40,0,2,25,1
2020-08-03,1775,58,288,1446,41,0,2,25,1
2020-08-04,1804,58,291,1471,42,0,2,25,1
2020-08-05,1831,59,293,1496,42,0,2,25,1
2020-08-06,1859,59,295,1521,43,0,2,25,1
2020-08-07,1887,60,297,1546,44,0,2,26,1
2020-08-08,1916,60,300,1572,44,0,2,26,1
2020-08-09,1944,61,302,1597,45,0,2,26,1
2020-08-10,1973,61,304,1623,46,0,2,26,1
2020-08-11,2003,61,307,1649,47,0,2,26,1
2020-08-12,2032,62,309,1676,47,0,2,27,1
2020-08-13,2061,62,311,1702,48,0,2,27,1
2020-08-14,2091,63,313,1729,49,0,2,27,1
2020-08-15,2122,63,316,1756,50,0,2,27,1
2020-08-16,2151,63,318,1783,50,0,2,27,1
2020-08-17,2181,64,320,1810,51,0,2,27,1
2020-08-18,2212,64,322,1838,52,0,2,28,1
2020-08-19,2243,65,325,1865,53,0,2,28,1
2020-08-20,2274,65,327,1893,54,0,2,28,1
2020-08-21,2304,65,329,1921,54,0,2,28,1
2020-08-22,2335,66,331,1949,55,0,2,28,1
2020-08-23,2367,66,333,1978,56,0,2,29,1
2020-08-24,2400,67,336,2007,57,0,2,29,1
2020-08-25,2431,67,338,2035,58,0,2,29,1
2020-08-26,2462,67,340,2064,58,0,2,29,1
2020-08-27,2494,68,342,2093,59,0,2,29,1
2020-08-28,2527,68,344,2123,60,0,2,30,1
2020-08-29,2559,68,346,2152,61,0,2,30,1
2020-08-30,2592,69,348,2182,62,0,2,30,1
2020-08-31,2626,69,351,2212,63,0,2,30,1
2020-09-01,2658,69,353,2242,63,0,2,30,1
2020-09-02,2691,70,355,2272,64,0,2,30,1
2020-09-03,2725,70,357,2303,65,0,2,31,1
2020-09-04,2758,71,359,2333,66,0,2,31,1
2020-09-05,2792,71,361,2364,67,0,2,31,1
2020-09-06,2826,71,363,2395,68,0,2,31,1
2020-09-07,2860,72,365,2426,69,0,2,31,1
2020-09-08,2894,72,367,2458,69,0,2,31,1
2020-09-09,2928,72,369,2489,70,0,2,32,1
2020-09-10,2963,72,371,2521,71,0,2,32,1
2020-09-11,2998,73,373,2553,72,0,2,32,1
2020-09-12,3032,73,374,2585,73,0,2,32,1
2020-09-13,3067,73,376,2617,74,0,2,32,1
2020-09-14,3102,74,378,2649,75,0,2,32,1
2020-09-15,3137,74,380,2681,76,0,2,33,1
2020-09-16,3173,74,382,2714,77,0,2,33,1
2020-09-17,3209,75,384,2747,78,0,2,33,1
2020-09-18,3244,75,385,2780,79,0,2,33,1
2020-09-19,3280,75,387,2813,80,0,2,33,1
2020-09-20,3315,75,389,2846,80,0,2,33,1
2020-09-21,3351,76,391,2879,81,0,2,34,1
2020-09-22,3387,76,392,2913,82,0,2,34,1
2020-09-23,3424,76,394,2947,83,0,2,34,1
2020-09-24,3459,76,395,2980,84,0,2,34,1
2020-09-25,3496,77,397,3014,85,0,2,34,1
2020-09-26,3533,77,399,3048,86,0,2,34,1
2020-09-27,3570,77,400,3083,87,0,2,34,1
2020-09-28,3607,77,402,3117,88,0,1,34,1
2020-09-29,3644,78,403,3152,89,0,1,35,1
2020-09-30,3681,78,405,3186,90,0,1,35,1
2020-10-01,3718,78,406,3221,91,0,1,35,1
2020-10-02,3755,78,407,3256,92,0,1,35,1
2020-10-03,3793,78,409,3291,93,0,1,35,1
2020-10-04,3830,78,410,3326,94,0,1,35,1
2020-10-05,3867,79,411,3361,95,0,1,35,1
2020-10-06,3905,79,413,3396,96,0,1,35,1
2020-10-07,3943,79,414,3432,97,0,1,36,1
2020-10-08,3980,79,415,3467,98,0,1,36,1
2020-10-09,4018,79,416,3503,99,0,1,36,1
2020-10-10,4055,79,417,3538,100,0,1,36,1
2020-10-11,4093,80,418,3574,101,0,1,36,1
2020-10-12,4131,80,419,3610,102,0,1,36,1
2020-10-13,4169,80,420,3646,103,0,1,36,1
2020-10-14,4207,80,421,3682,104,0,1,36,1
2020-10-15,4245,80,422,3718,105,0,1,36,1
2020-10-16,4284,80,423,3755,106,0,1,36,1
2020-10-17,4322,80,424,3791,107,0,1,36,1
2020-10-18,4360,80,425,3827,108,0,1,36,1
2020-10-19,4399,80,426,3864,109,0,1,37,1
2020-10-20,4438,80,427,3901,110,0,1,37,1
2020-10-21,4475,80,427,3937,111,0,1,37,1
2020-10-22,4514,80,428,3974,112,0,1,37,1
2020-10-23,4553,81,429,4011,113,0,1,37,1
2020-10-24,4590,81,429,4047,114,0,1,37,1
2020-10-25,4629,81,430,4084,115,0,1,37,1
2020-10-26,4668,81,430,4121,117,0,1,37,1
2020-10-27,4707,81,431,4158,118,0,0,37,1
2020-10-28,4745,81,431,4195,119,0,0,37,1
2020-10-29,4784,81,432,4232,120,0,0,37,1
2020-10-30,4822,81,432,4269,121,0,0,37,1
2020-10-31,4861,81,433,4306,122,0,0,37,1
2020-11-01,4899,81,433,4343,123,0,0,37,1
2020-11-02,4938,81,433,4381,124,0,0,37,1
2020-11-03,4976,81,433,4418,125,0,0,37,1
2020-11-04,5015,80,434,4455,126,0,0,37,1
2020-11-05,5053,80,434,4492,127,0,0,37,1
2020-11-06,5091,80,434,4529,128,0,0,37,1
2020-11-07,5130,80,434,4567,129,0,0,37,1
2020-11-08,5168,80,434,4604,130,0,0,37,1
2020-11-09,5206,80,434,4641,131,0,0,37,1
2020-11-10,5245,80,434,4679,132,0,0,37,1
2020-11-11,5283,80,434,4716,133,0,0,37,1
2020-11-12,5321,80,434,4753,134,0,0,37,1
2020-11-13,5359,80,434,4790,135,0,0,37,1
2020-11-14,5398,80,434,4827,137,0,0,37,1
2020-11-15,5436,80,433,4865,138,0,0,37,1
2020-11-16,5474,79,433,4902,139,0,0,37,1
2020-11-17,5512,79,433,4939,140,0,0,37,1
2020-11-18,5549,79,432,4976,141,0,0,37,1
2020-11-19,5587,79,432,5013,142,0,0,37,1
2020-11-20,5625,79,432,5050,143,0,0,37,1
2020-11-21,5662,79,431,5087,144,0,0,37,1
2020-11-22,5700,78,431,5124,145,0,-1,37,1
2020-11-23,5737,78,430,5161,146,0,-1,37,1
2020-11-24,5775,78,430,5198,147,0,-1,37,1
2020-11-25,5812,78,429,5235,148,0,-1,37,1
2020-11-26,5849,78,428,5272,149,0,-1,37,1
2020-11-27,5887,77,428,5309,150,0,-1,37,1
2020-11-28,5923,77,427,5345,151,0,-1,37,1
2020-11-29,5960,77,426,5382,152,0,-1,37,1
2020-11-30,5997,77,425,5419,153,0,-1,37,1
2020-12-01,6033,77,424,5455,154,0,-1,36,1
2020-12-02,6071,76,424,5492,155,0,-1,36,1
2020-12-03,6107,76,423,5528,156,0,-1,36,1
2020-12-04,6143,76,422,5564,157,0,-1,36,1
2020-12-05,6179,76,421,5600,158,0,-1,36,1
2020-12-06,6216,75,420,5637,159,0,-1,36,1
2020-12-07,6252,75,419,5673,160,0,-1,36,1
2020-12-08,6288,75,418,5709,161,0,-1,36,1
2020-12-09,6323,75,417,5744,162,0,-1,36,1
2020-12-10,6358,74,415,5780,163,0,-1,36,1
2020-12-11,6394,74,414,5816,164,0,-1,36,1
2020-12-12,6429,74,413,5851,165,0,-1,35,1
2020-12-13,6465,73,412,5887,166,0,-1,35,1
2020-12-14,6500,73,411,5922,167,0,-1,35,1
2020-12-15,6534,73,409,5957,168,0,-1,35,1
2020-12-16,6570,73,408,5993,169,0,-1,35,1
2020-12-17,6605,72,407,6028,170,0,-1,35,1
2020-12-18,6638,72,405,6062,171,0,-1,35,1
2020-12-19,6673,72,404,6097,172,0,-1,35,1
2020-12-20,6707,71,402,6132,173,0,-1,35,1
2020-12-21,6741,71,401,6166,174,0,-1,34,1
2020-12-22,6775,71,399,6201,175,0,-2,34,1
2020-12-23,6809,70,398,6235,176,0,-2,34,1
2020-12-24,6842,70,396,6269,177,0,-2,34,1
2020-12-25,6876,70,395,6303,178,0,-2,34,1
2020-12-26,6909,69,393,6337,179,0,-2,34,1
2020-12-27,6943,69,392,6371,180,0,-2,34,1
2020-12-28,6976,69,390,6405,181,0,-2,33,1
2020-12-29,7008,68,388,6438,182,0,-2,33,1
2020-12-30,7041,68,387,6471,183,0,-2,33,1
2020-12-31,7074,67,385,6505,184,0,-2,33,1
2021-01-01,7106,67,383,6538,185,0,-2,33,1
2021-01-02,7138,67,381,6571,186,0,-2,33,1
2021-01-03,7170,66,380,6603,187,0,-2,33,1
2021-01-04,7202,66,378,6636,188,0,-2,32,1
2021-01-05,7233,66,376,6668,189,0,-2,32,1
2021-01-06,7264,65,374,6701,189,0,-2,32,1
2021-01-07,7295,65,372,6733,190,0,-2,32,1
2021-01-08,7326,64,370,6765,191,0,-2,32,1
2021-01-09,7356,64,368,6796,192,0,-2,32,1
2021-01-10,7388,64,367,6828,193,0,-2,31,1
2021-01-11,7418,63,365,6859,194,0,-2,31,1
2021-01-12,7449,63,363,6891,195,0,-2,31,1
2021-01-13,7479,63,361,6922,196,0,-2,31,1
2021-01-14,7509,62,359,6953,197,0,-2,31,1
2021-01-15,7538,62,357,6984,197,0,-2,31,1
2021-01-16,7567,61,355,7014,198,0,-2,30,1
2021-01-17,7597,61,353,7045,199,0,-2,30,1
2021-01-18,7626,61,351,7075,200,0,-2,30,1
2021-01-19,7655,60,349,7105,201,0,-2,30,1
2021-01-20,7684,60,347,7135,202,0,-2,30,1
2021-01-21,7713,59,345,7165,203,0,-2,30,1
2021-01-22,7739,59,342,7194,203,0,-2,29,1
2021-01-23,7768,58,340,7224,204,0,-2,29,1
2021-01-24,7796,58,338,7253,205,0,-2,29,1
2021-01-25,7824,58,336,7282,206,0,-2,29,1
2021-01-26,7852,57,334,7311,207,0,-2,29,1
2021-01-27,7879,57,332,7339,208,0,-2,28,1
2021-01-28,7906,56,330,7368,208,0,-2,28,1
2021-01-29,7933,56,328,7396,209,0,-2,28,1
2021-01-30,7959,56,325,7424,210,0,-2,28,1
2021-01-31,7986,55,323,7452,211,0,-2,28,1
2021-02-01,8013,55,321,7480,212,0,-2,28,1
2021-02-02,8039,54,319,7508,212,0,-2,27,1
2021-02-03,8065,54,317,7535,213,0,-2,27,1
2021-02-04,8091,54,315,7562,214,0,-2,27,1
2021-02-05,8116,53,312,7589,215,0,-2,27,1
2021-02-06,8141,53,310,7616,215,0,-2,27,1
2021-02-07,8167,52,308,7643,216,0,-2,26,1
2021-02-08,8192,52,306,7669,217,0,-2,26,1
2021-02-09,8217,51,304,7695,218,0,-2,26,1
2021-02-10,8240,51,301,7721,218,0,-2,26,1
2021-02-11,8265,51,299,7747,219,0,-2,26,1
2021-02-12,8290,50,297,7773,220,0,-2,25,1
2021-02-13,8314,50,295,7798,221,0,-2,25,1
2021-02-14,8338,49,293,7824,221,0,-2,25,1
2021-02-15,8361,49,290,7849,222,0,-2,25,1
2021-02-16,8385,49,288,7874,223,0,-2,25,1
2021-02-17,8407,48,286,7898,223,0,-2,25,1
2021-02-18,8431,48,284,7923,224,0,-2,24,1
2021-02-19,8453,47,281,7947,225,0,-2,24,1
2021-02-20,8476,47,279,7972,225,0,-2,24,1
2021-02-21,8498,47,277,7995,226,0,-2,24,1
2021-02-22,8521,46,275,8019,227,0,-2,24,1
2021-02-23,8543,46,273,8043,227,0,-2,23,1
2021-02-24,8564,45,270,8066,228,0,-2,23,1
2021-02-25,8586,45,268,8089,229,0,-2,23,1
2021-02-26,8608,45,266,8113,229,0,-2,23,1
2021-02-27,8629,44,264,8135,230,0,-2,23,1
2021-02-28,8651,44,262,8158,231,0,-2,22,1
2021-03-01,8671,43,260,8180,231,0,-2,22,1
2021-03-02,8692,43,257,8203,232,0,-2,22,1
2021-03-03,8713,43,255,8225,233,0,-2,22,1
2021-03-04,8733,42,253,8247,233,0,-2,22,1
2021-03-05,8753,42,251,8268,234,0,-2,22,1
2021-03-06,8773,41,249,8290,234,0,-2,21,1
2021-03-07,8793,41,247,8311,235,0,-2,21,1
2021-03-08,8813,41,244,8333,236,0,-2,21,1
2021-03-09,8832,40,242,8354,236,0,-2,21,1
2021-03-10,8851,40,240,8374,237,0,-2,21,1
2021-03-11,8870,40,238,8395,237,0,-2,20,1
2021-03-12,8889,39,236,8415,238,0,-2,20,1
2021-03-13,8909,39,234,8436,239,0,-2,20,1
2021-03-14,8927,38,232,8456,239,0,-2,20,1
2021-03-15,8946,38,230,8476,240,0,-2,20,1
2021-03-16,8963,38,228,8495,240,0,-2,20,1
2021-03-17,8982,37,226,8515,241,0,-2,19,1
2021-03-18,8999,37,224,8534,241,0,-2,19,1
2021-03-19,9016,37,221,8553,242,0,-2,19,1
2021-03-20,9033,36,219,8572,242,0,-2,19,1
2021-03-21,9051,36,217,8591,243,0,-2,19,1
2021-03-22,9068,36,215,8610,243,0,-2,18,1
2021-03-23,9085,35,213,8628,244,0,-2,18,1
2021-03-24,9103,35,211,8647,245,0,-2,18,1
2021-03-25,9119,35,209,8665,245,0,-2,18,1
2021-03-26,9136,34,207,8683,246,0,-2,18,1
2021-03-27,9152,34,205,8701,246,0,-2,18,0
2021-03-28,9169,34,204,8718,247,0,-2,17,0
2021-03-29,9185,33,202,8736,247,0,-2,17,0
2021-03-30,9201,33,200,8753,248,0,-2,17,0
2021-03-31,9216,33,198,8770,248,0,-2,17,0
2021-04-01,9231,32,196,8787,248,0,-2,17,0
2021-04-02,9247,32,194,8804,249,0,-2,17,0
2021-04-03,9262,32,192,8821,249,0,-2,16,0
2021-04-04,9277,31,190,8837,250,0,-2,16,0
2021-04-05,9291,31,188,8853,250,0,-2,16,0
2021-04-06,9307,31,186,8870,251,0,-2,16,0
2021-04-07,9322,30,185,8886,251,0,-2,16,0
2021-04-08,9336,30,183,8901,252,0,-2,16,0
2021-04-09,9350,30,181,8917,252,0,-2,16,0
2021-04-10,9365,29,179,8933,253,0,-2,15,0
2021-04-11,9378,29,177,8948,253,0,-2,15,0
2021-04-12,9391,29,175,8963,253,0,-2,15,0
2021-04-13,9406,28,174,8978,254,0,-2,15,0
2021-04-14,9419,28,172,8993,254,0,-2,15,0
2021-04-15,9433,28,170,9008,255,0,-2,15,0
2021-04-16,9446,28,168,9023,255,0,-2,14,0
2021-04-17,9460,27,167,9037,256,0,-2,14,0
2021-04-18,9472,27,165,9051,256,0,-2,14,0
2021-04-19,9484,27,163,9065,256,0,-2,14,0
2021-04-20,9498,26,162,9079,257,0,-2,14,0
2021-04-21,9510,26,160,9093,257,0,-2,14,0
2021-04-22,9523,26,158,9107,258,0,-2,14,0
2021-04-23,9536,26,157,9121,258,0,-2,13,0
2021-04-24,9547,25,155,9134,258,0,-2,13,0
2021-04-25,9559,25,153,9147,259,0,-2,13,0
2021-04-26,9572,25,152,9161,259,0,-2,13,0
2021-04-27,9583,24,150,9174,259,0,-2,13,0
2021-04-28,9595,24,149,9186,260,0,-2,13,0
2021-04-29,9606,24,147,9199,260,0,-2,13,0
2021-04-30,9617,24,145,9212,260,0,-2,12,0
2021-05-01,9629,23,144,9224,261,0,-2,12,0
2021-05-02,9640,23,142,9237,261,0,-2,12,0
2021-05-03,9652,23,141,9249,262,0,-2,12,0
2021-05-04,9662,23,139,9261,262,0,-2,12,0
2021-05-05,9673,22,138,9273,262,0,-1,12,0
2021-05-06,9684,22,136,9285,263,0,-1,12,0
2021-05-07,9694,22,135,9296,263,0,-1,12,0
2021-05-08,9704,22,133,9308,263,0,-1,11,0
2021-05-09,9715,21,132,9319,264,0,-1,11,0
2021-05-10,9725,21,130,9331,264,0,-1,11,0
2021-05-11,9735,21,129,9342,264,0,-1,11,0
2021-05-12,9745,21,128,9353,264,0,-1,11,0
2021-05-13,9755,20,126,9364,265,0,-1,11,0
