Date,Infected,Exposed,Active,Recovered,Deaths,Diff Exposed,Diff Active,Diff Recovered,Diff Deaths
2020-05-18,448,127,270,176,2,-13,32,20,0
2020-05-19,500,114,302,196,2,-3,25,23,0
2020-05-20,548,112,327,219,2,2,22,24,0
2020-05-21,595,114,349,243,3,4,21,26,0
2020-05-22,642,118,370,269,3,5,21,28,0
2020-05-23,691,123,391,297,3,6,22,29,0
2020-05-24,742,129,413,326,3,7,23,31,0
2020-05-25,796,136,435,357,4,7,24,32,0
2020-05-26,852,143,459,389,4,7,25,34,0
2020-05-27,912,150,484,424,4,8,26,36,0
2020-05-28,974,157,509,460,5,8,27,38,0
2020-05-29,1039,165,536,498,5,8,28,40,0
2020-05-30,1109,173,565,538,6,8,29,42,0
2020-05-31,1180,182,594,580,6,9,31,44,0
2020-06-01,1256,190,625,624,7,9,32,47,0
2020-06-02,1335,199,657,671,7,9,33,49,1
2020-06-03,1418,209,690,720,8,10,35,52,1
2020-06-04,1505,218,725,772,8,10,36,54,1
2020-06-05,1596,228,761,826,9,10,37,57,1
2020-06-06,1691,238,799,883,9,10,39,60,1
2020-06-07,1789,248,837,942,10,11,40,63,1
2020-06-08,1894,259,878,1005,11,11,42,66,1
2020-06-09,2000,270,919,1070,11,11,43,69,1
2020-06-10,2113,281,962,1139,12,11,44,72,1
2020-06-11,2230,292,1006,1211,13,11,46,75,1
2020-06-12,2352,303,1052,1286,14,11,47,79,1
2020-06-13,2477,315,1099,1364,14,11,48,82,1
2020-06-14,2608,326,1147,1446,15,12,49,86,1
2020-06-15,2744,338,1196,1532,16,12,50,89,1
2020-06-16,2884,349,1246,1621,17,11,51,93,1
2020-06-17,3029,361,1297,1714,18,11,52,97,1
2020-06-18,3179,372,1349,1811,19,11,53,101,1
2020-06-19,3334,383,1402,1912,20,11,54,105,1
2020-06-20,3493,394,1456,2016,21,11,54,109,1
2020-06-21,3658,405,1510,2125,23,11,55,113,1
2020-06-22,3827,416,1565,2238,24,10,55,117,1
2020-06-23,4000,426,1620,2355,25,10,55,121,1
2020-06-24,4177,436,1675,2476,26,9,55,125,1
2020-06-25,4359,446,1730,2601,28,9,55,129,1
2020-06-26,4544,455,1785,2730,29,8,54,133,1
2020-06-27,4733,463,1840,2863,30,8,54,137,1
2020-06-28,4926,471,1894,3000,32,7,53,141,2
2020-06-29,5122,478,1947,3142,33,7,52,145,2
2020-06-30,5321,485,1999,3287,35,6,51,149,2
2020-07-01,5522,490,2050,3436,36,5,49,153,2
2020-07-02,5726,495,2099,3589,38,4,48,157,2
2020-07-03,5933,500,2147,3746,40,3,46,160,2
2020-07-04,6140,503,2193,3906,41,3,44,164,2
2020-07-05,6349,505,2236,4070,43,2,42,167,2
2020-07-06,6560,507,2278,4237,45,1,39,170,2
2020-07-07,6771,508,2317,4407,47,0,36,173,2
2020-07-08,6983,508,2354,4580,49,-1,34,176,2
2020-07-09,7193,507,2387,4756,50,-2,31,178,2
2020-07-10,7404,505,2418,4934,52,-3,28,181,2
2020-07-11,7614,502,2446,5114,54,-4,24,183,2
2020-07-12,7823,499,2470,5297,56,-4,21,184,2
2020-07-13,8030,494,2491,5481,58,-5,18,186,2
2020-07-14,8236,489,2509,5667,60,-6,14,187,2
2020-07-15,8440,483,2523,5855,62,-7,11,188,2
2020-07-16,8641,476,2534,6043,64,-7,7,189,2
2020-07-17,8839,469,2541,6232,66,-8,4,190,2
2020-07-18,9034,461,2544,6422,68,-8,0,190,2
2020-07-19,9226,453,2544,6612,70,-9,-3,190,2
2020-07-20,9415,444,2541,6802,72,-9,-7,190,2
2020-07-21,9599,435,2534,6991,74,-10,-10,189,2
2020-07-22,9780,425,2524,7180,76,-10,-14,188,2
2020-07-23,9957,415,2510,7369,78,-10,-17,187,2
2020-07-24,10129,404,2493,7556,80,-11,-20,186,2
2020-07-25,10298,394,2474,7742,82,-11,-23,185,2
2020-07-26,10462,383,2451,7927,84,-11,-26,183,2
2020-07-27,10621,372,2425,8110,86,-11,-28,181,2
2020-07-28,10776,361,2397,8291,88,-11,-31,179,2
2020-07-29,10927,350,2367,8470,90,-11,-33,177,2
2020-07-30,11073,339,2334,8647,92,-11,-35,174,2
2020-07-31,11214,328,2299,8821,94,-11,-37,172,2
2020-08-01,11349,317,2262,8992,95,-11,-39,169,2
2020-08-02,11481,306,2223,9161,97,-11,-40,166,2
2020-08-03,11609,296,2183,9327,99,-11,-42,163,2
2020-08-04,11732,285,2141,9490,101,-10,-43,160,2
2020-08-05,11850,275,2098,9650,102,-10,-44,157,2
2020-08-06,11965,264,2054,9807,104,-10,-45,153,2
2020-08-07,12075,254,2009,9960,106,-10,-46,150,2
2020-08-08,12181,245,1964,10110,107,-9,-46,147,2
2020-08-09,12283,235,1917,10257,109,-9,-47,143,2
2020-08-10,12381,226,1871,10400,110,-9,-47,140,1
2020-08-11,12475,217,1824,10539,112,-9,-47,136,1
2020-08-12,12564,208,1776,10675,113,-8,-47,133,1
2020-08-13,12652,200,1729,10808,115,-8,-47,129,1
2020-08-14,12735,192,1682,10937,116,-8,-47,126,1
2020-08-15,12815,184,1635,11063,117,-8,-47,122,1
2020-08-16,12892,176,1588,11185,119,-7,-46,119,1
2020-08-17,12964,169,1541,11303,120,-7,-46,115,1
2020-08-18,13034,162,1495,11418,121,-7,-46,112,1
2020-08-19,13102,155,1450,11530,122,-7,-45,108,1
2020-08-20,13167,148,1405,11638,124,-6,-44,105,1
2020-08-21,13229,142,1361,11743,125,-6,-44,102,1
2020-08-22,13288,136,1317,11845,126,-6,-43,98,1
2020-08-23,13344,130,1274,11943,127,-6,-42,95,1
2020-08-24,13398,124,1232,12038,128,-5,-41,92,1
2020-08-25,13450,119,1191,12130,129,-5,-40,89,1
2020-08-26,13500,114,1151,12219,130,-5,-39,86,1
2020-08-27,13547,109,1111,12305,131,-5,-39,83,1
2020-08-28,13593,104,1073,12388,132,-5,-38,80,1
2020-08-29,13635,100,1035,12468,132,-4,-37,77,1
2020-08-30,13676,95,998,12545,133,-4,-36,75,1
2020-08-31,13717,91,963,12620,134,-4,-35,72,1
2020-09-01,13755,87,928,12692,135,-4,-34,69,1
2020-09-02,13790,83,894,12761,135,-4,-33,67,1
2020-09-03,13825,80,861,12828,136,-4,-32,64,1
2020-09-04,13859,76,830,12892,137,-3,-31,62,1
2020-09-05,13891,73,799,12954,138,-3,-30,60,1
2020-09-06,13920,69,769,13013,138,-3,-29,57,1
2020-09-07,13950,66,740,13071,139,-3,-28,55,1
2020-09-08,13976,63,711,13126,139,-3,-27,53,1
2020-09-09,14003,61,684,13179,140,-3,-26,51,1
2020-09-10,14028,58,658,13230,140,-3,-25,49,1
2020-09-11,14052,55,632,13279,141,-2,-25,47,1
2020-09-12,14075,53,608,13326,141,-2,-24,45,0
2020-09-13,14098,51,584,13372,142,-2,-23,44,0
2020-09-14,14118,48,561,13415,142,-2,-22,42,0
2020-09-15,14139,46,539,13457,143,-2,-21,40,0
2020-09-16,14157,44,517,13497,143,-2,-21,39,0
2020-09-17,14177,42,497,13536,144,-2,-20,37,0
2020-09-18,14194,40,477,13573,144,-2,-19,36,0
2020-09-19,14211,39,458,13609,144,-2,-18,34,0
2020-09-20,14227,37,439,13643,145,-2,-18,33,0
2020-09-21,14243,35,422,13676,145,-2,-17,31,0
2020-09-22,14257,34,404,13707,146,-1,-16,30,0
2020-09-23,14271,32,388,13737,146,-1,-16,29,0
2020-09-24,14284,31,372,13766,146,-1,-15,28,0
2020-09-25,14297,29,357,13794,146,-1,-15,27,0
2020-09-26,14310,28,342,13821,147,-1,-14,26,0
2020-09-27,14321,27,328,13846,147,-1,-14,24,0
2020-09-28,14333,26,315,13871,147,-1,-13,23,0
2020-09-29,14344,25,302,13894,148,-1,-13,23,0
2020-09-30,14354,24,289,13917,148,-1,-12,22,0
2020-10-01,14363,23,277,13938,148,-1,-12,21,0
2020-10-02,14373,22,266,13959,148,-1,-11,20,0
2020-10-03,14381,21,254,13979,148,-1,-11,19,0
2020-10-04,14391,20,244,13998,149,-1,-10,18,0
2020-10-05,14399,19,234,14016,149,-1,-10,17,0
2020-10-06,14407,18,224,14034,149,-1,-9,17,0
2020-10-07,14413,17,214,14050,149,-1,-9,16,0
2020-10-08,14420,16,205,14066,149,-1,-9,15,0
2020-10-09,14429,16,197,14082,150,-1,-8,15,0
2020-10-10,14434,15,188,14096,150,-1,-8,14,0
2020-10-11,14440,14,180,14110,150,-1,-8,13,0
2020-10-12,14447,14,173,14124,150,-1,-7,13,0
2020-10-13,14453,13,166,14137,150,-1,-7,12,0
2020-10-14,14458,13,159,14149,150,-1,-7,12,0
2020-10-15,14463,12,152,14161,150,-1,-6,11,0
2020-10-16,14467,11,145,14172,150,-1,-6,11,0
2020-10-17,14473,11,139,14183,151,0,-6,10,0
2020-10-18,14477,11,133,14193,151,0,-6,10,0
2020-10-19,14482,10,128,14203,151,0,-5,10,0
2020-10-20,14486,10,122,14213,151,0,-5,9,0
2020-10-21,14490,9,117,14222,151,0,-5,9,0
2020-10-22,14494,9,112,14231,151,0,-5,8,0
2020-10-23,14497,8,107,14239,151,0,-5,8,0
2020-10-24,14501,8,103,14247,151,0,-4,8,0
2020-10-25,14504,8,98,14255,151,0,-4,7,0
2020-10-26,14507,7,94,14262,151,0,-4,7,0
2020-10-27,14510,7,90,14269,151,0,-4,7,0
2020-10-28,14514,7,86,14276,152,0,-4,6,0
2020-10-29,14516,6,82,14282,152,0,-4,6,0
2020-10-30,14519,6,79,14288,152,0,-3,6,0
2020-10-31,14521,6,75,14294,152,0,-3,6,0
2020-11-01,14524,6,72,14300,152,0,-3,5,0
2020-11-02,14526,5,69,14305,152,0,-3,5,0
2020-11-03,14528,5,66,14310,152,0,-3,5,0
2020-11-04,14530,5,63,14315,152,0,-3,5,0
2020-11-05,14533,5,61,14320,152,0,-3,5,0
2020-11-06,14535,4,58,14325,152,0,-2,4,0
2020-11-07,14536,4,55,14329,152,0,-2,4,0
2020-11-08,14538,4,53,14333,152,0,-2,4,0
2020-11-09,14540,4,51,14337,152,0,-2,4,0
2020-11-10,14542,4,49,14341,152,0,-2,4,0
2020-11-11,14542,4,46,14344,152,0,-2,3,0
2020-11-12,14544,3,44,14348,152,0,-2,3,0
2020-11-13,14546,3,43,14351,152,0,-2,3,0
2020-11-14,14547,3,41,14354,152,0,-2,3,0
2020-11-15,14548,3,39,14357,152,0,-2,3,0
2020-11-16,14549,3,37,14360,152,0,-2,3,0
2020-11-17,14551,3,36,14363,152,0,-2,3,0
2020-11-18,14553,3,34,14366,153,0,-1,3,0
2020-11-19,14554,3,33,14368,153,0,-1,2,0
2020-11-20,14555,2,31,14371,153,0,-1,2,0
2020-11-21,14556,2,30,14373,153,0,-1,2,0
2020-11-22,14557,2,29,14375,153,0,-1,2,0
2020-11-23,14557,2,27,14377,153,0,-1,2,0
2020-11-24,14558,2,26,14379,153,0,-1,2,0
2020-11-25,14559,2,25,14381,153,0,-1,2,0
2020-11-26,14560,2,24,14383,153,0,-1,2,0
2020-11-27,14561,2,23,14385,153,0,-1,2,0
2020-11-28,14562,2,22,14387,153,0,-1,2,0
2020-11-29,14562,2,21,14388,153,0,-1,2,0
2020-11-30,14563,2,20,14390,153,0,-1,1,0
2020-12-01,14563,1,19,14391,153,0,-1,1,0
2020-12-02,14564,1,18,14393,153,0,-1,1,0
2020-12-03,14565,1,18,14394,153,0,-1,1,0
2020-12-04,14566,1,17,14396,153,0,-1,1,0
2020-12-05,14566,1,16,14397,153,0,-1,1,0
2020-12-06,14566,1,15,14398,153,0,-1,1,0
2020-12-07,14567,1,15,14399,153,0,-1,1,0
2020-12-08,14567,1,14,14400,153,0,-1,1,0
2020-12-09,14567,1,13,14401,153,0,-1,1,0
2020-12-10,14568,1,13,14402,153,0,-1,1,0
2020-12-11,14568,1,12,14403,153,0,-1,1,0
2020-12-12,14569,1,12,14404,153,0,-1,1,0
2020-12-13,14569,1,11,14405,153,0,0,1,0
2020-12-14,14570,1,11,14406,153,0,0,1,0
2020-12-15,14570,1,10,14407,153,0,0,1,0
2020-12-16,14570,1,10,14407,153,0,0,1,0
2020-12-17,14570,1,9,14408,153,0,0,1,0
2020-12-18,14571,1,9,14409,153,0,0,1,0
2020-12-19,14572,1,9,14410,153,0,0,1,0
2020-12-20,14571,1,8,14410,153,0,0,1,0
2020-12-21,14572,1,8,14411,153,0,0,1,0
2020-12-22,14572,1,8,14411,153,0,0,1,0
2020-12-23,14572,1,7,14412,153,0,0,1,0
2020-12-24,14573,1,7,14413,153,0,0,1,0
2020-12-25,14573,1,7,14413,153,0,0,0,0
2020-12-26,14573,0,6,14414,153,0,0,0,0
2020-12-27,14573,0,6,14414,153,0,0,0,0
2020-12-28,14573,0,6,14414,153,0,0,0,0
2020-12-29,14574,0,6,14415,153,0,0,0,0
2020-12-30,14573,0,5,14415,153,0,0,0,0
2020-12-31,14574,0,5,14416,153,0,0,0,0
2021-01-01,14574,0,5,14416,153,0,0,0,0
2021-01-02,14574,0,5,14416,153,0,0,0,0
2021-01-03,14574,0,4,14417,153,0,0,0,0
2021-01-04,14574,0,4,14417,153,0,0,0,0
2021-01-05,14574,0,4,14417,153,0,0,0,0
2021-01-06,14575,0,4,14418,153,0,0,0,0
2021-01-07,14575,0,4,14418,153,0,0,0,0
2021-01-08,14575,0,4,14418,153,0,0,0,0
2021-01-09,14575,0,3,14419,153,0,0,0,0
2021-01-10,14575,0,3,14419,153,0,0,0,0
2021-01-11,14575,0,3,14419,153,0,0,0,0
2021-01-12,14575,0,3,14419,153,0,0,0,0
2021-01-13,14576,0,3,14420,153,0,0,0,0
2021-01-14,14576,0,3,14420,153,0,0,0,0
2021-01-15,14576,0,3,14420,153,0,0,0,0
2021-01-16,14575,0,2,14420,153,0,0,0,0
2021-01-17,14575,0,2,14420,153,0,0,0,0
2021-01-18,14576,0,2,14421,153,0,0,0,0
2021-01-19,14576,0,2,14421,153,0,0,0,0
2021-01-20,14576,0,2,14421,153,0,0,0,0
2021-01-21,14576,0,2,14421,153,0,0,0,0
2021-01-22,14576,0,2,14421,153,0,0,0,0
2021-01-23,14576,0,2,14421,153,0,0,0,0
2021-01-24,14576,0,2,14421,153,0,0,0,0
2021-01-25,14577,0,2,14422,153,0,0,0,0
2021-01-26,14577,0,2,14422,153,0,0,0,0
2021-01-27,14577,0,2,14422,153,0,0,0,0
2021-01-28,14576,0,1,14422,153,0,0,0,0
2021-01-29,14576,0,1,14422,153,0,0,0,0
2021-01-30,14576,0,1,14422,153,0,0,0,0
2021-01-31,14576,0,1,14422,153,0,0,0,0
2021-02-01,14576,0,1,14422,153,0,0,0,0
2021-02-02,14576,0,1,14422,153,0,0,0,0
2021-02-03,14576,0,1,14422,153,0,0,0,0
2021-02-04,14577,0,1,14423,153,0,0,0,0
2021-02-05,14577,0,1,14423,153,0,0,0,0
2021-02-06,14577,0,1,14423,153,0,0,0,0
2021-02-07,14577,0,1,14423,153,0,0,0,0
2021-02-08,14577,0,1,14423,153,0,0,0,0
2021-02-09,14577,0,1,14423,153,0,0,0,0
2021-02-10,14577,0,1,14423,153,0,0,0,0
2021-02-11,14577,0,1,14423,153,0,0,0,0
2021-02-12,14577,0,1,14423,153,0,0,0,0
2021-02-13,14577,0,1,14423,153,0,0,0,0
2021-02-14,14577,0,1,14423,153,0,0,0,0
2021-02-15,14577,0,1,14423,153,0,0,0,0
2021-02-16,14577,0,1,14423,153,0,0,0,0
2021-02-17,14577,0,1,14423,153,0,0,0,0
2021-02-18,14577,0,1,14423,153,0,0,0,0
2021-02-19,14577,0,1,14423,153,0,0,0,0
2021-02-20,14578,0,1,14424,153,0,0,0,0
2021-02-21,14578,0,1,14424,153,0,0,0,0
2021-02-22,14577,0,0,14424,153,0,0,0,0
2021-02-23,14577,0,0,14424,153,0,0,0,0
2021-02-24,14577,0,0,14424,153,0,0,0,0
2021-02-25,14577,0,0,14424,153,0,0,0,0
2021-02-26,14577,0,0,14424,153,0,0,0,0
2021-02-27,14577,0,0,14424,153,0,0,0,0
2021-02-28,14577,0,0,14424,153,0,0,0,0
2021-03-01,14577,0,0,14424,153,0,0,0,0
2021-03-02,14577,0,0,14424,153,0,0,0,0
2021-03-03,14577,0,0,14424,153,0,0,0,0
2021-03-04,14577,0,0,14424,153,0,0,0,0
2021-03-05,14577,0,0,14424,153,0,0,0,0
2021-03-06,14577,0,0,14424,153,0,0,0,0
2021-03-07,14577,0,0,14424,153,0,0,0,0
2021-03-08,14577,0,0,14424,153,0,0,0,0
2021-03-09,14577,0,0,14424,153,0,0,0,0
2021-03-10,14577,0,0,14424,153,0,0,0,0
2021-03-11,14577,0,0,14424,153,0,0,0,0
2021-03-12,14577,0,0,14424,153,0,0,0,0
2021-03-13,14577,0,0,14424,153,0,0,0,0
2021-03-14,14577,0,0,14424,153,0,0,0,0
2021-03-15,14577,0,0,14424,153,0,0,0,0
2021-03-16,14577,0,0,14424,153,0,0,0,0
2021-03-17,14577,0,0,14424,153,0,0,0,0
2021-03-18,14577,0,0,14424,153,0,0,0,0
2021-03-19,14577,0,0,14424,153,0,0,0,0
2021-03-20,14577,0,0,14424,153,0,0,0,0
2021-03-21,14577,0,0,14424,153,0,0,0,0
2021-03-22,14577,0,0,14424,153,0,0,0,0
2021-03-23,14577,0,0,14424,153,0,0,0,0
2021-03-24,14577,0,0,14424,153,0,0,0,0
2021-03-25,14577,0,0,14424,153,0,0,0,0
2021-03-26,14577,0,0,14424,153,0,0,0,0
2021-03-27,14577,0,0,14424,153,0,0,0,0
2021-03-28,14577,0,0,14424,153,0,0,0,0
2021-03-29,14577,0,0,14424,153,0,0,0,0
2021-03-30,14577,0,0,14424,153,0,0,0,0
2021-03-31,14577,0,0,14424,153,0,0,0,0
2021-04-01,14577,0,0,14424,153,0,0,0,0
2021-04-02,14577,0,0,14424,153,0,0,0,0
2021-04-03,14577,0,0,14424,153,0,0,0,0
2021-04-04,14577,0,0,14424,153,0,0,0,0
2021-04-05,14577,0,0,14424,153,0,0,0,0
2021-04-06,14577,0,0,14424,153,0,0,0,0
2021-04-07,14577,0,0,14424,153,0,0,0,0
2021-04-08,14577,0,0,14424,153,0,0,0,0
2021-04-09,14577,0,0,14424,153,0,0,0,0
2021-04-10,14577,0,0,14424,153,0,0,0,0
2021-04-11,14577,0,0,14424,153,0,0,0,0
2021-04-12,14577,0,0,14424,153,0,0,0,0
2021-04-13,14577,0,0,14424,153,0,0,0,0
2021-04-14,14577,0,0,14424,153,0,0,0,0
2021-04-15,14577,0,0,14424,153,0,0,0,0
2021-04-16,14577,0,0,14424,153,0,0,0,0
2021-04-17,14577,0,0,14424,153,0,0,0,0
2021-04-18,14577,0,0,14424,153,0,0,0,0
2021-04-19,14577,0,0,14424,153,0,0,0,0
2021-04-20,14577,0,0,14424,153,0,0,0,0
2021-04-21,14577,0,0,14424,153,0,0,0,0
2021-04-22,14577,0,0,14424,153,0,0,0,0
2021-04-23,14577,0,0,14424,153,0,0,0,0
2021-04-24,14577,0,0,14424,153,0,0,0,0
2021-04-25,14577,0,0,14424,153,0,0,0,0
2021-04-26,14577,0,0,14424,153,0,0,0,0
2021-04-27,14577,0,0,14424,153,0,0,0,0
2021-04-28,14577,0,0,14424,153,0,0,0,0
2021-04-29,14577,0,0,14424,153,0,0,0,0
2021-04-30,14577,0,0,14424,153,0,0,0,0
2021-05-01,14577,0,0,14424,153,0,0,0,0
2021-05-02,14577,0,0,14424,153,0,0,0,0
2021-05-03,14577,0,0,14424,153,0,0,0,0
2021-05-04,14577,0,0,14424,153,0,0,0,0
2021-05-05,14577,0,0,14424,153,0,0,0,0
2021-05-06,14577,0,0,14424,153,0,0,0,0
2021-05-07,14577,0,0,14424,153,0,0,0,0
2021-05-08,14577,0,0,14424,153,0,0,0,0
2021-05-09,14577,0,0,14424,153,0,0,0,0
2021-05-10,14577,0,0,14424,153,0,0,0,0
2021-05-11,14577,0,0,14424,153,0,0,0,0
2021-05-12,14577,0,0,14424,153,0,0,0,0
2021-05-13,14577,0,0,14424,153,0,0,0,0
