Date,Infected,Exposed,Active,Recovered,Deaths,Diff Exposed,Diff Active,Diff Recovered,Diff Deaths
2020-05-11,174,10,121,52,1,7,4,6,0
2020-05-12,184,17,125,58,1,1,11,6,0
2020-05-13,201,17,136,64,1,1,11,6,0
2020-05-14,218,19,146,71,1,1,12,7,0
2020-05-15,237,20,158,78,1,2,12,8,0
2020-05-16,256,22,170,85,1,2,13,8,0
2020-05-17,278,24,184,93,1,2,14,9,0
2020-05-18,301,25,198,102,1,2,16,9,0
2020-05-19,326,27,213,112,1,2,17,10,0
2020-05-20,353,29,230,122,1,2,18,11,0
2020-05-21,382,32,248,133,1,2,19,12,0
2020-05-22,415,34,268,145,2,3,21,13,0
2020-05-23,447,37,288,157,2,3,22,14,0
2020-05-24,484,40,311,171,2,3,24,15,0
2020-05-25,523,43,335,186,2,3,26,16,0
2020-05-26,565,46,361,202,2,3,28,17,0
2020-05-27,610,49,389,219,2,4,30,19,0
2020-05-28,660,53,419,238,3,4,32,20,0
2020-05-29,712,57,451,258,3,4,35,22,0
2020-05-30,769,61,486,280,3,5,37,23,0
2020-05-31,829,66,523,303,3,5,40,25,0
2020-06-01,894,71,562,328,4,5,43,27,0
2020-06-02,964,76,605,355,4,5,46,29,0
2020-06-03,1039,81,651,384,4,6,49,31,0
2020-06-04,1119,87,700,415,4,6,52,33,0
2020-06-05,1205,93,752,448,5,7,56,36,0
2020-06-06,1297,100,808,484,5,7,60,39,0
2020-06-07,1397,107,868,523,6,7,64,41,0
2020-06-08,1502,114,932,564,6,8,68,45,0
2020-06-09,1616,122,1000,609,7,8,73,48,1
2020-06-10,1736,130,1072,657,7,9,77,51,1
2020-06-11,1865,139,1149,708,8,9,82,55,1
2020-06-12,2003,148,1232,763,8,10,87,59,1
2020-06-13,2150,158,1319,822,9,10,93,63,1
2020-06-14,2306,168,1411,885,10,11,98,67,1
2020-06-15,2472,179,1510,952,10,11,104,72,1
2020-06-16,2648,190,1613,1024,11,11,110,77,1
2020-06-17,2837,201,1723,1102,12,12,116,82,1
2020-06-18,3036,213,1839,1184,13,12,122,88,1
2020-06-19,3246,225,1960,1272,14,13,128,94,1
2020-06-20,3469,238,2088,1366,15,13,134,100,1
2020-06-21,3705,250,2223,1466,16,13,140,106,1
2020-06-22,3952,264,2363,1572,17,13,147,113,1
2020-06-23,4213,277,2510,1685,18,14,153,120,1
2020-06-24,4488,290,2663,1805,20,14,159,127,1
2020-06-25,4774,304,2821,1932,21,14,165,135,1
2020-06-26,5075,318,2986,2067,22,14,170,143,2
2020-06-27,5390,331,3156,2210,24,13,175,151,2
2020-06-28,5718,344,3331,2361,26,13,180,159,2
2020-06-29,6058,357,3511,2520,27,13,184,168,2
2020-06-30,6413,370,3696,2688,29,12,188,177,2
2020-07-01,6779,382,3883,2865,31,12,191,186,2
2020-07-02,7157,394,4074,3050,33,11,193,195,2
2020-07-03,7547,405,4267,3245,35,10,194,204,2
2020-07-04,7948,415,4462,3449,37,9,195,213,2
2020-07-05,8360,424,4657,3663,40,8,195,223,2
2020-07-06,8778,432,4851,3885,42,7,193,232,3
2020-07-07,9206,439,5044,4117,45,6,191,241,3
2020-07-08,9641,445,5235,4359,47,4,187,250,3
2020-07-09,10081,449,5422,4609,50,3,182,259,3
2020-07-10,10525,452,5604,4868,53,2,177,268,3
2020-07-11,10973,454,5781,5136,56,0,170,276,3
2020-07-12,11423,454,5951,5413,59,-1,162,285,3
2020-07-13,11872,453,6113,5697,62,-2,153,292,3
2020-07-14,12321,451,6267,5989,65,-4,144,300,3
2020-07-15,12767,447,6410,6289,68,-5,133,307,3
2020-07-16,13211,442,6544,6596,71,-6,122,313,3
2020-07-17,13649,436,6665,6909,75,-7,110,319,3
2020-07-18,14080,429,6775,7227,78,-8,97,324,4
2020-07-19,14505,421,6872,7551,82,-9,84,329,4
2020-07-20,14922,411,6957,7880,85,-10,71,333,4
2020-07-21,15330,401,7028,8213,89,-11,58,336,4
2020-07-22,15727,390,7085,8549,93,-11,44,339,4
2020-07-23,16112,379,7129,8887,96,-12,31,341,4
2020-07-24,16488,367,7160,9228,100,-12,17,342,4
2020-07-25,16852,355,7177,9571,104,-13,4,343,4
2020-07-26,17202,342,7181,9914,107,-13,-9,343,4
2020-07-27,17541,329,7173,10257,111,-13,-21,343,4
2020-07-28,17867,316,7152,10600,115,-13,-33,342,4
2020-07-29,18179,303,7119,10942,118,-13,-44,340,4
2020-07-30,18480,291,7075,11283,122,-13,-54,338,4
2020-07-31,18768,278,7021,11621,126,-12,-64,336,4
2020-08-01,19043,265,6957,11957,129,-12,-74,333,4
2020-08-02,19305,253,6883,12289,133,-12,-82,329,4
2020-08-03,19557,241,6801,12619,137,-12,-90,325,4
2020-08-04,19795,230,6711,12944,140,-11,-97,321,3
2020-08-05,20023,218,6614,13265,144,-11,-103,316,3
2020-08-06,20239,208,6511,13581,147,-10,-109,311,3
2020-08-07,20443,197,6401,13892,150,-10,-114,306,3
2020-08-08,20639,187,6287,14198,154,-10,-119,301,3
2020-08-09,20825,178,6169,14499,157,-9,-122,295,3
2020-08-10,21000,168,6046,14794,160,-9,-126,289,3
2020-08-11,21167,160,5921,15083,163,-8,-128,283,3
2020-08-12,21325,151,5793,15366,166,-8,-130,277,3
2020-08-13,21474,143,5662,15643,169,-8,-132,271,3
2020-08-14,21617,136,5531,15914,172,-7,-133,264,3
2020-08-15,21752,129,5398,16179,175,-7,-133,258,3
2020-08-16,21880,122,5265,16437,178,-6,-134,252,3
2020-08-17,22000,116,5131,16688,181,-6,-134,245,3
2020-08-18,22114,109,4997,16934,183,-6,-133,239,3
2020-08-19,22223,104,4864,17173,186,-5,-132,233,3
2020-08-20,22325,98,4732,17405,188,-5,-131,226,2
2020-08-21,22423,93,4600,17632,191,-5,-130,220,2
2020-08-22,22515,88,4470,17852,193,-5,-129,214,2
2020-08-23,22602,84,4341,18065,196,-4,-127,208,2
2020-08-24,22685,79,4214,18273,198,-4,-125,202,2
2020-08-25,22763,75,4089,18474,200,-4,-123,196,2
2020-08-26,22838,71,3966,18670,202,-4,-121,190,2
2020-08-27,22909,68,3845,18860,204,-3,-119,184,2
2020-08-28,22976,64,3726,19044,206,-3,-116,178,2
2020-08-29,23040,61,3610,19222,208,-3,-114,173,2
2020-08-30,23100,58,3496,19394,210,-3,-112,167,2
2020-08-31,23157,55,3384,19561,212,-3,-109,162,2
2020-09-01,23211,52,3275,19723,213,-3,-107,157,2
2020-09-02,23264,50,3169,19880,215,-2,-104,152,2
2020-09-03,23313,47,3065,20031,217,-2,-101,147,2
2020-09-04,23359,45,2963,20178,218,-2,-99,142,2
2020-09-05,23404,43,2864,20320,220,-2,-96,137,1
2020-09-06,23446,41,2768,20457,221,-2,-94,132,1
2020-09-07,23487,39,2675,20589,223,-2,-91,128,1
2020-09-08,23525,37,2584,20717,224,-2,-88,124,1
2020-09-09,23561,35,2495,20840,226,-2,-86,119,1
2020-09-10,23597,33,2410,20960,227,-2,-83,115,1
2020-09-11,23629,32,2326,21075,228,-1,-81,111,1
2020-09-12,23660,30,2245,21186,229,-1,-78,107,1
2020-09-13,23691,29,2167,21294,230,-1,-76,104,1
2020-09-14,23720,28,2091,21397,232,-1,-74,100,1
2020-09-15,23747,26,2017,21497,233,-1,-71,96,1
2020-09-16,23773,25,1945,21594,234,-1,-69,93,1
2020-09-17,23798,24,1876,21687,235,-1,-67,90,1
2020-09-18,23821,23,1809,21776,236,-1,-65,87,1
2020-09-19,23845,22,1745,21863,237,-1,-63,83,1
2020-09-20,23866,21,1682,21946,238,-1,-61,80,1
2020-09-21,23886,20,1621,22027,238,-1,-59,78,1
2020-09-22,23906,19,1563,22104,239,-1,-57,75,1
2020-09-23,23925,18,1506,22179,240,-1,-55,72,1
2020-09-24,23943,17,1451,22251,241,-1,-53,69,1
2020-09-25,23960,17,1398,22320,242,-1,-51,67,1
2020-09-26,23976,16,1347,22387,242,-1,-49,64,1
2020-09-27,23993,15,1298,22452,243,-1,-48,62,1
2020-09-28,24008,15,1250,22514,244,-1,-46,60,1
2020-09-29,24021,14,1204,22573,244,-1,-44,58,1
2020-09-30,24035,13,1159,22631,245,-1,-43,55,1
2020-10-01,24050,13,1117,22687,246,-1,-41,53,1
2020-10-02,24061,12,1075,22740,246,-1,-40,51,1
2020-10-03,24073,12,1035,22791,247,0,-39,50,1
2020-10-04,24085,11,997,22841,247,0,-37,48,1
2020-10-05,24096,11,960,22888,248,0,-36,46,0
2020-10-06,24106,10,924,22934,248,0,-35,44,0
2020-10-07,24117,10,889,22979,249,0,-33,43,0
2020-10-08,24126,9,856,23021,249,0,-32,41,0
2020-10-09,24136,9,824,23062,250,0,-31,39,0
2020-10-10,24144,9,793,23101,250,0,-30,38,0
2020-10-11,24152,8,763,23139,250,0,-29,36,0
2020-10-12,24161,8,734,23176,251,0,-28,35,0
2020-10-13,24169,8,707,23211,251,0,-27,34,0
2020-10-14,24177,7,680,23245,252,0,-26,33,0
2020-10-15,24183,7,654,23277,252,0,-25,31,0
2020-10-16,24191,7,630,23309,252,0,-24,30,0
2020-10-17,24198,6,606,23339,253,0,-23,29,0
2020-10-18,24204,6,583,23368,253,0,-22,28,0
2020-10-19,24209,6,561,23395,253,0,-21,27,0
2020-10-20,24215,6,540,23422,253,0,-20,26,0
2020-10-21,24221,5,519,23448,254,0,-20,25,0
2020-10-22,24226,5,499,23473,254,0,-19,24,0
2020-10-23,24231,5,480,23497,254,0,-18,23,0
2020-10-24,24237,5,462,23520,255,0,-18,22,0
2020-10-25,24241,5,444,23542,255,0,-17,21,0
2020-10-26,24246,4,428,23563,255,0,-16,20,0
2020-10-27,24250,4,411,23584,255,0,-16,20,0
2020-10-28,24254,4,396,23603,255,0,-15,19,0
2020-10-29,24258,4,380,23622,256,0,-15,18,0
2020-10-30,24262,4,366,23640,256,0,-14,17,0
2020-10-31,24266,4,352,23658,256,0,-13,17,0
2020-11-01,24269,3,338,23675,256,0,-13,16,0
2020-11-02,24273,3,326,23691,256,0,-12,16,0
2020-11-03,24276,3,313,23706,257,0,-12,15,0
2020-11-04,24279,3,301,23721,257,0,-12,14,0
2020-11-05,24283,3,290,23736,257,0,-11,14,0
2020-11-06,24285,3,278,23750,257,0,-11,13,0
2020-11-07,24288,3,268,23763,257,0,-10,13,0
2020-11-08,24290,3,257,23776,257,0,-10,12,0
2020-11-09,24293,2,248,23788,257,0,-10,12,0
2020-11-10,24296,2,238,23800,258,0,-9,11,0
2020-11-11,24298,2,229,23811,258,0,-9,11,0
2020-11-12,24300,2,220,23822,258,0,-8,11,0
2020-11-13,24303,2,212,23833,258,0,-8,10,0
2020-11-14,24305,2,204,23843,258,0,-8,10,0
2020-11-15,24307,2,196,23853,258,0,-8,9,0
2020-11-16,24308,2,188,23862,258,0,-7,9,0
2020-11-17,24310,2,181,23871,258,0,-7,9,0
2020-11-18,24312,2,174,23880,258,0,-7,8,0
2020-11-19,24314,2,167,23888,259,0,-6,8,0
2020-11-20,24316,2,161,23896,259,0,-6,8,0
2020-11-21,24318,2,155,23904,259,0,-6,7,0
2020-11-22,24319,1,149,23911,259,0,-6,7,0
2020-11-23,24320,1,143,23918,259,0,-6,7,0
2020-11-24,24321,1,137,23925,259,0,-5,7,0
2020-11-25,24323,1,132,23932,259,0,-5,6,0
2020-11-26,24324,1,127,23938,259,0,-5,6,0
2020-11-27,24325,1,122,23944,259,0,-5,6,0
2020-11-28,24326,1,117,23950,259,0,-5,6,0
2020-11-29,24327,1,113,23955,259,0,-4,5,0
2020-11-30,24329,1,109,23961,259,0,-4,5,0
2020-12-01,24329,1,104,23966,259,0,-4,5,0
2020-12-02,24330,1,100,23971,259,0,-4,5,0
2020-12-03,24331,1,96,23976,259,0,-4,5,0
2020-12-04,24333,1,93,23980,260,0,-4,4,0
2020-12-05,24334,1,89,23985,260,0,-3,4,0
2020-12-06,24335,1,86,23989,260,0,-3,4,0
2020-12-07,24335,1,82,23993,260,0,-3,4,0
2020-12-08,24336,1,79,23997,260,0,-3,4,0
2020-12-09,24337,1,76,24001,260,0,-3,4,0
2020-12-10,24338,1,73,24005,260,0,-3,4,0
2020-12-11,24338,1,70,24008,260,0,-3,3,0
2020-12-12,24339,1,68,24011,260,0,-3,3,0
2020-12-13,24340,1,65,24015,260,0,-3,3,0
2020-12-14,24341,1,63,24018,260,0,-2,3,0
2020-12-15,24341,1,60,24021,260,0,-2,3,0
2020-12-16,24342,1,58,24024,260,0,-2,3,0
2020-12-17,24342,1,56,24026,260,0,-2,3,0
2020-12-18,24342,1,53,24029,260,0,-2,3,0
2020-12-19,24343,1,51,24032,260,0,-2,2,0
2020-12-20,24343,0,49,24034,260,0,-2,2,0
2020-12-21,24343,0,47,24036,260,0,-2,2,0
2020-12-22,24345,0,46,24039,260,0,-2,2,0
2020-12-23,24345,0,44,24041,260,0,-2,2,0
2020-12-24,24345,0,42,24043,260,0,-2,2,0
2020-12-25,24346,0,41,24045,260,0,-2,2,0
2020-12-26,24346,0,39,24047,260,0,-2,2,0
2020-12-27,24346,0,37,24049,260,0,-1,2,0
2020-12-28,24347,0,36,24051,260,0,-1,2,0
2020-12-29,24347,0,35,24052,260,0,-1,2,0
2020-12-30,24347,0,33,24054,260,0,-1,2,0
2020-12-31,24348,0,32,24056,260,0,-1,2,0
2021-01-01,24348,0,31,24057,260,0,-1,1,0
2021-01-02,24349,0,30,24059,260,0,-1,1,0
2021-01-03,24348,0,28,24060,260,0,-1,1,0
2021-01-04,24348,0,27,24061,260,0,-1,1,0
2021-01-05,24349,0,26,24063,260,0,-1,1,0
2021-01-06,24349,0,25,24064,260,0,-1,1,0
2021-01-07,24349,0,24,24065,260,0,-1,1,0
2021-01-08,24349,0,23,24066,260,0,-1,1,0
2021-01-09,24349,0,22,24067,260,0,-1,1,0
2021-01-10,24351,0,22,24069,260,0,-1,1,0
2021-01-11,24351,0,21,24070,260,0,-1,1,0
2021-01-12,24351,0,20,24071,260,0,-1,1,0
2021-01-13,24351,0,19,24071,261,0,-1,1,0
2021-01-14,24351,0,18,24072,261,0,-1,1,0
2021-01-15,24352,0,18,24073,261,0,-1,1,0
2021-01-16,24352,0,17,24074,261,0,-1,1,0
2021-01-17,24352,0,16,24075,261,0,-1,1,0
2021-01-18,24353,0,16,24076,261,0,-1,1,0
2021-01-19,24352,0,15,24076,261,0,-1,1,0
2021-01-20,24353,0,15,24077,261,0,-1,1,0
2021-01-21,24353,0,14,24078,261,0,-1,1,0
2021-01-22,24353,0,13,24079,261,0,-1,1,0
2021-01-23,24353,0,13,24079,261,0,0,1,0
2021-01-24,24353,0,12,24080,261,0,0,1,0
2021-01-25,24353,0,12,24080,261,0,0,1,0
2021-01-26,24353,0,11,24081,261,0,0,1,0
2021-01-27,24354,0,11,24082,261,0,0,1,0
2021-01-28,24354,0,11,24082,261,0,0,1,0
2021-01-29,24354,0,10,24083,261,0,0,0,0
2021-01-30,24354,0,10,24083,261,0,0,0,0
2021-01-31,24354,0,9,24084,261,0,0,0,0
2021-02-01,24354,0,9,24084,261,0,0,0,0
2021-02-02,24354,0,9,24084,261,0,0,0,0
2021-02-03,24354,0,8,24085,261,0,0,0,0
2021-02-04,24354,0,8,24085,261,0,0,0,0
2021-02-05,24355,0,8,24086,261,0,0,0,0
2021-02-06,24354,0,7,24086,261,0,0,0,0
2021-02-07,24354,0,7,24086,261,0,0,0,0
2021-02-08,24355,0,7,24087,261,0,0,0,0
2021-02-09,24355,0,7,24087,261,0,0,0,0
2021-02-10,24354,0,6,24087,261,0,0,0,0
2021-02-11,24355,0,6,24088,261,0,0,0,0
2021-02-12,24355,0,6,24088,261,0,0,0,0
2021-02-13,24355,0,6,24088,261,0,0,0,0
2021-02-14,24354,0,5,24088,261,0,0,0,0
2021-02-15,24355,0,5,24089,261,0,0,0,0
2021-02-16,24355,0,5,24089,261,0,0,0,0
2021-02-17,24355,0,5,24089,261,0,0,0,0
2021-02-18,24355,0,5,24089,261,0,0,0,0
2021-02-19,24355,0,4,24090,261,0,0,0,0
2021-02-20,24355,0,4,24090,261,0,0,0,0
2021-02-21,24355,0,4,24090,261,0,0,0,0
2021-02-22,24355,0,4,24090,261,0,0,0,0
2021-02-23,24355,0,4,24090,261,0,0,0,0
2021-02-24,24356,0,4,24091,261,0,0,0,0
2021-02-25,24356,0,4,24091,261,0,0,0,0
2021-02-26,24355,0,3,24091,261,0,0,0,0
2021-02-27,24355,0,3,24091,261,0,0,0,0
2021-02-28,24355,0,3,24091,261,0,0,0,0
2021-03-01,24355,0,3,24091,261,0,0,0,0
2021-03-02,24356,0,3,24092,261,0,0,0,0
2021-03-03,24356,0,3,24092,261,0,0,0,0
2021-03-04,24356,0,3,24092,261,0,0,0,0
2021-03-05,24356,0,3,24092,261,0,0,0,0
2021-03-06,24355,0,2,24092,261,0,0,0,0
2021-03-07,24355,0,2,24092,261,0,0,0,0
2021-03-08,24355,0,2,24092,261,0,0,0,0
2021-03-09,24355,0,2,24092,261,0,0,0,0
2021-03-10,24356,0,2,24093,261,0,0,0,0
2021-03-11,24356,0,2,24093,261,0,0,0,0
2021-03-12,24356,0,2,24093,261,0,0,0,0
2021-03-13,24356,0,2,24093,261,0,0,0,0
2021-03-14,24356,0,2,24093,261,0,0,0,0
2021-03-15,24356,0,2,24093,261,0,0,0,0
2021-03-16,24356,0,2,24093,261,0,0,0,0
2021-03-17,24356,0,2,24093,261,0,0,0,0
2021-03-18,24356,0,2,24093,261,0,0,0,0
2021-03-19,24355,0,1,24093,261,0,0,0,0
2021-03-20,24355,0,1,24093,261,0,0,0,0
2021-03-21,24355,0,1,24093,261,0,0,0,0
2021-03-22,24356,0,1,24094,261,0,0,0,0
2021-03-23,24356,0,1,24094,261,0,0,0,0
2021-03-24,24356,0,1,24094,261,0,0,0,0
2021-03-25,24356,0,1,24094,261,0,0,0,0
2021-03-26,24356,0,1,24094,261,0,0,0,0
2021-03-27,24356,0,1,24094,261,0,0,0,0
2021-03-28,24356,0,1,24094,261,0,0,0,0
2021-03-29,24356,0,1,24094,261,0,0,0,0
2021-03-30,24356,0,1,24094,261,0,0,0,0
2021-03-31,24356,0,1,24094,261,0,0,0,0
2021-04-01,24356,0,1,24094,261,0,0,0,0
2021-04-02,24356,0,1,24094,261,0,0,0,0
2021-04-03,24356,0,1,24094,261,0,0,0,0
2021-04-04,24356,0,1,24094,261,0,0,0,0
2021-04-05,24356,0,1,24094,261,0,0,0,0
2021-04-06,24356,0,1,24094,261,0,0,0,0
2021-04-07,24356,0,1,24094,261,0,0,0,0
2021-04-08,24356,0,1,24094,261,0,0,0,0
2021-04-09,24356,0,1,24094,261,0,0,0,0
2021-04-10,24356,0,1,24094,261,0,0,0,0
2021-04-11,24356,0,1,24094,261,0,0,0,0
2021-04-12,24356,0,1,24094,261,0,0,0,0
2021-04-13,24356,0,1,24094,261,0,0,0,0
2021-04-14,24356,0,1,24094,261,0,0,0,0
2021-04-15,24357,0,1,24095,261,0,0,0,0
2021-04-16,24356,0,0,24095,261,0,0,0,0
2021-04-17,24356,0,0,24095,261,0,0,0,0
2021-04-18,24356,0,0,24095,261,0,0,0,0
2021-04-19,24356,0,0,24095,261,0,0,0,0
2021-04-20,24356,0,0,24095,261,0,0,0,0
2021-04-21,24356,0,0,24095,261,0,0,0,0
2021-04-22,24356,0,0,24095,261,0,0,0,0
2021-04-23,24356,0,0,24095,261,0,0,0,0
2021-04-24,24356,0,0,24095,261,0,0,0,0
2021-04-25,24356,0,0,24095,261,0,0,0,0
2021-04-26,24356,0,0,24095,261,0,0,0,0
2021-04-27,24356,0,0,24095,261,0,0,0,0
2021-04-28,24356,0,0,24095,261,0,0,0,0
2021-04-29,24356,0,0,24095,261,0,0,0,0
2021-04-30,24356,0,0,24095,261,0,0,0,0
2021-05-01,24356,0,0,24095,261,0,0,0,0
2021-05-02,24356,0,0,24095,261,0,0,0,0
2021-05-03,24356,0,0,24095,261,0,0,0,0
2021-05-04,24356,0,0,24095,261,0,0,0,0
2021-05-05,24356,0,0,24095,261,0,0,0,0
2021-05-06,24356,0,0,24095,261,0,0,0,0
