Date,Infected,Exposed,Active,Recovered,Deaths,Diff Exposed,Diff Active,Diff Recovered,Diff Deaths
2020-05-11,75,33,52,23,0,-3,9,2,0
2020-05-12,86,30,61,25,0,-1,7,3,0
2020-05-13,96,30,68,28,0,1,7,3,0
2020-05-14,107,30,75,31,1,2,7,3,0
2020-05-15,116,32,81,34,1,2,7,4,0
2020-05-16,127,34,88,38,1,2,7,4,0
2020-05-17,139,36,96,42,1,3,8,4,0
2020-05-18,150,39,103,46,1,3,8,5,0
2020-05-19,164,42,112,51,1,3,9,5,0
2020-05-20,178,46,121,56,1,4,10,5,0
2020-05-21,192,49,130,61,1,4,10,6,0
2020-05-22,209,53,141,67,1,4,11,6,0
2020-05-23,226,57,152,73,1,4,12,7,0
2020-05-24,245,62,164,80,1,5,13,7,0
2020-05-25,267,66,177,88,2,5,14,8,0
2020-05-26,289,72,191,96,2,6,15,9,0
2020-05-27,312,77,206,104,2,6,16,9,0
2020-05-28,338,83,223,113,2,6,18,10,0
2020-05-29,365,89,240,123,2,7,19,11,0
2020-05-30,395,96,259,134,2,7,20,12,0
2020-05-31,428,104,279,146,3,8,22,13,0
2020-06-01,462,111,301,158,3,8,23,14,0
2020-06-02,499,120,324,172,3,9,25,15,0
2020-06-03,539,129,349,187,3,10,27,16,0
2020-06-04,582,138,376,202,4,10,29,17,0
2020-06-05,628,148,405,219,4,11,31,18,0
2020-06-06,677,159,436,237,4,11,33,20,0
2020-06-07,731,171,469,257,5,12,35,21,0
2020-06-08,788,183,505,278,5,13,38,23,0
2020-06-09,848,196,542,301,5,14,40,24,0
2020-06-10,914,209,583,325,6,14,43,26,0
2020-06-11,984,224,626,352,6,15,46,28,1
2020-06-12,1059,239,672,380,7,16,49,30,1
2020-06-13,1138,255,721,410,7,17,52,32,1
2020-06-14,1223,272,773,442,8,18,55,35,1
2020-06-15,1314,290,828,477,9,18,59,37,1
2020-06-16,1410,308,887,514,9,19,62,40,1
2020-06-17,1513,327,949,554,10,20,66,43,1
2020-06-18,1622,347,1014,597,11,21,69,46,1
2020-06-19,1739,367,1084,643,12,21,73,49,1
2020-06-20,1860,389,1157,691,12,22,77,52,1
2020-06-21,1990,411,1233,744,13,22,80,55,1
2020-06-22,2127,433,1314,799,14,23,84,59,1
2020-06-23,2271,456,1398,858,15,23,88,63,1
2020-06-24,2424,479,1486,921,17,23,92,67,1
2020-06-25,2583,502,1577,988,18,23,95,71,1
2020-06-26,2750,525,1672,1059,19,23,98,75,1
2020-06-27,2925,548,1771,1134,20,23,102,80,1
2020-06-28,3108,571,1872,1214,22,22,105,84,2
2020-06-29,3298,593,1977,1298,23,22,107,89,2
2020-06-30,3496,615,2084,1387,25,21,110,94,2
2020-07-01,3702,636,2194,1481,27,20,111,99,2
2020-07-02,3912,655,2305,1579,28,18,113,104,2
2020-07-03,4131,674,2418,1683,30,17,114,109,2
2020-07-04,4356,691,2532,1792,32,15,114,114,2
2020-07-05,4586,706,2646,1906,34,13,114,119,2
2020-07-06,4821,719,2760,2025,36,11,113,124,2
2020-07-07,5062,730,2874,2149,39,9,112,129,2
2020-07-08,5306,740,2986,2279,41,7,110,134,2
2020-07-09,5551,746,3095,2413,43,4,107,139,3
2020-07-10,5801,751,3203,2552,46,2,104,144,3
2020-07-11,6050,752,3306,2696,48,-1,99,149,3
2020-07-12,6302,752,3406,2845,51,-3,95,153,3
2020-07-13,6552,748,3500,2998,54,-6,89,158,3
2020-07-14,6802,742,3589,3156,57,-8,83,162,3
2020-07-15,7050,734,3673,3317,60,-11,77,165,3
2020-07-16,7295,723,3749,3483,63,-13,70,169,3
2020-07-17,7536,711,3819,3651,66,-15,62,172,3
2020-07-18,7773,696,3881,3823,69,-17,54,175,3
2020-07-19,8005,679,3935,3998,72,-18,46,177,3
2020-07-20,8231,660,3981,4175,75,-20,38,179,3
2020-07-21,8451,640,4019,4354,78,-21,29,181,3
2020-07-22,8664,619,4048,4535,81,-22,21,182,3
2020-07-23,8871,597,4069,4717,85,-23,13,183,3
2020-07-24,9070,574,4082,4900,88,-23,5,184,3
2020-07-25,9262,551,4087,5084,91,-24,-4,184,3
2020-07-26,9446,527,4083,5268,95,-24,-11,184,3
2020-07-27,9622,503,4072,5452,98,-24,-19,183,3
2020-07-28,9789,479,4053,5635,101,-24,-26,182,3
2020-07-29,9948,456,4027,5817,104,-23,-33,181,3
2020-07-30,10101,432,3995,5998,108,-23,-39,180,3
2020-07-31,10245,410,3956,6178,111,-22,-45,178,3
2020-08-01,10381,387,3911,6356,114,-22,-50,176,3
2020-08-02,10510,366,3861,6532,117,-21,-55,174,3
2020-08-03,10632,345,3806,6706,120,-20,-59,171,3
2020-08-04,10748,325,3747,6877,124,-19,-63,169,3
2020-08-05,10857,306,3684,7046,127,-18,-67,166,3
2020-08-06,10959,288,3617,7212,130,-17,-70,163,3
2020-08-07,11053,270,3547,7374,132,-16,-72,160,3
2020-08-08,11144,254,3475,7534,135,-16,-75,156,3
2020-08-09,11229,238,3401,7690,138,-15,-76,153,3
2020-08-10,11308,224,3324,7843,141,-14,-78,150,3
2020-08-11,11384,210,3247,7993,144,-13,-79,146,3
2020-08-12,11453,197,3168,8139,146,-12,-80,143,3
2020-08-13,11519,184,3088,8282,149,-12,-80,139,2
2020-08-14,11580,173,3008,8421,151,-11,-80,135,2
2020-08-15,11638,162,2928,8556,154,-10,-80,132,2
2020-08-16,11692,152,2848,8688,156,-9,-80,128,2
2020-08-17,11742,143,2768,8816,158,-9,-79,125,2
2020-08-18,11791,134,2689,8941,161,-8,-79,121,2
2020-08-19,11836,125,2611,9062,163,-8,-78,117,2
2020-08-20,11877,118,2533,9179,165,-7,-77,114,2
2020-08-21,11916,111,2456,9293,167,-7,-76,111,2
2020-08-22,11953,104,2380,9404,169,-6,-74,107,2
2020-08-23,11988,97,2306,9511,171,-6,-73,104,2
2020-08-24,12020,92,2233,9614,173,-5,-72,100,2
2020-08-25,12051,86,2161,9715,175,-5,-70,97,2
2020-08-26,12079,81,2091,9812,176,-5,-69,94,2
2020-08-27,12106,76,2022,9906,178,-4,-67,91,2
2020-08-28,12132,72,1955,9997,180,-4,-66,88,2
2020-08-29,12155,68,1889,10085,181,-4,-64,85,2
2020-08-30,12178,64,1825,10170,183,-4,-62,82,1
2020-08-31,12199,60,1763,10252,184,-3,-61,79,1
2020-09-01,12220,57,1702,10332,186,-3,-59,77,1
2020-09-02,12238,54,1643,10408,187,-3,-57,74,1
2020-09-03,12256,51,1586,10482,188,-3,-56,71,1
2020-09-04,12274,48,1530,10554,190,-3,-54,69,1
2020-09-05,12289,45,1476,10622,191,-2,-53,66,1
2020-09-06,12304,43,1423,10689,192,-2,-51,64,1
2020-09-07,12318,40,1372,10753,193,-2,-49,62,1
2020-09-08,12332,38,1323,10815,194,-2,-48,60,1
2020-09-09,12344,36,1275,10874,195,-2,-46,57,1
2020-09-10,12357,34,1229,10932,196,-2,-45,55,1
2020-09-11,12368,32,1184,10987,197,-2,-43,53,1
2020-09-12,12378,31,1140,11040,198,-2,-42,51,1
2020-09-13,12388,29,1098,11091,199,-1,-41,49,1
2020-09-14,12399,28,1058,11141,200,-1,-39,48,1
2020-09-15,12408,26,1019,11188,201,-1,-38,46,1
2020-09-16,12417,25,981,11234,202,-1,-37,44,1
2020-09-17,12425,24,944,11278,203,-1,-35,42,1
2020-09-18,12433,23,909,11321,203,-1,-34,41,1
2020-09-19,12441,21,875,11362,204,-1,-33,39,1
2020-09-20,12448,20,842,11401,205,-1,-32,38,1
2020-09-21,12454,19,810,11439,205,-1,-31,36,1
2020-09-22,12461,18,779,11476,206,-1,-30,35,1
2020-09-23,12468,18,750,11511,207,-1,-28,34,1
2020-09-24,12472,17,721,11544,207,-1,-27,32,1
2020-09-25,12479,16,694,11577,208,-1,-26,31,1
2020-09-26,12484,15,667,11608,209,-1,-26,30,1
2020-09-27,12489,14,642,11638,209,-1,-25,29,1
2020-09-28,12494,14,617,11667,210,-1,-24,28,0
2020-09-29,12499,13,594,11695,210,-1,-23,27,0
2020-09-30,12503,13,571,11721,211,-1,-22,26,0
2020-10-01,12507,12,549,11747,211,-1,-21,25,0
2020-10-02,12511,11,528,11772,211,-1,-20,24,0
2020-10-03,12515,11,507,11796,212,0,-20,23,0
2020-10-04,12518,10,488,11818,212,0,-19,22,0
2020-10-05,12522,10,469,11840,213,0,-18,21,0
2020-10-06,12525,10,451,11861,213,0,-17,20,0
2020-10-07,12528,9,433,11882,213,0,-17,19,0
2020-10-08,12531,9,416,11901,214,0,-16,19,0
2020-10-09,12534,8,400,11920,214,0,-16,18,0
2020-10-10,12537,8,385,11938,214,0,-15,17,0
2020-10-11,12540,8,370,11955,215,0,-14,17,0
2020-10-12,12542,7,355,11972,215,0,-14,16,0
2020-10-13,12544,7,341,11988,215,0,-13,15,0
2020-10-14,12547,7,328,12003,216,0,-13,15,0
2020-10-15,12549,6,315,12018,216,0,-12,14,0
2020-10-16,12551,6,303,12032,216,0,-12,14,0
2020-10-17,12553,6,291,12046,216,0,-11,13,0
2020-10-18,12556,6,280,12059,217,0,-11,13,0
2020-10-19,12558,5,269,12072,217,0,-11,12,0
2020-10-20,12559,5,258,12084,217,0,-10,12,0
2020-10-21,12560,5,248,12095,217,0,-10,11,0
2020-10-22,12561,5,238,12106,217,0,-9,11,0
2020-10-23,12564,4,229,12117,218,0,-9,10,0
2020-10-24,12565,4,220,12127,218,0,-9,10,0
2020-10-25,12566,4,211,12137,218,0,-8,10,0
2020-10-26,12568,4,203,12147,218,0,-8,9,0
2020-10-27,12569,4,195,12156,218,0,-8,9,0
2020-10-28,12571,4,187,12165,219,0,-7,8,0
2020-10-29,12572,3,180,12173,219,0,-7,8,0
2020-10-30,12573,3,173,12181,219,0,-7,8,0
2020-10-31,12574,3,166,12189,219,0,-7,7,0
2020-11-01,12576,3,160,12197,219,0,-6,7,0
2020-11-02,12576,3,153,12204,219,0,-6,7,0
2020-11-03,12577,3,147,12211,219,0,-6,7,0
2020-11-04,12577,3,141,12217,219,0,-6,6,0
2020-11-05,12580,3,136,12224,220,0,-5,6,0
2020-11-06,12580,2,130,12230,220,0,-5,6,0
2020-11-07,12581,2,125,12236,220,0,-5,6,0
2020-11-08,12581,2,120,12241,220,0,-5,5,0
2020-11-09,12583,2,116,12247,220,0,-5,5,0
2020-11-10,12583,2,111,12252,220,0,-4,5,0
2020-11-11,12584,2,107,12257,220,0,-4,5,0
2020-11-12,12584,2,102,12262,220,0,-4,5,0
2020-11-13,12584,2,98,12266,220,0,-4,4,0
2020-11-14,12585,2,94,12271,220,0,-4,4,0
2020-11-15,12586,2,91,12275,220,0,-4,4,0
2020-11-16,12587,2,87,12279,221,0,-3,4,0
2020-11-17,12588,2,84,12283,221,0,-3,4,0
2020-11-18,12588,1,80,12287,221,0,-3,4,0
2020-11-19,12588,1,77,12290,221,0,-3,3,0
2020-11-20,12589,1,74,12294,221,0,-3,3,0
2020-11-21,12589,1,71,12297,221,0,-3,3,0
2020-11-22,12589,1,68,12300,221,0,-3,3,0
2020-11-23,12590,1,66,12303,221,0,-3,3,0
2020-11-24,12590,1,63,12306,221,0,-3,3,0
2020-11-25,12591,1,61,12309,221,0,-2,3,0
2020-11-26,12591,1,58,12312,221,0,-2,3,0
2020-11-27,12592,1,56,12315,221,0,-2,3,0
2020-11-28,12592,1,54,12317,221,0,-2,2,0
2020-11-29,12592,1,51,12320,221,0,-2,2,0
2020-11-30,12592,1,49,12322,221,0,-2,2,0
2020-12-01,12592,1,47,12324,221,0,-2,2,0
2020-12-02,12593,1,46,12326,221,0,-2,2,0
2020-12-03,12593,1,44,12328,221,0,-2,2,0
2020-12-04,12593,1,42,12330,221,0,-2,2,0
2020-12-05,12594,1,40,12332,222,0,-2,2,0
2020-12-06,12595,1,39,12334,222,0,-2,2,0
2020-12-07,12595,1,37,12336,222,0,-1,2,0
2020-12-08,12595,1,36,12337,222,0,-1,2,0
2020-12-09,12595,1,34,12339,222,0,-1,2,0
2020-12-10,12595,1,33,12340,222,0,-1,1,0
2020-12-11,12596,1,32,12342,222,0,-1,1,0
2020-12-12,12595,1,30,12343,222,0,-1,1,0
2020-12-13,12596,1,29,12345,222,0,-1,1,0
2020-12-14,12596,1,28,12346,222,0,-1,1,0
2020-12-15,12596,0,27,12347,222,0,-1,1,0
2020-12-16,12597,0,26,12349,222,0,-1,1,0
2020-12-17,12597,0,25,12350,222,0,-1,1,0
2020-12-18,12597,0,24,12351,222,0,-1,1,0
2020-12-19,12597,0,23,12352,222,0,-1,1,0
2020-12-20,12597,0,22,12353,222,0,-1,1,0
2020-12-21,12597,0,21,12354,222,0,-1,1,0
2020-12-22,12597,0,20,12355,222,0,-1,1,0
2020-12-23,12597,0,19,12356,222,0,-1,1,0
2020-12-24,12598,0,19,12357,222,0,-1,1,0
2020-12-25,12598,0,18,12358,222,0,-1,1,0
2020-12-26,12597,0,17,12358,222,0,-1,1,0
2020-12-27,12598,0,17,12359,222,0,-1,1,0
2020-12-28,12598,0,16,12360,222,0,-1,1,0
2020-12-29,12598,0,15,12361,222,0,-1,1,0
2020-12-30,12598,0,15,12361,222,0,-1,1,0
2020-12-31,12598,0,14,12362,222,0,-1,1,0
2021-01-01,12599,0,14,12363,222,0,-1,1,0
2021-01-02,12598,0,13,12363,222,0,-1,1,0
2021-01-03,12598,0,12,12364,222,0,0,1,0
2021-01-04,12598,0,12,12364,222,0,0,1,0
2021-01-05,12598,0,11,12365,222,0,0,1,0
2021-01-06,12598,0,11,12365,222,0,0,0,0
2021-01-07,12599,0,11,12366,222,0,0,0,0
2021-01-08,12598,0,10,12366,222,0,0,0,0
2021-01-09,12599,0,10,12367,222,0,0,0,0
2021-01-10,12598,0,9,12367,222,0,0,0,0
2021-01-11,12599,0,9,12368,222,0,0,0,0
2021-01-12,12599,0,9,12368,222,0,0,0,0
2021-01-13,12598,0,8,12368,222,0,0,0,0
2021-01-14,12599,0,8,12369,222,0,0,0,0
2021-01-15,12599,0,8,12369,222,0,0,0,0
2021-01-16,12599,0,7,12370,222,0,0,0,0
2021-01-17,12599,0,7,12370,222,0,0,0,0
2021-01-18,12599,0,7,12370,222,0,0,0,0
2021-01-19,12599,0,7,12370,222,0,0,0,0
2021-01-20,12599,0,6,12371,222,0,0,0,0
2021-01-21,12599,0,6,12371,222,0,0,0,0
2021-01-22,12599,0,6,12371,222,0,0,0,0
2021-01-23,12600,0,6,12372,222,0,0,0,0
2021-01-24,12599,0,5,12372,222,0,0,0,0
2021-01-25,12599,0,5,12372,222,0,0,0,0
2021-01-26,12599,0,5,12372,222,0,0,0,0
2021-01-27,12600,0,5,12373,222,0,0,0,0
2021-01-28,12600,0,5,12373,222,0,0,0,0
2021-01-29,12599,0,4,12373,222,0,0,0,0
2021-01-30,12599,0,4,12373,222,0,0,0,0
2021-01-31,12599,0,4,12373,222,0,0,0,0
2021-02-01,12599,0,4,12373,222,0,0,0,0
2021-02-02,12600,0,4,12374,222,0,0,0,0
2021-02-03,12600,0,4,12374,222,0,0,0,0
2021-02-04,12599,0,3,12374,222,0,0,0,0
2021-02-05,12599,0,3,12374,222,0,0,0,0
2021-02-06,12599,0,3,12374,222,0,0,0,0
2021-02-07,12599,0,3,12374,222,0,0,0,0
2021-02-08,12600,0,3,12375,222,0,0,0,0
2021-02-09,12600,0,3,12375,222,0,0,0,0
2021-02-10,12600,0,3,12375,222,0,0,0,0
2021-02-11,12600,0,3,12375,222,0,0,0,0
2021-02-12,12599,0,2,12375,222,0,0,0,0
2021-02-13,12599,0,2,12375,222,0,0,0,0
2021-02-14,12599,0,2,12375,222,0,0,0,0
2021-02-15,12599,0,2,12375,222,0,0,0,0
2021-02-16,12599,0,2,12375,222,0,0,0,0
2021-02-17,12600,0,2,12376,222,0,0,0,0
2021-02-18,12600,0,2,12376,222,0,0,0,0
2021-02-19,12600,0,2,12376,222,0,0,0,0
2021-02-20,12600,0,2,12376,222,0,0,0,0
2021-02-21,12600,0,2,12376,222,0,0,0,0
2021-02-22,12600,0,2,12376,222,0,0,0,0
2021-02-23,12600,0,2,12376,222,0,0,0,0
2021-02-24,12600,0,2,12376,222,0,0,0,0
2021-02-25,12599,0,1,12376,222,0,0,0,0
2021-02-26,12599,0,1,12376,222,0,0,0,0
2021-02-27,12599,0,1,12376,222,0,0,0,0
2021-02-28,12599,0,1,12376,222,0,0,0,0
2021-03-01,12599,0,1,12376,222,0,0,0,0
2021-03-02,12599,0,1,12376,222,0,0,0,0
2021-03-03,12600,0,1,12377,222,0,0,0,0
2021-03-04,12600,0,1,12377,222,0,0,0,0
2021-03-05,12600,0,1,12377,222,0,0,0,0
2021-03-06,12600,0,1,12377,222,0,0,0,0
2021-03-07,12600,0,1,12377,222,0,0,0,0
2021-03-08,12600,0,1,12377,222,0,0,0,0
2021-03-09,12600,0,1,12377,222,0,0,0,0
2021-03-10,12600,0,1,12377,222,0,0,0,0
2021-03-11,12600,0,1,12377,222,0,0,0,0
2021-03-12,12600,0,1,12377,222,0,0,0,0
2021-03-13,12600,0,1,12377,222,0,0,0,0
2021-03-14,12600,0,1,12377,222,0,0,0,0
2021-03-15,12600,0,1,12377,222,0,0,0,0
2021-03-16,12600,0,1,12377,222,0,0,0,0
2021-03-17,12600,0,1,12377,222,0,0,0,0
2021-03-18,12600,0,1,12377,222,0,0,0,0
2021-03-19,12600,0,1,12377,222,0,0,0,0
2021-03-20,12600,0,1,12377,222,0,0,0,0
2021-03-21,12600,0,1,12377,222,0,0,0,0
2021-03-22,12600,0,1,12377,222,0,0,0,0
2021-03-23,12600,0,1,12377,222,0,0,0,0
2021-03-24,12599,0,0,12377,222,0,0,0,0
2021-03-25,12599,0,0,12377,222,0,0,0,0
2021-03-26,12599,0,0,12377,222,0,0,0,0
2021-03-27,12599,0,0,12377,222,0,0,0,0
2021-03-28,12599,0,0,12377,222,0,0,0,0
2021-03-29,12599,0,0,12377,222,0,0,0,0
2021-03-30,12599,0,0,12377,222,0,0,0,0
2021-03-31,12599,0,0,12377,222,0,0,0,0
2021-04-01,12599,0,0,12377,222,0,0,0,0
2021-04-02,12599,0,0,12377,222,0,0,0,0
2021-04-03,12599,0,0,12377,222,0,0,0,0
2021-04-04,12599,0,0,12377,222,0,0,0,0
2021-04-05,12599,0,0,12377,222,0,0,0,0
2021-04-06,12600,0,0,12378,222,0,0,0,0
2021-04-07,12600,0,0,12378,222,0,0,0,0
2021-04-08,12600,0,0,12378,222,0,0,0,0
2021-04-09,12600,0,0,12378,222,0,0,0,0
2021-04-10,12600,0,0,12378,222,0,0,0,0
2021-04-11,12600,0,0,12378,222,0,0,0,0
2021-04-12,12600,0,0,12378,222,0,0,0,0
2021-04-13,12600,0,0,12378,222,0,0,0,0
2021-04-14,12600,0,0,12378,222,0,0,0,0
2021-04-15,12600,0,0,12378,222,0,0,0,0
2021-04-16,12600,0,0,12378,222,0,0,0,0
2021-04-17,12600,0,0,12378,222,0,0,0,0
2021-04-18,12600,0,0,12378,222,0,0,0,0
2021-04-19,12600,0,0,12378,222,0,0,0,0
2021-04-20,12600,0,0,12378,222,0,0,0,0
2021-04-21,12600,0,0,12378,222,0,0,0,0
2021-04-22,12600,0,0,12378,222,0,0,0,0
2021-04-23,12600,0,0,12378,222,0,0,0,0
2021-04-24,12600,0,0,12378,222,0,0,0,0
2021-04-25,12600,0,0,12378,222,0,0,0,0
2021-04-26,12600,0,0,12378,222,0,0,0,0
2021-04-27,12600,0,0,12378,222,0,0,0,0
2021-04-28,12600,0,0,12378,222,0,0,0,0
2021-04-29,12600,0,0,12378,222,0,0,0,0
2021-04-30,12600,0,0,12378,222,0,0,0,0
2021-05-01,12600,0,0,12378,222,0,0,0,0
2021-05-02,12600,0,0,12378,222,0,0,0,0
2021-05-03,12600,0,0,12378,222,0,0,0,0
2021-05-04,12600,0,0,12378,222,0,0,0,0
2021-05-05,12600,0,0,12378,222,0,0,0,0
2021-05-06,12600,0,0,12378,222,0,0,0,0
