Date,Infected,Exposed,Active,Recovered,Deaths,Diff Exposed,Diff Active,Diff Recovered,Diff Deaths
2020-05-11,302,8,211,90,1,10,-4,9,0
2020-05-12,307,18,207,99,1,3,3,9,0
2020-05-13,319,20,210,108,1,1,5,9,0
2020-05-14,333,22,215,117,1,1,5,9,0
2020-05-15,348,22,221,126,1,1,6,9,0
2020-05-16,362,23,226,135,1,1,6,10,0
2020-05-17,378,23,232,145,1,1,6,10,0
2020-05-18,394,24,238,155,1,1,6,10,0
2020-05-19,410,25,244,165,1,1,6,10,0
2020-05-20,426,25,250,175,1,1,6,11,0
2020-05-21,444,26,257,186,1,1,7,11,0
2020-05-22,461,26,263,197,1,1,7,11,0
2020-05-23,479,27,270,208,1,1,7,11,0
2020-05-24,498,28,277,219,2,1,7,12,0
2020-05-25,517,29,284,231,2,1,7,12,0
2020-05-26,536,29,291,243,2,1,7,12,0
2020-05-27,555,30,298,255,2,1,8,13,0
2020-05-28,576,31,306,268,2,1,8,13,0
2020-05-29,597,31,314,281,2,1,8,13,0
2020-05-30,618,32,322,294,2,1,8,14,0
2020-05-31,640,33,330,308,2,1,8,14,0
2020-06-01,662,34,338,322,2,1,8,14,0
2020-06-02,684,35,346,336,2,1,9,15,0
2020-06-03,708,35,355,351,2,1,9,15,0
2020-06-04,733,36,364,366,3,1,9,15,0
2020-06-05,757,37,373,381,3,1,9,16,0
2020-06-06,782,38,382,397,3,1,10,16,0
2020-06-07,808,39,392,413,3,1,10,17,0
2020-06-08,835,40,402,430,3,1,10,17,0
2020-06-09,862,41,412,447,3,1,10,17,0
2020-06-10,889,42,422,464,3,1,10,18,0
2020-06-11,917,43,432,482,3,1,11,18,0
2020-06-12,946,44,443,500,3,1,11,19,0
2020-06-13,977,45,454,519,4,1,11,19,0
2020-06-14,1007,46,465,538,4,1,11,20,0
2020-06-15,1038,47,476,558,4,1,12,20,0
2020-06-16,1070,48,488,578,4,1,12,21,0
2020-06-17,1102,49,500,598,4,1,12,21,0
2020-06-18,1136,51,512,620,4,1,12,22,0
2020-06-19,1169,52,524,641,4,1,13,22,0
2020-06-20,1205,53,537,663,5,1,13,23,0
2020-06-21,1241,54,550,686,5,1,13,23,0
2020-06-22,1277,55,563,709,5,1,13,24,0
2020-06-23,1314,57,576,733,5,1,14,24,0
2020-06-24,1353,58,590,758,5,1,14,25,0
2020-06-25,1392,59,604,783,5,1,14,26,0
2020-06-26,1433,61,619,808,6,1,15,26,0
2020-06-27,1473,62,633,834,6,1,15,27,0
2020-06-28,1515,63,648,861,6,1,15,27,0
2020-06-29,1558,65,663,889,6,1,16,28,0
2020-06-30,1602,66,679,917,6,1,16,29,0
2020-07-01,1647,68,695,945,7,1,16,29,0
2020-07-02,1693,69,711,975,7,2,16,30,0
2020-07-03,1740,71,728,1005,7,2,17,31,0
2020-07-04,1787,72,744,1036,7,2,17,31,0
2020-07-05,1835,74,761,1067,7,2,17,32,0
2020-07-06,1886,75,779,1099,8,2,18,33,0
2020-07-07,1937,77,797,1132,8,2,18,34,0
2020-07-08,1989,79,815,1166,8,2,18,34,0
2020-07-09,2041,80,833,1200,8,2,19,35,0
2020-07-10,2097,82,852,1236,9,2,19,36,0
2020-07-11,2152,84,871,1272,9,2,19,37,0
2020-07-12,2209,85,891,1309,9,2,20,38,0
2020-07-13,2265,87,910,1346,9,2,20,39,0
2020-07-14,2326,89,931,1385,10,2,20,39,0
2020-07-15,2385,91,951,1424,10,2,21,40,0
2020-07-16,2446,93,972,1464,10,2,21,41,0
2020-07-17,2508,94,993,1505,10,2,22,42,0
2020-07-18,2574,96,1015,1548,11,2,22,43,0
2020-07-19,2638,98,1037,1590,11,2,22,44,0
2020-07-20,2704,100,1059,1634,11,2,23,45,0
2020-07-21,2772,102,1081,1679,12,2,23,46,0
2020-07-22,2841,104,1104,1725,12,2,23,47,0
2020-07-23,2912,106,1128,1772,12,2,24,48,0
2020-07-24,2983,108,1151,1819,13,2,24,49,0
2020-07-25,3056,110,1175,1868,13,2,24,50,0
2020-07-26,3130,112,1199,1918,13,2,25,51,0
2020-07-27,3206,114,1224,1968,14,2,25,52,0
2020-07-28,3283,116,1249,2020,14,2,25,53,0
2020-07-29,3361,118,1274,2073,14,2,26,54,0
2020-07-30,3442,120,1300,2127,15,2,26,55,0
2020-07-31,3523,122,1326,2182,15,2,26,56,0
2020-08-01,3606,124,1352,2238,16,2,27,57,0
2020-08-02,3690,127,1379,2295,16,2,27,58,0
2020-08-03,3776,129,1406,2354,16,2,27,59,0
2020-08-04,3863,131,1433,2413,17,2,27,61,0
2020-08-05,3951,133,1460,2474,17,2,28,62,0
2020-08-06,4041,135,1488,2535,18,2,28,63,0
2020-08-07,4132,137,1516,2598,18,2,28,64,0
2020-08-08,4226,140,1544,2663,19,2,29,65,0
2020-08-09,4320,142,1573,2728,19,2,29,67,0
2020-08-10,4415,144,1602,2794,19,2,29,68,0
2020-08-11,4513,146,1631,2862,20,2,29,69,0
2020-08-12,4611,148,1660,2931,20,2,30,70,0
2020-08-13,4712,150,1690,3001,21,2,30,71,0
2020-08-14,4814,153,1720,3073,21,2,30,73,1
2020-08-15,4917,155,1749,3146,22,2,30,74,1
2020-08-16,5022,157,1780,3220,22,2,30,75,1
2020-08-17,5128,159,1810,3295,23,2,30,77,1
2020-08-18,5235,161,1840,3372,23,2,31,78,1
2020-08-19,5344,163,1871,3449,24,2,31,79,1
2020-08-20,5456,165,1902,3529,25,2,31,80,1
2020-08-21,5566,167,1932,3609,25,2,31,82,1
2020-08-22,5680,170,1963,3691,26,2,31,83,1
2020-08-23,5794,172,1994,3774,26,2,31,84,1
2020-08-24,5910,174,2025,3858,27,2,31,86,1
2020-08-25,6027,176,2056,3944,27,2,31,87,1
2020-08-26,6147,178,2088,4031,28,2,31,88,1
2020-08-27,6267,179,2119,4119,29,2,31,90,1
2020-08-28,6388,181,2150,4209,29,2,31,91,1
2020-08-29,6511,183,2181,4300,30,2,31,92,1
2020-08-30,6635,185,2212,4392,31,2,31,94,1
2020-08-31,6760,187,2243,4486,31,2,31,95,1
2020-09-01,6887,189,2274,4581,32,2,31,96,1
2020-09-02,7015,190,2305,4677,33,2,31,97,1
2020-09-03,7142,192,2335,4774,33,2,30,99,1
2020-09-04,7273,194,2366,4873,34,2,30,100,1
2020-09-05,7404,195,2396,4973,35,2,30,101,1
2020-09-06,7535,197,2426,5074,35,2,30,103,1
2020-09-07,7669,198,2456,5177,36,1,30,104,1
2020-09-08,7803,200,2485,5281,37,1,29,105,1
2020-09-09,7938,201,2515,5386,37,1,29,106,1
2020-09-10,8074,203,2544,5492,38,1,29,108,1
2020-09-11,8211,204,2572,5600,39,1,28,109,1
2020-09-12,8350,205,2601,5709,40,1,28,110,1
2020-09-13,8488,206,2629,5819,40,1,28,111,1
2020-09-14,8627,207,2656,5930,41,1,27,112,1
2020-09-15,8767,209,2683,6042,42,1,27,114,1
2020-09-16,8909,210,2710,6156,43,1,26,115,1
2020-09-17,9051,210,2736,6271,44,1,26,116,1
2020-09-18,9192,211,2762,6386,44,1,25,117,1
2020-09-19,9335,212,2787,6503,45,1,25,118,1
2020-09-20,9479,213,2812,6621,46,1,24,119,1
2020-09-21,9623,214,2836,6740,47,1,24,120,1
2020-09-22,9768,214,2860,6860,48,1,23,121,1
2020-09-23,9913,215,2883,6981,49,0,22,122,1
2020-09-24,10057,215,2905,7103,49,0,22,123,1
2020-09-25,10203,216,2927,7226,50,0,21,124,1
2020-09-26,10349,216,2948,7350,51,0,20,125,1
2020-09-27,10496,216,2969,7475,52,0,20,126,1
2020-09-28,10641,216,2988,7600,53,0,19,126,1
2020-09-29,10788,217,3007,7727,54,0,18,127,1
2020-09-30,10935,217,3026,7854,55,0,18,128,1
2020-10-01,11081,217,3043,7982,56,0,17,129,1
2020-10-02,11227,217,3060,8111,56,0,16,129,1
2020-10-03,11373,216,3076,8240,57,0,15,130,1
2020-10-04,11520,216,3092,8370,58,0,14,131,1
2020-10-05,11666,216,3106,8501,59,0,14,131,1
2020-10-06,11812,216,3120,8632,60,0,13,132,1
2020-10-07,11958,215,3133,8764,61,0,12,133,1
2020-10-08,12104,215,3145,8897,62,-1,11,133,1
2020-10-09,12249,214,3156,9030,63,-1,10,134,1
2020-10-10,12393,214,3166,9163,64,-1,10,134,1
2020-10-11,12538,213,3176,9297,65,-1,9,134,1
2020-10-12,12682,212,3184,9432,66,-1,8,135,1
2020-10-13,12825,211,3192,9566,67,-1,7,135,1
2020-10-14,12968,210,3199,9702,67,-1,6,135,1
2020-10-15,13110,210,3205,9837,68,-1,5,136,1
2020-10-16,13251,209,3210,9972,69,-1,4,136,1
2020-10-17,13393,208,3215,10108,70,-1,3,136,1
2020-10-18,13533,206,3218,10244,71,-1,3,136,1
2020-10-19,13673,205,3221,10380,72,-1,2,136,1
2020-10-20,13812,204,3222,10517,73,-1,1,136,1
2020-10-21,13950,203,3223,10653,74,-1,0,136,1
2020-10-22,14087,202,3223,10789,75,-1,-1,136,1
2020-10-23,14224,200,3222,10926,76,-1,-2,136,1
2020-10-24,14359,199,3220,11062,77,-1,-3,136,1
2020-10-25,14494,198,3218,11198,78,-1,-3,136,1
2020-10-26,14627,196,3214,11334,79,-1,-4,136,1
2020-10-27,14760,195,3210,11470,80,-2,-5,136,1
2020-10-28,14892,193,3205,11606,81,-2,-6,136,1
2020-10-29,15023,191,3199,11742,82,-2,-7,135,1
2020-10-30,15152,190,3192,11877,83,-2,-8,135,1
2020-10-31,15280,188,3184,12012,84,-2,-8,135,1
2020-11-01,15407,187,3176,12147,84,-2,-9,134,1
2020-11-02,15533,185,3167,12281,85,-2,-10,134,1
2020-11-03,15658,183,3157,12415,86,-2,-11,134,1
2020-11-04,15782,181,3146,12549,87,-2,-11,133,1
2020-11-05,15905,180,3135,12682,88,-2,-12,133,1
2020-11-06,16026,178,3123,12814,89,-2,-13,132,1
2020-11-07,16146,176,3110,12946,90,-2,-13,132,1
2020-11-08,16265,174,3096,13078,91,-2,-14,131,1
2020-11-09,16383,172,3082,13209,92,-2,-15,130,1
2020-11-10,16499,170,3067,13339,93,-2,-15,130,1
2020-11-11,16615,168,3052,13469,94,-2,-16,129,1
2020-11-12,16729,167,3036,13598,95,-2,-17,128,1
2020-11-13,16841,165,3019,13727,95,-2,-17,128,1
2020-11-14,16952,163,3002,13854,96,-2,-18,127,1
2020-11-15,17062,161,2984,13981,97,-2,-18,126,1
2020-11-16,17172,159,2966,14108,98,-2,-19,125,1
2020-11-17,17279,157,2947,14233,99,-2,-19,125,1
2020-11-18,17386,155,2928,14358,100,-2,-20,124,1
2020-11-19,17491,153,2908,14482,101,-2,-20,123,1
2020-11-20,17594,151,2887,14605,102,-2,-21,122,1
2020-11-21,17695,149,2866,14727,102,-2,-21,121,1
2020-11-22,17796,147,2845,14848,103,-2,-22,120,1
2020-11-23,17896,145,2824,14968,104,-2,-22,119,1
2020-11-24,17995,143,2802,15088,105,-2,-22,119,1
2020-11-25,18091,141,2779,15206,106,-2,-23,118,1
2020-11-26,18187,139,2756,15324,107,-2,-23,117,1
2020-11-27,18281,137,2733,15441,107,-2,-23,116,1
2020-11-28,18374,136,2710,15556,108,-2,-24,115,1
2020-11-29,18466,134,2686,15671,109,-2,-24,114,1
2020-11-30,18556,132,2662,15784,110,-2,-24,113,1
2020-12-01,18646,130,2638,15897,111,-2,-25,112,1
2020-12-02,18733,128,2613,16009,111,-2,-25,111,1
2020-12-03,18819,126,2588,16119,112,-2,-25,109,1
2020-12-04,18905,124,2563,16229,113,-2,-25,108,1
2020-12-05,18989,122,2538,16337,114,-2,-25,107,1
2020-12-06,19072,121,2513,16445,114,-2,-26,106,1
2020-12-07,19153,119,2487,16551,115,-2,-26,105,1
2020-12-08,19234,117,2462,16656,116,-2,-26,104,1
2020-12-09,19313,115,2436,16760,117,-2,-26,103,1
2020-12-10,19390,113,2410,16863,117,-2,-26,102,1
2020-12-11,19467,112,2384,16965,118,-2,-26,101,1
2020-12-12,19543,110,2358,17066,119,-2,-26,100,1
2020-12-13,19616,108,2331,17166,119,-2,-26,99,1
2020-12-14,19689,106,2305,17264,120,-2,-26,98,1
2020-12-15,19762,105,2279,17362,121,-2,-26,96,1
2020-12-16,19832,103,2253,17458,121,-2,-26,95,1
2020-12-17,19902,101,2226,17554,122,-2,-26,94,1
2020-12-18,19971,100,2200,17648,123,-2,-26,93,1
2020-12-19,20038,98,2174,17741,123,-2,-26,92,1
2020-12-20,20104,96,2147,17833,124,-2,-26,91,1
2020-12-21,20170,95,2121,17924,125,-2,-26,90,1
2020-12-22,20233,93,2095,18013,125,-2,-26,89,1
2020-12-23,20296,92,2068,18102,126,-2,-26,88,1
2020-12-24,20359,90,2042,18190,127,-2,-26,86,1
2020-12-25,20419,89,2016,18276,127,-1,-26,85,1
2020-12-26,20479,87,1990,18361,128,-1,-26,84,1
2020-12-27,20537,86,1964,18445,128,-1,-26,83,1
2020-12-28,20597,84,1939,18529,129,-1,-26,82,1
2020-12-29,20653,83,1913,18611,129,-1,-26,81,1
2020-12-30,20708,81,1887,18691,130,-1,-25,80,1
2020-12-31,20764,80,1862,18771,131,-1,-25,79,1
2021-01-01,20818,79,1837,18850,131,-1,-25,78,1
2021-01-02,20872,77,1812,18928,132,-1,-25,77,1
2021-01-03,20923,76,1787,19004,132,-1,-25,76,1
2021-01-04,20975,74,1762,19080,133,-1,-25,75,1
2021-01-05,21025,73,1737,19155,133,-1,-25,73,1
2021-01-06,21075,72,1713,19228,134,-1,-24,72,1
2021-01-07,21123,71,1688,19301,134,-1,-24,71,0
2021-01-08,21171,69,1664,19372,135,-1,-24,70,0
2021-01-09,21217,68,1640,19442,135,-1,-24,69,0
2021-01-10,21264,67,1616,19512,136,-1,-24,68,0
2021-01-11,21309,66,1593,19580,136,-1,-23,67,0
2021-01-12,21354,65,1569,19648,137,-1,-23,66,0
2021-01-13,21397,63,1546,19714,137,-1,-23,65,0
2021-01-14,21440,62,1523,19779,138,-1,-23,64,0
2021-01-15,21482,61,1500,19844,138,-1,-23,63,0
2021-01-16,21523,60,1478,19907,138,-1,-22,63,0
2021-01-17,21565,59,1456,19970,139,-1,-22,62,0
2021-01-18,21603,58,1433,20031,139,-1,-22,61,0
2021-01-19,21643,57,1411,20092,140,-1,-22,60,0
2021-01-20,21682,56,1390,20152,140,-1,-21,59,0
2021-01-21,21719,55,1368,20210,141,-1,-21,58,0
2021-01-22,21756,54,1347,20268,141,-1,-21,57,0
2021-01-23,21792,53,1326,20325,141,-1,-21,56,0
2021-01-24,21828,52,1305,20381,142,-1,-21,55,0
2021-01-25,21864,51,1285,20437,142,-1,-20,54,0
2021-01-26,21898,50,1264,20491,143,-1,-20,53,0
2021-01-27,21932,49,1244,20545,143,-1,-20,53,0
2021-01-28,21964,48,1224,20597,143,-1,-20,52,0
2021-01-29,21998,47,1205,20649,144,-1,-19,51,0
2021-01-30,22029,46,1185,20700,144,-1,-19,50,0
2021-01-31,22060,45,1166,20750,144,-1,-19,49,0
2021-02-01,22091,45,1147,20799,145,-1,-19,49,0
2021-02-02,22122,44,1129,20848,145,-1,-18,48,0
2021-02-03,22151,43,1110,20896,145,-1,-18,47,0
2021-02-04,22181,42,1092,20943,146,-1,-18,46,0
2021-02-05,22209,41,1074,20989,146,-1,-18,45,0
2021-02-06,22236,41,1056,21034,146,-1,-18,45,0
2021-02-07,22265,40,1039,21079,147,-1,-17,44,0
2021-02-08,22292,39,1022,21123,147,-1,-17,43,0
2021-02-09,22317,38,1004,21166,147,-1,-17,42,0
2021-02-10,22345,38,988,21209,148,-1,-17,42,0
2021-02-11,22369,37,971,21250,148,-1,-16,41,0
2021-02-12,22395,36,955,21292,148,-1,-16,40,0
2021-02-13,22419,36,939,21332,148,-1,-16,40,0
2021-02-14,22444,35,923,21372,149,-1,-16,39,0
2021-02-15,22467,34,907,21411,149,-1,-15,38,0
2021-02-16,22490,34,892,21449,149,-1,-15,38,0
2021-02-17,22512,33,876,21487,149,-1,-15,37,0
2021-02-18,22535,32,861,21524,150,-1,-15,36,0
2021-02-19,22556,32,846,21560,150,-1,-15,36,0
2021-02-20,22578,31,832,21596,150,-1,-14,35,0
2021-02-21,22598,31,817,21631,150,-1,-14,35,0
2021-02-22,22620,30,803,21666,151,-1,-14,34,0
2021-02-23,22640,29,789,21700,151,-1,-14,33,0
2021-02-24,22660,29,776,21733,151,-1,-14,33,0
2021-02-25,22679,28,762,21766,151,-1,-13,32,0
2021-02-26,22699,28,749,21798,152,-1,-13,32,0
2021-02-27,22718,27,736,21830,152,-1,-13,31,0
2021-02-28,22736,27,723,21861,152,-1,-13,31,0
2021-03-01,22754,26,710,21892,152,0,-13,30,0
2021-03-02,22771,26,697,21922,152,0,-12,30,0
2021-03-03,22789,25,685,21951,153,0,-12,29,0
2021-03-04,22806,25,673,21980,153,0,-12,28,0
2021-03-05,22823,24,661,22009,153,0,-12,28,0
2021-03-06,22839,24,649,22037,153,0,-12,27,0
2021-03-07,22855,23,638,22064,153,0,-11,27,0
2021-03-08,22871,23,626,22091,154,0,-11,26,0
2021-03-09,22887,22,615,22118,154,0,-11,26,0
2021-03-10,22902,22,604,22144,154,0,-11,26,0
2021-03-11,22916,22,593,22169,154,0,-11,25,0
2021-03-12,22931,21,583,22194,154,0,-10,25,0
2021-03-13,22946,21,572,22219,155,0,-10,24,0
2021-03-14,22960,20,562,22243,155,0,-10,24,0
2021-03-15,22974,20,552,22267,155,0,-10,23,0
2021-03-16,22987,20,542,22290,155,0,-10,23,0
2021-03-17,23000,19,532,22313,155,0,-10,23,0
2021-03-18,23013,19,522,22336,155,0,-9,22,0
2021-03-19,23027,19,513,22358,156,0,-9,22,0
2021-03-20,23038,18,503,22379,156,0,-9,21,0
2021-03-21,23051,18,494,22401,156,0,-9,21,0
2021-03-22,23063,17,485,22422,156,0,-9,21,0
2021-03-23,23074,17,476,22442,156,0,-9,20,0
2021-03-24,23086,17,468,22462,156,0,-9,20,0
2021-03-25,23097,16,459,22482,156,0,-8,19,0
2021-03-26,23110,16,451,22502,157,0,-8,19,0
2021-03-27,23120,16,442,22521,157,0,-8,19,0
2021-03-28,23130,16,434,22539,157,0,-8,18,0
2021-03-29,23141,15,426,22558,157,0,-8,18,0
2021-03-30,23151,15,418,22576,157,0,-8,18,0
2021-03-31,23161,15,411,22593,157,0,-8,17,0
2021-04-01,23171,14,403,22611,157,0,-7,17,0
2021-04-02,23181,14,396,22628,157,0,-7,17,0
2021-04-03,23191,14,388,22645,158,0,-7,16,0
2021-04-04,23200,14,381,22661,158,0,-7,16,0
2021-04-05,23209,13,374,22677,158,0,-7,16,0
2021-04-06,23218,13,367,22693,158,0,-7,16,0
2021-04-07,23226,13,360,22708,158,0,-7,15,0
2021-04-08,23236,13,354,22724,158,0,-7,15,0
2021-04-09,23244,12,347,22739,158,0,-6,15,0
2021-04-10,23251,12,340,22753,158,0,-6,14,0
2021-04-11,23260,12,334,22768,158,0,-6,14,0
2021-04-12,23268,12,328,22782,158,0,-6,14,0
2021-04-13,23277,11,322,22796,159,0,-6,14,0
2021-04-14,23284,11,316,22809,159,0,-6,13,0
2021-04-15,23292,11,310,22823,159,0,-6,13,0
2021-04-16,23299,11,304,22836,159,0,-6,13,0
2021-04-17,23306,11,298,22849,159,0,-6,13,0
2021-04-18,23313,10,293,22861,159,0,-5,12,0
2021-04-19,23320,10,287,22874,159,0,-5,12,0
2021-04-20,23327,10,282,22886,159,0,-5,12,0
2021-04-21,23334,10,277,22898,159,0,-5,12,0
2021-04-22,23339,10,271,22909,159,0,-5,11,0
2021-04-23,23346,9,266,22921,159,0,-5,11,0
2021-04-24,23353,9,261,22932,160,0,-5,11,0
2021-04-25,23359,9,256,22943,160,0,-5,11,0
2021-04-26,23365,9,251,22954,160,0,-5,11,0
2021-04-27,23372,9,247,22965,160,0,-5,10,0
2021-04-28,23377,8,242,22975,160,0,-5,10,0
2021-04-29,23382,8,237,22985,160,0,-4,10,0
2021-04-30,23388,8,233,22995,160,0,-4,10,0
2021-05-01,23394,8,229,23005,160,0,-4,10,0
2021-05-02,23399,8,224,23015,160,0,-4,9,0
2021-05-03,23404,8,220,23024,160,0,-4,9,0
2021-05-04,23410,8,216,23034,160,0,-4,9,0
2021-05-05,23415,7,212,23043,160,0,-4,9,0
2021-05-06,23420,7,208,23052,160,0,-4,9,0
