Date,Confirmed,Exposed,Active,Recovered,Deaths,Diff Exposed,Diff Active,Diff Recovered,Diff Deaths
2020-05-11,81,35,81,0,0,-1,4,0,0
2020-05-12,85,34,85,0,0,0,3,0,0
2020-05-13,88,34,88,0,0,0,3,0,0
2020-05-14,91,34,91,0,0,0,3,0,0
2020-05-15,94,34,94,0,0,0,3,0,0
2020-05-16,97,35,97,0,0,1,3,0,0
2020-05-17,100,35,100,0,0,1,3,0,0
2020-05-18,102,36,102,0,0,1,3,0,0
2020-05-19,105,37,105,0,0,1,3,0,0
2020-05-20,108,38,108,0,0,1,3,0,0
2020-05-21,111,39,111,0,0,1,3,0,0
2020-05-22,114,40,114,0,0,1,3,0,0
2020-05-23,117,41,117,0,0,1,3,0,0
2020-05-24,120,42,120,0,0,1,3,0,0
2020-05-25,124,43,124,0,0,1,3,0,0
2020-05-26,127,44,127,0,0,1,3,0,0
2020-05-27,130,45,130,0,0,1,3,0,0
2020-05-28,134,46,134,0,0,1,4,0,0
2020-05-29,137,47,137,0,0,1,4,0,0
2020-05-30,141,49,141,0,0,1,4,0,0
2020-05-31,144,50,144,0,0,1,4,0,0
2020-06-01,148,51,148,0,0,1,4,0,0
2020-06-02,152,53,152,0,0,1,4,0,0
2020-06-03,156,54,156,0,0,1,4,0,0
2020-06-04,160,55,160,0,0,1,4,0,0
2020-06-05,165,57,165,0,0,1,4,0,0
2020-06-06,169,58,169,0,0,2,4,0,0
2020-06-07,173,60,173,0,0,2,5,0,0
2020-06-08,178,61,178,0,0,2,5,0,0
2020-06-09,183,63,183,0,0,2,5,0,0
2020-06-10,187,65,187,0,0,2,5,0,0
2020-06-11,192,66,192,0,0,2,5,0,0
2020-06-12,198,68,198,0,0,2,5,0,0
2020-06-13,203,70,203,0,0,2,5,0,0
2020-06-14,208,72,208,0,0,2,5,0,0
2020-06-15,214,74,214,0,0,2,6,0,0
2020-06-16,219,76,219,0,0,2,6,0,0
2020-06-17,225,78,225,0,0,2,6,0,0
2020-06-18,231,80,231,0,0,2,6,0,0
2020-06-19,237,82,237,0,0,2,6,0,0
2020-06-20,243,84,243,0,0,2,6,0,0
2020-06-21,250,86,250,0,0,2,7,0,0
2020-06-22,256,88,256,0,0,2,7,0,0
2020-06-23,263,91,263,0,0,2,7,0,0
2020-06-24,270,93,270,0,0,2,7,0,0
2020-06-25,277,96,277,0,0,3,7,0,0
2020-06-26,284,98,284,0,0,3,7,0,0
2020-06-27,292,101,292,0,0,3,8,0,0
2020-06-28,299,103,299,0,0,3,8,0,0
2020-06-29,307,106,307,0,0,3,8,0,0
2020-06-30,315,109,315,0,0,3,8,0,0
2020-07-01,324,112,324,0,0,3,8,0,0
2020-07-02,332,114,332,0,0,3,9,0,0
2020-07-03,341,117,341,0,0,3,9,0,0
2020-07-04,350,121,350,0,0,3,9,0,0
2020-07-05,359,124,359,0,0,3,9,0,0
2020-07-06,368,127,368,0,0,3,10,0,0
2020-07-07,378,130,378,0,0,3,10,0,0
2020-07-08,388,134,388,0,0,3,10,0,0
2020-07-09,398,137,398,0,0,4,10,0,0
2020-07-10,408,141,408,0,0,4,11,0,0
2020-07-11,419,144,419,0,0,4,11,0,0
2020-07-12,430,148,430,0,0,4,11,0,0
2020-07-13,441,152,441,0,0,4,12,0,0
2020-07-14,453,156,453,0,0,4,12,0,0
2020-07-15,465,160,465,0,0,4,12,0,0
2020-07-16,477,164,477,0,0,4,12,0,0
2020-07-17,489,168,489,0,0,4,13,0,0
2020-07-18,502,173,502,0,0,4,13,0,0
2020-07-19,515,177,515,0,0,5,13,0,0
2020-07-20,529,182,529,0,0,5,14,0,0
2020-07-21,543,187,543,0,0,5,14,0,0
2020-07-22,557,191,557,0,0,5,15,0,0
2020-07-23,571,196,571,0,0,5,15,0,0
2020-07-24,586,201,586,0,0,5,15,0,0
2020-07-25,601,207,601,0,0,5,16,0,0
2020-07-26,617,212,617,0,0,5,16,0,0
2020-07-27,633,218,633,0,0,6,16,0,0
2020-07-28,650,223,650,0,0,6,17,0,0
2020-07-29,666,229,666,0,0,6,17,0,0
2020-07-30,684,235,684,0,0,6,18,0,0
2020-07-31,702,241,702,0,0,6,18,0,0
2020-08-01,720,247,720,0,0,6,19,0,0
2020-08-02,738,253,738,0,0,7,19,0,0
2020-08-03,758,260,758,0,0,7,20,0,0
2020-08-04,777,267,777,0,0,7,20,0,0
2020-08-05,797,273,797,0,0,7,21,0,0
2020-08-06,818,280,818,0,0,7,21,0,0
2020-08-07,839,288,839,0,0,7,22,0,0
2020-08-08,861,295,861,0,0,8,22,0,0
2020-08-09,883,303,883,0,0,8,23,0,0
2020-08-10,906,310,906,0,0,8,23,0,0
2020-08-11,929,318,929,0,0,8,24,0,0
2020-08-12,953,326,953,0,0,8,25,0,0
2020-08-13,978,335,978,0,0,9,25,0,0
2020-08-14,1003,343,1003,0,0,9,26,0,0
2020-08-15,1029,352,1029,0,0,9,26,0,0
2020-08-16,1055,361,1055,0,0,9,27,0,0
2020-08-17,1082,370,1082,0,0,9,28,0,0
2020-08-18,1110,379,1110,0,0,10,28,0,0
2020-08-19,1138,389,1138,0,0,10,29,0,0
2020-08-20,1167,399,1167,0,0,10,30,0,0
2020-08-21,1197,409,1197,0,0,10,31,0,0
2020-08-22,1228,419,1228,0,0,11,31,0,0
2020-08-23,1259,430,1259,0,0,11,32,0,0
2020-08-24,1291,440,1291,0,0,11,33,0,0
2020-08-25,1324,451,1324,0,0,11,34,0,0
2020-08-26,1358,463,1358,0,0,12,35,0,0
2020-08-27,1392,474,1392,0,0,12,35,0,0
2020-08-28,1428,486,1428,0,0,12,36,0,0
2020-08-29,1464,498,1464,0,0,12,37,0,0
2020-08-30,1501,511,1501,0,0,13,38,0,0
2020-08-31,1539,523,1539,0,0,13,39,0,0
2020-09-01,1578,536,1578,0,0,13,40,0,0
2020-09-02,1618,550,1618,0,0,14,41,0,0
2020-09-03,1658,563,1658,0,0,14,42,0,0
2020-09-04,1700,577,1700,0,0,14,43,0,0
2020-09-05,1743,591,1743,0,0,15,44,0,0
2020-09-06,1787,606,1787,0,0,15,45,0,0
2020-09-07,1831,621,1831,0,0,15,46,0,0
2020-09-08,1877,636,1877,0,0,16,47,0,0
2020-09-09,1924,651,1924,0,0,16,48,0,0
2020-09-10,1972,667,1972,0,0,16,49,0,0
2020-09-11,2021,683,2021,0,0,17,50,0,0
2020-09-12,2072,700,2072,0,0,17,51,0,0
2020-09-13,2123,717,2123,0,0,17,53,0,0
2020-09-14,2176,734,2176,0,0,18,54,0,0
2020-09-15,2229,752,2229,0,0,18,55,0,0
2020-09-16,2284,770,2284,0,0,18,56,0,0
2020-09-17,2341,788,2341,0,0,19,58,0,0
2020-09-18,2398,807,2398,0,0,19,59,0,0
2020-09-19,2457,827,2457,0,0,20,60,0,0
2020-09-20,2517,846,2517,0,0,20,62,0,0
2020-09-21,2579,866,2579,0,0,20,63,0,0
2020-09-22,2642,887,2642,0,0,21,64,0,0
2020-09-23,2706,907,2706,0,0,21,66,0,0
2020-09-24,2772,929,2772,0,0,22,67,0,0
2020-09-25,2839,951,2839,0,0,22,69,0,0
2020-09-26,2908,973,2908,0,0,23,70,0,0
2020-09-27,2978,995,2978,0,0,23,72,0,0
2020-09-28,3049,1018,3049,0,0,23,73,0,0
2020-09-29,3122,1042,3122,0,0,24,75,0,0
2020-09-30,3197,1066,3197,0,0,24,76,0,0
2020-10-01,3273,1090,3273,0,0,25,78,0,0
2020-10-02,3351,1115,3351,0,0,25,80,0,0
2020-10-03,3431,1140,3431,0,0,26,81,0,0
2020-10-04,3512,1166,3512,0,0,26,83,0,0
2020-10-05,3595,1192,3595,0,0,27,85,0,0
2020-10-06,3679,1219,3679,0,0,27,86,0,0
2020-10-07,3766,1246,3766,0,0,28,88,0,0
2020-10-08,3854,1274,3854,0,0,28,90,0,0
2020-10-09,3943,1302,3943,0,0,29,92,0,0
2020-10-10,4035,1331,4035,0,0,29,93,0,0
2020-10-11,4128,1360,4128,0,0,30,95,0,0
2020-10-12,4223,1390,4223,0,0,30,97,0,0
2020-10-13,4320,1420,4320,0,0,31,99,0,0
2020-10-14,4419,1450,4419,0,0,31,101,0,0
2020-10-15,4520,1481,4520,0,0,32,103,0,0
2020-10-16,4622,1513,4622,0,0,32,104,0,0
2020-10-17,4727,1545,4727,0,0,33,106,0,0
2020-10-18,4833,1578,4833,0,0,33,108,0,0
2020-10-19,4941,1611,4941,0,0,34,110,0,0
2020-10-20,5052,1644,5052,0,0,34,112,0,0
2020-10-21,5164,1678,5164,0,0,34,114,0,0
2020-10-22,5278,1713,5278,0,0,35,116,0,0
2020-10-23,5394,1748,5394,0,0,35,118,0,0
2020-10-24,5512,1783,5512,0,0,36,120,0,0
2020-10-25,5632,1819,5632,0,0,36,122,0,0
2020-10-26,5754,1855,5754,0,0,37,124,0,0
2020-10-27,5879,1892,5879,0,0,37,126,0,0
2020-10-28,6005,1929,6005,0,0,38,128,0,0
2020-10-29,6133,1967,6133,0,0,38,130,0,0
2020-10-30,6263,2005,6263,0,0,38,132,0,0
2020-10-31,6395,2043,6395,0,0,39,134,0,0
2020-11-01,6529,2082,6529,0,0,39,136,0,0
2020-11-02,6665,2121,6665,0,0,40,138,0,0
2020-11-03,6803,2161,6803,0,0,40,140,0,0
2020-11-04,6943,2201,6943,0,0,40,142,0,0
2020-11-05,7084,2241,7084,0,0,41,144,0,0
2020-11-06,7228,2281,7228,0,0,41,146,0,0
2020-11-07,7374,2322,7374,0,0,41,147,0,0
2020-11-08,7521,2363,7521,0,0,41,149,0,0
2020-11-09,7671,2405,7671,0,0,42,151,0,0
2020-11-10,7822,2447,7822,0,0,42,153,0,0
2020-11-11,7975,2489,7975,0,0,42,155,0,0
2020-11-12,8129,2531,8129,0,0,42,156,0,0
2020-11-13,8286,2573,8286,0,0,43,158,0,0
2020-11-14,8444,2616,8444,0,0,43,160,0,0
2020-11-15,8604,2658,8604,0,0,43,161,0,0
2020-11-16,8765,2701,8765,0,0,43,163,0,0
2020-11-17,8928,2744,8928,0,0,43,164,0,0
2020-11-18,9092,2787,9092,0,0,43,166,0,0
2020-11-19,9258,2830,9258,0,0,43,167,0,0
2020-11-20,9425,2873,9425,0,0,43,169,0,0
2020-11-21,9594,2916,9594,0,0,43,170,0,0
2020-11-22,9763,2959,9763,0,0,43,171,0,0
2020-11-23,9934,3002,9934,0,0,43,172,0,0
2020-11-24,10106,3044,10106,0,0,43,173,0,0
2020-11-25,10280,3087,10280,0,0,42,174,0,0
2020-11-26,10454,3129,10454,0,0,42,175,0,0
2020-11-27,10629,3172,10629,0,0,42,176,0,0
2020-11-28,10804,3214,10804,0,0,42,176,0,0
2020-11-29,10981,3255,10981,0,0,41,177,0,0
2020-11-30,11158,3297,11158,0,0,41,178,0,0
2020-12-01,11335,3338,11335,0,0,41,178,0,0
2020-12-02,11513,3378,11513,0,0,40,178,0,0
2020-12-03,11692,3418,11692,0,0,40,179,0,0
2020-12-04,11870,3458,11870,0,0,39,179,0,0
2020-12-05,12049,3497,12049,0,0,39,179,0,0
2020-12-06,12227,3536,12227,0,0,38,178,0,0
2020-12-07,12406,3574,12406,0,0,37,178,0,0
2020-12-08,12584,3611,12584,0,0,37,178,0,0
2020-12-09,12762,3648,12762,0,0,36,177,0,0
2020-12-10,12939,3684,12939,0,0,35,177,0,0
2020-12-11,13116,3719,13116,0,0,35,176,0,0
2020-12-12,13292,3754,13292,0,0,34,175,0,0
2020-12-13,13467,3788,13467,0,0,33,174,0,0
2020-12-14,13642,3820,13642,0,0,32,173,0,0
2020-12-15,13815,3852,13815,0,0,31,172,0,0
2020-12-16,13986,3884,13986,0,0,30,170,0,0
2020-12-17,14157,3914,14157,0,0,29,169,0,0
2020-12-18,14326,3943,14326,0,0,28,167,0,0
2020-12-19,14493,3971,14493,0,0,27,165,0,0
2020-12-20,14658,3998,14658,0,0,26,163,0,0
2020-12-21,14822,4024,14822,0,0,25,161,0,0
2020-12-22,14983,4048,14983,0,0,24,159,0,0
2020-12-23,15142,4072,15142,0,0,22,157,0,0
2020-12-24,15299,4094,15299,0,0,21,154,0,0
2020-12-25,15453,4116,15453,0,0,20,152,0,0
2020-12-26,15605,4136,15605,0,0,19,149,0,0
2020-12-27,15753,4154,15753,0,0,17,146,0,0
2020-12-28,15899,4172,15899,0,0,16,143,0,0
2020-12-29,16042,4188,16042,0,0,15,140,0,0
2020-12-30,16182,4203,16182,0,0,13,136,0,0
2020-12-31,16318,4216,16318,0,0,12,133,0,0
2021-01-01,16451,4228,16451,0,0,11,129,0,0
2021-01-02,16580,4239,16580,0,0,9,126,0,0
2021-01-03,16706,4248,16706,0,0,8,122,0,0
2021-01-04,16827,4256,16827,0,0,7,118,0,0
2021-01-05,16945,4263,16945,0,0,5,114,0,0
2021-01-06,17059,4268,17059,0,0,4,110,0,0
2021-01-07,17168,4272,17168,0,0,2,105,0,0
2021-01-08,17274,4274,17274,0,0,1,101,0,0
2021-01-09,17374,4275,17374,0,0,-1,96,0,0
2021-01-10,17471,4274,17471,0,0,-2,92,0,0
2021-01-11,17563,4272,17563,0,0,-3,87,0,0
2021-01-12,17650,4269,17650,0,0,-5,82,0,0
2021-01-13,17732,4264,17732,0,0,-6,78,0,0
2021-01-14,17810,4258,17810,0,0,-8,73,0,0
2021-01-15,17883,4250,17883,0,0,-9,68,0,0
2021-01-16,17951,4241,17951,0,0,-10,63,0,0
2021-01-17,18014,4231,18014,0,0,-12,58,0,0
2021-01-18,18071,4219,18071,0,0,-13,53,0,0
2021-01-19,18124,4206,18124,0,0,-14,48,0,0
2021-01-20,18172,4192,18172,0,0,-16,42,0,0
2021-01-21,18214,4176,18214,0,0,-17,37,0,0
2021-01-22,18251,4159,18251,0,0,-18,32,0,0
2021-01-23,18283,4141,18283,0,0,-19,27,0,0
2021-01-24,18309,4122,18309,0,0,-21,21,0,0
2021-01-25,18331,4101,18331,0,0,-22,16,0,0
2021-01-26,18347,4080,18347,0,0,-23,11,0,0
2021-01-27,18357,4057,18357,0,0,-24,5,0,0
2021-01-28,18363,4033,18363,0,0,-25,0,0,0
2021-01-29,18363,4008,18363,0,0,-26,-5,0,0
2021-01-30,18358,3982,18358,0,0,-27,-10,0,0
2021-01-31,18348,3955,18348,0,0,-28,-15,0,0
2021-02-01,18332,3927,18332,0,0,-29,-21,0,0
2021-02-02,18312,3898,18312,0,0,-30,-26,0,0
2021-02-03,18286,3868,18286,0,0,-31,-31,0,0
2021-02-04,18255,3838,18255,0,0,-31,-36,0,0
2021-02-05,18220,3806,18220,0,0,-32,-41,0,0
2021-02-06,18179,3774,18179,0,0,-33,-46,0,0
2021-02-07,18133,3741,18133,0,0,-34,-50,0,0
2021-02-08,18083,3707,18083,0,0,-34,-55,0,0
2021-02-09,18028,3673,18028,0,0,-35,-60,0,0
2021-02-10,17968,3638,17968,0,0,-36,-64,0,0
2021-02-11,17904,3602,17904,0,0,-36,-69,0,0
2021-02-12,17835,3566,17835,0,0,-37,-73,0,0
2021-02-13,17761,3530,17761,0,0,-37,-78,0,0
2021-02-14,17684,3492,17684,0,0,-38,-82,0,0
2021-02-15,17602,3455,17602,0,0,-38,-86,0,0
2021-02-16,17516,3417,17516,0,0,-38,-90,0,0
2021-02-17,17426,3378,17426,0,0,-39,-94,0,0
2021-02-18,17332,3340,17332,0,0,-39,-98,0,0
2021-02-19,17234,3301,17234,0,0,-39,-101,0,0
2021-02-20,17133,3261,17133,0,0,-40,-105,0,0
2021-02-21,17028,3222,17028,0,0,-40,-108,0,0
2021-02-22,16920,3182,16920,0,0,-40,-112,0,0
2021-02-23,16808,3142,16808,0,0,-40,-115,0,0
2021-02-24,16693,3102,16693,0,0,-40,-118,0,0
2021-02-25,16575,3061,16575,0,0,-40,-121,0,0
2021-02-26,16454,3021,16454,0,0,-40,-124,0,0
2021-02-27,16329,2981,16329,0,0,-40,-127,0,0
2021-02-28,16203,2940,16203,0,0,-40,-129,0,0
2021-03-01,16073,2900,16073,0,0,-40,-132,0,0
2021-03-02,15941,2859,15941,0,0,-40,-134,0,0
2021-03-03,15807,2819,15807,0,0,-40,-137,0,0
2021-03-04,15670,2779,15670,0,0,-40,-139,0,0
2021-03-05,15531,2739,15531,0,0,-40,-141,0,0
2021-03-06,15391,2699,15391,0,0,-40,-143,0,0
2021-03-07,15248,2659,15248,0,0,-40,-145,0,0
2021-03-08,15103,2619,15103,0,0,-40,-146,0,0
2021-03-09,14957,2579,14957,0,0,-39,-148,0,0
2021-03-10,14809,2540,14809,0,0,-39,-149,0,0
2021-03-11,14660,2501,14660,0,0,-39,-151,0,0
2021-03-12,14509,2462,14509,0,0,-39,-152,0,0
2021-03-13,14358,2423,14358,0,0,-38,-153,0,0
2021-03-14,14205,2385,14205,0,0,-38,-154,0,0
2021-03-15,14051,2346,14051,0,0,-38,-155,0,0
2021-03-16,13896,2308,13896,0,0,-38,-156,0,0
2021-03-17,13740,2271,13740,0,0,-37,-156,0,0
2021-03-18,13584,2234,13584,0,0,-37,-157,0,0
2021-03-19,13427,2197,13427,0,0,-37,-158,0,0
2021-03-20,13269,2160,13269,0,0,-36,-158,0,0
2021-03-21,13111,2124,13111,0,0,-36,-158,0,0
2021-03-22,12953,2088,12953,0,0,-35,-159,0,0
2021-03-23,12794,2053,12794,0,0,-35,-159,0,0
2021-03-24,12636,2018,12636,0,0,-35,-159,0,0
2021-03-25,12477,1983,12477,0,0,-34,-159,0,0
2021-03-26,12318,1948,12318,0,0,-34,-159,0,0
2021-03-27,12160,1915,12160,0,0,-34,-158,0,0
2021-03-28,12001,1881,12001,0,0,-33,-158,0,0
2021-03-29,11843,1848,11843,0,0,-33,-158,0,0
2021-03-30,11685,1815,11685,0,0,-32,-157,0,0
2021-03-31,11528,1783,11528,0,0,-32,-157,0,0
2021-04-01,11371,1751,11371,0,0,-31,-156,0,0
2021-04-02,11215,1719,11215,0,0,-31,-156,0,0
2021-04-03,11059,1688,11059,0,0,-31,-155,0,0
2021-04-04,10904,1658,10904,0,0,-30,-154,0,0
2021-04-05,10749,1627,10749,0,0,-30,-154,0,0
2021-04-06,10596,1598,10596,0,0,-29,-153,0,0
2021-04-07,10443,1568,10443,0,0,-29,-152,0,0
2021-04-08,10291,1539,10291,0,0,-29,-151,0,0
2021-04-09,10140,1511,10140,0,0,-28,-150,0,0
2021-04-10,9990,1483,9990,0,0,-28,-149,0,0
2021-04-11,9841,1455,9841,0,0,-27,-148,0,0
2021-04-12,9693,1428,9693,0,0,-27,-147,0,0
2021-04-13,9546,1401,9546,0,0,-26,-146,0,0
2021-04-14,9400,1374,9400,0,0,-26,-145,0,0
2021-04-15,9255,1348,9255,0,0,-26,-143,0,0
2021-04-16,9112,1323,9112,0,0,-25,-142,0,0
2021-04-17,8970,1298,8970,0,0,-25,-141,0,0
2021-04-18,8829,1273,8829,0,0,-24,-140,0,0
2021-04-19,8689,1248,8689,0,0,-24,-138,0,0
2021-04-20,8551,1224,8551,0,0,-24,-137,0,0
2021-04-21,8414,1201,8414,0,0,-23,-136,0,0
2021-04-22,8278,1178,8278,0,0,-23,-134,0,0
2021-04-23,8144,1155,8144,0,0,-22,-133,0,0
2021-04-24,8011,1132,8011,0,0,-22,-131,0,0
2021-04-25,7880,1110,7880,0,0,-22,-130,0,0
2021-04-26,7750,1089,7750,0,0,-21,-129,0,0
2021-04-27,7622,1068,7622,0,0,-21,-127,0,0
2021-04-28,7495,1047,7495,0,0,-21,-126,0,0
2021-04-29,7369,1026,7369,0,0,-20,-124,0,0
2021-04-30,7245,1006,7245,0,0,-20,-123,0,0
2021-05-01,7122,986,7122,0,0,-19,-121,0,0
2021-05-02,7001,967,7001,0,0,-19,-120,0,0
2021-05-03,6881,947,6881,0,0,-19,-118,0,0
2021-05-04,6763,929,6763,0,0,-18,-117,0,0
2021-05-05,6647,910,6647,0,0,-18,-115,0,0
2021-05-06,6531,892,6531,0,0,-18,-114,0,0
