Date,Confirmed,Exposed,Active,Recovered,Deaths,Diff Exposed,Diff Active,Diff Recovered,Diff Deaths
2020-05-14,25,60,25,0,0,1,2,0,0
2020-05-15,27,61,27,0,0,2,2,0,0
2020-05-16,28,63,28,0,0,2,2,0,0
2020-05-17,30,65,30,0,0,2,2,0,0
2020-05-18,32,67,32,0,0,2,2,0,0
2020-05-19,34,69,34,0,0,2,2,0,0
2020-05-20,35,72,35,0,0,3,2,0,0
2020-05-21,37,74,37,0,0,3,2,0,0
2020-05-22,39,77,39,0,0,3,2,0,0
2020-05-23,41,80,41,0,0,3,2,0,0
2020-05-24,42,84,42,0,0,3,2,0,0
2020-05-25,44,87,44,0,0,4,2,0,0
2020-05-26,46,91,46,0,0,4,2,0,0
2020-05-27,48,94,48,0,0,4,2,0,0
2020-05-28,50,98,50,0,0,4,2,0,0
2020-05-29,53,102,53,0,0,4,2,0,0
2020-05-30,55,107,55,0,0,4,2,0,0
2020-05-31,57,111,57,0,0,5,2,0,0
2020-06-01,60,116,60,0,0,5,3,0,0
2020-06-02,62,121,62,0,0,5,3,0,0
2020-06-03,65,126,65,0,0,5,3,0,0
2020-06-04,68,131,68,0,0,6,3,0,0
2020-06-05,71,137,71,0,0,6,3,0,0
2020-06-06,74,143,74,0,0,6,3,0,0
2020-06-07,77,149,77,0,0,6,3,0,0
2020-06-08,80,155,80,0,0,7,3,0,0
2020-06-09,84,162,84,0,0,7,4,0,0
2020-06-10,87,169,87,0,0,7,4,0,0
2020-06-11,91,176,91,0,0,7,4,0,0
2020-06-12,95,183,95,0,0,8,4,0,0
2020-06-13,99,191,99,0,0,8,4,0,0
2020-06-14,103,199,103,0,0,8,4,0,0
2020-06-15,108,208,108,0,0,9,5,0,0
2020-06-16,112,216,112,0,0,9,5,0,0
2020-06-17,117,226,117,0,0,10,5,0,0
2020-06-18,122,235,122,0,0,10,5,0,0
2020-06-19,127,245,127,0,0,10,5,0,0
2020-06-20,133,256,133,0,0,11,6,0,0
2020-06-21,138,267,138,0,0,11,6,0,0
2020-06-22,144,278,144,0,0,12,6,0,0
2020-06-23,150,290,150,0,0,12,6,0,0
2020-06-24,157,302,157,0,0,13,7,0,0
2020-06-25,163,315,163,0,0,13,7,0,0
2020-06-26,170,328,170,0,0,14,7,0,0
2020-06-27,178,342,178,0,0,15,8,0,0
2020-06-28,185,357,185,0,0,15,8,0,0
2020-06-29,193,372,193,0,0,16,8,0,0
2020-06-30,201,388,201,0,0,16,9,0,0
2020-07-01,210,404,210,0,0,17,9,0,0
2020-07-02,219,421,219,0,0,18,9,0,0
2020-07-03,228,439,228,0,0,19,10,0,0
2020-07-04,238,458,238,0,0,19,10,0,0
2020-07-05,248,477,248,0,0,20,11,0,0
2020-07-06,259,498,259,0,0,21,11,0,0
2020-07-07,269,519,269,0,0,22,11,0,0
2020-07-08,281,541,281,0,0,23,12,0,0
2020-07-09,293,563,293,0,0,24,12,0,0
2020-07-10,305,587,305,0,0,25,13,0,0
2020-07-11,318,612,318,0,0,26,13,0,0
2020-07-12,332,638,332,0,0,27,14,0,0
2020-07-13,346,665,346,0,0,28,15,0,0
2020-07-14,360,693,360,0,0,29,15,0,0
2020-07-15,376,722,376,0,0,30,16,0,0
2020-07-16,392,752,392,0,0,32,17,0,0
2020-07-17,408,784,408,0,0,33,17,0,0
2020-07-18,425,817,425,0,0,34,18,0,0
2020-07-19,443,851,443,0,0,36,19,0,0
2020-07-20,462,887,462,0,0,37,19,0,0
2020-07-21,482,924,482,0,0,39,20,0,0
2020-07-22,502,963,502,0,0,40,21,0,0
2020-07-23,523,1003,523,0,0,42,22,0,0
2020-07-24,545,1045,545,0,0,44,23,0,0
2020-07-25,568,1089,568,0,0,45,24,0,0
2020-07-26,592,1134,592,0,0,47,25,0,0
2020-07-27,617,1181,617,0,0,49,26,0,0
2020-07-28,643,1230,643,0,0,51,27,0,0
2020-07-29,669,1282,669,0,0,53,28,0,0
2020-07-30,697,1335,697,0,0,55,29,0,0
2020-07-31,727,1390,727,0,0,58,30,0,0
2020-08-01,757,1448,757,0,0,60,32,0,0
2020-08-02,789,1508,789,0,0,62,33,0,0
2020-08-03,822,1570,822,0,0,65,34,0,0
2020-08-04,856,1634,856,0,0,67,36,0,0
2020-08-05,891,1702,891,0,0,70,37,0,0
2020-08-06,928,1772,928,0,0,73,39,0,0
2020-08-07,967,1844,967,0,0,75,40,0,0
2020-08-08,1007,1920,1007,0,0,78,42,0,0
2020-08-09,1049,1998,1049,0,0,81,43,0,0
2020-08-10,1092,2080,1092,0,0,85,45,0,0
2020-08-11,1137,2164,1137,0,0,88,47,0,0
2020-08-12,1184,2252,1184,0,0,91,49,0,0
2020-08-13,1233,2343,1233,0,0,95,51,0,0
2020-08-14,1284,2438,1284,0,0,98,53,0,0
2020-08-15,1336,2536,1336,0,0,102,55,0,0
2020-08-16,1391,2638,1391,0,0,106,57,0,0
2020-08-17,1448,2744,1448,0,0,110,59,0,0
2020-08-18,1507,2853,1507,0,0,114,61,0,0
2020-08-19,1568,2967,1568,0,0,118,64,0,0
2020-08-20,1632,3085,1632,0,0,122,66,0,0
2020-08-21,1698,3207,1698,0,0,127,69,0,0
2020-08-22,1766,3333,1766,0,0,131,71,0,0
2020-08-23,1838,3464,1838,0,0,136,74,0,0
2020-08-24,1911,3600,1911,0,0,140,77,0,0
2020-08-25,1988,3741,1988,0,0,145,79,0,0
2020-08-26,2068,3886,2068,0,0,150,82,0,0
2020-08-27,2150,4036,2150,0,0,156,85,0,0
2020-08-28,2235,4192,2235,0,0,161,89,0,0
2020-08-29,2324,4353,2324,0,0,166,92,0,0
2020-08-30,2416,4519,2416,0,0,172,95,0,0
2020-08-31,2511,4691,2511,0,0,177,98,0,0
2020-09-01,2609,4868,2609,0,0,183,102,0,0
2020-09-02,2711,5051,2711,0,0,189,106,0,0
2020-09-03,2817,5240,2817,0,0,195,109,0,0
2020-09-04,2926,5435,2926,0,0,201,113,0,0
2020-09-05,3039,5636,3039,0,0,207,117,0,0
2020-09-06,3156,5843,3156,0,0,213,121,0,0
2020-09-07,3276,6056,3276,0,0,219,125,0,0
2020-09-08,3401,6275,3401,0,0,226,129,0,0
2020-09-09,3530,6501,3530,0,0,232,133,0,0
2020-09-10,3663,6733,3663,0,0,239,137,0,0
2020-09-11,3800,6972,3800,0,0,245,142,0,0
2020-09-12,3942,7217,3942,0,0,251,146,0,0
2020-09-13,4088,7468,4088,0,0,258,151,0,0
2020-09-14,4238,7726,4238,0,0,264,155,0,0
2020-09-15,4394,7991,4394,0,0,271,160,0,0
2020-09-16,4553,8261,4553,0,0,277,164,0,0
2020-09-17,4718,8539,4718,0,0,284,169,0,0
2020-09-18,4887,8822,4887,0,0,290,174,0,0
2020-09-19,5061,9112,5061,0,0,296,179,0,0
2020-09-20,5239,9408,5239,0,0,302,183,0,0
2020-09-21,5423,9710,5423,0,0,308,188,0,0
2020-09-22,5611,10018,5611,0,0,314,193,0,0
2020-09-23,5804,10332,5804,0,0,319,198,0,0
2020-09-24,6002,10651,6002,0,0,324,203,0,0
2020-09-25,6205,10975,6205,0,0,329,208,0,0
2020-09-26,6413,11304,6413,0,0,334,212,0,0
2020-09-27,6625,11638,6625,0,0,338,217,0,0
2020-09-28,6842,11976,6842,0,0,342,222,0,0
2020-09-29,7064,12319,7064,0,0,346,226,0,0
2020-09-30,7290,12665,7290,0,0,349,231,0,0
2020-10-01,7521,13014,7521,0,0,352,235,0,0
2020-10-02,7756,13366,7756,0,0,355,239,0,0
2020-10-03,7995,13721,7995,0,0,356,243,0,0
2020-10-04,8238,14077,8238,0,0,358,247,0,0
2020-10-05,8486,14435,8486,0,0,359,251,0,0
2020-10-06,8736,14794,8736,0,0,359,254,0,0
2020-10-07,8991,15152,8991,0,0,358,258,0,0
2020-10-08,9248,15511,9248,0,0,357,261,0,0
2020-10-09,9509,15868,9509,0,0,356,263,0,0
2020-10-10,9772,16224,9772,0,0,353,266,0,0
2020-10-11,10038,16577,10038,0,0,350,268,0,0
2020-10-12,10306,16927,10306,0,0,346,270,0,0
2020-10-13,10575,17273,10575,0,0,342,271,0,0
2020-10-14,10847,17614,10847,0,0,336,272,0,0
2020-10-15,11119,17951,11119,0,0,330,273,0,0
2020-10-16,11392,18281,11392,0,0,323,273,0,0
2020-10-17,11665,18604,11665,0,0,315,273,0,0
2020-10-18,11938,18919,11938,0,0,307,273,0,0
2020-10-19,12211,19226,12211,0,0,298,272,0,0
2020-10-20,12482,19523,12482,0,0,287,270,0,0
2020-10-21,12752,19811,12752,0,0,277,268,0,0
2020-10-22,13021,20087,13021,0,0,265,266,0,0
2020-10-23,13286,20352,13286,0,0,253,263,0,0
2020-10-24,13549,20605,13549,0,0,240,259,0,0
2020-10-25,13808,20845,13808,0,0,226,255,0,0
2020-10-26,14064,21071,14064,0,0,212,251,0,0
2020-10-27,14314,21283,14314,0,0,197,246,0,0
2020-10-28,14560,21480,14560,0,0,181,240,0,0
2020-10-29,14800,21661,14800,0,0,165,234,0,0
2020-10-30,15035,21827,15035,0,0,149,228,0,0
2020-10-31,15262,21976,15262,0,0,132,221,0,0
2020-11-01,15483,22108,15483,0,0,115,213,0,0
2020-11-02,15696,22223,15696,0,0,97,205,0,0
2020-11-03,15901,22320,15901,0,0,80,197,0,0
2020-11-04,16098,22400,16098,0,0,62,188,0,0
2020-11-05,16286,22461,16286,0,0,43,178,0,0
2020-11-06,16464,22505,16464,0,0,25,169,0,0
2020-11-07,16633,22530,16633,0,0,7,158,0,0
2020-11-08,16791,22537,16791,0,0,-11,148,0,0
2020-11-09,16939,22526,16939,0,0,-29,137,0,0
2020-11-10,17077,22497,17077,0,0,-47,126,0,0
2020-11-11,17203,22450,17203,0,0,-65,115,0,0
2020-11-12,17317,22385,17317,0,0,-82,103,0,0
2020-11-13,17420,22303,17420,0,0,-99,91,0,0
2020-11-14,17512,22203,17512,0,0,-116,79,0,0
2020-11-15,17591,22087,17591,0,0,-132,67,0,0
2020-11-16,17658,21955,17658,0,0,-148,55,0,0
2020-11-17,17713,21807,17713,0,0,-163,42,0,0
2020-11-18,17755,21644,17755,0,0,-178,30,0,0
2020-11-19,17785,21466,17785,0,0,-192,18,0,0
2020-11-20,17803,21273,17803,0,0,-206,5,0,0
2020-11-21,17808,21068,17808,0,0,-219,-7,0,0
2020-11-22,17801,20849,17801,0,0,-231,-19,0,0
2020-11-23,17782,20618,17782,0,0,-242,-31,0,0
2020-11-24,17751,20376,17751,0,0,-253,-43,0,0
2020-11-25,17708,20123,17708,0,0,-263,-55,0,0
2020-11-26,17654,19859,17654,0,0,-273,-66,0,0
2020-11-27,17588,19587,17588,0,0,-281,-77,0,0
2020-11-28,17510,19305,17510,0,0,-289,-88,0,0
2020-11-29,17422,19016,17422,0,0,-297,-99,0,0
2020-11-30,17323,18719,17323,0,0,-303,-109,0,0
2020-12-01,17214,18416,17214,0,0,-309,-119,0,0
2020-12-02,17095,18107,17095,0,0,-314,-129,0,0
2020-12-03,16966,17793,16966,0,0,-319,-138,0,0
2020-12-04,16828,17474,16828,0,0,-322,-147,0,0
2020-12-05,16681,17152,16681,0,0,-326,-156,0,0
2020-12-06,16525,16826,16525,0,0,-328,-164,0,0
2020-12-07,16361,16498,16361,0,0,-330,-171,0,0
2020-12-08,16190,16168,16190,0,0,-331,-179,0,0
2020-12-09,16011,15837,16011,0,0,-332,-186,0,0
2020-12-10,15825,15505,15825,0,0,-332,-192,0,0
2020-12-11,15633,15172,15633,0,0,-332,-198,0,0
2020-12-12,15435,14840,15435,0,0,-331,-204,0,0
2020-12-13,15232,14508,15232,0,0,-330,-209,0,0
2020-12-14,15023,14178,15023,0,0,-329,-214,0,0
2020-12-15,14809,13850,14809,0,0,-327,-218,0,0
2020-12-16,14592,13523,14592,0,0,-324,-222,0,0
2020-12-17,14370,13199,14370,0,0,-321,-225,0,0
2020-12-18,14145,12877,14145,0,0,-318,-228,0,0
2020-12-19,13916,12559,13916,0,0,-315,-231,0,0
2020-12-20,13685,12244,13685,0,0,-311,-233,0,0
2020-12-21,13452,11932,13452,0,0,-307,-235,0,0
2020-12-22,13217,11625,13217,0,0,-303,-237,0,0
2020-12-23,12980,11322,12980,0,0,-299,-238,0,0
2020-12-24,12742,11023,12742,0,0,-294,-239,0,0
2020-12-25,12503,10728,12503,0,0,-290,-240,0,0
2020-12-26,12263,10438,12263,0,0,-285,-240,0,0
2020-12-27,12023,10153,12023,0,0,-280,-240,0,0
2020-12-28,11783,9874,11783,0,0,-275,-240,0,0
2020-12-29,11544,9599,11544,0,0,-270,-239,0,0
2020-12-30,11305,9329,11305,0,0,-264,-238,0,0
2020-12-31,11067,9065,11067,0,0,-259,-237,0,0
2021-01-01,10830,8805,10830,0,0,-254,-236,0,0
2021-01-02,10594,8552,10594,0,0,-248,-234,0,0
2021-01-03,10360,8303,10360,0,0,-243,-232,0,0
2021-01-04,10127,8060,10127,0,0,-238,-230,0,0
2021-01-05,9897,7823,9897,0,0,-232,-228,0,0
2021-01-06,9669,7591,9669,0,0,-227,-226,0,0
2021-01-07,9442,7364,9442,0,0,-221,-224,0,0
2021-01-08,9219,7143,9219,0,0,-216,-221,0,0
2021-01-09,8998,6927,8998,0,0,-211,-218,0,0
2021-01-10,8779,6716,8779,0,0,-205,-215,0,0
2021-01-11,8564,6511,8564,0,0,-200,-213,0,0
2021-01-12,8351,6311,8351,0,0,-195,-209,0,0
2021-01-13,8142,6116,8142,0,0,-190,-206,0,0
2021-01-14,7936,5926,7936,0,0,-185,-203,0,0
2021-01-15,7732,5741,7732,0,0,-180,-200,0,0
2021-01-16,7533,5561,7533,0,0,-175,-197,0,0
2021-01-17,7336,5386,7336,0,0,-170,-193,0,0
2021-01-18,7143,5216,7143,0,0,-165,-190,0,0
2021-01-19,6953,5051,6953,0,0,-161,-186,0,0
2021-01-20,6767,4890,6767,0,0,-156,-183,0,0
2021-01-21,6584,4734,6584,0,0,-152,-179,0,0
2021-01-22,6405,4582,6405,0,0,-147,-176,0,0
2021-01-23,6230,4435,6230,0,0,-143,-172,0,0
2021-01-24,6058,4292,6058,0,0,-139,-168,0,0
2021-01-25,5889,4153,5889,0,0,-135,-165,0,0
2021-01-26,5724,4018,5724,0,0,-131,-161,0,0
2021-01-27,5563,3887,5563,0,0,-127,-158,0,0
2021-01-28,5405,3760,5405,0,0,-123,-154,0,0
2021-01-29,5251,3637,5251,0,0,-119,-151,0,0
2021-01-30,5100,3518,5100,0,0,-116,-147,0,0
2021-01-31,4953,3403,4953,0,0,-112,-144,0,0
2021-02-01,4809,3290,4809,0,0,-109,-140,0,0
2021-02-02,4668,3182,4668,0,0,-105,-137,0,0
2021-02-03,4531,3077,4531,0,0,-102,-134,0,0
2021-02-04,4397,2975,4397,0,0,-99,-130,0,0
2021-02-05,4267,2876,4267,0,0,-96,-127,0,0
2021-02-06,4140,2780,4140,0,0,-93,-124,0,0
2021-02-07,4016,2688,4016,0,0,-90,-121,0,0
2021-02-08,3895,2598,3895,0,0,-87,-118,0,0
2021-02-09,3777,2511,3777,0,0,-84,-115,0,0
2021-02-10,3663,2427,3663,0,0,-81,-112,0,0
2021-02-11,3551,2346,3551,0,0,-79,-109,0,0
2021-02-12,3443,2267,3443,0,0,-76,-106,0,0
2021-02-13,3337,2191,3337,0,0,-74,-103,0,0
2021-02-14,3234,2117,3234,0,0,-71,-100,0,0
2021-02-15,3134,2046,3134,0,0,-69,-97,0,0
2021-02-16,3037,1977,3037,0,0,-67,-95,0,0
2021-02-17,2942,1910,2942,0,0,-65,-92,0,0
2021-02-18,2850,1845,2850,0,0,-62,-89,0,0
2021-02-19,2761,1783,2761,0,0,-60,-87,0,0
2021-02-20,2674,1722,2674,0,0,-58,-84,0,0
2021-02-21,2590,1664,2590,0,0,-56,-82,0,0
2021-02-22,2508,1608,2508,0,0,-55,-80,0,0
2021-02-23,2428,1553,2428,0,0,-53,-77,0,0
2021-02-24,2351,1500,2351,0,0,-51,-75,0,0
2021-02-25,2276,1449,2276,0,0,-49,-73,0,0
2021-02-26,2204,1400,2204,0,0,-48,-71,0,0
2021-02-27,2133,1352,2133,0,0,-46,-69,0,0
2021-02-28,2064,1306,2064,0,0,-45,-66,0,0
2021-03-01,1998,1262,1998,0,0,-43,-64,0,0
2021-03-02,1934,1219,1934,0,0,-42,-63,0,0
2021-03-03,1871,1177,1871,0,0,-40,-61,0,0
2021-03-04,1810,1137,1810,0,0,-39,-59,0,0
2021-03-05,1752,1098,1752,0,0,-38,-57,0,0
2021-03-06,1695,1060,1695,0,0,-36,-55,0,0
2021-03-07,1639,1024,1639,0,0,-35,-54,0,0
2021-03-08,1586,989,1586,0,0,-34,-52,0,0
2021-03-09,1534,955,1534,0,0,-33,-50,0,0
2021-03-10,1484,922,1484,0,0,-32,-49,0,0
2021-03-11,1435,891,1435,0,0,-31,-47,0,0
2021-03-12,1388,860,1388,0,0,-30,-46,0,0
2021-03-13,1342,831,1342,0,0,-29,-44,0,0
2021-03-14,1298,802,1298,0,0,-28,-43,0,0
2021-03-15,1255,775,1255,0,0,-27,-42,0,0
2021-03-16,1213,748,1213,0,0,-26,-40,0,0
2021-03-17,1173,722,1173,0,0,-25,-39,0,0
2021-03-18,1134,698,1134,0,0,-24,-38,0,0
2021-03-19,1097,674,1097,0,0,-23,-36,0,0
2021-03-20,1060,650,1060,0,0,-22,-35,0,0
2021-03-21,1025,628,1025,0,0,-22,-34,0,0
2021-03-22,991,607,991,0,0,-21,-33,0,0
2021-03-23,958,586,958,0,0,-20,-32,0,0
2021-03-24,926,566,926,0,0,-19,-31,0,0
2021-03-25,895,546,895,0,0,-19,-30,0,0
2021-03-26,865,527,865,0,0,-18,-29,0,0
2021-03-27,836,509,836,0,0,-18,-28,0,0
2021-03-28,808,492,808,0,0,-17,-27,0,0
2021-03-29,781,475,781,0,0,-16,-26,0,0
2021-03-30,754,458,754,0,0,-16,-25,0,0
2021-03-31,729,443,729,0,0,-15,-25,0,0
2021-04-01,704,427,704,0,0,-15,-24,0,0
2021-04-02,681,413,681,0,0,-14,-23,0,0
2021-04-03,658,398,658,0,0,-14,-22,0,0
2021-04-04,636,385,636,0,0,-13,-21,0,0
2021-04-05,614,371,614,0,0,-13,-21,0,0
2021-04-06,593,359,593,0,0,-12,-20,0,0
2021-04-07,573,346,573,0,0,-12,-19,0,0
2021-04-08,554,334,554,0,0,-12,-19,0,0
2021-04-09,535,323,535,0,0,-11,-18,0,0
2021-04-10,517,312,517,0,0,-11,-18,0,0
2021-04-11,499,301,499,0,0,-10,-17,0,0
2021-04-12,482,290,482,0,0,-10,-16,0,0
2021-04-13,466,280,466,0,0,-10,-16,0,0
2021-04-14,450,271,450,0,0,-9,-15,0,0
2021-04-15,435,261,435,0,0,-9,-15,0,0
2021-04-16,420,252,420,0,0,-9,-14,0,0
2021-04-17,406,244,406,0,0,-8,-14,0,0
2021-04-18,392,235,392,0,0,-8,-13,0,0
2021-04-19,379,227,379,0,0,-8,-13,0,0
2021-04-20,366,219,366,0,0,-8,-12,0,0
2021-04-21,353,212,353,0,0,-7,-12,0,0
2021-04-22,341,204,341,0,0,-7,-12,0,0
2021-04-23,330,197,330,0,0,-7,-11,0,0
2021-04-24,318,191,318,0,0,-7,-11,0,0
2021-04-25,307,184,307,0,0,-6,-11,0,0
2021-04-26,297,178,297,0,0,-6,-10,0,0
2021-04-27,287,172,287,0,0,-6,-10,0,0
2021-04-28,277,166,277,0,0,-6,-9,0,0
2021-04-29,268,160,268,0,0,-6,-9,0,0
2021-04-30,258,154,258,0,0,-5,-9,0,0
2021-05-01,250,149,250,0,0,-5,-9,0,0
2021-05-02,241,144,241,0,0,-5,-8,0,0
2021-05-03,233,139,233,0,0,-5,-8,0,0
2021-05-04,225,134,225,0,0,-5,-8,0,0
2021-05-05,217,130,217,0,0,-4,-7,0,0
2021-05-06,210,125,210,0,0,-4,-7,0,0
2021-05-07,202,121,202,0,0,-4,-7,0,0
2021-05-08,195,117,195,0,0,-4,-7,0,0
2021-05-09,189,113,189,0,0,-4,-6,0,0
