Date,Infected,Exposed,Active,Recovered,Deaths,Diff Exposed,Diff Active,Diff Recovered,Diff Deaths
2020-05-20,559,139,328,226,5,26,-1,52,1
2020-05-21,611,165,327,277,7,16,9,52,1
2020-05-22,673,180,336,329,8,12,13,53,1
2020-05-23,740,192,349,382,9,10,16,55,1
2020-05-24,813,203,365,438,10,10,17,58,1
2020-05-25,889,213,382,495,12,10,18,60,1
2020-05-26,969,223,400,556,13,10,19,63,2
2020-05-27,1053,233,419,619,15,11,20,66,2
2020-05-28,1139,244,438,685,16,11,21,69,2
2020-05-29,1231,256,459,754,18,12,22,73,2
2020-05-30,1328,267,481,827,20,12,22,76,2
2020-05-31,1428,279,503,903,22,13,23,80,2
2020-06-01,1533,292,526,983,24,13,24,83,2
2020-06-02,1642,305,551,1066,25,14,25,87,2
2020-06-03,1757,319,576,1153,28,14,26,91,2
2020-06-04,1876,333,602,1244,30,15,27,95,2
2020-06-05,2000,347,629,1339,32,15,28,100,2
2020-06-06,2131,362,658,1439,34,16,29,104,2
2020-06-07,2267,378,687,1543,37,16,30,109,3
2020-06-08,2410,394,718,1652,40,17,32,114,3
2020-06-09,2556,411,749,1765,42,17,33,119,3
2020-06-10,2711,428,782,1884,45,18,34,124,3
2020-06-11,2871,445,816,2007,48,18,35,129,3
2020-06-12,3039,464,851,2137,51,19,36,135,3
2020-06-13,3212,482,887,2271,54,19,37,140,3
2020-06-14,3393,501,924,2411,58,20,38,146,3
2020-06-15,3582,521,963,2558,61,20,40,152,4
2020-06-16,3777,541,1002,2710,65,21,41,159,4
2020-06-17,3980,562,1043,2868,69,21,42,165,4
2020-06-18,4191,583,1085,3033,73,21,43,172,4
2020-06-19,4410,604,1128,3205,77,22,44,178,4
2020-06-20,4636,626,1172,3383,81,22,45,185,4
2020-06-21,4871,648,1217,3569,85,23,46,193,5
2020-06-22,5114,671,1263,3761,90,23,47,200,5
2020-06-23,5366,694,1310,3961,95,23,48,207,5
2020-06-24,5626,717,1358,4168,100,23,49,215,5
2020-06-25,5895,740,1407,4383,105,24,50,223,5
2020-06-26,6173,764,1457,4606,110,24,51,231,6
2020-06-27,6460,788,1508,4836,116,24,51,239,6
2020-06-28,6755,811,1559,5075,121,24,52,247,6
2020-06-29,7060,835,1611,5322,127,24,52,255,6
2020-06-30,7372,859,1663,5576,133,24,53,263,6
2020-07-01,7696,882,1716,5840,140,23,53,271,6
2020-07-02,8026,905,1769,6111,146,23,53,280,7
2020-07-03,8366,928,1822,6391,153,23,53,288,7
2020-07-04,8714,951,1875,6679,160,22,53,297,7
2020-07-05,9071,973,1928,6976,167,22,53,305,7
2020-07-06,9436,995,1981,7281,174,21,52,313,7
2020-07-07,9810,1016,2034,7594,182,21,52,322,8
2020-07-08,10191,1037,2086,7916,189,20,51,330,8
2020-07-09,10580,1057,2137,8246,197,19,50,338,8
2020-07-10,10976,1076,2187,8584,205,18,49,346,8
2020-07-11,11381,1094,2237,8930,214,17,48,354,8
2020-07-12,11791,1111,2285,9284,222,16,47,361,9
2020-07-13,12207,1127,2331,9645,231,15,45,369,9
2020-07-14,12631,1142,2377,10014,240,14,43,376,9
2020-07-15,13059,1156,2420,10390,249,12,42,383,9
2020-07-16,13493,1168,2462,10773,258,11,40,389,9
2020-07-17,13930,1179,2501,11162,267,10,37,396,9
2020-07-18,14372,1189,2538,11558,276,8,35,402,10
2020-07-19,14818,1197,2573,11959,286,7,32,407,10
2020-07-20,15269,1204,2606,12367,296,5,30,412,10
2020-07-21,15720,1210,2635,12779,306,4,27,417,10
2020-07-22,16174,1213,2662,13196,316,2,24,421,10
2020-07-23,16629,1216,2686,13617,326,1,21,425,10
2020-07-24,17085,1216,2707,14042,336,-1,18,428,10
2020-07-25,17541,1215,2725,14470,346,-2,15,431,10
2020-07-26,17997,1213,2740,14901,356,-4,11,433,10
2020-07-27,18453,1209,2751,15335,367,-5,8,435,10
2020-07-28,18906,1204,2759,15770,377,-7,5,436,10
2020-07-29,19358,1197,2764,16206,388,-8,1,437,10
2020-07-30,19807,1188,2765,16644,398,-10,-2,437,10
2020-07-31,20253,1178,2763,17081,409,-11,-5,437,10
2020-08-01,20695,1167,2758,17518,419,-13,-9,436,10
2020-08-02,21132,1155,2749,17954,429,-14,-12,435,10
2020-08-03,21566,1141,2737,18389,440,-15,-15,433,10
2020-08-04,21993,1126,2721,18822,450,-16,-18,431,10
2020-08-05,22417,1110,2703,19253,461,-17,-21,428,10
2020-08-06,22833,1093,2682,19680,471,-18,-24,424,10
2020-08-07,23242,1075,2657,20104,481,-19,-27,420,10
2020-08-08,23646,1056,2630,20525,491,-20,-30,416,10
2020-08-09,24042,1036,2600,20941,501,-20,-32,411,10
2020-08-10,24431,1016,2568,21352,511,-21,-35,406,10
2020-08-11,24811,994,2533,21758,520,-22,-37,401,10
2020-08-12,25185,973,2496,22159,530,-22,-39,395,9
2020-08-13,25549,951,2456,22554,539,-23,-41,389,9
2020-08-14,25906,928,2415,22942,549,-23,-43,382,9
2020-08-15,26254,905,2372,23324,558,-23,-45,375,9
2020-08-16,26595,882,2328,23700,567,-23,-46,368,9
2020-08-17,26926,859,2282,24068,576,-23,-47,361,9
2020-08-18,27247,836,2234,24429,584,-23,-48,353,8
2020-08-19,27561,812,2186,24782,593,-23,-49,346,8
2020-08-20,27865,789,2136,25128,601,-23,-50,338,8
2020-08-21,28161,765,2086,25466,609,-23,-51,330,8
2020-08-22,28448,742,2035,25796,617,-23,-51,322,8
2020-08-23,28727,719,1984,26118,625,-23,-52,314,8
2020-08-24,28997,696,1933,26432,632,-23,-52,306,7
2020-08-25,29259,674,1881,26738,640,-22,-52,298,7
2020-08-26,29511,651,1829,27035,647,-22,-52,289,7
2020-08-27,29756,629,1777,27325,654,-22,-52,281,7
2020-08-28,29991,608,1725,27606,660,-21,-51,273,7
2020-08-29,30220,587,1674,27879,667,-21,-51,265,6
2020-08-30,30439,566,1623,28143,673,-20,-51,257,6
2020-08-31,30651,546,1572,28400,679,-20,-50,249,6
2020-09-01,30856,526,1522,28649,685,-19,-49,241,6
2020-09-02,31054,506,1473,28890,691,-19,-49,233,6
2020-09-03,31245,488,1425,29123,697,-18,-48,225,5
2020-09-04,31427,469,1377,29348,702,-18,-47,218,5
2020-09-05,31603,451,1330,29566,707,-17,-46,210,5
2020-09-06,31772,434,1284,29776,712,-17,-45,203,5
2020-09-07,31934,417,1238,29979,717,-16,-44,196,5
2020-09-08,32091,400,1194,30175,722,-16,-43,189,5
2020-09-09,32241,385,1151,30364,726,-15,-42,182,4
2020-09-10,32386,369,1109,30546,731,-15,-41,175,4
2020-09-11,32525,354,1068,30722,735,-14,-40,169,4
2020-09-12,32658,340,1028,30891,739,-14,-39,163,4
2020-09-13,32785,326,989,31053,743,-13,-38,156,4
2020-09-14,32908,312,951,31210,747,-13,-37,150,4
2020-09-15,33024,299,914,31360,750,-13,-36,145,3
2020-09-16,33137,287,878,31505,754,-12,-35,139,3
2020-09-17,33245,275,844,31644,757,-12,-34,133,3
2020-09-18,33347,263,810,31777,760,-11,-32,128,3
2020-09-19,33446,252,778,31905,763,-11,-31,123,3
2020-09-20,33540,241,746,32028,766,-10,-30,118,3
2020-09-21,33631,231,716,32146,769,-10,-29,113,3
2020-09-22,33719,221,687,32260,772,-10,-28,109,3
2020-09-23,33800,211,658,32368,774,-9,-27,104,2
2020-09-24,33880,202,631,32472,777,-9,-26,100,2
2020-09-25,33956,193,605,32572,779,-8,-25,96,2
2020-09-26,34028,185,579,32668,781,-8,-24,92,2
2020-09-27,34098,177,555,32759,784,-8,-24,88,2
2020-09-28,34164,169,531,32847,786,-7,-23,84,2
2020-09-29,34228,162,509,32931,788,-7,-22,80,2
2020-09-30,34289,154,487,33012,790,-7,-21,77,2
2020-10-01,34346,147,466,33089,791,-7,-20,74,2
2020-10-02,34401,141,446,33162,793,-6,-19,71,2
2020-10-03,34454,135,426,33233,795,-6,-19,67,2
2020-10-04,34505,129,408,33300,797,-6,-18,65,2
2020-10-05,34553,123,390,33365,798,-6,-17,62,1
2020-10-06,34600,117,373,33427,800,-5,-16,59,1
2020-10-07,34643,112,356,33486,801,-5,-16,56,1
2020-10-08,34685,107,341,33542,802,-5,-15,54,1
2020-10-09,34726,102,326,33596,804,-5,-14,52,1
2020-10-10,34763,97,311,33647,805,-4,-14,49,1
2020-10-11,34800,93,297,33697,806,-4,-13,47,1
2020-10-12,34835,89,284,33744,807,-4,-13,45,1
2020-10-13,34868,85,271,33789,808,-4,-12,43,1
2020-10-14,34900,81,259,33832,809,-4,-12,41,1
2020-10-15,34930,77,247,33873,810,-4,-11,39,1
2020-10-16,34959,74,236,33912,811,-3,-11,37,1
2020-10-17,34987,70,226,33949,812,-3,-10,36,1
2020-10-18,35013,67,215,33985,813,-3,-10,34,1
2020-10-19,35039,64,206,34019,814,-3,-9,33,1
2020-10-20,35062,61,196,34051,815,-3,-9,31,1
2020-10-21,35084,58,187,34082,815,-3,-9,30,1
2020-10-22,35107,55,179,34112,816,-3,-8,28,1
2020-10-23,35128,53,171,34140,817,-2,-8,27,1
2020-10-24,35147,50,163,34167,817,-2,-7,26,1
2020-10-25,35166,48,155,34193,818,-2,-7,25,1
2020-10-26,35184,46,148,34218,818,-2,-7,23,1
2020-10-27,35201,44,141,34241,819,-2,-7,22,1
2020-10-28,35219,42,135,34264,820,-2,-6,21,1
2020-10-29,35234,40,129,34285,820,-2,-6,20,0
2020-10-30,35249,38,123,34305,821,-2,-6,19,0
2020-10-31,35263,36,117,34325,821,-2,-5,19,0
2020-11-01,35276,34,112,34343,821,-2,-5,18,0
2020-11-02,35290,33,107,34361,822,-2,-5,17,0
2020-11-03,35302,31,102,34378,822,-1,-5,16,0
2020-11-04,35314,30,97,34394,823,-1,-4,15,0
2020-11-05,35324,28,92,34409,823,-1,-4,15,0
2020-11-06,35335,27,88,34424,823,-1,-4,14,0
2020-11-07,35346,26,84,34438,824,-1,-4,13,0
2020-11-08,35355,25,80,34451,824,-1,-4,13,0
2020-11-09,35364,24,76,34464,824,-1,-4,12,0
2020-11-10,35374,22,73,34476,825,-1,-3,12,0
2020-11-11,35382,21,70,34487,825,-1,-3,11,0
2020-11-12,35389,20,66,34498,825,-1,-3,10,0
2020-11-13,35397,19,63,34509,825,-1,-3,10,0
2020-11-14,35405,19,60,34519,826,-1,-3,10,0
2020-11-15,35411,18,57,34528,826,-1,-3,9,0
2020-11-16,35418,17,55,34537,826,-1,-3,9,0
2020-11-17,35424,16,52,34546,826,-1,-2,8,0
2020-11-18,35431,15,50,34554,827,-1,-2,8,0
2020-11-19,35436,15,47,34562,827,-1,-2,8,0
2020-11-20,35442,14,45,34570,827,-1,-2,7,0
2020-11-21,35447,13,43,34577,827,-1,-2,7,0
2020-11-22,35452,13,41,34584,827,-1,-2,7,0
2020-11-23,35456,12,39,34590,827,-1,-2,6,0
2020-11-24,35461,11,37,34596,828,-1,-2,6,0
2020-11-25,35466,11,36,34602,828,-1,-2,6,0
2020-11-26,35470,10,34,34608,828,0,-2,5,0
2020-11-27,35473,10,32,34613,828,0,-2,5,0
2020-11-28,35477,9,31,34618,828,0,-1,5,0
2020-11-29,35480,9,29,34623,828,0,-1,5,0
2020-11-30,35484,9,28,34628,828,0,-1,4,0
2020-12-01,35487,8,27,34632,828,0,-1,4,0
2020-12-02,35491,8,25,34637,829,0,-1,4,0
2020-12-03,35494,7,24,34641,829,0,-1,4,0
2020-12-04,35497,7,23,34645,829,0,-1,4,0
2020-12-05,35499,7,22,34648,829,0,-1,3,0
2020-12-06,35502,6,21,34652,829,0,-1,3,0
2020-12-07,35504,6,20,34655,829,0,-1,3,0
2020-12-08,35506,6,19,34658,829,0,-1,3,0
2020-12-09,35508,6,18,34661,829,0,-1,3,0
2020-12-10,35510,5,17,34664,829,0,-1,3,0
2020-12-11,35513,5,17,34667,829,0,-1,3,0
2020-12-12,35514,5,16,34669,829,0,-1,2,0
2020-12-13,35516,5,15,34672,829,0,-1,2,0
2020-12-14,35517,4,14,34674,829,0,-1,2,0
2020-12-15,35520,4,14,34677,829,0,-1,2,0
2020-12-16,35522,4,13,34679,830,0,-1,2,0
2020-12-17,35523,4,12,34681,830,0,-1,2,0
2020-12-18,35525,4,12,34683,830,0,-1,2,0
2020-12-19,35526,3,11,34685,830,0,-1,2,0
2020-12-20,35527,3,11,34686,830,0,-1,2,0
2020-12-21,35528,3,10,34688,830,0,0,2,0
2020-12-22,35530,3,10,34690,830,0,0,2,0
2020-12-23,35530,3,9,34691,830,0,0,1,0
2020-12-24,35532,3,9,34693,830,0,0,1,0
2020-12-25,35532,3,8,34694,830,0,0,1,0
2020-12-26,35533,2,8,34695,830,0,0,1,0
2020-12-27,35535,2,8,34697,830,0,0,1,0
2020-12-28,35535,2,7,34698,830,0,0,1,0
2020-12-29,35536,2,7,34699,830,0,0,1,0
2020-12-30,35537,2,7,34700,830,0,0,1,0
2020-12-31,35537,2,6,34701,830,0,0,1,0
2021-01-01,35538,2,6,34702,830,0,0,1,0
2021-01-02,35539,2,6,34703,830,0,0,1,0
2021-01-03,35539,2,5,34704,830,0,0,1,0
2021-01-04,35540,2,5,34705,830,0,0,1,0
2021-01-05,35541,2,5,34706,830,0,0,1,0
2021-01-06,35541,1,5,34706,830,0,0,1,0
2021-01-07,35541,1,4,34707,830,0,0,1,0
2021-01-08,35542,1,4,34708,830,0,0,1,0
2021-01-09,35543,1,4,34709,830,0,0,1,0
2021-01-10,35543,1,4,34709,830,0,0,1,0
2021-01-11,35544,1,4,34710,830,0,0,1,0
2021-01-12,35544,1,4,34710,830,0,0,1,0
2021-01-13,35544,1,3,34711,830,0,0,1,0
2021-01-14,35545,1,3,34712,830,0,0,1,0
2021-01-15,35545,1,3,34712,830,0,0,0,0
2021-01-16,35546,1,3,34713,830,0,0,0,0
2021-01-17,35546,1,3,34713,830,0,0,0,0
2021-01-18,35546,1,3,34713,830,0,0,0,0
2021-01-19,35547,1,3,34714,830,0,0,0,0
2021-01-20,35546,1,2,34714,830,0,0,0,0
2021-01-21,35547,1,2,34715,830,0,0,0,0
2021-01-22,35547,1,2,34715,830,0,0,0,0
2021-01-23,35547,1,2,34715,830,0,0,0,0
2021-01-24,35548,1,2,34716,830,0,0,0,0
2021-01-25,35548,1,2,34716,830,0,0,0,0
2021-01-26,35548,1,2,34716,830,0,0,0,0
2021-01-27,35549,1,2,34717,830,0,0,0,0
2021-01-28,35549,1,2,34717,830,0,0,0,0
2021-01-29,35549,0,2,34717,830,0,0,0,0
2021-01-30,35548,0,1,34717,830,0,0,0,0
2021-01-31,35549,0,1,34718,830,0,0,0,0
2021-02-01,35549,0,1,34718,830,0,0,0,0
2021-02-02,35549,0,1,34718,830,0,0,0,0
2021-02-03,35549,0,1,34718,830,0,0,0,0
2021-02-04,35549,0,1,34718,830,0,0,0,0
2021-02-05,35550,0,1,34719,830,0,0,0,0
2021-02-06,35550,0,1,34719,830,0,0,0,0
2021-02-07,35550,0,1,34719,830,0,0,0,0
2021-02-08,35550,0,1,34719,830,0,0,0,0
2021-02-09,35550,0,1,34719,830,0,0,0,0
2021-02-10,35550,0,1,34719,830,0,0,0,0
2021-02-11,35551,0,1,34720,830,0,0,0,0
2021-02-12,35552,0,1,34720,831,0,0,0,0
2021-02-13,35552,0,1,34720,831,0,0,0,0
2021-02-14,35552,0,1,34720,831,0,0,0,0
2021-02-15,35552,0,1,34720,831,0,0,0,0
2021-02-16,35552,0,1,34720,831,0,0,0,0
2021-02-17,35552,0,1,34720,831,0,0,0,0
2021-02-18,35552,0,1,34720,831,0,0,0,0
2021-02-19,35552,0,1,34720,831,0,0,0,0
2021-02-20,35553,0,1,34721,831,0,0,0,0
2021-02-21,35553,0,1,34721,831,0,0,0,0
2021-02-22,35552,0,0,34721,831,0,0,0,0
2021-02-23,35552,0,0,34721,831,0,0,0,0
2021-02-24,35552,0,0,34721,831,0,0,0,0
2021-02-25,35552,0,0,34721,831,0,0,0,0
2021-02-26,35552,0,0,34721,831,0,0,0,0
2021-02-27,35552,0,0,34721,831,0,0,0,0
2021-02-28,35552,0,0,34721,831,0,0,0,0
2021-03-01,35552,0,0,34721,831,0,0,0,0
2021-03-02,35552,0,0,34721,831,0,0,0,0
2021-03-03,35552,0,0,34721,831,0,0,0,0
2021-03-04,35552,0,0,34721,831,0,0,0,0
2021-03-05,35552,0,0,34721,831,0,0,0,0
2021-03-06,35552,0,0,34721,831,0,0,0,0
2021-03-07,35552,0,0,34721,831,0,0,0,0
2021-03-08,35552,0,0,34721,831,0,0,0,0
2021-03-09,35553,0,0,34722,831,0,0,0,0
2021-03-10,35553,0,0,34722,831,0,0,0,0
2021-03-11,35553,0,0,34722,831,0,0,0,0
2021-03-12,35553,0,0,34722,831,0,0,0,0
2021-03-13,35553,0,0,34722,831,0,0,0,0
2021-03-14,35553,0,0,34722,831,0,0,0,0
2021-03-15,35553,0,0,34722,831,0,0,0,0
2021-03-16,35553,0,0,34722,831,0,0,0,0
2021-03-17,35553,0,0,34722,831,0,0,0,0
2021-03-18,35553,0,0,34722,831,0,0,0,0
2021-03-19,35553,0,0,34722,831,0,0,0,0
2021-03-20,35553,0,0,34722,831,0,0,0,0
2021-03-21,35553,0,0,34722,831,0,0,0,0
2021-03-22,35553,0,0,34722,831,0,0,0,0
2021-03-23,35553,0,0,34722,831,0,0,0,0
2021-03-24,35553,0,0,34722,831,0,0,0,0
2021-03-25,35553,0,0,34722,831,0,0,0,0
2021-03-26,35553,0,0,34722,831,0,0,0,0
2021-03-27,35553,0,0,34722,831,0,0,0,0
2021-03-28,35553,0,0,34722,831,0,0,0,0
2021-03-29,35553,0,0,34722,831,0,0,0,0
2021-03-30,35553,0,0,34722,831,0,0,0,0
2021-03-31,35553,0,0,34722,831,0,0,0,0
2021-04-01,35553,0,0,34722,831,0,0,0,0
2021-04-02,35553,0,0,34722,831,0,0,0,0
2021-04-03,35553,0,0,34722,831,0,0,0,0
2021-04-04,35553,0,0,34722,831,0,0,0,0
2021-04-05,35553,0,0,34722,831,0,0,0,0
2021-04-06,35553,0,0,34722,831,0,0,0,0
2021-04-07,35553,0,0,34722,831,0,0,0,0
2021-04-08,35553,0,0,34722,831,0,0,0,0
2021-04-09,35553,0,0,34722,831,0,0,0,0
2021-04-10,35553,0,0,34722,831,0,0,0,0
2021-04-11,35553,0,0,34722,831,0,0,0,0
2021-04-12,35553,0,0,34722,831,0,0,0,0
2021-04-13,35553,0,0,34722,831,0,0,0,0
2021-04-14,35553,0,0,34722,831,0,0,0,0
2021-04-15,35553,0,0,34722,831,0,0,0,0
2021-04-16,35553,0,0,34722,831,0,0,0,0
2021-04-17,35553,0,0,34722,831,0,0,0,0
2021-04-18,35553,0,0,34722,831,0,0,0,0
2021-04-19,35553,0,0,34722,831,0,0,0,0
2021-04-20,35553,0,0,34722,831,0,0,0,0
2021-04-21,35553,0,0,34722,831,0,0,0,0
2021-04-22,35553,0,0,34722,831,0,0,0,0
2021-04-23,35553,0,0,34722,831,0,0,0,0
2021-04-24,35553,0,0,34722,831,0,0,0,0
2021-04-25,35553,0,0,34722,831,0,0,0,0
2021-04-26,35553,0,0,34722,831,0,0,0,0
2021-04-27,35553,0,0,34722,831,0,0,0,0
2021-04-28,35553,0,0,34722,831,0,0,0,0
2021-04-29,35553,0,0,34722,831,0,0,0,0
2021-04-30,35553,0,0,34722,831,0,0,0,0
2021-05-01,35553,0,0,34722,831,0,0,0,0
2021-05-02,35553,0,0,34722,831,0,0,0,0
2021-05-03,35553,0,0,34722,831,0,0,0,0
2021-05-04,35553,0,0,34722,831,0,0,0,0
2021-05-05,35553,0,0,34722,831,0,0,0,0
2021-05-06,35553,0,0,34722,831,0,0,0,0
2021-05-07,35553,0,0,34722,831,0,0,0,0
2021-05-08,35553,0,0,34722,831,0,0,0,0
2021-05-09,35553,0,0,34722,831,0,0,0,0
2021-05-10,35553,0,0,34722,831,0,0,0,0
2021-05-11,35553,0,0,34722,831,0,0,0,0
2021-05-12,35553,0,0,34722,831,0,0,0,0
2021-05-13,35553,0,0,34722,831,0,0,0,0
2021-05-14,35553,0,0,34722,831,0,0,0,0
2021-05-15,35553,0,0,34722,831,0,0,0,0
