Date,Infected,Exposed,Active,Recovered,Deaths,Diff Exposed,Diff Active,Diff Recovered,Diff Deaths
2020-05-23,324,58,189,133,2,2,10,13,0
2020-05-24,348,60,199,147,2,2,10,14,0
2020-05-25,372,62,209,161,2,3,10,15,0
2020-05-26,397,64,219,176,2,3,10,16,0
2020-05-27,424,67,230,192,2,3,11,16,0
2020-05-28,451,70,240,208,3,3,11,17,0
2020-05-29,480,73,252,225,3,3,12,18,0
2020-05-30,509,77,263,243,3,3,12,19,0
2020-05-31,541,80,276,262,3,4,13,20,0
2020-06-01,574,84,288,282,4,4,13,21,0
2020-06-02,608,87,302,302,4,4,14,22,0
2020-06-03,644,91,316,324,4,4,14,23,0
2020-06-04,680,95,330,346,4,4,15,24,0
2020-06-05,720,99,345,370,5,4,16,25,0
2020-06-06,760,104,361,394,5,4,16,26,0
2020-06-07,802,108,377,420,5,5,17,27,0
2020-06-08,847,113,394,447,6,5,18,28,0
2020-06-09,893,117,412,475,6,5,18,29,0
2020-06-10,941,122,430,505,6,5,19,31,0
2020-06-11,991,127,449,535,7,5,20,32,0
2020-06-12,1042,133,468,567,7,5,20,33,0
2020-06-13,1098,138,489,601,8,6,21,35,0
2020-06-14,1154,144,510,636,8,6,22,36,0
2020-06-15,1213,149,532,672,9,6,23,38,0
2020-06-16,1273,155,554,710,9,6,23,40,1
2020-06-17,1336,161,578,749,9,6,24,41,1
2020-06-18,1403,167,602,791,10,6,25,43,1
2020-06-19,1472,174,627,834,11,6,26,45,1
2020-06-20,1541,180,652,878,11,7,26,47,1
2020-06-21,1616,187,679,925,12,7,27,48,1
2020-06-22,1691,194,706,973,12,7,28,50,1
2020-06-23,1771,200,734,1024,13,7,29,52,1
2020-06-24,1853,207,763,1076,14,7,30,54,1
2020-06-25,1936,214,792,1130,14,7,30,57,1
2020-06-26,2025,222,823,1187,15,7,31,59,1
2020-06-27,2116,229,854,1246,16,7,32,61,1
2020-06-28,2209,236,885,1307,17,7,32,63,1
2020-06-29,2305,243,918,1370,17,7,33,66,1
2020-06-30,2404,251,951,1435,18,7,34,68,1
2020-07-01,2507,258,985,1503,19,7,34,70,1
2020-07-02,2613,266,1019,1574,20,7,35,73,1
2020-07-03,2721,273,1054,1646,21,7,35,75,1
2020-07-04,2832,281,1089,1721,22,7,36,78,1
2020-07-05,2947,288,1125,1799,23,7,36,80,1
2020-07-06,3065,295,1162,1879,24,7,37,83,1
2020-07-07,3185,302,1198,1962,25,7,37,86,1
2020-07-08,3309,310,1235,2048,26,7,37,88,1
2020-07-09,3435,317,1272,2136,27,7,37,91,1
2020-07-10,3565,323,1310,2227,28,7,37,93,1
2020-07-11,3696,330,1347,2320,29,6,37,96,1
2020-07-12,3831,336,1384,2416,31,6,37,99,1
2020-07-13,3969,342,1422,2515,32,6,37,101,1
2020-07-14,4109,348,1459,2617,33,6,37,104,1
2020-07-15,4251,354,1496,2721,34,5,36,107,1
2020-07-16,4396,359,1532,2828,36,5,36,109,1
2020-07-17,4542,364,1568,2937,37,5,35,112,1
2020-07-18,4692,369,1604,3049,39,4,35,114,1
2020-07-19,4842,373,1639,3163,40,4,34,117,1
2020-07-20,4995,377,1673,3280,42,3,33,119,2
2020-07-21,5149,381,1706,3400,43,3,32,122,2
2020-07-22,5304,384,1738,3521,45,3,31,124,2
2020-07-23,5460,386,1769,3645,46,2,30,126,2
2020-07-24,5619,388,1799,3772,48,2,29,128,2
2020-07-25,5777,390,1828,3900,49,1,27,130,2
2020-07-26,5936,391,1855,4030,51,1,26,132,2
2020-07-27,6097,392,1881,4163,53,0,24,134,2
2020-07-28,6256,393,1905,4297,54,0,23,136,2
2020-07-29,6417,392,1928,4433,56,-1,21,138,2
2020-07-30,6578,392,1949,4571,58,-1,19,139,2
2020-07-31,6738,391,1968,4710,60,-2,17,140,2
2020-08-01,6896,389,1985,4850,61,-2,16,142,2
2020-08-02,7056,387,2001,4992,63,-2,14,143,2
2020-08-03,7214,385,2014,5135,65,-3,12,144,2
2020-08-04,7371,382,2026,5278,67,-3,10,145,2
2020-08-05,7528,379,2036,5423,69,-4,8,145,2
2020-08-06,7681,375,2043,5568,70,-4,6,146,2
2020-08-07,7835,371,2049,5714,72,-4,4,146,2
2020-08-08,7986,367,2052,5860,74,-5,1,146,2
2020-08-09,8137,362,2054,6007,76,-5,-1,147,2
2020-08-10,8284,357,2053,6153,78,-5,-3,147,2
2020-08-11,8431,352,2051,6300,80,-6,-5,146,2
2020-08-12,8574,346,2046,6446,82,-6,-7,146,2
2020-08-13,8714,340,2039,6592,83,-6,-8,146,2
2020-08-14,8854,334,2031,6738,85,-6,-10,145,2
2020-08-15,8991,328,2021,6883,87,-6,-12,144,2
2020-08-16,9125,321,2009,7027,89,-7,-14,143,2
2020-08-17,9256,315,1995,7170,91,-7,-16,142,2
2020-08-18,9385,308,1979,7313,93,-7,-17,141,2
2020-08-19,9510,301,1962,7454,94,-7,-19,140,2
2020-08-20,9633,294,1943,7594,96,-7,-20,139,2
2020-08-21,9753,287,1923,7732,98,-7,-22,137,2
2020-08-22,9871,280,1901,7870,100,-7,-23,136,2
2020-08-23,9984,273,1878,8005,101,-7,-24,134,2
2020-08-24,10096,266,1854,8139,103,-7,-25,132,2
2020-08-25,10206,259,1829,8272,105,-7,-26,131,2
2020-08-26,10311,252,1803,8402,106,-7,-27,129,2
2020-08-27,10414,245,1775,8531,108,-7,-28,127,2
2020-08-28,10515,238,1747,8658,110,-7,-29,125,2
2020-08-29,10611,231,1718,8782,111,-7,-30,123,2
2020-08-30,10707,225,1689,8905,113,-7,-30,121,2
2020-08-31,10797,218,1658,9025,114,-7,-31,118,1
2020-09-01,10887,211,1627,9144,116,-6,-31,116,1
2020-09-02,10973,205,1596,9260,117,-6,-32,114,1
2020-09-03,11057,198,1564,9374,119,-6,-32,112,1
2020-09-04,11137,192,1532,9485,120,-6,-32,109,1
2020-09-05,11216,186,1500,9595,121,-6,-32,107,1
2020-09-06,11293,180,1468,9702,123,-6,-33,105,1
2020-09-07,11366,174,1435,9807,124,-6,-33,102,1
2020-09-08,11437,168,1403,9909,125,-6,-33,100,1
2020-09-09,11506,163,1370,10009,127,-5,-33,98,1
2020-09-10,11573,157,1338,10107,128,-5,-32,95,1
2020-09-11,11636,152,1305,10202,129,-5,-32,93,1
2020-09-12,11699,147,1273,10296,130,-5,-32,91,1
2020-09-13,11758,142,1241,10386,131,-5,-32,89,1
2020-09-14,11817,137,1209,10475,133,-5,-31,86,1
2020-09-15,11873,132,1178,10561,134,-5,-31,84,1
2020-09-16,11927,128,1147,10645,135,-4,-31,82,1
2020-09-17,11979,123,1116,10727,136,-4,-30,80,1
2020-09-18,12029,119,1085,10807,137,-4,-30,77,1
2020-09-19,12077,114,1055,10884,138,-4,-30,75,1
2020-09-20,12125,110,1026,10960,139,-4,-29,73,1
2020-09-21,12170,106,997,11033,140,-4,-29,71,1
2020-09-22,12213,103,968,11104,141,-4,-28,69,1
2020-09-23,12254,99,940,11173,141,-4,-28,67,1
2020-09-24,12295,95,913,11240,142,-3,-27,65,1
2020-09-25,12334,92,886,11305,143,-3,-26,63,1
2020-09-26,12371,89,859,11368,144,-3,-26,61,1
2020-09-27,12408,85,833,11430,145,-3,-25,59,1
2020-09-28,12442,82,808,11489,145,-3,-25,58,1
2020-09-29,12476,79,783,11547,146,-3,-24,56,1
2020-09-30,12509,76,759,11603,147,-3,-24,54,1
2020-10-01,12540,73,735,11657,148,-3,-23,52,1
2020-10-02,12569,71,712,11709,148,-3,-23,51,1
2020-10-03,12598,68,689,11760,149,-3,-22,49,1
2020-10-04,12626,66,667,11809,150,-2,-21,48,1
2020-10-05,12653,63,646,11857,150,-2,-21,46,1
2020-10-06,12679,61,625,11903,151,-2,-20,45,1
2020-10-07,12704,59,605,11948,151,-2,-20,43,1
2020-10-08,12728,56,585,11991,152,-2,-19,42,1
2020-10-09,12751,54,566,12033,152,-2,-19,40,1
2020-10-10,12773,52,547,12073,153,-2,-18,39,0
2020-10-11,12794,50,529,12112,153,-2,-18,38,0
2020-10-12,12815,48,511,12150,154,-2,-17,36,0
2020-10-13,12834,47,494,12186,154,-2,-17,35,0
2020-10-14,12853,45,477,12221,155,-2,-16,34,0
2020-10-15,12871,43,461,12255,155,-2,-16,33,0
2020-10-16,12889,42,445,12288,156,-2,-15,32,0
2020-10-17,12906,40,430,12320,156,-2,-15,31,0
2020-10-18,12922,38,415,12351,156,-1,-14,30,0
2020-10-19,12938,37,401,12380,157,-1,-14,29,0
2020-10-20,12953,36,387,12409,157,-1,-13,28,0
2020-10-21,12968,34,374,12437,157,-1,-13,27,0
2020-10-22,12982,33,361,12463,158,-1,-13,26,0
2020-10-23,12995,32,348,12489,158,-1,-12,25,0
2020-10-24,13008,31,336,12514,158,-1,-12,24,0
2020-10-25,13021,29,324,12538,159,-1,-11,23,0
2020-10-26,13033,28,313,12561,159,-1,-11,22,0
2020-10-27,13044,27,302,12583,159,-1,-11,22,0
2020-10-28,13056,26,291,12605,160,-1,-10,21,0
2020-10-29,13067,25,281,12626,160,-1,-10,20,0
2020-10-30,13077,24,271,12646,160,-1,-10,19,0
2020-10-31,13086,23,261,12665,160,-1,-9,19,0
2020-11-01,13097,22,252,12684,161,-1,-9,18,0
2020-11-02,13106,22,243,12702,161,-1,-9,17,0
2020-11-03,13114,21,234,12719,161,-1,-8,17,0
2020-11-04,13123,20,226,12736,161,-1,-8,16,0
2020-11-05,13131,19,218,12752,161,-1,-8,16,0
2020-11-06,13139,19,210,12767,162,-1,-8,15,0
2020-11-07,13146,18,202,12782,162,-1,-7,14,0
2020-11-08,13154,17,195,12797,162,-1,-7,14,0
2020-11-09,13161,17,188,12811,162,-1,-7,13,0
2020-11-10,13167,16,181,12824,162,-1,-7,13,0
2020-11-11,13174,15,174,12837,163,-1,-6,12,0
2020-11-12,13180,15,168,12849,163,-1,-6,12,0
2020-11-13,13186,14,162,12861,163,-1,-6,12,0
2020-11-14,13192,14,156,12873,163,-1,-6,11,0
2020-11-15,13197,13,150,12884,163,0,-5,11,0
2020-11-16,13203,13,145,12895,163,0,-5,10,0
2020-11-17,13208,12,140,12905,163,0,-5,10,0
2020-11-18,13213,12,134,12915,164,0,-5,10,0
2020-11-19,13218,11,129,12925,164,0,-5,9,0
2020-11-20,13223,11,125,12934,164,0,-5,9,0
2020-11-21,13227,10,120,12943,164,0,-4,9,0
2020-11-22,13231,10,116,12951,164,0,-4,8,0
2020-11-23,13235,10,111,12960,164,0,-4,8,0
2020-11-24,13239,9,107,12968,164,0,-4,8,0
2020-11-25,13242,9,103,12975,164,0,-4,7,0
2020-11-26,13247,9,100,12983,164,0,-4,7,0
2020-11-27,13250,8,96,12990,164,0,-4,7,0
2020-11-28,13254,8,92,12997,165,0,-3,7,0
2020-11-29,13257,8,89,13003,165,0,-3,6,0
2020-11-30,13261,7,86,13010,165,0,-3,6,0
2020-12-01,13263,7,82,13016,165,0,-3,6,0
2020-12-02,13266,7,79,13022,165,0,-3,6,0
2020-12-03,13268,7,76,13027,165,0,-3,5,0
2020-12-04,13272,6,74,13033,165,0,-3,5,0
2020-12-05,13274,6,71,13038,165,0,-3,5,0
2020-12-06,13276,6,68,13043,165,0,-3,5,0
2020-12-07,13279,6,66,13048,165,0,-2,5,0
2020-12-08,13281,5,63,13053,165,0,-2,5,0
2020-12-09,13283,5,61,13057,165,0,-2,4,0
2020-12-10,13285,5,59,13061,165,0,-2,4,0
2020-12-11,13287,5,56,13066,165,0,-2,4,0
2020-12-12,13289,5,54,13070,165,0,-2,4,0
2020-12-13,13292,4,52,13074,166,0,-2,4,0
2020-12-14,13293,4,50,13077,166,0,-2,4,0
2020-12-15,13295,4,48,13081,166,0,-2,3,0
2020-12-16,13297,4,47,13084,166,0,-2,3,0
2020-12-17,13299,4,45,13088,166,0,-2,3,0
2020-12-18,13300,4,43,13091,166,0,-2,3,0
2020-12-19,13302,4,42,13094,166,0,-2,3,0
2020-12-20,13303,3,40,13097,166,0,-1,3,0
2020-12-21,13305,3,39,13100,166,0,-1,3,0
2020-12-22,13306,3,37,13103,166,0,-1,3,0
2020-12-23,13307,3,36,13105,166,0,-1,3,0
2020-12-24,13308,3,34,13108,166,0,-1,2,0
2020-12-25,13309,3,33,13110,166,0,-1,2,0
2020-12-26,13311,3,32,13113,166,0,-1,2,0
2020-12-27,13312,3,31,13115,166,0,-1,2,0
2020-12-28,13313,3,30,13117,166,0,-1,2,0
2020-12-29,13313,2,28,13119,166,0,-1,2,0
2020-12-30,13314,2,27,13121,166,0,-1,2,0
2020-12-31,13315,2,26,13123,166,0,-1,2,0
2021-01-01,13316,2,25,13125,166,0,-1,2,0
2021-01-02,13317,2,24,13127,166,0,-1,2,0
2021-01-03,13318,2,23,13129,166,0,-1,2,0
2021-01-04,13319,2,23,13130,166,0,-1,2,0
2021-01-05,13320,2,22,13132,166,0,-1,2,0
2021-01-06,13320,2,21,13133,166,0,-1,1,0
2021-01-07,13321,2,20,13135,166,0,-1,1,0
2021-01-08,13321,2,19,13136,166,0,-1,1,0
2021-01-09,13323,2,19,13138,166,0,-1,1,0
2021-01-10,13323,2,18,13139,166,0,-1,1,0
2021-01-11,13323,1,17,13140,166,0,-1,1,0
2021-01-12,13325,1,17,13142,166,0,-1,1,0
2021-01-13,13325,1,16,13143,166,0,-1,1,0
2021-01-14,13325,1,15,13144,166,0,-1,1,0
2021-01-15,13326,1,15,13145,166,0,-1,1,0
2021-01-16,13326,1,14,13146,166,0,-1,1,0
2021-01-17,13327,1,14,13147,166,0,-1,1,0
2021-01-18,13327,1,13,13148,166,0,0,1,0
2021-01-19,13328,1,13,13149,166,0,0,1,0
2021-01-20,13328,1,12,13150,166,0,0,1,0
2021-01-21,13329,1,12,13151,166,0,0,1,0
2021-01-22,13329,1,11,13152,166,0,0,1,0
2021-01-23,13330,1,11,13152,167,0,0,1,0
2021-01-24,13331,1,11,13153,167,0,0,1,0
2021-01-25,13331,1,10,13154,167,0,0,1,0
2021-01-26,13332,1,10,13155,167,0,0,1,0
2021-01-27,13331,1,9,13155,167,0,0,1,0
2021-01-28,13332,1,9,13156,167,0,0,1,0
2021-01-29,13333,1,9,13157,167,0,0,1,0
2021-01-30,13332,1,8,13157,167,0,0,1,0
2021-01-31,13333,1,8,13158,167,0,0,1,0
2021-02-01,13333,1,8,13158,167,0,0,1,0
2021-02-02,13333,1,7,13159,167,0,0,1,0
2021-02-03,13334,1,7,13160,167,0,0,1,0
2021-02-04,13334,1,7,13160,167,0,0,0,0
2021-02-05,13335,1,7,13161,167,0,0,0,0
2021-02-06,13334,1,6,13161,167,0,0,0,0
2021-02-07,13334,1,6,13161,167,0,0,0,0
2021-02-08,13335,1,6,13162,167,0,0,0,0
2021-02-09,13335,0,6,13162,167,0,0,0,0
2021-02-10,13335,0,5,13163,167,0,0,0,0
2021-02-11,13335,0,5,13163,167,0,0,0,0
2021-02-12,13335,0,5,13163,167,0,0,0,0
2021-02-13,13336,0,5,13164,167,0,0,0,0
2021-02-14,13336,0,5,13164,167,0,0,0,0
2021-02-15,13337,0,5,13165,167,0,0,0,0
2021-02-16,13336,0,4,13165,167,0,0,0,0
2021-02-17,13336,0,4,13165,167,0,0,0,0
2021-02-18,13336,0,4,13165,167,0,0,0,0
2021-02-19,13337,0,4,13166,167,0,0,0,0
2021-02-20,13337,0,4,13166,167,0,0,0,0
2021-02-21,13337,0,4,13166,167,0,0,0,0
2021-02-22,13337,0,3,13167,167,0,0,0,0
2021-02-23,13337,0,3,13167,167,0,0,0,0
2021-02-24,13337,0,3,13167,167,0,0,0,0
2021-02-25,13337,0,3,13167,167,0,0,0,0
2021-02-26,13337,0,3,13167,167,0,0,0,0
2021-02-27,13338,0,3,13168,167,0,0,0,0
2021-02-28,13338,0,3,13168,167,0,0,0,0
2021-03-01,13338,0,3,13168,167,0,0,0,0
2021-03-02,13338,0,3,13168,167,0,0,0,0
2021-03-03,13337,0,2,13168,167,0,0,0,0
2021-03-04,13338,0,2,13169,167,0,0,0,0
2021-03-05,13338,0,2,13169,167,0,0,0,0
2021-03-06,13338,0,2,13169,167,0,0,0,0
2021-03-07,13338,0,2,13169,167,0,0,0,0
2021-03-08,13338,0,2,13169,167,0,0,0,0
2021-03-09,13338,0,2,13169,167,0,0,0,0
2021-03-10,13339,0,2,13170,167,0,0,0,0
2021-03-11,13339,0,2,13170,167,0,0,0,0
2021-03-12,13339,0,2,13170,167,0,0,0,0
2021-03-13,13339,0,2,13170,167,0,0,0,0
2021-03-14,13339,0,2,13170,167,0,0,0,0
2021-03-15,13339,0,2,13170,167,0,0,0,0
2021-03-16,13338,0,1,13170,167,0,0,0,0
2021-03-17,13338,0,1,13170,167,0,0,0,0
2021-03-18,13338,0,1,13170,167,0,0,0,0
2021-03-19,13339,0,1,13171,167,0,0,0,0
2021-03-20,13339,0,1,13171,167,0,0,0,0
2021-03-21,13339,0,1,13171,167,0,0,0,0
2021-03-22,13339,0,1,13171,167,0,0,0,0
2021-03-23,13339,0,1,13171,167,0,0,0,0
2021-03-24,13339,0,1,13171,167,0,0,0,0
2021-03-25,13339,0,1,13171,167,0,0,0,0
2021-03-26,13339,0,1,13171,167,0,0,0,0
2021-03-27,13339,0,1,13171,167,0,0,0,0
2021-03-28,13339,0,1,13171,167,0,0,0,0
2021-03-29,13339,0,1,13171,167,0,0,0,0
2021-03-30,13339,0,1,13171,167,0,0,0,0
2021-03-31,13340,0,1,13172,167,0,0,0,0
2021-04-01,13340,0,1,13172,167,0,0,0,0
2021-04-02,13340,0,1,13172,167,0,0,0,0
2021-04-03,13340,0,1,13172,167,0,0,0,0
2021-04-04,13340,0,1,13172,167,0,0,0,0
2021-04-05,13340,0,1,13172,167,0,0,0,0
2021-04-06,13340,0,1,13172,167,0,0,0,0
2021-04-07,13340,0,1,13172,167,0,0,0,0
2021-04-08,13340,0,1,13172,167,0,0,0,0
2021-04-09,13340,0,1,13172,167,0,0,0,0
2021-04-10,13340,0,1,13172,167,0,0,0,0
2021-04-11,13340,0,1,13172,167,0,0,0,0
2021-04-12,13340,0,1,13172,167,0,0,0,0
2021-04-13,13340,0,1,13172,167,0,0,0,0
2021-04-14,13339,0,0,13172,167,0,0,0,0
2021-04-15,13339,0,0,13172,167,0,0,0,0
2021-04-16,13339,0,0,13172,167,0,0,0,0
2021-04-17,13339,0,0,13172,167,0,0,0,0
2021-04-18,13339,0,0,13172,167,0,0,0,0
2021-04-19,13339,0,0,13172,167,0,0,0,0
2021-04-20,13339,0,0,13172,167,0,0,0,0
2021-04-21,13339,0,0,13172,167,0,0,0,0
2021-04-22,13339,0,0,13172,167,0,0,0,0
2021-04-23,13339,0,0,13172,167,0,0,0,0
2021-04-24,13339,0,0,13172,167,0,0,0,0
2021-04-25,13339,0,0,13172,167,0,0,0,0
2021-04-26,13340,0,0,13173,167,0,0,0,0
2021-04-27,13340,0,0,13173,167,0,0,0,0
2021-04-28,13340,0,0,13173,167,0,0,0,0
2021-04-29,13340,0,0,13173,167,0,0,0,0
2021-04-30,13340,0,0,13173,167,0,0,0,0
2021-05-01,13340,0,0,13173,167,0,0,0,0
2021-05-02,13340,0,0,13173,167,0,0,0,0
2021-05-03,13340,0,0,13173,167,0,0,0,0
2021-05-04,13340,0,0,13173,167,0,0,0,0
2021-05-05,13340,0,0,13173,167,0,0,0,0
2021-05-06,13340,0,0,13173,167,0,0,0,0
2021-05-07,13340,0,0,13173,167,0,0,0,0
2021-05-08,13340,0,0,13173,167,0,0,0,0
2021-05-09,13340,0,0,13173,167,0,0,0,0
2021-05-10,13340,0,0,13173,167,0,0,0,0
2021-05-11,13340,0,0,13173,167,0,0,0,0
2021-05-12,13340,0,0,13173,167,0,0,0,0
2021-05-13,13340,0,0,13173,167,0,0,0,0
2021-05-14,13340,0,0,13173,167,0,0,0,0
2021-05-15,13340,0,0,13173,167,0,0,0,0
2021-05-16,13340,0,0,13173,167,0,0,0,0
2021-05-17,13340,0,0,13173,167,0,0,0,0
2021-05-18,13340,0,0,13173,167,0,0,0,0
