Date,Infected,Exposed,Active,Recovered,Deaths,Diff Exposed,Diff Active,Diff Recovered,Diff Deaths
2020-05-21,297,28,175,121,1,5,3,10,0
2020-05-22,310,33,178,131,1,3,6,11,0
2020-05-23,327,36,184,142,1,2,7,11,0
2020-05-24,345,38,191,153,1,2,7,11,0
2020-05-25,363,39,198,164,1,2,8,12,0
2020-05-26,384,41,206,176,2,2,8,12,0
2020-05-27,404,43,214,188,2,2,8,13,0
2020-05-28,426,44,223,201,2,2,9,13,0
2020-05-29,447,46,231,214,2,2,9,14,0
2020-05-30,471,48,241,228,2,2,10,14,0
2020-05-31,494,50,250,242,2,2,10,15,0
2020-06-01,519,52,260,257,2,2,10,15,0
2020-06-02,544,54,270,272,2,2,11,16,0
2020-06-03,572,56,281,289,2,2,11,17,0
2020-06-04,600,58,292,305,3,2,12,17,0
2020-06-05,630,60,304,323,3,2,12,18,0
2020-06-06,660,63,316,341,3,2,12,19,0
2020-06-07,690,65,328,359,3,3,13,19,0
2020-06-08,723,68,341,379,3,3,13,20,0
2020-06-09,756,71,354,399,3,3,14,21,0
2020-06-10,792,73,368,420,4,3,14,22,0
2020-06-11,829,76,383,442,4,3,15,23,0
2020-06-12,867,79,398,465,4,3,16,24,0
2020-06-13,905,82,413,488,4,3,16,25,0
2020-06-14,947,85,430,513,4,3,17,25,0
2020-06-15,989,89,446,538,5,3,17,26,0
2020-06-16,1034,92,464,565,5,4,18,28,0
2020-06-17,1079,96,482,592,5,4,19,29,0
2020-06-18,1127,99,501,621,5,4,20,30,0
2020-06-19,1177,103,520,651,6,4,20,31,0
2020-06-20,1228,107,540,682,6,4,21,32,0
2020-06-21,1281,111,561,714,6,4,22,33,0
2020-06-22,1336,115,583,747,6,4,23,35,0
2020-06-23,1395,120,606,782,7,5,23,36,0
2020-06-24,1453,124,629,817,7,5,24,37,0
2020-06-25,1516,129,654,855,7,5,25,39,0
2020-06-26,1581,134,679,894,8,5,26,40,0
2020-06-27,1647,139,705,934,8,5,27,42,0
2020-06-28,1716,144,732,976,8,5,28,43,0
2020-06-29,1788,150,760,1019,9,6,29,45,0
2020-06-30,1862,155,789,1064,9,6,30,47,0
2020-07-01,1941,161,820,1111,10,6,31,49,0
2020-07-02,2021,167,851,1160,10,6,32,51,0
2020-07-03,2103,174,883,1210,10,6,34,52,0
2020-07-04,2191,180,917,1263,11,7,35,54,0
2020-07-05,2280,187,952,1317,11,7,36,56,0
2020-07-06,2374,194,988,1374,12,7,37,59,1
2020-07-07,2469,201,1025,1432,12,7,39,61,1
2020-07-08,2570,208,1064,1493,13,8,40,63,1
2020-07-09,2673,216,1104,1556,13,8,41,66,1
2020-07-10,2781,223,1145,1622,14,8,43,68,1
2020-07-11,2893,232,1188,1690,15,8,44,71,1
2020-07-12,3007,240,1232,1760,15,9,46,73,1
2020-07-13,3128,249,1278,1834,16,9,47,76,1
2020-07-14,3250,257,1325,1909,16,9,49,79,1
2020-07-15,3379,267,1374,1988,17,9,51,82,1
2020-07-16,3513,276,1425,2070,18,10,52,85,1
2020-07-17,3650,286,1477,2154,19,10,54,88,1
2020-07-18,3792,296,1531,2242,19,10,56,91,1
2020-07-19,3940,306,1587,2333,20,11,58,94,1
2020-07-20,4093,317,1645,2427,21,11,59,98,1
2020-07-21,4251,328,1704,2525,22,11,61,101,1
2020-07-22,4415,339,1766,2626,23,12,63,105,1
2020-07-23,4584,351,1829,2731,24,12,65,109,1
2020-07-24,4758,363,1894,2839,25,12,67,112,1
2020-07-25,4938,375,1961,2952,25,13,69,116,1
2020-07-26,5125,387,2031,3068,26,13,71,121,1
2020-07-27,5319,400,2102,3189,28,13,74,125,1
2020-07-28,5519,413,2176,3314,29,14,76,129,1
2020-07-29,5725,427,2252,3443,30,14,78,134,1
2020-07-30,5937,441,2330,3576,31,14,80,138,1
2020-07-31,6157,455,2410,3715,32,14,82,143,1
2020-08-01,6383,469,2492,3858,33,15,85,148,1
2020-08-02,6618,484,2577,4006,35,15,87,153,1
2020-08-03,6859,499,2664,4159,36,15,89,158,1
2020-08-04,7107,515,2753,4317,37,16,92,163,1
2020-08-05,7364,530,2845,4480,39,16,94,169,1
2020-08-06,7628,546,2939,4649,40,16,96,174,2
2020-08-07,7900,563,3035,4823,42,17,99,180,2
2020-08-08,8181,579,3134,5004,43,17,101,186,2
2020-08-09,8470,596,3235,5190,45,17,103,192,2
2020-08-10,8767,613,3339,5382,46,17,106,198,2
2020-08-11,9072,631,3444,5580,48,18,108,204,2
2020-08-12,9387,649,3553,5784,50,18,111,211,2
2020-08-13,9710,666,3663,5995,52,18,113,217,2
2020-08-14,10043,685,3776,6213,54,18,115,224,2
2020-08-15,10384,703,3891,6437,56,18,117,231,2
2020-08-16,10734,721,4008,6668,58,19,120,238,2
2020-08-17,11094,740,4128,6906,60,19,122,245,2
2020-08-18,11463,759,4250,7151,62,19,124,252,2
2020-08-19,11840,778,4373,7403,64,19,126,260,2
2020-08-20,12228,797,4499,7663,66,19,128,267,2
2020-08-21,12625,816,4627,7930,68,19,130,275,2
2020-08-22,13031,835,4756,8204,71,19,131,282,2
2020-08-23,13448,854,4888,8487,73,19,133,290,3
2020-08-24,13874,873,5021,8777,76,19,134,298,3
2020-08-25,14308,892,5155,9075,78,19,136,306,3
2020-08-26,14753,911,5291,9381,81,19,137,314,3
2020-08-27,15207,930,5428,9695,84,19,138,322,3
2020-08-28,15670,948,5567,10017,86,18,139,330,3
2020-08-29,16143,967,5706,10348,89,18,140,339,3
2020-08-30,16624,985,5846,10686,92,18,141,347,3
2020-08-31,17116,1003,5987,11034,95,18,141,355,3
2020-09-01,17616,1021,6129,11389,98,17,142,364,3
2020-09-02,18124,1038,6270,11753,101,17,142,372,3
2020-09-03,18642,1055,6412,12125,105,17,142,381,3
2020-09-04,19168,1072,6554,12506,108,16,142,389,3
2020-09-05,19702,1088,6696,12895,111,16,141,397,3
2020-09-06,20244,1103,6837,13292,115,15,141,406,4
2020-09-07,20794,1118,6978,13698,118,15,140,414,4
2020-09-08,21351,1133,7117,14112,122,14,138,422,4
2020-09-09,21916,1147,7256,14535,125,13,137,431,4
2020-09-10,22487,1160,7393,14965,129,13,136,439,4
2020-09-11,23065,1173,7528,15404,133,12,134,447,4
2020-09-12,23650,1184,7662,15851,137,11,132,455,4
2020-09-13,24241,1196,7794,16306,141,10,129,463,4
2020-09-14,24837,1206,7923,16769,145,10,127,470,4
2020-09-15,25438,1216,8050,17239,149,9,124,478,4
2020-09-16,26043,1224,8173,17717,153,8,121,485,4
2020-09-17,26653,1232,8294,18202,157,7,118,492,4
2020-09-18,27267,1239,8412,18694,161,6,114,499,4
2020-09-19,27886,1245,8526,19194,166,5,110,506,4
2020-09-20,28506,1251,8636,19700,170,4,106,513,4
2020-09-21,29129,1255,8742,20213,174,3,102,519,4
2020-09-22,29755,1258,8844,20732,179,2,98,525,5
2020-09-23,30382,1261,8942,21257,183,2,93,531,5
2020-09-24,31010,1262,9035,21787,188,1,88,536,5
2020-09-25,31640,1263,9123,22324,193,0,83,542,5
2020-09-26,32268,1262,9206,22865,197,-1,78,547,5
2020-09-27,32898,1261,9284,23412,202,-2,73,551,5
2020-09-28,33527,1259,9357,23963,207,-3,67,555,5
2020-09-29,34154,1256,9424,24518,212,-4,62,559,5
2020-09-30,34780,1252,9486,25078,216,-5,56,563,5
2020-10-01,35404,1247,9542,25641,221,-6,50,566,5
2020-10-02,36025,1241,9592,26207,226,-7,44,569,5
2020-10-03,36644,1234,9636,26777,231,-8,38,572,5
2020-10-04,37259,1227,9674,27349,236,-8,32,574,5
2020-10-05,37870,1218,9706,27923,241,-9,26,576,5
2020-10-06,38477,1209,9732,28499,246,-10,20,578,5
2020-10-07,39080,1199,9752,29077,251,-11,14,579,5
2020-10-08,39678,1189,9766,29656,256,-11,8,580,5
2020-10-09,40271,1178,9774,30236,261,-12,2,580,5
2020-10-10,40858,1166,9776,30816,266,-13,-4,580,5
2020-10-11,41438,1153,9771,31396,271,-13,-10,580,5
2020-10-12,42013,1140,9761,31976,276,-14,-16,579,5
2020-10-13,42582,1126,9745,32556,281,-14,-22,578,5
2020-10-14,43143,1112,9723,33134,286,-15,-28,577,5
2020-10-15,43697,1097,9695,33711,291,-15,-33,576,5
2020-10-16,44244,1082,9661,34287,296,-15,-39,574,5
2020-10-17,44783,1067,9622,34860,301,-16,-44,571,5
2020-10-18,45315,1051,9578,35431,306,-16,-50,569,5
2020-10-19,45839,1035,9528,36000,311,-16,-55,566,5
2020-10-20,46356,1018,9474,36566,316,-17,-60,562,5
2020-10-21,46862,1002,9414,37128,320,-17,-64,559,5
2020-10-22,47362,985,9350,37687,325,-17,-69,555,5
2020-10-23,47853,968,9281,38242,330,-17,-73,551,5
2020-10-24,48335,950,9207,38793,335,-17,-78,547,5
2020-10-25,48808,933,9130,39339,339,-18,-82,542,5
2020-10-26,49273,915,9048,39881,344,-18,-86,537,5
2020-10-27,49730,898,8962,40419,349,-18,-89,532,5
2020-10-28,50177,880,8873,40951,353,-18,-93,527,5
2020-10-29,50616,863,8781,41477,358,-18,-96,521,4
2020-10-30,51046,845,8685,41999,362,-18,-99,516,4
2020-10-31,51467,827,8586,42514,367,-18,-102,510,4
2020-11-01,51879,810,8484,43024,371,-17,-104,504,4
2020-11-02,52283,792,8380,43527,376,-17,-107,497,4
2020-11-03,52678,775,8273,44025,380,-17,-109,491,4
2020-11-04,53064,758,8164,44516,384,-17,-111,485,4
2020-11-05,53442,741,8053,45001,388,-17,-113,478,4
2020-11-06,53811,724,7940,45479,392,-17,-115,471,4
2020-11-07,54172,707,7825,45950,397,-17,-116,465,4
2020-11-08,54525,691,7709,46415,401,-16,-117,458,4
2020-11-09,54868,674,7592,46872,404,-16,-118,451,4
2020-11-10,55204,658,7473,47323,408,-16,-119,444,4
2020-11-11,55533,642,7354,47767,412,-16,-120,437,4
2020-11-12,55853,627,7234,48203,416,-15,-121,429,4
2020-11-13,56166,611,7113,48633,420,-15,-121,422,4
2020-11-14,56470,596,6992,49055,423,-15,-122,415,4
2020-11-15,56767,581,6870,49470,427,-15,-122,408,4
2020-11-16,57056,566,6748,49878,430,-14,-122,401,3
2020-11-17,57338,552,6626,50278,434,-14,-122,393,3
2020-11-18,57614,538,6505,50672,437,-14,-122,386,3
2020-11-19,57882,524,6383,51058,441,-14,-121,379,3
2020-11-20,58143,510,6262,51437,444,-13,-121,372,3
2020-11-21,58396,497,6141,51808,447,-13,-120,365,3
2020-11-22,58644,484,6021,52173,450,-13,-120,357,3
2020-11-23,58884,471,5901,52530,453,-13,-119,350,3
2020-11-24,59120,458,5783,52881,456,-12,-118,343,3
2020-11-25,59348,446,5665,53224,459,-12,-117,336,3
2020-11-26,59570,434,5548,53560,462,-12,-116,329,3
2020-11-27,59787,422,5432,53890,465,-11,-115,322,3
2020-11-28,59997,411,5317,54212,468,-11,-114,316,3
2020-11-29,60202,399,5203,54528,471,-11,-112,309,3
2020-11-30,60401,388,5091,54837,473,-11,-111,302,3
2020-12-01,60595,378,4980,55139,476,-10,-110,296,3
2020-12-02,60782,367,4870,55434,478,-10,-109,289,2
2020-12-03,60965,357,4761,55723,481,-10,-107,283,2
2020-12-04,61143,347,4654,56006,483,-10,-106,276,2
2020-12-05,61317,337,4549,56282,486,-9,-104,270,2
2020-12-06,61484,328,4444,56552,488,-9,-103,264,2
2020-12-07,61648,319,4342,56816,490,-9,-101,258,2
2020-12-08,61808,310,4241,57074,493,-9,-99,252,2
2020-12-09,61962,301,4141,57326,495,-9,-98,246,2
2020-12-10,62111,293,4043,57571,497,-8,-96,240,2
2020-12-11,62258,284,3947,57812,499,-8,-95,234,2
2020-12-12,62399,276,3852,58046,501,-8,-93,229,2
2020-12-13,62537,268,3759,58275,503,-8,-91,223,2
2020-12-14,62671,261,3668,58498,505,-7,-90,218,2
2020-12-15,62800,253,3578,58715,507,-7,-88,212,2
2020-12-16,62927,246,3490,58928,509,-7,-86,207,2
2020-12-17,63049,239,3404,59135,510,-7,-85,202,2
2020-12-18,63168,232,3319,59337,512,-7,-83,197,2
2020-12-19,63284,225,3236,59534,514,-6,-81,192,2
2020-12-20,63396,219,3155,59726,515,-6,-80,187,2
2020-12-21,63506,213,3075,59914,517,-6,-78,183,2
2020-12-22,63612,206,2997,60096,519,-6,-77,178,2
2020-12-23,63714,200,2920,60274,520,-6,-75,173,1
2020-12-24,63814,195,2845,60447,522,-6,-73,169,1
2020-12-25,63911,189,2772,60616,523,-5,-72,165,1
2020-12-26,64005,184,2700,60781,524,-5,-70,160,1
2020-12-27,64097,178,2630,60941,526,-5,-69,156,1
2020-12-28,64185,173,2561,61097,527,-5,-67,152,1
2020-12-29,64272,168,2494,61249,529,-5,-66,148,1
2020-12-30,64356,163,2429,61397,530,-5,-64,144,1
2020-12-31,64438,158,2365,61542,531,-5,-63,140,1
2021-01-01,64516,154,2302,61682,532,-4,-61,137,1
2021-01-02,64593,149,2241,61819,533,-4,-60,133,1
2021-01-03,64668,145,2181,61952,535,-4,-58,129,1
2021-01-04,64740,141,2123,62081,536,-4,-57,126,1
2021-01-05,64810,137,2066,62207,537,-4,-56,123,1
2021-01-06,64878,133,2010,62330,538,-4,-54,119,1
2021-01-07,64944,129,1956,62449,539,-4,-53,116,1
2021-01-08,65008,125,1903,62565,540,-4,-52,113,1
2021-01-09,65070,121,1851,62678,541,-4,-50,110,1
2021-01-10,65131,118,1801,62788,542,-3,-49,107,1
2021-01-11,65189,114,1751,62895,543,-3,-48,104,1
2021-01-12,65246,111,1703,62999,544,-3,-47,101,1
2021-01-13,65302,108,1657,63100,545,-3,-46,98,1
2021-01-14,65354,104,1611,63198,545,-3,-44,96,1
2021-01-15,65407,101,1567,63294,546,-3,-43,93,1
2021-01-16,65457,98,1523,63387,547,-3,-42,90,1
2021-01-17,65506,95,1481,63477,548,-3,-41,88,1
2021-01-18,65554,93,1440,63565,549,-3,-40,85,1
2021-01-19,65600,90,1400,63651,549,-3,-39,83,1
2021-01-20,65645,87,1361,63734,550,-3,-38,81,1
2021-01-21,65689,85,1323,63815,551,-2,-37,79,1
2021-01-22,65730,82,1286,63893,551,-2,-36,76,1
2021-01-23,65771,80,1250,63969,552,-2,-35,74,1
2021-01-24,65812,77,1215,64044,553,-2,-34,72,1
2021-01-25,65850,75,1181,64116,553,-2,-33,70,1
2021-01-26,65888,73,1148,64186,554,-2,-32,68,1
2021-01-27,65923,71,1115,64254,554,-2,-31,66,1
2021-01-28,65959,69,1084,64320,555,-2,-31,64,1
2021-01-29,65994,67,1053,64385,556,-2,-30,63,1
2021-01-30,66026,65,1023,64447,556,-2,-29,61,1
2021-01-31,66059,63,994,64508,557,-2,-28,59,1
2021-02-01,66090,61,966,64567,557,-2,-27,57,0
2021-02-02,66121,59,939,64624,558,-2,-27,56,0
2021-02-03,66150,57,912,64680,558,-2,-26,54,0
2021-02-04,66179,56,886,64734,559,-2,-25,53,0
2021-02-05,66207,54,861,64787,559,-2,-25,51,0
2021-02-06,66233,52,836,64838,559,-2,-24,50,0
2021-02-07,66259,51,812,64887,560,-2,-23,48,0
2021-02-08,66285,49,789,64936,560,-1,-23,47,0
2021-02-09,66309,48,766,64982,561,-1,-22,45,0
2021-02-10,66333,47,744,65028,561,-1,-21,44,0
2021-02-11,66357,45,723,65072,562,-1,-21,43,0
2021-02-12,66379,44,702,65115,562,-1,-20,42,0
2021-02-13,66401,43,682,65157,562,-1,-20,40,0
2021-02-14,66422,41,662,65197,563,-1,-19,39,0
2021-02-15,66442,40,643,65236,563,-1,-19,38,0
2021-02-16,66463,39,625,65275,563,-1,-18,37,0
2021-02-17,66483,38,607,65312,564,-1,-18,36,0
2021-02-18,66501,37,589,65348,564,-1,-17,35,0
2021-02-19,66519,36,572,65383,564,-1,-17,34,0
2021-02-20,66536,34,555,65417,564,-1,-16,33,0
2021-02-21,66554,33,539,65450,565,-1,-16,32,0
2021-02-22,66571,32,524,65482,565,-1,-15,31,0
2021-02-23,66587,31,509,65513,565,-1,-15,30,0
2021-02-24,66603,31,494,65543,566,-1,-14,29,0
2021-02-25,66617,30,479,65572,566,-1,-14,28,0
2021-02-26,66633,29,466,65601,566,-1,-14,28,0
2021-02-27,66646,28,452,65628,566,-1,-13,27,0
2021-02-28,66661,27,439,65655,567,-1,-13,26,0
2021-03-01,66674,26,426,65681,567,-1,-12,25,0
2021-03-02,66687,26,414,65706,567,-1,-12,25,0
2021-03-03,66700,25,402,65731,567,-1,-12,24,0
2021-03-04,66712,24,390,65755,567,-1,-11,23,0
2021-03-05,66725,23,379,65778,568,-1,-11,22,0
2021-03-06,66735,23,367,65800,568,-1,-11,22,0
2021-03-07,66747,22,357,65822,568,-1,-10,21,0
2021-03-08,66757,21,346,65843,568,-1,-10,21,0
2021-03-09,66768,21,336,65864,568,-1,-10,20,0
2021-03-10,66779,20,326,65884,569,-1,-10,19,0
2021-03-11,66789,19,317,65903,569,-1,-9,19,0
2021-03-12,66799,19,308,65922,569,-1,-9,18,0
2021-03-13,66808,18,299,65940,569,-1,-9,18,0
2021-03-14,66817,18,290,65958,569,-1,-8,17,0
2021-03-15,66825,17,281,65975,569,-1,-8,17,0
2021-03-16,66834,17,273,65992,569,0,-8,16,0
2021-03-17,66843,16,265,66008,570,0,-8,16,0
2021-03-18,66851,16,257,66024,570,0,-8,15,0
2021-03-19,66859,15,250,66039,570,0,-7,15,0
2021-03-20,66866,15,242,66054,570,0,-7,14,0
2021-03-21,66874,14,235,66069,570,0,-7,14,0
2021-03-22,66880,14,228,66082,570,0,-7,14,0
2021-03-23,66888,14,222,66096,570,0,-7,13,0
2021-03-24,66894,13,215,66109,570,0,-6,13,0
2021-03-25,66902,13,209,66122,571,0,-6,12,0
2021-03-26,66908,12,203,66134,571,0,-6,12,0
2021-03-27,66914,12,197,66146,571,0,-6,12,0
2021-03-28,66920,12,191,66158,571,0,-6,11,0
2021-03-29,66925,11,185,66169,571,0,-5,11,0
2021-03-30,66931,11,180,66180,571,0,-5,11,0
2021-03-31,66937,11,175,66191,571,0,-5,10,0
2021-04-01,66943,10,170,66202,571,0,-5,10,0
2021-04-02,66948,10,165,66212,571,0,-5,10,0
2021-04-03,66952,10,160,66221,571,0,-5,9,0
2021-04-04,66958,9,155,66231,572,0,-5,9,0
2021-04-05,66962,9,150,66240,572,0,-4,9,0
2021-04-06,66967,9,146,66249,572,0,-4,9,0
2021-04-07,66972,9,142,66258,572,0,-4,8,0
2021-04-08,66975,8,137,66266,572,0,-4,8,0
2021-04-09,66979,8,133,66274,572,0,-4,8,0
2021-04-10,66984,8,130,66282,572,0,-4,8,0
2021-04-11,66988,8,126,66290,572,0,-4,7,0
2021-04-12,66991,7,122,66297,572,0,-4,7,0
2021-04-13,66994,7,118,66304,572,0,-3,7,0
2021-04-14,66999,7,115,66312,572,0,-3,7,0
2021-04-15,67002,7,112,66318,572,0,-3,7,0
2021-04-16,67005,7,108,66325,572,0,-3,6,0
2021-04-17,67008,6,105,66331,572,0,-3,6,0
2021-04-18,67012,6,102,66338,572,0,-3,6,0
2021-04-19,67015,6,99,66344,572,0,-3,6,0
2021-04-20,67019,6,96,66350,573,0,-3,6,0
2021-04-21,67021,6,93,66355,573,0,-3,6,0
2021-04-22,67024,6,90,66361,573,0,-3,5,0
2021-04-23,67027,5,88,66366,573,0,-3,5,0
2021-04-24,67029,5,85,66371,573,0,-3,5,0
2021-04-25,67032,5,83,66376,573,0,-2,5,0
2021-04-26,67034,5,80,66381,573,0,-2,5,0
2021-04-27,67037,5,78,66386,573,0,-2,5,0
2021-04-28,67040,5,76,66391,573,0,-2,4,0
2021-04-29,67041,4,73,66395,573,0,-2,4,0
2021-04-30,67044,4,71,66400,573,0,-2,4,0
2021-05-01,67046,4,69,66404,573,0,-2,4,0
2021-05-02,67048,4,67,66408,573,0,-2,4,0
2021-05-03,67050,4,65,66412,573,0,-2,4,0
2021-05-04,67052,4,63,66416,573,0,-2,4,0
2021-05-05,67053,4,61,66419,573,0,-2,4,0
2021-05-06,67055,4,59,66423,573,0,-2,4,0
2021-05-07,67058,4,58,66427,573,0,-2,3,0
2021-05-08,67059,3,56,66430,573,0,-2,3,0
2021-05-09,67060,3,54,66433,573,0,-2,3,0
2021-05-10,67063,3,53,66437,573,0,-2,3,0
2021-05-11,67064,3,51,66440,573,0,-2,3,0
2021-05-12,67066,3,50,66443,573,0,-1,3,0
2021-05-13,67067,3,48,66446,573,0,-1,3,0
2021-05-14,67069,3,47,66449,573,0,-1,3,0
2021-05-15,67069,3,45,66451,573,0,-1,3,0
2021-05-16,67071,3,44,66454,573,0,-1,3,0
