Date,Confirmed,Exposed,Active,Recovered,Deaths,Diff Exposed,Diff Active,Diff Recovered,Diff Deaths
2020-05-13,13,10,13,0,0,-2,2,0,0
2020-05-14,15,8,15,0,0,-1,1,0,0
2020-05-15,17,7,17,0,0,0,1,0,0
2020-05-16,17,7,17,0,0,0,1,0,0
2020-05-17,18,7,18,0,0,0,1,0,0
2020-05-18,19,7,19,0,0,0,1,0,0
2020-05-19,19,7,19,0,0,0,0,0,0
2020-05-20,20,7,20,0,0,0,0,0,0
2020-05-21,20,7,20,0,0,0,0,0,0
2020-05-22,21,7,21,0,0,0,0,0,0
2020-05-23,21,7,21,0,0,0,0,0,0
2020-05-24,22,8,22,0,0,0,0,0,0
2020-05-25,22,8,22,0,0,0,1,0,0
2020-05-26,23,8,23,0,0,0,1,0,0
2020-05-27,23,8,23,0,0,0,1,0,0
2020-05-28,24,8,24,0,0,0,1,0,0
2020-05-29,24,9,24,0,0,0,1,0,0
2020-05-30,25,9,25,0,0,0,1,0,0
2020-05-31,25,9,25,0,0,0,1,0,0
2020-06-01,26,9,26,0,0,0,1,0,0
2020-06-02,26,9,26,0,0,0,1,0,0
2020-06-03,27,10,27,0,0,0,1,0,0
2020-06-04,28,10,28,0,0,0,1,0,0
2020-06-05,28,10,28,0,0,0,1,0,0
2020-06-06,29,10,29,0,0,0,1,0,0
2020-06-07,30,10,30,0,0,0,1,0,0
2020-06-08,30,11,30,0,0,0,1,0,0
2020-06-09,31,11,31,0,0,0,1,0,0
2020-06-10,32,11,32,0,0,0,1,0,0
2020-06-11,32,11,32,0,0,0,1,0,0
2020-06-12,33,12,33,0,0,0,1,0,0
2020-06-13,34,12,34,0,0,0,1,0,0
2020-06-14,35,12,35,0,0,0,1,0,0
2020-06-15,36,13,36,0,0,0,1,0,0
2020-06-16,36,13,36,0,0,0,1,0,0
2020-06-17,37,13,37,0,0,0,1,0,0
2020-06-18,38,13,38,0,0,0,1,0,0
2020-06-19,39,14,39,0,0,0,1,0,0
2020-06-20,40,14,40,0,0,0,1,0,0
2020-06-21,41,14,41,0,0,0,1,0,0
2020-06-22,42,15,42,0,0,0,1,0,0
2020-06-23,43,15,43,0,0,0,1,0,0
2020-06-24,43,15,43,0,0,0,1,0,0
2020-06-25,44,16,44,0,0,0,1,0,0
2020-06-26,45,16,45,0,0,0,1,0,0
2020-06-27,47,16,47,0,0,0,1,0,0
2020-06-28,48,17,48,0,0,0,1,0,0
2020-06-29,49,17,49,0,0,0,1,0,0
2020-06-30,50,17,50,0,0,0,1,0,0
2020-07-01,51,18,51,0,0,0,1,0,0
2020-07-02,52,18,52,0,0,0,1,0,0
2020-07-03,53,19,53,0,0,0,1,0,0
2020-07-04,54,19,54,0,0,0,1,0,0
2020-07-05,56,20,56,0,0,0,1,0,0
2020-07-06,57,20,57,0,0,0,1,0,0
2020-07-07,58,20,58,0,0,0,1,0,0
2020-07-08,59,21,59,0,0,0,1,0,0
2020-07-09,61,21,61,0,0,0,1,0,0
2020-07-10,62,22,62,0,0,0,1,0,0
2020-07-11,63,22,63,0,0,0,1,0,0
2020-07-12,65,23,65,0,0,0,1,0,0
2020-07-13,66,23,66,0,0,1,1,0,0
2020-07-14,68,24,68,0,0,1,1,0,0
2020-07-15,69,24,69,0,0,1,2,0,0
2020-07-16,71,25,71,0,0,1,2,0,0
2020-07-17,72,25,72,0,0,1,2,0,0
2020-07-18,74,26,74,0,0,1,2,0,0
2020-07-19,76,26,76,0,0,1,2,0,0
2020-07-20,77,27,77,0,0,1,2,0,0
2020-07-21,79,28,79,0,0,1,2,0,0
2020-07-22,81,28,81,0,0,1,2,0,0
2020-07-23,82,29,82,0,0,1,2,0,0
2020-07-24,84,29,84,0,0,1,2,0,0
2020-07-25,86,30,86,0,0,1,2,0,0
2020-07-26,88,31,88,0,0,1,2,0,0
2020-07-27,90,31,90,0,0,1,2,0,0
2020-07-28,92,32,92,0,0,1,2,0,0
2020-07-29,94,33,94,0,0,1,2,0,0
2020-07-30,96,33,96,0,0,1,2,0,0
2020-07-31,98,34,98,0,0,1,2,0,0
2020-08-01,100,35,100,0,0,1,2,0,0
2020-08-02,102,36,102,0,0,1,2,0,0
2020-08-03,104,36,104,0,0,1,2,0,0
2020-08-04,106,37,106,0,0,1,2,0,0
2020-08-05,109,38,109,0,0,1,2,0,0
2020-08-06,111,39,111,0,0,1,2,0,0
2020-08-07,113,40,113,0,0,1,2,0,0
2020-08-08,116,40,116,0,0,1,2,0,0
2020-08-09,118,41,118,0,0,1,2,0,0
2020-08-10,121,42,121,0,0,1,3,0,0
2020-08-11,123,43,123,0,0,1,3,0,0
2020-08-12,126,44,126,0,0,1,3,0,0
2020-08-13,129,45,129,0,0,1,3,0,0
2020-08-14,131,46,131,0,0,1,3,0,0
2020-08-15,134,47,134,0,0,1,3,0,0
2020-08-16,137,47,137,0,0,1,3,0,0
2020-08-17,140,48,140,0,0,1,3,0,0
2020-08-18,142,49,142,0,0,1,3,0,0
2020-08-19,145,50,145,0,0,1,3,0,0
2020-08-20,148,51,148,0,0,1,3,0,0
2020-08-21,151,52,151,0,0,1,3,0,0
2020-08-22,155,53,155,0,0,1,3,0,0
2020-08-23,158,55,158,0,0,1,3,0,0
2020-08-24,161,56,161,0,0,1,3,0,0
2020-08-25,164,57,164,0,0,1,3,0,0
2020-08-26,167,58,167,0,0,1,3,0,0
2020-08-27,171,59,171,0,0,1,3,0,0
2020-08-28,174,60,174,0,0,1,3,0,0
2020-08-29,178,61,178,0,0,1,4,0,0
2020-08-30,181,62,181,0,0,1,4,0,0
2020-08-31,185,64,185,0,0,1,4,0,0
2020-09-01,189,65,189,0,0,1,4,0,0
2020-09-02,192,66,192,0,0,1,4,0,0
2020-09-03,196,67,196,0,0,1,4,0,0
2020-09-04,200,69,200,0,0,1,4,0,0
2020-09-05,204,70,204,0,0,1,4,0,0
2020-09-06,208,71,208,0,0,1,4,0,0
2020-09-07,212,73,212,0,0,1,4,0,0
2020-09-08,216,74,216,0,0,1,4,0,0
2020-09-09,220,75,220,0,0,1,4,0,0
2020-09-10,224,77,224,0,0,1,4,0,0
2020-09-11,228,78,228,0,0,1,4,0,0
2020-09-12,232,79,232,0,0,1,4,0,0
2020-09-13,237,81,237,0,0,1,4,0,0
2020-09-14,241,82,241,0,0,1,4,0,0
2020-09-15,246,84,246,0,0,1,5,0,0
2020-09-16,250,85,250,0,0,1,5,0,0
2020-09-17,255,87,255,0,0,1,5,0,0
2020-09-18,259,88,259,0,0,2,5,0,0
2020-09-19,264,90,264,0,0,2,5,0,0
2020-09-20,269,91,269,0,0,2,5,0,0
2020-09-21,274,93,274,0,0,2,5,0,0
2020-09-22,278,94,278,0,0,2,5,0,0
2020-09-23,283,96,283,0,0,2,5,0,0
2020-09-24,288,97,288,0,0,2,5,0,0
2020-09-25,293,99,293,0,0,2,5,0,0
2020-09-26,298,101,298,0,0,2,5,0,0
2020-09-27,303,102,303,0,0,2,5,0,0
2020-09-28,309,104,309,0,0,2,5,0,0
2020-09-29,314,105,314,0,0,2,5,0,0
2020-09-30,319,107,319,0,0,2,5,0,0
2020-10-01,324,109,324,0,0,2,5,0,0
2020-10-02,330,110,330,0,0,2,5,0,0
2020-10-03,335,112,335,0,0,2,5,0,0
2020-10-04,340,114,340,0,0,2,5,0,0
2020-10-05,346,115,346,0,0,2,6,0,0
2020-10-06,351,117,351,0,0,2,6,0,0
2020-10-07,357,119,357,0,0,2,6,0,0
2020-10-08,363,121,363,0,0,2,6,0,0
2020-10-09,368,122,368,0,0,2,6,0,0
2020-10-10,374,124,374,0,0,2,6,0,0
2020-10-11,380,126,380,0,0,2,6,0,0
2020-10-12,385,127,385,0,0,2,6,0,0
2020-10-13,391,129,391,0,0,2,6,0,0
2020-10-14,397,131,397,0,0,2,6,0,0
2020-10-15,402,133,402,0,0,2,6,0,0
2020-10-16,408,134,408,0,0,2,6,0,0
2020-10-17,414,136,414,0,0,2,6,0,0
2020-10-18,420,138,420,0,0,2,6,0,0
2020-10-19,426,139,426,0,0,2,6,0,0
2020-10-20,431,141,431,0,0,2,6,0,0
2020-10-21,437,143,437,0,0,2,6,0,0
2020-10-22,443,145,443,0,0,2,6,0,0
2020-10-23,449,146,449,0,0,2,6,0,0
2020-10-24,455,148,455,0,0,2,6,0,0
2020-10-25,461,149,461,0,0,2,6,0,0
2020-10-26,466,151,466,0,0,2,6,0,0
2020-10-27,472,153,472,0,0,2,6,0,0
2020-10-28,478,154,478,0,0,2,6,0,0
2020-10-29,484,156,484,0,0,2,6,0,0
2020-10-30,489,158,489,0,0,2,6,0,0
2020-10-31,495,159,495,0,0,2,6,0,0
2020-11-01,501,161,501,0,0,2,6,0,0
2020-11-02,506,162,506,0,0,1,6,0,0
2020-11-03,512,164,512,0,0,1,6,0,0
2020-11-04,518,165,518,0,0,1,5,0,0
2020-11-05,523,167,523,0,0,1,5,0,0
2020-11-06,528,168,528,0,0,1,5,0,0
2020-11-07,534,169,534,0,0,1,5,0,0
2020-11-08,539,171,539,0,0,1,5,0,0
2020-11-09,544,172,544,0,0,1,5,0,0
2020-11-10,550,173,550,0,0,1,5,0,0
2020-11-11,555,175,555,0,0,1,5,0,0
2020-11-12,560,176,560,0,0,1,5,0,0
2020-11-13,565,177,565,0,0,1,5,0,0
2020-11-14,570,178,570,0,0,1,5,0,0
2020-11-15,574,179,574,0,0,1,5,0,0
2020-11-16,579,181,579,0,0,1,5,0,0
2020-11-17,584,182,584,0,0,1,5,0,0
2020-11-18,588,183,588,0,0,1,4,0,0
2020-11-19,593,184,593,0,0,1,4,0,0
2020-11-20,597,185,597,0,0,1,4,0,0
2020-11-21,601,185,601,0,0,1,4,0,0
2020-11-22,605,186,605,0,0,1,4,0,0
2020-11-23,609,187,609,0,0,1,4,0,0
2020-11-24,613,188,613,0,0,1,4,0,0
2020-11-25,617,189,617,0,0,1,4,0,0
2020-11-26,620,189,620,0,0,1,3,0,0
2020-11-27,624,190,624,0,0,1,3,0,0
2020-11-28,627,190,627,0,0,1,3,0,0
2020-11-29,630,191,630,0,0,0,3,0,0
2020-11-30,633,191,633,0,0,0,3,0,0
2020-12-01,636,192,636,0,0,0,3,0,0
2020-12-02,639,192,639,0,0,0,3,0,0
2020-12-03,642,193,642,0,0,0,2,0,0
2020-12-04,644,193,644,0,0,0,2,0,0
2020-12-05,646,193,646,0,0,0,2,0,0
2020-12-06,649,193,649,0,0,0,2,0,0
2020-12-07,651,194,651,0,0,0,2,0,0
2020-12-08,652,194,652,0,0,0,2,0,0
2020-12-09,654,194,654,0,0,0,2,0,0
2020-12-10,656,194,656,0,0,0,1,0,0
2020-12-11,657,194,657,0,0,0,1,0,0
2020-12-12,658,193,658,0,0,0,1,0,0
2020-12-13,659,193,659,0,0,0,1,0,0
2020-12-14,660,193,660,0,0,0,1,0,0
2020-12-15,661,193,661,0,0,0,1,0,0
2020-12-16,661,193,661,0,0,0,0,0,0
2020-12-17,662,192,662,0,0,0,0,0,0
2020-12-18,662,192,662,0,0,0,0,0,0
2020-12-19,662,191,662,0,0,-1,0,0,0
2020-12-20,662,191,662,0,0,-1,0,0,0
2020-12-21,661,190,661,0,0,-1,0,0,0
2020-12-22,661,190,661,0,0,-1,-1,0,0
2020-12-23,660,189,660,0,0,-1,-1,0,0
2020-12-24,660,188,660,0,0,-1,-1,0,0
2020-12-25,659,188,659,0,0,-1,-1,0,0
2020-12-26,657,187,657,0,0,-1,-1,0,0
2020-12-27,656,186,656,0,0,-1,-1,0,0
2020-12-28,655,185,655,0,0,-1,-2,0,0
2020-12-29,653,184,653,0,0,-1,-2,0,0
2020-12-30,651,183,651,0,0,-1,-2,0,0
2020-12-31,649,182,649,0,0,-1,-2,0,0
2021-01-01,647,181,647,0,0,-1,-2,0,0
2021-01-02,645,180,645,0,0,-1,-2,0,0
2021-01-03,643,179,643,0,0,-1,-3,0,0
2021-01-04,640,178,640,0,0,-1,-3,0,0
2021-01-05,637,177,637,0,0,-1,-3,0,0
2021-01-06,635,176,635,0,0,-1,-3,0,0
2021-01-07,632,174,632,0,0,-1,-3,0,0
2021-01-08,629,173,629,0,0,-1,-3,0,0
2021-01-09,625,172,625,0,0,-1,-3,0,0
2021-01-10,622,170,622,0,0,-1,-3,0,0
2021-01-11,619,169,619,0,0,-1,-4,0,0
2021-01-12,615,168,615,0,0,-1,-4,0,0
2021-01-13,611,166,611,0,0,-1,-4,0,0
2021-01-14,607,165,607,0,0,-1,-4,0,0
2021-01-15,603,163,603,0,0,-1,-4,0,0
2021-01-16,599,162,599,0,0,-1,-4,0,0
2021-01-17,595,161,595,0,0,-2,-4,0,0
2021-01-18,591,159,591,0,0,-2,-4,0,0
2021-01-19,587,157,587,0,0,-2,-4,0,0
2021-01-20,582,156,582,0,0,-2,-5,0,0
2021-01-21,578,154,578,0,0,-2,-5,0,0
2021-01-22,573,153,573,0,0,-2,-5,0,0
2021-01-23,568,151,568,0,0,-2,-5,0,0
2021-01-24,563,150,563,0,0,-2,-5,0,0
2021-01-25,558,148,558,0,0,-2,-5,0,0
2021-01-26,554,146,554,0,0,-2,-5,0,0
2021-01-27,549,145,549,0,0,-2,-5,0,0
2021-01-28,543,143,543,0,0,-2,-5,0,0
2021-01-29,538,141,538,0,0,-2,-5,0,0
2021-01-30,533,140,533,0,0,-2,-5,0,0
2021-01-31,528,138,528,0,0,-2,-5,0,0
2021-02-01,523,136,523,0,0,-2,-5,0,0
2021-02-02,517,135,517,0,0,-2,-5,0,0
2021-02-03,512,133,512,0,0,-2,-5,0,0
2021-02-04,506,131,506,0,0,-2,-5,0,0
2021-02-05,501,130,501,0,0,-2,-5,0,0
2021-02-06,495,128,495,0,0,-2,-6,0,0
2021-02-07,490,126,490,0,0,-2,-6,0,0
2021-02-08,484,125,484,0,0,-2,-6,0,0
2021-02-09,479,123,479,0,0,-2,-6,0,0
2021-02-10,473,121,473,0,0,-2,-6,0,0
2021-02-11,468,120,468,0,0,-2,-6,0,0
2021-02-12,462,118,462,0,0,-2,-6,0,0
2021-02-13,456,117,456,0,0,-2,-6,0,0
2021-02-14,451,115,451,0,0,-2,-6,0,0
2021-02-15,445,113,445,0,0,-2,-6,0,0
2021-02-16,439,112,439,0,0,-2,-6,0,0
2021-02-17,434,110,434,0,0,-2,-6,0,0
2021-02-18,428,108,428,0,0,-2,-6,0,0
2021-02-19,423,107,423,0,0,-2,-6,0,0
2021-02-20,417,105,417,0,0,-2,-6,0,0
2021-02-21,411,104,411,0,0,-2,-6,0,0
2021-02-22,406,102,406,0,0,-2,-6,0,0
2021-02-23,400,100,400,0,0,-2,-6,0,0
2021-02-24,395,99,395,0,0,-2,-6,0,0
2021-02-25,389,97,389,0,0,-2,-6,0,0
2021-02-26,384,96,384,0,0,-2,-5,0,0
2021-02-27,378,94,378,0,0,-1,-5,0,0
2021-02-28,373,93,373,0,0,-1,-5,0,0
2021-03-01,367,91,367,0,0,-1,-5,0,0
2021-03-02,362,90,362,0,0,-1,-5,0,0
2021-03-03,357,88,357,0,0,-1,-5,0,0
2021-03-04,351,87,351,0,0,-1,-5,0,0
2021-03-05,346,86,346,0,0,-1,-5,0,0
2021-03-06,341,84,341,0,0,-1,-5,0,0
2021-03-07,335,83,335,0,0,-1,-5,0,0
2021-03-08,330,81,330,0,0,-1,-5,0,0
2021-03-09,325,80,325,0,0,-1,-5,0,0
2021-03-10,320,79,320,0,0,-1,-5,0,0
2021-03-11,315,77,315,0,0,-1,-5,0,0
2021-03-12,310,76,310,0,0,-1,-5,0,0
2021-03-13,305,75,305,0,0,-1,-5,0,0
2021-03-14,300,73,300,0,0,-1,-5,0,0
2021-03-15,295,72,295,0,0,-1,-5,0,0
2021-03-16,290,71,290,0,0,-1,-5,0,0
2021-03-17,286,70,286,0,0,-1,-5,0,0
2021-03-18,281,68,281,0,0,-1,-5,0,0
2021-03-19,276,67,276,0,0,-1,-5,0,0
2021-03-20,272,66,272,0,0,-1,-5,0,0
2021-03-21,267,65,267,0,0,-1,-5,0,0
2021-03-22,263,64,263,0,0,-1,-4,0,0
2021-03-23,258,63,258,0,0,-1,-4,0,0
2021-03-24,254,61,254,0,0,-1,-4,0,0
2021-03-25,249,60,249,0,0,-1,-4,0,0
2021-03-26,245,59,245,0,0,-1,-4,0,0
2021-03-27,241,58,241,0,0,-1,-4,0,0
2021-03-28,237,57,237,0,0,-1,-4,0,0
2021-03-29,233,56,233,0,0,-1,-4,0,0
2021-03-30,228,55,228,0,0,-1,-4,0,0
2021-03-31,224,54,224,0,0,-1,-4,0,0
2021-04-01,220,53,220,0,0,-1,-4,0,0
2021-04-02,217,52,217,0,0,-1,-4,0,0
2021-04-03,213,51,213,0,0,-1,-4,0,0
2021-04-04,209,50,209,0,0,-1,-4,0,0
2021-04-05,205,49,205,0,0,-1,-4,0,0
2021-04-06,201,48,201,0,0,-1,-4,0,0
2021-04-07,198,47,198,0,0,-1,-4,0,0
2021-04-08,194,46,194,0,0,-1,-4,0,0
2021-04-09,191,45,191,0,0,-1,-4,0,0
2021-04-10,187,45,187,0,0,-1,-3,0,0
2021-04-11,184,44,184,0,0,-1,-3,0,0
2021-04-12,180,43,180,0,0,-1,-3,0,0
2021-04-13,177,42,177,0,0,-1,-3,0,0
2021-04-14,174,41,174,0,0,-1,-3,0,0
2021-04-15,170,40,170,0,0,-1,-3,0,0
2021-04-16,167,40,167,0,0,-1,-3,0,0
2021-04-17,164,39,164,0,0,-1,-3,0,0
2021-04-18,161,38,161,0,0,-1,-3,0,0
2021-04-19,158,37,158,0,0,-1,-3,0,0
2021-04-20,155,37,155,0,0,-1,-3,0,0
2021-04-21,152,36,152,0,0,-1,-3,0,0
2021-04-22,149,35,149,0,0,-1,-3,0,0
2021-04-23,146,35,146,0,0,-1,-3,0,0
2021-04-24,143,34,143,0,0,-1,-3,0,0
2021-04-25,141,33,141,0,0,-1,-3,0,0
2021-04-26,138,33,138,0,0,-1,-3,0,0
2021-04-27,135,32,135,0,0,-1,-3,0,0
2021-04-28,133,31,133,0,0,-1,-3,0,0
2021-04-29,130,31,130,0,0,-1,-3,0,0
2021-04-30,128,30,128,0,0,-1,-2,0,0
2021-05-01,125,29,125,0,0,-1,-2,0,0
2021-05-02,123,29,123,0,0,-1,-2,0,0
2021-05-03,120,28,120,0,0,-1,-2,0,0
2021-05-04,118,28,118,0,0,-1,-2,0,0
2021-05-05,116,27,116,0,0,-1,-2,0,0
2021-05-06,113,27,113,0,0,-1,-2,0,0
2021-05-07,111,26,111,0,0,-1,-2,0,0
2021-05-08,109,26,109,0,0,-1,-2,0,0
