Date,Infected,Exposed,Active,Recovered,Deaths,Diff Exposed,Diff Active,Diff Recovered,Diff Deaths
2020-05-23,614,47,358,251,5,4,8,8,0
2020-05-24,631,51,366,260,5,3,9,8,0
2020-05-25,649,53,376,268,5,2,10,9,0
2020-05-26,668,56,386,277,5,2,11,9,0
2020-05-27,687,58,396,286,5,2,11,9,0
2020-05-28,708,60,408,295,5,2,12,9,0
2020-05-29,728,62,419,304,5,2,12,10,0
2020-05-30,751,63,431,314,6,2,12,10,0
2020-05-31,773,65,443,324,6,2,13,10,0
2020-06-01,796,67,456,334,6,2,13,10,0
2020-06-02,819,69,469,344,6,2,13,11,0
2020-06-03,844,71,483,355,6,2,14,11,0
2020-06-04,869,73,496,366,7,2,14,11,0
2020-06-05,895,75,510,378,7,2,14,12,0
2020-06-06,921,77,525,389,7,2,15,12,0
2020-06-07,949,79,540,402,7,2,15,12,0
2020-06-08,976,81,555,414,7,2,16,13,0
2020-06-09,1006,83,571,427,8,2,16,13,0
2020-06-10,1035,86,587,440,8,2,16,14,0
2020-06-11,1064,88,603,453,8,2,17,14,0
2020-06-12,1095,90,620,467,8,2,17,14,0
2020-06-13,1129,93,638,482,9,2,18,15,0
2020-06-14,1160,95,655,496,9,3,18,15,0
2020-06-15,1194,98,674,511,9,3,19,16,0
2020-06-16,1229,100,692,527,10,3,19,16,0
2020-06-17,1265,103,712,543,10,3,20,16,0
2020-06-18,1300,105,731,559,10,3,20,17,0
2020-06-19,1337,108,751,576,10,3,21,17,0
2020-06-20,1376,111,772,593,11,3,21,18,0
2020-06-21,1415,114,793,611,11,3,22,18,0
2020-06-22,1455,117,815,629,11,3,22,19,0
2020-06-23,1497,120,837,648,12,3,23,19,0
2020-06-24,1539,123,860,667,12,3,23,20,0
2020-06-25,1582,126,883,687,12,3,24,20,0
2020-06-26,1627,129,907,707,13,3,24,21,0
2020-06-27,1672,132,931,728,13,3,25,21,0
2020-06-28,1720,135,956,750,14,3,25,22,0
2020-06-29,1768,139,982,772,14,3,26,23,0
2020-06-30,1816,142,1008,794,14,3,27,23,0
2020-07-01,1866,146,1034,817,15,4,27,24,0
2020-07-02,1918,149,1062,841,15,4,28,24,0
2020-07-03,1971,153,1089,866,16,4,28,25,0
2020-07-04,2025,156,1118,891,16,4,29,26,0
2020-07-05,2080,160,1147,916,17,4,30,26,0
2020-07-06,2137,164,1177,943,17,4,30,27,0
2020-07-07,2195,168,1207,970,18,4,31,28,1
2020-07-08,2254,171,1238,998,18,4,32,28,1
2020-07-09,2315,175,1270,1026,19,4,32,29,1
2020-07-10,2376,179,1302,1055,19,4,33,30,1
2020-07-11,2440,183,1335,1085,20,4,34,31,1
2020-07-12,2504,187,1368,1116,20,4,34,31,1
2020-07-13,2571,191,1402,1148,21,4,35,32,1
2020-07-14,2638,196,1437,1180,21,4,36,33,1
2020-07-15,2708,200,1473,1213,22,4,36,34,1
2020-07-16,2779,204,1509,1247,23,4,37,35,1
2020-07-17,2851,208,1546,1282,23,4,37,36,1
2020-07-18,2924,213,1583,1317,24,4,38,36,1
2020-07-19,2999,217,1621,1354,24,4,39,37,1
2020-07-20,3076,222,1660,1391,25,4,39,38,1
2020-07-21,3155,226,1700,1429,26,4,40,39,1
2020-07-22,3235,231,1740,1468,27,5,41,40,1
2020-07-23,3315,235,1780,1508,27,5,41,41,1
2020-07-24,3399,240,1822,1549,28,5,42,42,1
2020-07-25,3484,244,1864,1591,29,5,43,43,1
2020-07-26,3571,249,1907,1634,30,5,43,44,1
2020-07-27,3658,253,1950,1678,30,5,44,45,1
2020-07-28,3748,258,1994,1723,31,5,44,46,1
2020-07-29,3839,263,2038,1769,32,5,45,47,1
2020-07-30,3932,267,2083,1816,33,5,46,48,1
2020-07-31,4027,272,2129,1864,34,5,46,49,1
2020-08-01,4123,276,2175,1913,35,5,47,50,1
2020-08-02,4220,281,2222,1963,35,5,47,51,1
2020-08-03,4319,286,2269,2014,36,5,48,52,1
2020-08-04,4420,290,2317,2066,37,5,48,53,1
2020-08-05,4523,295,2366,2119,38,5,49,54,1
2020-08-06,4627,299,2414,2174,39,5,49,56,1
2020-08-07,4733,304,2464,2229,40,4,50,57,1
2020-08-08,4840,308,2513,2286,41,4,50,58,1
2020-08-09,4949,313,2563,2344,42,4,51,59,1
2020-08-10,5060,317,2614,2403,43,4,51,60,1
2020-08-11,5173,321,2665,2463,45,4,51,61,1
2020-08-12,5286,326,2716,2524,46,4,52,63,1
2020-08-13,5402,330,2768,2587,47,4,52,64,1
2020-08-14,5518,334,2819,2651,48,4,52,65,1
2020-08-15,5635,338,2871,2715,49,4,52,66,1
2020-08-16,5755,342,2924,2781,50,4,52,67,1
2020-08-17,5876,346,2976,2849,51,4,53,68,1
2020-08-18,5999,350,3029,2917,53,4,53,70,1
2020-08-19,6123,353,3082,2987,54,4,53,71,1
2020-08-20,6247,357,3134,3058,55,4,53,72,1
2020-08-21,6374,361,3187,3130,57,3,53,73,1
2020-08-22,6501,364,3240,3203,58,3,53,75,1
2020-08-23,6630,367,3293,3278,59,3,53,76,1
2020-08-24,6761,370,3346,3354,61,3,53,77,1
2020-08-25,6891,373,3398,3431,62,3,52,78,1
2020-08-26,7023,376,3451,3509,63,3,52,79,1
2020-08-27,7156,379,3503,3588,65,3,52,81,1
2020-08-28,7290,382,3555,3669,66,2,52,82,1
2020-08-29,7425,384,3606,3751,68,2,51,83,2
2020-08-30,7561,387,3658,3834,69,2,51,84,2
2020-08-31,7698,389,3709,3918,71,2,51,85,2
2020-09-01,7834,391,3759,4003,72,2,50,87,2
2020-09-02,7973,393,3809,4090,74,2,50,88,2
2020-09-03,8112,394,3859,4177,76,2,49,89,2
2020-09-04,8251,396,3908,4266,77,1,48,90,2
2020-09-05,8391,397,3956,4356,79,1,48,91,2
2020-09-06,8531,398,4004,4447,80,1,47,92,2
2020-09-07,8672,399,4051,4539,82,1,46,93,2
2020-09-08,8815,400,4098,4633,84,1,46,94,2
2020-09-09,8955,401,4143,4727,85,1,45,95,2
2020-09-10,9097,402,4188,4822,87,0,44,96,2
2020-09-11,9240,402,4232,4919,89,0,43,97,2
2020-09-12,9382,402,4275,5016,91,0,42,98,2
2020-09-13,9523,402,4317,5114,92,0,41,99,2
2020-09-14,9666,402,4358,5214,94,0,40,100,2
2020-09-15,9808,402,4398,5314,96,-1,39,101,2
2020-09-16,9950,401,4437,5415,98,-1,38,102,2
2020-09-17,10092,400,4475,5517,100,-1,37,103,2
2020-09-18,10233,399,4511,5620,102,-1,36,104,2
2020-09-19,10374,398,4547,5724,103,-1,34,105,2
2020-09-20,10515,397,4581,5829,105,-1,33,105,2
2020-09-21,10655,396,4614,5934,107,-2,32,106,2
2020-09-22,10795,394,4646,6040,109,-2,31,107,2
2020-09-23,10935,393,4677,6147,111,-2,29,108,2
2020-09-24,11074,391,4706,6255,113,-2,28,108,2
2020-09-25,11212,389,4734,6363,115,-2,27,109,2
2020-09-26,11350,387,4761,6472,117,-2,25,110,2
2020-09-27,11487,384,4786,6582,119,-2,24,110,2
2020-09-28,11623,382,4810,6692,121,-3,22,111,2
2020-09-29,11758,380,4832,6803,123,-3,21,111,2
2020-09-30,11892,377,4853,6914,125,-3,20,112,2
2020-10-01,12026,374,4873,7026,127,-3,18,112,2
2020-10-02,12158,371,4891,7138,129,-3,17,113,2
2020-10-03,12288,368,4907,7250,131,-3,15,113,2
2020-10-04,12419,365,4923,7363,133,-3,14,113,2
2020-10-05,12547,362,4936,7476,135,-3,12,114,2
2020-10-06,12676,358,4949,7590,137,-3,11,114,2
2020-10-07,12802,355,4959,7704,139,-4,9,114,2
2020-10-08,12928,352,4969,7818,141,-4,8,114,2
2020-10-09,13052,348,4977,7932,143,-4,6,115,2
2020-10-10,13175,344,4983,8047,145,-4,5,115,2
2020-10-11,13298,341,4988,8162,148,-4,4,115,2
2020-10-12,13418,337,4992,8276,150,-4,2,115,2
2020-10-13,13537,333,4994,8391,152,-4,1,115,2
2020-10-14,13654,329,4994,8506,154,-4,-1,115,2
2020-10-15,13771,325,4994,8621,156,-4,-2,115,2
2020-10-16,13886,321,4992,8736,158,-4,-3,115,2
2020-10-17,13999,317,4988,8851,160,-4,-5,115,2
2020-10-18,14111,313,4983,8966,162,-4,-6,115,2
2020-10-19,14221,309,4977,9080,164,-4,-7,115,2
2020-10-20,14331,304,4970,9195,166,-4,-9,114,2
2020-10-21,14438,300,4961,9309,168,-4,-10,114,2
2020-10-22,14545,296,4951,9424,170,-4,-11,114,2
2020-10-23,14649,292,4940,9537,172,-4,-13,114,2
2020-10-24,14752,288,4927,9651,174,-4,-14,113,2
2020-10-25,14854,283,4913,9765,176,-4,-15,113,2
2020-10-26,14955,279,4898,9878,179,-4,-16,113,2
2020-10-27,15053,275,4882,9990,181,-4,-17,112,2
2020-10-28,15151,271,4865,10103,183,-4,-18,112,2
2020-10-29,15247,266,4847,10215,185,-4,-19,112,2
2020-10-30,15341,262,4828,10326,187,-4,-20,111,2
2020-10-31,15433,258,4807,10437,189,-4,-21,111,2
2020-11-01,15525,254,4786,10548,191,-4,-22,110,2
2020-11-02,15614,250,4763,10658,193,-4,-23,110,2
2020-11-03,15703,246,4740,10768,195,-4,-24,109,2
2020-11-04,15790,242,4716,10877,197,-4,-25,109,2
2020-11-05,15875,237,4691,10985,199,-4,-26,108,2
2020-11-06,15959,233,4665,11093,201,-4,-27,107,2
2020-11-07,16041,229,4638,11201,202,-4,-28,107,2
2020-11-08,16122,225,4611,11307,204,-4,-28,106,2
2020-11-09,16201,221,4582,11413,206,-4,-29,105,2
2020-11-10,16280,218,4553,11519,208,-4,-30,105,2
2020-11-11,16357,214,4523,11624,210,-4,-30,104,2
2020-11-12,16433,210,4493,11728,212,-4,-31,103,2
2020-11-13,16507,206,4462,11831,214,-4,-32,103,2
2020-11-14,16580,202,4430,11934,216,-4,-32,102,2
2020-11-15,16652,199,4398,12036,218,-4,-33,101,2
2020-11-16,16721,195,4365,12137,219,-4,-33,100,2
2020-11-17,16791,191,4332,12238,221,-4,-34,100,2
2020-11-18,16858,188,4298,12337,223,-4,-34,99,2
2020-11-19,16925,184,4264,12436,225,-3,-35,98,2
2020-11-20,16990,181,4229,12534,227,-3,-35,97,2
2020-11-21,17054,178,4194,12632,228,-3,-35,97,2
2020-11-22,17117,174,4159,12728,230,-3,-36,96,2
2020-11-23,17179,171,4123,12824,232,-3,-36,95,2
2020-11-24,17239,168,4087,12919,233,-3,-36,94,2
2020-11-25,17298,164,4050,13013,235,-3,-37,93,2
2020-11-26,17356,161,4013,13106,237,-3,-37,92,2
2020-11-27,17413,158,3976,13198,239,-3,-37,92,2
2020-11-28,17469,155,3939,13290,240,-3,-37,91,2
2020-11-29,17525,152,3902,13381,242,-3,-38,90,2
2020-11-30,17577,149,3864,13470,243,-3,-38,89,2
2020-12-01,17630,146,3826,13559,245,-3,-38,88,2
2020-12-02,17682,143,3788,13647,247,-3,-38,87,2
2020-12-03,17732,141,3750,13734,248,-3,-38,86,2
2020-12-04,17783,138,3712,13821,250,-3,-38,85,2
2020-12-05,17831,135,3674,13906,251,-3,-38,85,2
2020-12-06,17880,132,3636,13991,253,-3,-38,84,2
2020-12-07,17925,130,3597,14074,254,-3,-38,83,1
2020-12-08,17972,127,3559,14157,256,-3,-38,82,1
2020-12-09,18016,125,3520,14239,257,-2,-38,81,1
2020-12-10,18061,122,3482,14320,259,-2,-38,80,1
2020-12-11,18104,120,3444,14400,260,-2,-38,79,1
2020-12-12,18147,118,3405,14480,262,-2,-38,78,1
2020-12-13,18188,115,3367,14558,263,-2,-38,77,1
2020-12-14,18229,113,3329,14635,265,-2,-38,77,1
2020-12-15,18269,111,3291,14712,266,-2,-38,76,1
2020-12-16,18308,108,3253,14788,267,-2,-38,75,1
2020-12-17,18347,106,3215,14863,269,-2,-38,74,1
2020-12-18,18384,104,3177,14937,270,-2,-38,73,1
2020-12-19,18421,102,3140,15010,271,-2,-37,72,1
2020-12-20,18457,100,3102,15082,273,-2,-37,71,1
2020-12-21,18492,98,3065,15153,274,-2,-37,71,1
2020-12-22,18527,96,3028,15224,275,-2,-37,70,1
2020-12-23,18561,94,2991,15294,276,-2,-37,69,1
2020-12-24,18594,92,2954,15362,278,-2,-37,68,1
2020-12-25,18627,91,2918,15430,279,-2,-36,67,1
2020-12-26,18659,89,2881,15498,280,-2,-36,66,1
2020-12-27,18690,87,2845,15564,281,-2,-36,65,1
2020-12-28,18720,85,2809,15629,282,-2,-36,65,1
2020-12-29,18752,84,2774,15694,284,-2,-35,64,1
2020-12-30,18781,82,2738,15758,285,-2,-35,63,1
2020-12-31,18810,80,2703,15821,286,-2,-35,62,1
2021-01-01,18838,79,2668,15883,287,-2,-35,61,1
2021-01-02,18866,77,2633,15945,288,-2,-34,61,1
2021-01-03,18893,76,2599,16005,289,-1,-34,60,1
2021-01-04,18920,74,2565,16065,290,-1,-34,59,1
2021-01-05,18946,73,2531,16124,291,-1,-34,58,1
2021-01-06,18971,71,2497,16182,292,-1,-33,57,1
2021-01-07,18998,70,2464,16240,294,-1,-33,57,1
2021-01-08,19022,68,2431,16296,295,-1,-33,56,1
2021-01-09,19046,67,2398,16352,296,-1,-32,55,1
2021-01-10,19071,66,2366,16408,297,-1,-32,54,1
2021-01-11,19094,64,2334,16462,298,-1,-32,54,1
2021-01-12,19117,63,2302,16516,299,-1,-32,53,1
2021-01-13,19138,62,2270,16569,299,-1,-31,52,1
2021-01-14,19160,61,2239,16621,300,-1,-31,52,1
2021-01-15,19181,60,2208,16672,301,-1,-31,51,1
2021-01-16,19202,58,2177,16723,302,-1,-30,50,1
2021-01-17,19223,57,2147,16773,303,-1,-30,49,1
2021-01-18,19244,56,2117,16823,304,-1,-30,49,1
2021-01-19,19263,55,2087,16871,305,-1,-29,48,1
2021-01-20,19284,54,2058,16920,306,-1,-29,47,1
2021-01-21,19303,53,2029,16967,307,-1,-29,47,1
2021-01-22,19322,52,2000,17014,308,-1,-28,46,1
2021-01-23,19339,51,1971,17060,308,-1,-28,45,1
2021-01-24,19357,50,1943,17105,309,-1,-28,45,1
2021-01-25,19375,49,1915,17150,310,-1,-28,44,1
2021-01-26,19393,48,1888,17194,311,-1,-27,43,1
2021-01-27,19409,47,1860,17237,312,-1,-27,43,1
2021-01-28,19426,46,1834,17280,312,-1,-27,42,1
2021-01-29,19442,45,1807,17322,313,-1,-26,42,1
2021-01-30,19459,44,1781,17364,314,-1,-26,41,1
2021-01-31,19475,44,1755,17405,315,-1,-26,40,1
2021-02-01,19489,43,1729,17445,315,-1,-25,40,1
2021-02-02,19505,42,1704,17485,316,-1,-25,39,1
2021-02-03,19519,41,1678,17524,317,-1,-25,39,1
2021-02-04,19534,40,1654,17563,317,-1,-24,38,1
2021-02-05,19548,40,1629,17601,318,-1,-24,37,1
2021-02-06,19562,39,1605,17638,319,-1,-24,37,1
2021-02-07,19575,38,1581,17675,319,-1,-24,36,1
2021-02-08,19590,37,1558,17712,320,-1,-23,36,1
2021-02-09,19603,37,1534,17748,321,-1,-23,35,1
2021-02-10,19615,36,1511,17783,321,-1,-23,35,1
2021-02-11,19629,35,1489,17818,322,-1,-22,34,1
2021-02-12,19641,35,1466,17852,323,-1,-22,34,1
2021-02-13,19653,34,1444,17886,323,-1,-22,33,1
2021-02-14,19665,33,1422,17919,324,-1,-22,33,1
2021-02-15,19677,33,1401,17952,324,-1,-21,32,1
2021-02-16,19688,32,1379,17984,325,-1,-21,32,1
2021-02-17,19700,31,1358,18016,326,-1,-21,31,1
2021-02-18,19711,31,1338,18047,326,-1,-20,31,1
2021-02-19,19722,30,1317,18078,327,-1,-20,30,1
2021-02-20,19732,30,1297,18108,327,-1,-20,30,1
2021-02-21,19743,29,1277,18138,328,-1,-20,29,1
2021-02-22,19753,29,1258,18167,328,-1,-19,29,1
2021-02-23,19763,28,1238,18196,329,-1,-19,29,1
2021-02-24,19773,28,1219,18225,329,-1,-19,28,1
2021-02-25,19784,27,1201,18253,330,-1,-19,28,0
2021-02-26,19792,27,1182,18280,330,0,-18,27,0
2021-02-27,19802,26,1164,18307,331,0,-18,27,0
2021-02-28,19811,26,1146,18334,331,0,-18,26,0
2021-03-01,19821,25,1128,18361,332,0,-18,26,0
2021-03-02,19829,25,1110,18387,332,0,-17,26,0
2021-03-03,19838,24,1093,18412,333,0,-17,25,0
2021-03-04,19846,24,1076,18437,333,0,-17,25,0
2021-03-05,19855,23,1059,18462,334,0,-17,24,0
2021-03-06,19863,23,1043,18486,334,0,-16,24,0
2021-03-07,19871,22,1026,18510,335,0,-16,24,0
2021-03-08,19879,22,1010,18534,335,0,-16,23,0
2021-03-09,19886,22,994,18557,335,0,-16,23,0
2021-03-10,19895,21,979,18580,336,0,-15,23,0
2021-03-11,19902,21,963,18603,336,0,-15,22,0
2021-03-12,19910,20,948,18625,337,0,-15,22,0
2021-03-13,19917,20,933,18647,337,0,-15,21,0
2021-03-14,19923,20,918,18668,337,0,-15,21,0
2021-03-15,19931,19,904,18689,338,0,-14,21,0
2021-03-16,19938,19,890,18710,338,0,-14,20,0
2021-03-17,19945,19,875,18731,339,0,-14,20,0
2021-03-18,19951,18,861,18751,339,0,-14,20,0
2021-03-19,19958,18,848,18771,339,0,-13,20,0
2021-03-20,19964,18,834,18790,340,0,-13,19,0
2021-03-21,19970,17,821,18809,340,0,-13,19,0
2021-03-22,19976,17,808,18828,340,0,-13,19,0
2021-03-23,19983,17,795,18847,341,0,-13,18,0
2021-03-24,19988,16,782,18865,341,0,-13,18,0
2021-03-25,19994,16,770,18883,341,0,-12,18,0
2021-03-26,20001,16,758,18901,342,0,-12,17,0
2021-03-27,20005,16,745,18918,342,0,-12,17,0
2021-03-28,20010,15,733,18935,342,0,-12,17,0
2021-03-29,20017,15,722,18952,343,0,-12,17,0
2021-03-30,20022,15,710,18969,343,0,-11,16,0
2021-03-31,20027,14,699,18985,343,0,-11,16,0
2021-04-01,20031,14,687,19001,343,0,-11,16,0
2021-04-02,20037,14,676,19017,344,0,-11,16,0
2021-04-03,20042,14,665,19033,344,0,-11,15,0
2021-04-04,20047,13,655,19048,344,0,-11,15,0
2021-04-05,20052,13,644,19063,345,0,-10,15,0
2021-04-06,20057,13,634,19078,345,0,-10,15,0
2021-04-07,20060,13,623,19092,345,0,-10,14,0
2021-04-08,20065,13,613,19107,345,0,-10,14,0
2021-04-09,20070,12,603,19121,346,0,-10,14,0
2021-04-10,20075,12,594,19135,346,0,-10,14,0
2021-04-11,20078,12,584,19148,346,0,-9,13,0
2021-04-12,20083,12,575,19162,346,0,-9,13,0
2021-04-13,20087,11,565,19175,347,0,-9,13,0
2021-04-14,20091,11,556,19188,347,0,-9,13,0
2021-04-15,20095,11,547,19201,347,0,-9,13,0
2021-04-16,20098,11,538,19213,347,0,-9,12,0
2021-04-17,20102,11,529,19226,347,0,-9,12,0
2021-04-18,20107,10,521,19238,348,0,-8,12,0
2021-04-19,20110,10,512,19250,348,0,-8,12,0
2021-04-20,20114,10,504,19262,348,0,-8,12,0
2021-04-21,20117,10,496,19273,348,0,-8,11,0
2021-04-22,20122,10,488,19285,349,0,-8,11,0
2021-04-23,20125,10,480,19296,349,0,-8,11,0
2021-04-24,20128,9,472,19307,349,0,-8,11,0
2021-04-25,20131,9,464,19318,349,0,-8,11,0
2021-04-26,20134,9,456,19329,349,0,-7,11,0
2021-04-27,20138,9,449,19339,350,0,-7,10,0
2021-04-28,20141,9,442,19349,350,0,-7,10,0
2021-04-29,20144,9,434,19360,350,0,-7,10,0
2021-04-30,20147,8,427,19370,350,0,-7,10,0
2021-05-01,20149,8,420,19379,350,0,-7,10,0
2021-05-02,20152,8,413,19389,350,0,-7,10,0
2021-05-03,20157,8,407,19399,351,0,-7,9,0
2021-05-04,20159,8,400,19408,351,0,-7,9,0
2021-05-05,20161,8,393,19417,351,0,-6,9,0
2021-05-06,20164,8,387,19426,351,0,-6,9,0
2021-05-07,20166,7,380,19435,351,0,-6,9,0
2021-05-08,20169,7,374,19444,351,0,-6,9,0
2021-05-09,20173,7,368,19453,352,0,-6,8,0
2021-05-10,20175,7,362,19461,352,0,-6,8,0
2021-05-11,20177,7,356,19469,352,0,-6,8,0
2021-05-12,20180,7,350,19478,352,0,-6,8,0
2021-05-13,20182,7,344,19486,352,0,-6,8,0
2021-05-14,20184,7,339,19493,352,0,-6,8,0
2021-05-15,20186,7,333,19501,352,0,-6,8,0
2021-05-16,20190,6,328,19509,353,0,-5,8,0
2021-05-17,20191,6,322,19516,353,0,-5,7,0
2021-05-18,20194,6,317,19524,353,0,-5,7,0
