Date,Infected,Exposed,Active,Recovered,Deaths,Diff Exposed,Diff Active,Diff Recovered,Diff Deaths
2020-05-19,702,111,425,276,1,5,30,22,0
2020-05-20,754,116,455,298,1,7,31,23,0
2020-05-21,808,123,486,321,1,8,33,25,0
2020-05-22,866,131,519,346,1,8,35,26,0
2020-05-23,927,139,553,373,1,9,37,28,0
2020-05-24,992,148,590,401,1,9,39,30,0
2020-05-25,1061,157,629,431,1,10,41,32,0
2020-05-26,1134,167,670,463,1,10,44,34,0
2020-05-27,1212,177,714,497,1,11,46,36,0
2020-05-28,1295,187,760,534,1,11,49,39,0
2020-05-29,1382,199,808,572,2,12,51,41,0
2020-05-30,1476,210,860,614,2,12,54,44,0
2020-05-31,1574,223,914,658,2,13,57,47,0
2020-06-01,1677,236,971,704,2,13,60,50,0
2020-06-02,1788,249,1032,754,2,14,63,53,0
2020-06-03,1903,263,1095,806,2,14,67,56,0
2020-06-04,2026,277,1162,862,2,15,70,59,0
2020-06-05,2156,292,1232,922,2,15,73,63,0
2020-06-06,2293,307,1305,985,3,16,77,67,0
2020-06-07,2436,323,1382,1051,3,16,80,71,0
2020-06-08,2588,339,1463,1122,3,17,84,75,0
2020-06-09,2745,356,1546,1196,3,17,87,79,0
2020-06-10,2912,373,1634,1275,3,17,91,83,0
2020-06-11,3087,390,1724,1359,4,18,94,88,0
2020-06-12,3270,408,1819,1447,4,18,98,93,0
2020-06-13,3460,426,1916,1540,4,18,101,98,0
2020-06-14,3658,443,2017,1637,4,18,104,103,0
2020-06-15,3866,461,2121,1740,5,18,107,108,0
2020-06-16,4082,479,2228,1849,5,17,110,114,0
2020-06-17,4305,496,2338,1962,5,17,112,119,0
2020-06-18,4538,513,2450,2082,6,17,115,125,0
2020-06-19,4777,530,2564,2207,6,16,117,131,0
2020-06-20,5025,547,2681,2338,6,16,118,137,0
2020-06-21,5281,562,2799,2475,7,15,119,143,0
2020-06-22,5543,577,2919,2617,7,14,120,149,0
2020-06-23,5812,591,3039,2766,7,13,121,155,0
2020-06-24,6090,604,3160,2922,8,12,121,161,0
2020-06-25,6371,616,3280,3083,8,11,120,167,0
2020-06-26,6660,627,3401,3250,9,9,119,174,0
2020-06-27,6953,637,3520,3424,9,8,117,180,0
2020-06-28,7251,645,3637,3604,10,7,115,186,0
2020-06-29,7551,651,3752,3789,10,5,112,192,1
2020-06-30,7856,656,3864,3981,11,4,109,197,1
2020-07-01,8162,660,3973,4178,11,2,105,203,1
2020-07-02,8471,662,4078,4381,12,0,101,208,1
2020-07-03,8780,662,4179,4589,12,-1,95,213,1
2020-07-04,9089,661,4274,4802,13,-3,90,218,1
2020-07-05,9397,658,4364,5020,13,-5,84,223,1
2020-07-06,9705,653,4448,5243,14,-6,77,227,1
2020-07-07,10011,647,4526,5470,15,-8,71,231,1
2020-07-08,10312,639,4596,5701,15,-9,63,235,1
2020-07-09,10612,630,4660,5936,16,-10,56,238,1
2020-07-10,10906,620,4716,6174,16,-12,48,241,1
2020-07-11,11196,608,4764,6415,17,-13,40,243,1
2020-07-12,11480,595,4804,6658,18,-14,32,245,1
2020-07-13,11757,581,4836,6903,18,-15,24,247,1
2020-07-14,12030,567,4861,7150,19,-15,16,248,1
2020-07-15,12295,552,4877,7398,20,-16,8,249,1
2020-07-16,12552,536,4885,7647,20,-16,0,249,1
2020-07-17,12802,519,4885,7896,21,-17,-7,249,1
2020-07-18,13046,502,4878,8146,22,-17,-15,249,1
2020-07-19,13280,485,4863,8395,22,-17,-22,248,1
2020-07-20,13507,468,4841,8643,23,-17,-29,247,1
2020-07-21,13725,451,4811,8890,24,-17,-36,246,1
2020-07-22,13936,433,4776,9136,24,-17,-42,244,1
2020-07-23,14138,416,4734,9379,25,-17,-48,242,1
2020-07-24,14333,399,4686,9621,26,-17,-53,239,1
2020-07-25,14519,382,4633,9860,26,-16,-58,236,1
2020-07-26,14698,366,4574,10097,27,-16,-63,233,1
2020-07-27,14868,350,4511,10330,27,-16,-67,230,1
2020-07-28,15032,334,4444,10560,28,-15,-71,227,1
2020-07-29,15188,319,4372,10787,29,-15,-75,223,1
2020-07-30,15337,304,4298,11010,29,-14,-78,219,1
2020-07-31,15480,290,4220,11230,30,-14,-80,215,1
2020-08-01,15614,276,4139,11445,30,-13,-83,211,1
2020-08-02,15745,263,4057,11657,31,-13,-85,207,1
2020-08-03,15867,250,3972,11864,31,-12,-86,203,1
2020-08-04,15984,238,3886,12066,32,-12,-88,198,1
2020-08-05,16096,227,3798,12265,33,-11,-88,194,1
2020-08-06,16202,215,3710,12459,33,-11,-89,189,1
2020-08-07,16302,205,3620,12648,34,-10,-90,185,0
2020-08-08,16398,195,3531,12833,34,-10,-90,180,0
2020-08-09,16488,185,3441,13013,34,-9,-90,176,0
2020-08-10,16576,176,3352,13189,35,-9,-89,171,0
2020-08-11,16657,167,3262,13360,35,-8,-89,167,0
2020-08-12,16735,159,3173,13526,36,-8,-88,162,0
2020-08-13,16809,151,3085,13688,36,-8,-87,157,0
2020-08-14,16881,143,2998,13846,37,-7,-86,153,0
2020-08-15,16947,136,2911,13999,37,-7,-85,149,0
2020-08-16,17011,130,2826,14147,38,-6,-84,144,0
2020-08-17,17072,123,2742,14292,38,-6,-83,140,0
2020-08-18,17129,117,2659,14432,38,-6,-81,136,0
2020-08-19,17184,111,2578,14567,39,-5,-80,132,0
2020-08-20,17236,106,2498,14699,39,-5,-78,128,0
2020-08-21,17285,101,2419,14827,39,-5,-77,124,0
2020-08-22,17333,96,2343,14950,40,-5,-75,120,0
2020-08-23,17377,91,2267,15070,40,-4,-73,116,0
2020-08-24,17419,87,2194,15185,40,-4,-72,112,0
2020-08-25,17460,83,2122,15297,41,-4,-70,108,0
2020-08-26,17499,79,2052,15406,41,-4,-68,105,0
2020-08-27,17535,75,1984,15510,41,-4,-67,101,0
2020-08-28,17570,71,1917,15612,41,-3,-65,98,0
2020-08-29,17604,68,1852,15710,42,-3,-63,95,0
2020-08-30,17635,65,1789,15804,42,-3,-61,91,0
2020-08-31,17665,62,1728,15895,42,-3,-60,88,0
2020-09-01,17694,59,1668,15984,42,-3,-58,85,0
2020-09-02,17722,56,1610,16069,43,-3,-56,82,0
2020-09-03,17748,53,1554,16151,43,-2,-55,79,0
2020-09-04,17773,51,1500,16230,43,-2,-53,77,0
2020-09-05,17797,49,1447,16307,43,-2,-51,74,0
2020-09-06,17819,46,1395,16381,43,-2,-50,71,0
2020-09-07,17842,44,1346,16452,44,-2,-48,69,0
2020-09-08,17862,42,1297,16521,44,-2,-47,66,0
2020-09-09,17882,40,1251,16587,44,-2,-45,64,0
2020-09-10,17900,39,1205,16651,44,-2,-44,62,0
2020-09-11,17918,37,1162,16712,44,-2,-42,59,0
2020-09-12,17936,35,1120,16772,44,-2,-41,57,0
2020-09-13,17953,34,1079,16829,45,-1,-40,55,0
2020-09-14,17968,32,1039,16884,45,-1,-38,53,0
2020-09-15,17983,31,1001,16937,45,-1,-37,51,0
2020-09-16,17997,29,964,16988,45,-1,-36,49,0
2020-09-17,18010,28,928,17037,45,-1,-34,47,0
2020-09-18,18024,27,894,17085,45,-1,-33,46,0
2020-09-19,18036,26,861,17130,45,-1,-32,44,0
2020-09-20,18049,25,829,17174,46,-1,-31,42,0
2020-09-21,18060,23,798,17216,46,-1,-30,41,0
2020-09-22,18071,22,768,17257,46,-1,-29,39,0
2020-09-23,18081,21,739,17296,46,-1,-28,38,0
2020-09-24,18091,21,711,17334,46,-1,-27,36,0
2020-09-25,18100,20,684,17370,46,-1,-26,35,0
2020-09-26,18110,19,659,17405,46,-1,-25,34,0
2020-09-27,18119,18,634,17439,46,-1,-24,32,0
2020-09-28,18127,17,610,17471,46,-1,-23,31,0
2020-09-29,18135,17,587,17502,46,-1,-22,30,0
2020-09-30,18142,16,564,17532,46,-1,-21,29,0
2020-10-01,18151,15,543,17561,47,-1,-21,28,0
2020-10-02,18158,15,522,17589,47,-1,-20,27,0
2020-10-03,18165,14,502,17616,47,-1,-19,26,0
2020-10-04,18171,13,483,17641,47,-1,-18,25,0
2020-10-05,18178,13,465,17666,47,-1,-18,24,0
2020-10-06,18184,12,447,17690,47,-1,-17,23,0
2020-10-07,18189,12,430,17712,47,0,-16,22,0
2020-10-08,18194,11,413,17734,47,0,-16,21,0
2020-10-09,18199,11,397,17755,47,0,-15,20,0
2020-10-10,18205,10,382,17776,47,0,-15,19,0
2020-10-11,18209,10,367,17795,47,0,-14,19,0
2020-10-12,18214,10,353,17814,47,0,-14,18,0
2020-10-13,18218,9,339,17832,47,0,-13,17,0
2020-10-14,18222,9,326,17849,47,0,-13,17,0
2020-10-15,18227,8,314,17866,47,0,-12,16,0
2020-10-16,18231,8,302,17882,47,0,-12,15,0
2020-10-17,18234,8,290,17897,47,0,-11,15,0
2020-10-18,18238,7,279,17912,47,0,-11,14,0
2020-10-19,18242,7,268,17926,48,0,-10,14,0
2020-10-20,18245,7,257,17940,48,0,-10,13,0
2020-10-21,18248,7,247,17953,48,0,-10,13,0
2020-10-22,18252,6,238,17966,48,0,-9,12,0
2020-10-23,18255,6,229,17978,48,0,-9,12,0
2020-10-24,18258,6,220,17990,48,0,-9,11,0
2020-10-25,18260,6,211,18001,48,0,-8,11,0
2020-10-26,18263,5,203,18012,48,0,-8,10,0
2020-10-27,18265,5,195,18022,48,0,-8,10,0
2020-10-28,18267,5,187,18032,48,0,-7,10,0
2020-10-29,18269,5,180,18041,48,0,-7,9,0
2020-10-30,18272,5,173,18051,48,0,-7,9,0
2020-10-31,18273,4,166,18059,48,0,-6,8,0
2020-11-01,18276,4,160,18068,48,0,-6,8,0
2020-11-02,18278,4,154,18076,48,0,-6,8,0
2020-11-03,18280,4,148,18084,48,0,-6,8,0
2020-11-04,18281,4,142,18091,48,0,-6,7,0
2020-11-05,18283,4,136,18099,48,0,-5,7,0
2020-11-06,18285,3,131,18106,48,0,-5,7,0
2020-11-07,18286,3,126,18112,48,0,-5,6,0
2020-11-08,18288,3,121,18119,48,0,-5,6,0
2020-11-09,18289,3,116,18125,48,0,-5,6,0
2020-11-10,18291,3,112,18131,48,0,-4,6,0
2020-11-11,18292,3,107,18137,48,0,-4,5,0
2020-11-12,18293,3,103,18142,48,0,-4,5,0
2020-11-13,18294,3,99,18147,48,0,-4,5,0
2020-11-14,18295,2,95,18152,48,0,-4,5,0
2020-11-15,18296,2,91,18157,48,0,-4,5,0
2020-11-16,18298,2,88,18162,48,0,-3,4,0
2020-11-17,18298,2,84,18166,48,0,-3,4,0
2020-11-18,18300,2,81,18171,48,0,-3,4,0
2020-11-19,18301,2,78,18175,48,0,-3,4,0
2020-11-20,18302,2,75,18179,48,0,-3,4,0
2020-11-21,18303,2,72,18183,48,0,-3,4,0
2020-11-22,18303,2,69,18186,48,0,-3,4,0
2020-11-23,18304,2,66,18190,48,0,-3,3,0
2020-11-24,18305,2,64,18193,48,0,-3,3,0
2020-11-25,18305,2,61,18196,48,0,-2,3,0
2020-11-26,18307,1,59,18200,48,0,-2,3,0
2020-11-27,18308,1,57,18203,48,0,-2,3,0
2020-11-28,18307,1,54,18205,48,0,-2,3,0
2020-11-29,18308,1,52,18208,48,0,-2,3,0
2020-11-30,18309,1,50,18211,48,0,-2,3,0
2020-12-01,18309,1,48,18213,48,0,-2,2,0
2020-12-02,18310,1,46,18216,48,0,-2,2,0
2020-12-03,18310,1,44,18218,48,0,-2,2,0
2020-12-04,18312,1,43,18221,48,0,-2,2,0
2020-12-05,18312,1,41,18223,48,0,-2,2,0
2020-12-06,18312,1,39,18225,48,0,-2,2,0
2020-12-07,18313,1,38,18227,48,0,-1,2,0
2020-12-08,18313,1,36,18229,48,0,-1,2,0
2020-12-09,18314,1,35,18231,48,0,-1,2,0
2020-12-10,18314,1,34,18232,48,0,-1,2,0
2020-12-11,18314,1,32,18234,48,0,-1,2,0
2020-12-12,18315,1,31,18236,48,0,-1,2,0
2020-12-13,18315,1,30,18237,48,0,-1,2,0
2020-12-14,18316,1,29,18239,48,0,-1,1,0
2020-12-15,18315,1,27,18240,48,0,-1,1,0
2020-12-16,18316,1,26,18242,48,0,-1,1,0
2020-12-17,18316,1,25,18243,48,0,-1,1,0
2020-12-18,18316,1,24,18244,48,0,-1,1,0
2020-12-19,18317,1,23,18246,48,0,-1,1,0
2020-12-20,18317,1,22,18247,48,0,-1,1,0
2020-12-21,18318,1,22,18248,48,0,-1,1,0
2020-12-22,18318,1,21,18249,48,0,-1,1,0
2020-12-23,18318,1,20,18250,48,0,-1,1,0
2020-12-24,18318,0,19,18251,48,0,-1,1,0
2020-12-25,18318,0,18,18252,48,0,-1,1,0
2020-12-26,18319,0,18,18253,48,0,-1,1,0
2020-12-27,18319,0,17,18254,48,0,-1,1,0
2020-12-28,18319,0,16,18255,48,0,-1,1,0
2020-12-29,18320,0,16,18256,48,0,-1,1,0
2020-12-30,18319,0,15,18256,48,0,-1,1,0
2020-12-31,18319,0,14,18257,48,0,-1,1,0
2021-01-01,18320,0,14,18258,48,0,-1,1,0
2021-01-02,18320,0,13,18259,48,0,-1,1,0
2021-01-03,18320,0,13,18259,48,0,-1,1,0
2021-01-04,18320,0,12,18260,48,0,0,1,0
2021-01-05,18321,0,12,18261,48,0,0,1,0
2021-01-06,18320,0,11,18261,48,0,0,1,0
2021-01-07,18321,0,11,18262,48,0,0,1,0
2021-01-08,18320,0,10,18262,48,0,0,1,0
2021-01-09,18321,0,10,18263,48,0,0,1,0
2021-01-10,18321,0,10,18263,48,0,0,0,0
2021-01-11,18321,0,9,18264,48,0,0,0,0
2021-01-12,18321,0,9,18264,48,0,0,0,0
2021-01-13,18322,0,9,18265,48,0,0,0,0
2021-01-14,18321,0,8,18265,48,0,0,0,0
2021-01-15,18322,0,8,18266,48,0,0,0,0
2021-01-16,18322,0,8,18266,48,0,0,0,0
2021-01-17,18321,0,7,18266,48,0,0,0,0
2021-01-18,18322,0,7,18267,48,0,0,0,0
2021-01-19,18322,0,7,18267,48,0,0,0,0
2021-01-20,18322,0,6,18268,48,0,0,0,0
2021-01-21,18322,0,6,18268,48,0,0,0,0
2021-01-22,18322,0,6,18268,48,0,0,0,0
2021-01-23,18322,0,6,18268,48,0,0,0,0
2021-01-24,18323,0,6,18269,48,0,0,0,0
2021-01-25,18322,0,5,18269,48,0,0,0,0
2021-01-26,18322,0,5,18269,48,0,0,0,0
2021-01-27,18323,0,5,18270,48,0,0,0,0
2021-01-28,18323,0,5,18270,48,0,0,0,0
2021-01-29,18322,0,4,18270,48,0,0,0,0
2021-01-30,18322,0,4,18270,48,0,0,0,0
2021-01-31,18323,0,4,18271,48,0,0,0,0
2021-02-01,18323,0,4,18271,48,0,0,0,0
2021-02-02,18323,0,4,18271,48,0,0,0,0
2021-02-03,18323,0,4,18271,48,0,0,0,0
2021-02-04,18323,0,4,18271,48,0,0,0,0
2021-02-05,18322,0,3,18271,48,0,0,0,0
2021-02-06,18323,0,3,18272,48,0,0,0,0
2021-02-07,18323,0,3,18272,48,0,0,0,0
2021-02-08,18323,0,3,18272,48,0,0,0,0
2021-02-09,18323,0,3,18272,48,0,0,0,0
2021-02-10,18323,0,3,18272,48,0,0,0,0
2021-02-11,18323,0,3,18272,48,0,0,0,0
2021-02-12,18324,0,3,18273,48,0,0,0,0
2021-02-13,18323,0,2,18273,48,0,0,0,0
2021-02-14,18323,0,2,18273,48,0,0,0,0
2021-02-15,18323,0,2,18273,48,0,0,0,0
2021-02-16,18323,0,2,18273,48,0,0,0,0
2021-02-17,18323,0,2,18273,48,0,0,0,0
2021-02-18,18323,0,2,18273,48,0,0,0,0
2021-02-19,18323,0,2,18273,48,0,0,0,0
2021-02-20,18323,0,2,18273,48,0,0,0,0
2021-02-21,18324,0,2,18274,48,0,0,0,0
2021-02-22,18324,0,2,18274,48,0,0,0,0
2021-02-23,18324,0,2,18274,48,0,0,0,0
2021-02-24,18324,0,2,18274,48,0,0,0,0
2021-02-25,18324,0,2,18274,48,0,0,0,0
2021-02-26,18323,0,1,18274,48,0,0,0,0
2021-02-27,18323,0,1,18274,48,0,0,0,0
2021-02-28,18323,0,1,18274,48,0,0,0,0
2021-03-01,18323,0,1,18274,48,0,0,0,0
2021-03-02,18323,0,1,18274,48,0,0,0,0
2021-03-03,18323,0,1,18274,48,0,0,0,0
2021-03-04,18323,0,1,18274,48,0,0,0,0
2021-03-05,18323,0,1,18274,48,0,0,0,0
2021-03-06,18324,0,1,18275,48,0,0,0,0
2021-03-07,18324,0,1,18275,48,0,0,0,0
2021-03-08,18324,0,1,18275,48,0,0,0,0
2021-03-09,18324,0,1,18275,48,0,0,0,0
2021-03-10,18324,0,1,18275,48,0,0,0,0
2021-03-11,18324,0,1,18275,48,0,0,0,0
2021-03-12,18324,0,1,18275,48,0,0,0,0
2021-03-13,18324,0,1,18275,48,0,0,0,0
2021-03-14,18324,0,1,18275,48,0,0,0,0
2021-03-15,18324,0,1,18275,48,0,0,0,0
2021-03-16,18324,0,1,18275,48,0,0,0,0
2021-03-17,18324,0,1,18275,48,0,0,0,0
2021-03-18,18324,0,1,18275,48,0,0,0,0
2021-03-19,18324,0,1,18275,48,0,0,0,0
2021-03-20,18324,0,1,18275,48,0,0,0,0
2021-03-21,18324,0,1,18275,48,0,0,0,0
2021-03-22,18324,0,1,18275,48,0,0,0,0
2021-03-23,18324,0,1,18275,48,0,0,0,0
2021-03-24,18324,0,1,18275,48,0,0,0,0
2021-03-25,18323,0,0,18275,48,0,0,0,0
2021-03-26,18323,0,0,18275,48,0,0,0,0
2021-03-27,18323,0,0,18275,48,0,0,0,0
2021-03-28,18323,0,0,18275,48,0,0,0,0
2021-03-29,18323,0,0,18275,48,0,0,0,0
2021-03-30,18323,0,0,18275,48,0,0,0,0
2021-03-31,18323,0,0,18275,48,0,0,0,0
2021-04-01,18323,0,0,18275,48,0,0,0,0
2021-04-02,18323,0,0,18275,48,0,0,0,0
2021-04-03,18323,0,0,18275,48,0,0,0,0
2021-04-04,18323,0,0,18275,48,0,0,0,0
2021-04-05,18323,0,0,18275,48,0,0,0,0
2021-04-06,18323,0,0,18275,48,0,0,0,0
2021-04-07,18324,0,0,18276,48,0,0,0,0
2021-04-08,18324,0,0,18276,48,0,0,0,0
2021-04-09,18324,0,0,18276,48,0,0,0,0
2021-04-10,18324,0,0,18276,48,0,0,0,0
2021-04-11,18324,0,0,18276,48,0,0,0,0
2021-04-12,18324,0,0,18276,48,0,0,0,0
2021-04-13,18324,0,0,18276,48,0,0,0,0
2021-04-14,18324,0,0,18276,48,0,0,0,0
2021-04-15,18324,0,0,18276,48,0,0,0,0
2021-04-16,18324,0,0,18276,48,0,0,0,0
2021-04-17,18324,0,0,18276,48,0,0,0,0
2021-04-18,18324,0,0,18276,48,0,0,0,0
2021-04-19,18324,0,0,18276,48,0,0,0,0
2021-04-20,18324,0,0,18276,48,0,0,0,0
2021-04-21,18324,0,0,18276,48,0,0,0,0
2021-04-22,18324,0,0,18276,48,0,0,0,0
2021-04-23,18324,0,0,18276,48,0,0,0,0
2021-04-24,18324,0,0,18276,48,0,0,0,0
2021-04-25,18324,0,0,18276,48,0,0,0,0
2021-04-26,18324,0,0,18276,48,0,0,0,0
2021-04-27,18324,0,0,18276,48,0,0,0,0
2021-04-28,18324,0,0,18276,48,0,0,0,0
2021-04-29,18324,0,0,18276,48,0,0,0,0
2021-04-30,18324,0,0,18276,48,0,0,0,0
2021-05-01,18324,0,0,18276,48,0,0,0,0
2021-05-02,18324,0,0,18276,48,0,0,0,0
2021-05-03,18324,0,0,18276,48,0,0,0,0
2021-05-04,18324,0,0,18276,48,0,0,0,0
2021-05-05,18324,0,0,18276,48,0,0,0,0
2021-05-06,18324,0,0,18276,48,0,0,0,0
2021-05-07,18324,0,0,18276,48,0,0,0,0
2021-05-08,18324,0,0,18276,48,0,0,0,0
2021-05-09,18324,0,0,18276,48,0,0,0,0
2021-05-10,18324,0,0,18276,48,0,0,0,0
2021-05-11,18324,0,0,18276,48,0,0,0,0
2021-05-12,18324,0,0,18276,48,0,0,0,0
2021-05-13,18324,0,0,18276,48,0,0,0,0
2021-05-14,18324,0,0,18276,48,0,0,0,0
