Date,Infected,Exposed,Active,Recovered,Deaths,Diff Exposed,Diff Active,Diff Recovered,Diff Deaths
2020-05-11,7387,544,5134,2195,58,-256,224,152,4
2020-05-12,7767,288,5358,2347,62,-75,38,159,4
2020-05-13,7968,213,5396,2506,66,-25,-15,160,4
2020-05-14,8118,188,5381,2667,70,-12,-33,160,4
2020-05-15,8249,176,5348,2826,75,-8,-40,159,4
2020-05-16,8373,169,5309,2985,79,-6,-44,158,4
2020-05-17,8491,162,5265,3143,83,-6,-47,156,4
2020-05-18,8604,156,5218,3299,87,-6,-50,155,4
2020-05-19,8713,150,5168,3454,91,-6,-52,153,4
2020-05-20,8818,145,5116,3607,95,-5,-55,152,4
2020-05-21,8919,139,5061,3759,99,-5,-57,150,4
2020-05-22,9017,134,5005,3909,103,-5,-59,149,4
2020-05-23,9110,129,4946,4057,107,-5,-60,147,4
2020-05-24,9201,124,4886,4204,111,-5,-62,145,4
2020-05-25,9288,119,4824,4349,115,-5,-63,143,4
2020-05-26,9370,115,4760,4492,118,-4,-65,141,4
2020-05-27,9452,110,4696,4634,122,-4,-66,139,4
2020-05-28,9529,106,4630,4773,126,-4,-67,137,4
2020-05-29,9602,102,4563,4910,129,-4,-68,135,4
2020-05-30,9675,98,4496,5046,133,-4,-68,133,4
2020-05-31,9743,94,4427,5179,137,-4,-69,131,3
2020-06-01,9809,91,4358,5311,140,-4,-69,129,3
2020-06-02,9872,87,4289,5440,143,-3,-70,127,3
2020-06-03,9933,84,4219,5567,147,-3,-70,125,3
2020-06-04,9991,80,4149,5692,150,-3,-70,123,3
2020-06-05,10048,77,4079,5816,153,-3,-70,121,3
2020-06-06,10103,74,4009,5937,157,-3,-70,119,3
2020-06-07,10155,71,3939,6056,160,-3,-70,117,3
2020-06-08,10204,69,3869,6172,163,-3,-70,115,3
2020-06-09,10252,66,3799,6287,166,-3,-69,113,3
2020-06-10,10299,64,3730,6400,169,-2,-69,111,3
2020-06-11,10344,61,3661,6511,172,-2,-69,109,3
2020-06-12,10386,59,3592,6619,175,-2,-68,107,3
2020-06-13,10427,57,3524,6726,177,-2,-68,105,3
2020-06-14,10466,54,3456,6830,180,-2,-67,103,3
2020-06-15,10505,52,3389,6933,183,-2,-67,101,3
2020-06-16,10541,50,3322,7034,185,-2,-66,99,3
2020-06-17,10576,48,3256,7132,188,-2,-65,97,3
2020-06-18,10611,47,3191,7229,191,-2,-65,95,2
2020-06-19,10642,45,3126,7323,193,-2,-64,93,2
2020-06-20,10675,43,3063,7416,196,-2,-63,91,2
2020-06-21,10705,42,3000,7507,198,-2,-62,89,2
2020-06-22,10733,40,2937,7596,200,-1,-61,87,2
2020-06-23,10762,39,2876,7683,203,-1,-61,85,2
2020-06-24,10789,37,2815,7769,205,-1,-60,84,2
2020-06-25,10815,36,2756,7852,207,-1,-59,82,2
2020-06-26,10840,35,2697,7934,209,-1,-58,80,2
2020-06-27,10864,33,2639,8014,211,-1,-57,78,2
2020-06-28,10887,32,2582,8092,213,-1,-56,77,2
2020-06-29,10910,31,2526,8169,215,-1,-55,75,2
2020-06-30,10932,30,2471,8244,217,-1,-54,73,2
2020-07-01,10952,29,2416,8317,219,-1,-53,72,2
2020-07-02,10973,28,2363,8389,221,-1,-52,70,2
2020-07-03,10993,27,2311,8459,223,-1,-52,69,2
2020-07-04,11012,26,2259,8528,225,-1,-51,67,2
2020-07-05,11030,25,2208,8595,227,-1,-50,66,2
2020-07-06,11047,24,2159,8660,228,-1,-49,64,2
2020-07-07,11064,23,2110,8724,230,-1,-48,63,2
2020-07-08,11081,23,2062,8787,232,-1,-47,61,2
2020-07-09,11096,22,2015,8848,233,-1,-46,60,2
2020-07-10,11112,21,1969,8908,235,-1,-45,58,2
2020-07-11,11126,20,1924,8966,236,-1,-44,57,2
2020-07-12,11141,20,1880,9023,238,-1,-43,56,1
2020-07-13,11154,19,1836,9079,239,-1,-43,54,1
2020-07-14,11168,18,1793,9134,241,-1,-42,53,1
2020-07-15,11181,18,1752,9187,242,-1,-41,52,1
2020-07-16,11194,17,1711,9239,244,-1,-40,51,1
2020-07-17,11206,17,1671,9290,245,-1,-39,50,1
2020-07-18,11217,16,1632,9339,246,-1,-38,48,1
2020-07-19,11229,16,1593,9388,248,-1,-38,47,1
2020-07-20,11240,15,1556,9435,249,0,-37,46,1
2020-07-21,11250,15,1519,9481,250,0,-36,45,1
2020-07-22,11260,14,1483,9526,251,0,-35,44,1
2020-07-23,11270,14,1448,9570,252,0,-34,43,1
2020-07-24,11280,13,1413,9613,254,0,-34,42,1
2020-07-25,11289,13,1379,9655,255,0,-33,41,1
2020-07-26,11298,12,1346,9696,256,0,-32,40,1
2020-07-27,11307,12,1314,9736,257,0,-32,39,1
2020-07-28,11316,12,1283,9775,258,0,-31,38,1
2020-07-29,11324,11,1252,9813,259,0,-30,37,1
2020-07-30,11332,11,1222,9850,260,0,-30,36,1
2020-07-31,11339,11,1192,9886,261,0,-29,35,1
2020-08-01,11347,10,1163,9922,262,0,-28,35,1
2020-08-02,11354,10,1135,9956,263,0,-28,34,1
2020-08-03,11360,10,1107,9990,263,0,-27,33,1
2020-08-04,11368,9,1081,10023,264,0,-26,32,1
2020-08-05,11374,9,1054,10055,265,0,-26,31,1
2020-08-06,11380,9,1028,10086,266,0,-25,31,1
2020-08-07,11387,9,1003,10117,267,0,-25,30,1
2020-08-08,11393,8,979,10146,268,0,-24,29,1
2020-08-09,11398,8,955,10175,268,0,-23,28,1
2020-08-10,11404,8,931,10204,269,0,-23,28,1
2020-08-11,11410,8,909,10231,270,0,-22,27,1
2020-08-12,11415,7,886,10258,271,0,-22,26,1
2020-08-13,11420,7,864,10285,271,0,-21,26,1
2020-08-14,11425,7,843,10310,272,0,-21,25,1
2020-08-15,11430,7,822,10335,273,0,-20,24,1
2020-08-16,11435,7,802,10360,273,0,-20,24,1
2020-08-17,11439,6,782,10383,274,0,-19,23,1
2020-08-18,11444,6,763,10407,274,0,-19,23,1
2020-08-19,11448,6,744,10429,275,0,-18,22,1
2020-08-20,11452,6,725,10451,276,0,-18,22,1
2020-08-21,11456,6,707,10473,276,0,-18,21,1
2020-08-22,11461,6,690,10494,277,0,-17,20,1
2020-08-23,11464,5,673,10514,277,0,-17,20,1
2020-08-24,11468,5,656,10534,278,0,-16,19,1
2020-08-25,11472,5,640,10554,278,0,-16,19,1
2020-08-26,11476,5,624,10573,279,0,-16,19,0
2020-08-27,11478,5,608,10591,279,0,-15,18,0
2020-08-28,11482,5,593,10609,280,0,-15,18,0
2020-08-29,11485,5,578,10627,280,0,-14,17,0
2020-08-30,11489,4,564,10644,281,0,-14,17,0
2020-08-31,11492,4,550,10661,281,0,-14,16,0
2020-09-01,11495,4,536,10677,282,0,-13,16,0
2020-09-02,11497,4,522,10693,282,0,-13,16,0
2020-09-03,11500,4,509,10709,282,0,-13,15,0
2020-09-04,11504,4,497,10724,283,0,-12,15,0
2020-09-05,11505,4,484,10738,283,0,-12,14,0
2020-09-06,11509,4,472,10753,284,0,-12,14,0
2020-09-07,11511,3,460,10767,284,0,-12,14,0
2020-09-08,11513,3,449,10780,284,0,-11,13,0
2020-09-09,11516,3,437,10794,285,0,-11,13,0
2020-09-10,11518,3,426,10807,285,0,-11,13,0
2020-09-11,11519,3,415,10819,285,0,-10,12,0
2020-09-12,11523,3,405,10832,286,0,-10,12,0
2020-09-13,11525,3,395,10844,286,0,-10,12,0
2020-09-14,11526,3,385,10855,286,0,-10,11,0
2020-09-15,11529,3,375,10867,287,0,-9,11,0
2020-09-16,11531,3,366,10878,287,0,-9,11,0
2020-09-17,11532,3,356,10889,287,0,-9,11,0
2020-09-18,11533,3,347,10899,287,0,-9,10,0
2020-09-19,11537,3,339,10910,288,0,-9,10,0
2020-09-20,11538,2,330,10920,288,0,-8,10,0
2020-09-21,11540,2,322,10930,288,0,-8,10,0
2020-09-22,11541,2,314,10939,288,0,-8,9,0
2020-09-23,11543,2,306,10948,289,0,-8,9,0
2020-09-24,11545,2,298,10958,289,0,-8,9,0
2020-09-25,11545,2,290,10966,289,0,-7,9,0
2020-09-26,11547,2,283,10975,289,0,-7,8,0
2020-09-27,11549,2,276,10983,290,0,-7,8,0
2020-09-28,11551,2,269,10992,290,0,-7,8,0
2020-09-29,11552,2,262,11000,290,0,-7,8,0
2020-09-30,11552,2,255,11007,290,0,-6,8,0
2020-10-01,11554,2,249,11015,290,0,-6,7,0
2020-10-02,11556,2,243,11022,291,0,-6,7,0
2020-10-03,11556,2,236,11029,291,0,-6,7,0
2020-10-04,11557,2,230,11036,291,0,-6,7,0
2020-10-05,11559,2,225,11043,291,0,-6,7,0
2020-10-06,11560,2,219,11050,291,0,-6,6,0
2020-10-07,11561,2,213,11056,292,0,-5,6,0
2020-10-08,11563,1,208,11063,292,0,-5,6,0
2020-10-09,11564,1,203,11069,292,0,-5,6,0
2020-10-10,11564,1,197,11075,292,0,-5,6,0
2020-10-11,11565,1,192,11081,292,0,-5,6,0
2020-10-12,11567,1,188,11087,292,0,-5,6,0
2020-10-13,11568,1,183,11092,293,0,-5,5,0
2020-10-14,11569,1,178,11098,293,0,-5,5,0
2020-10-15,11570,1,174,11103,293,0,-4,5,0
2020-10-16,11570,1,169,11108,293,0,-4,5,0
2020-10-17,11571,1,165,11113,293,0,-4,5,0
2020-10-18,11572,1,161,11118,293,0,-4,5,0
2020-10-19,11573,1,157,11123,293,0,-4,5,0
2020-10-20,11573,1,153,11127,293,0,-4,5,0
2020-10-21,11575,1,149,11132,294,0,-4,4,0
2020-10-22,11575,1,145,11136,294,0,-4,4,0
2020-10-23,11576,1,141,11141,294,0,-4,4,0
2020-10-24,11577,1,138,11145,294,0,-4,4,0
2020-10-25,11577,1,134,11149,294,0,-3,4,0
2020-10-26,11578,1,131,11153,294,0,-3,4,0
2020-10-27,11578,1,127,11157,294,0,-3,4,0
2020-10-28,11578,1,124,11160,294,0,-3,4,0
2020-10-29,11579,1,121,11164,294,0,-3,4,0
2020-10-30,11581,1,118,11168,295,0,-3,3,0
2020-10-31,11581,1,115,11171,295,0,-3,3,0
2020-11-01,11582,1,112,11175,295,0,-3,3,0
2020-11-02,11582,1,109,11178,295,0,-3,3,0
2020-11-03,11582,1,106,11181,295,0,-3,3,0
2020-11-04,11583,1,104,11184,295,0,-3,3,0
2020-11-05,11583,1,101,11187,295,0,-3,3,0
2020-11-06,11583,1,98,11190,295,0,-3,3,0
2020-11-07,11584,1,96,11193,295,0,-2,3,0
2020-11-08,11584,1,93,11196,295,0,-2,3,0
2020-11-09,11585,1,91,11199,295,0,-2,3,0
2020-11-10,11586,1,89,11202,295,0,-2,3,0
2020-11-11,11585,1,86,11204,295,0,-2,3,0
2020-11-12,11587,1,84,11207,296,0,-2,2,0
2020-11-13,11587,1,82,11209,296,0,-2,2,0
2020-11-14,11588,1,80,11212,296,0,-2,2,0
2020-11-15,11588,1,78,11214,296,0,-2,2,0
2020-11-16,11588,1,76,11216,296,0,-2,2,0
2020-11-17,11589,1,74,11219,296,0,-2,2,0
2020-11-18,11589,1,72,11221,296,0,-2,2,0
2020-11-19,11589,0,70,11223,296,0,-2,2,0
2020-11-20,11589,0,68,11225,296,0,-2,2,0
2020-11-21,11590,0,67,11227,296,0,-2,2,0
2020-11-22,11590,0,65,11229,296,0,-2,2,0
2020-11-23,11590,0,63,11231,296,0,-2,2,0
2020-11-24,11591,0,62,11233,296,0,-2,2,0
2020-11-25,11591,0,60,11235,296,0,-2,2,0
2020-11-26,11592,0,59,11237,296,0,-1,2,0
2020-11-27,11591,0,57,11238,296,0,-1,2,0
2020-11-28,11592,0,56,11240,296,0,-1,2,0
2020-11-29,11592,0,54,11242,296,0,-1,2,0
2020-11-30,11593,0,53,11243,297,0,-1,2,0
2020-12-01,11593,0,51,11245,297,0,-1,2,0
2020-12-02,11593,0,50,11246,297,0,-1,1,0
2020-12-03,11594,0,49,11248,297,0,-1,1,0
2020-12-04,11594,0,48,11249,297,0,-1,1,0
2020-12-05,11594,0,46,11251,297,0,-1,1,0
2020-12-06,11594,0,45,11252,297,0,-1,1,0
2020-12-07,11594,0,44,11253,297,0,-1,1,0
2020-12-08,11595,0,43,11255,297,0,-1,1,0
2020-12-09,11595,0,42,11256,297,0,-1,1,0
2020-12-10,11595,0,41,11257,297,0,-1,1,0
2020-12-11,11595,0,40,11258,297,0,-1,1,0
2020-12-12,11596,0,39,11260,297,0,-1,1,0
2020-12-13,11596,0,38,11261,297,0,-1,1,0
2020-12-14,11596,0,37,11262,297,0,-1,1,0
2020-12-15,11596,0,36,11263,297,0,-1,1,0
2020-12-16,11596,0,35,11264,297,0,-1,1,0
2020-12-17,11596,0,34,11265,297,0,-1,1,0
2020-12-18,11596,0,33,11266,297,0,-1,1,0
2020-12-19,11596,0,32,11267,297,0,-1,1,0
2020-12-20,11596,0,31,11268,297,0,-1,1,0
2020-12-21,11597,0,31,11269,297,0,-1,1,0
2020-12-22,11597,0,30,11270,297,0,-1,1,0
2020-12-23,11597,0,29,11271,297,0,-1,1,0
2020-12-24,11597,0,28,11272,297,0,-1,1,0
2020-12-25,11597,0,28,11272,297,0,-1,1,0
2020-12-26,11597,0,27,11273,297,0,-1,1,0
2020-12-27,11597,0,26,11274,297,0,-1,1,0
2020-12-28,11598,0,26,11275,297,0,-1,1,0
2020-12-29,11598,0,25,11276,297,0,-1,1,0
2020-12-30,11597,0,24,11276,297,0,-1,1,0
2020-12-31,11598,0,24,11277,297,0,-1,1,0
2021-01-01,11598,0,23,11278,297,0,-1,1,0
2021-01-02,11597,0,22,11278,297,0,-1,1,0
2021-01-03,11598,0,22,11279,297,0,-1,1,0
2021-01-04,11598,0,21,11280,297,0,-1,1,0
2021-01-05,11598,0,21,11280,297,0,-1,1,0
2021-01-06,11599,0,20,11281,298,0,-1,1,0
2021-01-07,11600,0,20,11282,298,0,-1,1,0
2021-01-08,11599,0,19,11282,298,0,0,1,0
2021-01-09,11600,0,19,11283,298,0,0,1,0
2021-01-10,11599,0,18,11283,298,0,0,1,0
2021-01-11,11600,0,18,11284,298,0,0,1,0
2021-01-12,11599,0,17,11284,298,0,0,1,0
2021-01-13,11600,0,17,11285,298,0,0,1,0
2021-01-14,11599,0,16,11285,298,0,0,0,0
2021-01-15,11600,0,16,11286,298,0,0,0,0
2021-01-16,11600,0,16,11286,298,0,0,0,0
2021-01-17,11600,0,15,11287,298,0,0,0,0
2021-01-18,11600,0,15,11287,298,0,0,0,0
2021-01-19,11600,0,14,11288,298,0,0,0,0
2021-01-20,11600,0,14,11288,298,0,0,0,0
2021-01-21,11601,0,14,11289,298,0,0,0,0
2021-01-22,11600,0,13,11289,298,0,0,0,0
2021-01-23,11600,0,13,11289,298,0,0,0,0
2021-01-24,11601,0,13,11290,298,0,0,0,0
2021-01-25,11600,0,12,11290,298,0,0,0,0
2021-01-26,11600,0,12,11290,298,0,0,0,0
2021-01-27,11601,0,12,11291,298,0,0,0,0
2021-01-28,11600,0,11,11291,298,0,0,0,0
2021-01-29,11601,0,11,11292,298,0,0,0,0
2021-01-30,11601,0,11,11292,298,0,0,0,0
2021-01-31,11601,0,11,11292,298,0,0,0,0
2021-02-01,11601,0,10,11293,298,0,0,0,0
2021-02-02,11601,0,10,11293,298,0,0,0,0
2021-02-03,11601,0,10,11293,298,0,0,0,0
2021-02-04,11601,0,10,11293,298,0,0,0,0
2021-02-05,11601,0,9,11294,298,0,0,0,0
2021-02-06,11601,0,9,11294,298,0,0,0,0
2021-02-07,11601,0,9,11294,298,0,0,0,0
2021-02-08,11601,0,9,11294,298,0,0,0,0
2021-02-09,11601,0,8,11295,298,0,0,0,0
2021-02-10,11601,0,8,11295,298,0,0,0,0
2021-02-11,11601,0,8,11295,298,0,0,0,0
2021-02-12,11601,0,8,11295,298,0,0,0,0
2021-02-13,11602,0,8,11296,298,0,0,0,0
2021-02-14,11601,0,7,11296,298,0,0,0,0
2021-02-15,11601,0,7,11296,298,0,0,0,0
2021-02-16,11601,0,7,11296,298,0,0,0,0
2021-02-17,11602,0,7,11297,298,0,0,0,0
2021-02-18,11602,0,7,11297,298,0,0,0,0
2021-02-19,11601,0,6,11297,298,0,0,0,0
2021-02-20,11601,0,6,11297,298,0,0,0,0
2021-02-21,11601,0,6,11297,298,0,0,0,0
2021-02-22,11602,0,6,11298,298,0,0,0,0
2021-02-23,11602,0,6,11298,298,0,0,0,0
2021-02-24,11602,0,6,11298,298,0,0,0,0
2021-02-25,11602,0,6,11298,298,0,0,0,0
2021-02-26,11601,0,5,11298,298,0,0,0,0
2021-02-27,11601,0,5,11298,298,0,0,0,0
2021-02-28,11602,0,5,11299,298,0,0,0,0
2021-03-01,11602,0,5,11299,298,0,0,0,0
2021-03-02,11602,0,5,11299,298,0,0,0,0
2021-03-03,11602,0,5,11299,298,0,0,0,0
2021-03-04,11602,0,5,11299,298,0,0,0,0
2021-03-05,11601,0,4,11299,298,0,0,0,0
2021-03-06,11601,0,4,11299,298,0,0,0,0
2021-03-07,11601,0,4,11299,298,0,0,0,0
2021-03-08,11602,0,4,11300,298,0,0,0,0
2021-03-09,11602,0,4,11300,298,0,0,0,0
2021-03-10,11602,0,4,11300,298,0,0,0,0
2021-03-11,11602,0,4,11300,298,0,0,0,0
2021-03-12,11602,0,4,11300,298,0,0,0,0
2021-03-13,11602,0,4,11300,298,0,0,0,0
2021-03-14,11602,0,4,11300,298,0,0,0,0
2021-03-15,11601,0,3,11300,298,0,0,0,0
2021-03-16,11602,0,3,11301,298,0,0,0,0
2021-03-17,11602,0,3,11301,298,0,0,0,0
2021-03-18,11602,0,3,11301,298,0,0,0,0
2021-03-19,11602,0,3,11301,298,0,0,0,0
2021-03-20,11602,0,3,11301,298,0,0,0,0
2021-03-21,11602,0,3,11301,298,0,0,0,0
2021-03-22,11602,0,3,11301,298,0,0,0,0
2021-03-23,11602,0,3,11301,298,0,0,0,0
2021-03-24,11602,0,3,11301,298,0,0,0,0
2021-03-25,11602,0,3,11301,298,0,0,0,0
2021-03-26,11602,0,3,11301,298,0,0,0,0
2021-03-27,11602,0,3,11301,298,0,0,0,0
2021-03-28,11602,0,2,11302,298,0,0,0,0
2021-03-29,11602,0,2,11302,298,0,0,0,0
2021-03-30,11602,0,2,11302,298,0,0,0,0
2021-03-31,11602,0,2,11302,298,0,0,0,0
2021-04-01,11602,0,2,11302,298,0,0,0,0
2021-04-02,11602,0,2,11302,298,0,0,0,0
2021-04-03,11602,0,2,11302,298,0,0,0,0
2021-04-04,11602,0,2,11302,298,0,0,0,0
2021-04-05,11602,0,2,11302,298,0,0,0,0
2021-04-06,11602,0,2,11302,298,0,0,0,0
2021-04-07,11602,0,2,11302,298,0,0,0,0
2021-04-08,11602,0,2,11302,298,0,0,0,0
2021-04-09,11602,0,2,11302,298,0,0,0,0
2021-04-10,11602,0,2,11302,298,0,0,0,0
2021-04-11,11602,0,2,11302,298,0,0,0,0
2021-04-12,11602,0,2,11302,298,0,0,0,0
2021-04-13,11603,0,2,11303,298,0,0,0,0
2021-04-14,11603,0,2,11303,298,0,0,0,0
2021-04-15,11603,0,2,11303,298,0,0,0,0
2021-04-16,11603,0,2,11303,298,0,0,0,0
2021-04-17,11602,0,1,11303,298,0,0,0,0
2021-04-18,11602,0,1,11303,298,0,0,0,0
2021-04-19,11602,0,1,11303,298,0,0,0,0
2021-04-20,11602,0,1,11303,298,0,0,0,0
2021-04-21,11602,0,1,11303,298,0,0,0,0
2021-04-22,11602,0,1,11303,298,0,0,0,0
2021-04-23,11602,0,1,11303,298,0,0,0,0
2021-04-24,11602,0,1,11303,298,0,0,0,0
2021-04-25,11602,0,1,11303,298,0,0,0,0
2021-04-26,11602,0,1,11303,298,0,0,0,0
2021-04-27,11602,0,1,11303,298,0,0,0,0
2021-04-28,11602,0,1,11303,298,0,0,0,0
2021-04-29,11602,0,1,11303,298,0,0,0,0
2021-04-30,11602,0,1,11303,298,0,0,0,0
2021-05-01,11602,0,1,11303,298,0,0,0,0
2021-05-02,11602,0,1,11303,298,0,0,0,0
2021-05-03,11602,0,1,11303,298,0,0,0,0
2021-05-04,11602,0,1,11303,298,0,0,0,0
2021-05-05,11602,0,1,11303,298,0,0,0,0
2021-05-06,11602,0,1,11303,298,0,0,0,0
