Date,Infected,Exposed,Active,Recovered,Deaths,Diff Exposed,Diff Active,Diff Recovered,Diff Deaths
2020-05-20,515,732,308,206,1,-9,23,46,0
2020-05-21,584,723,331,252,1,-4,19,49,0
2020-05-22,653,719,350,301,2,0,16,52,0
2020-05-23,720,719,365,353,2,3,13,54,0
2020-05-24,788,721,379,407,2,5,12,56,0
2020-05-25,857,726,390,464,3,6,10,58,0
2020-05-26,926,733,401,522,3,8,9,60,0
2020-05-27,994,740,410,581,3,8,9,61,0
2020-05-28,1065,749,419,642,4,9,8,62,0
2020-05-29,1135,758,427,704,4,9,8,63,0
2020-05-30,1206,767,434,768,4,10,8,65,0
2020-05-31,1279,777,442,832,5,10,7,66,0
2020-06-01,1352,787,449,898,5,10,7,67,0
2020-06-02,1426,797,456,965,5,10,7,68,0
2020-06-03,1502,807,463,1033,6,10,7,69,0
2020-06-04,1578,817,470,1102,6,10,7,70,0
2020-06-05,1655,828,477,1172,6,10,7,71,0
2020-06-06,1734,838,484,1243,7,10,7,72,0
2020-06-07,1813,848,491,1315,7,10,7,73,0
2020-06-08,1894,859,498,1388,8,10,7,74,0
2020-06-09,1974,869,504,1462,8,10,7,75,0
2020-06-10,2056,879,511,1537,8,10,7,76,0
2020-06-11,2140,889,518,1613,9,10,7,77,0
2020-06-12,2223,899,524,1690,9,10,7,78,0
2020-06-13,2309,909,531,1768,10,10,6,79,0
2020-06-14,2394,919,537,1847,10,10,6,80,0
2020-06-15,2482,928,544,1927,11,9,6,81,0
2020-06-16,2568,938,550,2007,11,9,6,82,0
2020-06-17,2656,947,556,2089,11,9,6,83,0
2020-06-18,2747,956,563,2172,12,9,6,84,0
2020-06-19,2837,965,569,2256,12,9,6,85,0
2020-06-20,2928,974,575,2340,13,9,6,86,0
2020-06-21,3020,982,581,2426,13,8,6,86,0
2020-06-22,3113,991,587,2512,14,8,6,87,0
2020-06-23,3207,999,593,2600,14,8,6,88,0
2020-06-24,3302,1007,599,2688,15,8,6,89,0
2020-06-25,3396,1015,604,2777,15,8,6,90,0
2020-06-26,3493,1022,610,2867,16,7,5,91,0
2020-06-27,3588,1030,615,2957,16,7,5,91,1
2020-06-28,3686,1037,620,3049,17,7,5,92,1
2020-06-29,3784,1043,626,3141,17,7,5,93,1
2020-06-30,3883,1050,631,3234,18,6,5,94,1
2020-07-01,3982,1056,636,3328,18,6,5,95,1
2020-07-02,4081,1062,640,3422,19,6,5,95,1
2020-07-03,4181,1068,645,3517,19,5,4,96,1
2020-07-04,4282,1074,649,3613,20,5,4,97,1
2020-07-05,4384,1079,654,3710,20,5,4,97,1
2020-07-06,4486,1084,658,3807,21,5,4,98,1
2020-07-07,4588,1088,662,3905,21,4,4,98,1
2020-07-08,4691,1092,666,4003,22,4,4,99,1
2020-07-09,4794,1096,669,4102,23,4,3,100,1
2020-07-10,4898,1100,673,4202,23,3,3,100,1
2020-07-11,5002,1103,676,4302,24,3,3,101,1
2020-07-12,5106,1106,679,4403,24,3,3,101,1
2020-07-13,5211,1109,682,4504,25,2,3,101,1
2020-07-14,5315,1111,685,4605,25,2,3,102,1
2020-07-15,5421,1113,688,4707,26,2,2,102,1
2020-07-16,5525,1115,690,4809,26,1,2,103,1
2020-07-17,5631,1116,692,4912,27,1,2,103,1
2020-07-18,5737,1117,694,5015,28,1,2,103,1
2020-07-19,5842,1118,696,5118,28,0,2,103,1
2020-07-20,5947,1118,697,5221,29,0,1,104,1
2020-07-21,6053,1118,699,5325,29,0,1,104,1
2020-07-22,6159,1118,700,5429,30,-1,1,104,1
2020-07-23,6264,1117,701,5533,30,-1,1,104,1
2020-07-24,6370,1116,702,5637,31,-1,1,104,1
2020-07-25,6476,1115,702,5742,32,-2,0,104,1
2020-07-26,6580,1113,702,5846,32,-2,0,104,1
2020-07-27,6687,1111,703,5951,33,-2,0,104,1
2020-07-28,6790,1108,702,6055,33,-3,0,104,1
2020-07-29,6896,1106,702,6160,34,-3,-1,104,1
2020-07-30,7000,1103,702,6264,34,-3,-1,104,1
2020-07-31,7104,1099,701,6368,35,-4,-1,104,1
2020-08-01,7209,1096,700,6473,36,-4,-1,104,1
2020-08-02,7312,1092,699,6577,36,-4,-1,104,1
2020-08-03,7415,1088,697,6681,37,-5,-2,104,1
2020-08-04,7517,1083,696,6784,37,-5,-2,103,1
2020-08-05,7620,1078,694,6888,38,-5,-2,103,1
2020-08-06,7721,1073,692,6991,38,-5,-2,103,1
2020-08-07,7823,1067,690,7094,39,-6,-2,103,1
2020-08-08,7925,1062,688,7197,40,-6,-3,102,1
2020-08-09,8024,1056,685,7299,40,-6,-3,102,1
2020-08-10,8125,1050,683,7401,41,-6,-3,102,1
2020-08-11,8223,1043,680,7502,41,-7,-3,101,1
2020-08-12,8322,1036,677,7603,42,-7,-3,101,1
2020-08-13,8419,1029,673,7704,42,-7,-3,100,1
2020-08-14,8517,1022,670,7804,43,-7,-4,100,1
2020-08-15,8613,1015,666,7904,43,-8,-4,99,1
2020-08-16,8709,1007,662,8003,44,-8,-4,99,1
2020-08-17,8805,999,659,8101,45,-8,-4,98,1
2020-08-18,8898,991,654,8199,45,-8,-4,97,1
2020-08-19,8993,983,650,8297,46,-8,-4,97,1
2020-08-20,9085,974,646,8393,46,-9,-5,96,1
2020-08-21,9177,966,641,8489,47,-9,-5,95,1
2020-08-22,9269,957,637,8585,47,-9,-5,95,1
2020-08-23,9359,948,632,8679,48,-9,-5,94,1
2020-08-24,9448,939,627,8773,48,-9,-5,93,1
2020-08-25,9538,930,622,8867,49,-9,-5,92,1
2020-08-26,9625,920,617,8959,49,-10,-5,92,1
2020-08-27,9712,911,611,9051,50,-10,-5,91,1
2020-08-28,9798,901,606,9142,50,-10,-5,90,0
2020-08-29,9884,891,601,9232,51,-10,-6,89,0
2020-08-30,9967,882,595,9321,51,-10,-6,88,0
2020-08-31,10051,872,589,9410,52,-10,-6,88,0
2020-09-01,10133,862,584,9497,52,-10,-6,87,0
2020-09-02,10215,852,578,9584,53,-10,-6,86,0
2020-09-03,10295,841,572,9670,53,-10,-6,85,0
2020-09-04,10375,831,566,9755,54,-10,-6,84,0
2020-09-05,10453,821,560,9839,54,-10,-6,83,0
2020-09-06,10532,811,554,9923,55,-10,-6,82,0
2020-09-07,10607,800,547,10005,55,-10,-6,81,0
2020-09-08,10682,790,541,10086,55,-10,-6,80,0
2020-09-09,10758,780,535,10167,56,-10,-6,80,0
2020-09-10,10831,769,529,10246,56,-10,-6,79,0
2020-09-11,10904,759,522,10325,57,-10,-6,78,0
2020-09-12,10976,748,516,10403,57,-10,-6,77,0
2020-09-13,11046,738,509,10479,58,-10,-6,76,0
2020-09-14,11116,727,503,10555,58,-10,-6,75,0
2020-09-15,11184,717,496,10630,58,-10,-6,74,0
2020-09-16,11253,706,490,10704,59,-10,-7,73,0
2020-09-17,11319,696,483,10777,59,-10,-7,72,0
2020-09-18,11385,686,477,10848,60,-10,-7,71,0
2020-09-19,11449,675,470,10919,60,-10,-7,70,0
2020-09-20,11513,665,464,10989,60,-10,-7,69,0
2020-09-21,11576,655,457,11058,61,-10,-7,68,0
2020-09-22,11638,645,451,11126,61,-10,-6,67,0
2020-09-23,11699,635,444,11193,62,-10,-6,66,0
2020-09-24,11759,625,438,11259,62,-10,-6,65,0
2020-09-25,11817,615,431,11324,62,-10,-6,64,0
2020-09-26,11877,605,425,11389,63,-10,-6,63,0
2020-09-27,11934,595,419,11452,63,-10,-6,62,0
2020-09-28,11989,585,412,11514,63,-10,-6,61,0
2020-09-29,12045,575,406,11575,64,-10,-6,60,0
2020-09-30,12099,566,399,11636,64,-10,-6,59,0
2020-10-01,12152,556,393,11695,64,-9,-6,58,0
2020-10-02,12206,546,387,11754,65,-9,-6,58,0
2020-10-03,12257,537,381,11811,65,-9,-6,57,0
2020-10-04,12307,528,374,11868,65,-9,-6,56,0
2020-10-05,12357,519,368,11923,66,-9,-6,55,0
2020-10-06,12406,509,362,11978,66,-9,-6,54,0
2020-10-07,12454,500,356,12032,66,-9,-6,53,0
2020-10-08,12501,491,350,12085,66,-9,-6,52,0
2020-10-09,12548,483,344,12137,67,-9,-6,51,0
2020-10-10,12593,474,338,12188,67,-9,-6,50,0
2020-10-11,12639,465,333,12239,67,-9,-6,49,0
2020-10-12,12683,457,327,12288,68,-8,-6,49,0
2020-10-13,12726,448,321,12337,68,-8,-6,48,0
2020-10-14,12767,440,315,12384,68,-8,-6,47,0
2020-10-15,12809,432,310,12431,68,-8,-6,46,0
2020-10-16,12850,424,304,12477,69,-8,-5,45,0
2020-10-17,12891,416,299,12523,69,-8,-5,44,0
2020-10-18,12929,408,293,12567,69,-8,-5,44,0
2020-10-19,12968,400,288,12611,69,-8,-5,43,0
2020-10-20,13007,392,283,12654,70,-8,-5,42,0
2020-10-21,13044,385,278,12696,70,-7,-5,41,0
2020-10-22,13079,377,272,12737,70,-7,-5,41,0
2020-10-23,13114,370,267,12777,70,-7,-5,40,0
2020-10-24,13150,363,262,12817,71,-7,-5,39,0
2020-10-25,13184,356,257,12856,71,-7,-5,38,0
2020-10-26,13219,349,253,12895,71,-7,-5,38,0
2020-10-27,13251,342,248,12932,71,-7,-5,37,0
2020-10-28,13283,335,243,12969,71,-7,-5,36,0
2020-10-29,13315,328,238,13005,72,-7,-5,35,0
2020-10-30,13346,322,234,13040,72,-6,-5,35,0
2020-10-31,13376,315,229,13075,72,-6,-4,34,0
2020-11-01,13406,309,225,13109,72,-6,-4,33,0
2020-11-02,13435,303,220,13143,72,-6,-4,33,0
2020-11-03,13463,296,216,13175,72,-6,-4,32,0
2020-11-04,13493,290,212,13208,73,-6,-4,31,0
2020-11-05,13519,284,207,13239,73,-6,-4,31,0
2020-11-06,13546,279,203,13270,73,-6,-4,30,0
2020-11-07,13572,273,199,13300,73,-6,-4,30,0
2020-11-08,13598,267,195,13330,73,-6,-4,29,0
2020-11-09,13623,262,191,13359,73,-5,-4,28,0
2020-11-10,13648,256,187,13387,74,-5,-4,28,0
2020-11-11,13673,251,184,13415,74,-5,-4,27,0
2020-11-12,13696,246,180,13442,74,-5,-4,27,0
2020-11-13,13719,240,176,13469,74,-5,-4,26,0
2020-11-14,13741,235,172,13495,74,-5,-4,26,0
2020-11-15,13764,230,169,13521,74,-5,-3,25,0
2020-11-16,13786,225,165,13546,75,-5,-3,25,0
2020-11-17,13808,221,162,13571,75,-5,-3,24,0
2020-11-18,13829,216,159,13595,75,-5,-3,24,0
2020-11-19,13848,211,155,13618,75,-5,-3,23,0
2020-11-20,13868,207,152,13641,75,-4,-3,23,0
2020-11-21,13888,202,149,13664,75,-4,-3,22,0
2020-11-22,13907,198,146,13686,75,-4,-3,22,0
2020-11-23,13926,194,143,13708,75,-4,-3,21,0
2020-11-24,13945,190,140,13729,76,-4,-3,21,0
2020-11-25,13963,185,137,13750,76,-4,-3,20,0
2020-11-26,13980,181,134,13770,76,-4,-3,20,0
2020-11-27,13997,178,131,13790,76,-4,-3,19,0
2020-11-28,14014,174,128,13810,76,-4,-3,19,0
2020-11-29,14030,170,125,13829,76,-4,-3,19,0
2020-11-30,14046,166,123,13847,76,-4,-3,18,0
2020-12-01,14061,162,120,13865,76,-4,-3,18,0
2020-12-02,14076,159,117,13883,76,-3,-3,17,0
2020-12-03,14092,155,115,13901,76,-3,-2,17,0
2020-12-04,14107,152,112,13918,77,-3,-2,17,0
2020-12-05,14122,149,110,13935,77,-3,-2,16,0
2020-12-06,14136,145,108,13951,77,-3,-2,16,0
2020-12-07,14149,142,105,13967,77,-3,-2,16,0
2020-12-08,14163,139,103,13983,77,-3,-2,15,0
2020-12-09,14176,136,101,13998,77,-3,-2,15,0
2020-12-10,14188,133,98,14013,77,-3,-2,15,0
2020-12-11,14200,130,96,14027,77,-3,-2,14,0
2020-12-12,14213,127,94,14042,77,-3,-2,14,0
2020-12-13,14225,124,92,14056,77,-3,-2,14,0
2020-12-14,14236,121,90,14069,77,-3,-2,13,0
2020-12-15,14248,119,88,14083,77,-3,-2,13,0
2020-12-16,14260,116,86,14096,78,-3,-2,13,0
2020-12-17,14271,113,84,14109,78,-3,-2,13,0
2020-12-18,14281,111,82,14121,78,-2,-2,12,0
2020-12-19,14291,108,80,14133,78,-2,-2,12,0
2020-12-20,14302,106,79,14145,78,-2,-2,12,0
2020-12-21,14312,104,77,14157,78,-2,-2,11,0
2020-12-22,14322,101,75,14169,78,-2,-2,11,0
2020-12-23,14332,99,74,14180,78,-2,-2,11,0
2020-12-24,14341,97,72,14191,78,-2,-2,11,0
2020-12-25,14349,95,70,14201,78,-2,-2,10,0
2020-12-26,14359,92,69,14212,78,-2,-2,10,0
2020-12-27,14367,90,67,14222,78,-2,-2,10,0
2020-12-28,14376,88,66,14232,78,-2,-1,10,0
2020-12-29,14384,86,64,14242,78,-2,-1,10,0
2020-12-30,14392,84,63,14251,78,-2,-1,9,0
2020-12-31,14400,82,61,14261,78,-2,-1,9,0
2021-01-01,14409,80,60,14270,79,-2,-1,9,0
2021-01-02,14417,79,59,14279,79,-2,-1,9,0
2021-01-03,14423,77,57,14287,79,-2,-1,9,0
2021-01-04,14431,75,56,14296,79,-2,-1,8,0
2021-01-05,14438,73,55,14304,79,-2,-1,8,0
2021-01-06,14444,72,53,14312,79,-2,-1,8,0
2021-01-07,14451,70,52,14320,79,-2,-1,8,0
2021-01-08,14458,68,51,14328,79,-2,-1,8,0
2021-01-09,14465,67,50,14336,79,-2,-1,7,0
2021-01-10,14471,65,49,14343,79,-2,-1,7,0
2021-01-11,14477,64,48,14350,79,-1,-1,7,0
2021-01-12,14483,62,47,14357,79,-1,-1,7,0
2021-01-13,14488,61,45,14364,79,-1,-1,7,0
2021-01-14,14494,60,44,14371,79,-1,-1,7,0
2021-01-15,14500,58,43,14378,79,-1,-1,6,0
2021-01-16,14505,57,42,14384,79,-1,-1,6,0
2021-01-17,14510,56,41,14390,79,-1,-1,6,0
2021-01-18,14516,54,40,14397,79,-1,-1,6,0
2021-01-19,14522,53,40,14403,79,-1,-1,6,0
2021-01-20,14527,52,39,14409,79,-1,-1,6,0
2021-01-21,14531,51,38,14414,79,-1,-1,6,0
2021-01-22,14536,49,37,14420,79,-1,-1,5,0
2021-01-23,14540,48,36,14425,79,-1,-1,5,0
2021-01-24,14545,47,35,14431,79,-1,-1,5,0
2021-01-25,14549,46,34,14436,79,-1,-1,5,0
2021-01-26,14554,45,34,14441,79,-1,-1,5,0
2021-01-27,14558,44,33,14446,79,-1,-1,5,0
2021-01-28,14562,43,32,14451,79,-1,-1,5,0
2021-01-29,14567,42,31,14456,80,-1,-1,5,0
2021-01-30,14571,41,31,14460,80,-1,-1,5,0
2021-01-31,14575,40,30,14465,80,-1,-1,4,0
2021-02-01,14578,39,29,14469,80,-1,-1,4,0
2021-02-02,14583,38,29,14474,80,-1,-1,4,0
2021-02-03,14586,37,28,14478,80,-1,-1,4,0
2021-02-04,14589,36,27,14482,80,-1,-1,4,0
2021-02-05,14593,36,27,14486,80,-1,-1,4,0
2021-02-06,14596,35,26,14490,80,-1,-1,4,0
2021-02-07,14599,34,25,14494,80,-1,-1,4,0
2021-02-08,14603,33,25,14498,80,-1,-1,4,0
2021-02-09,14605,32,24,14501,80,-1,-1,4,0
2021-02-10,14609,32,24,14505,80,-1,-1,4,0
2021-02-11,14612,31,23,14509,80,-1,-1,3,0
2021-02-12,14615,30,23,14512,80,-1,-1,3,0
2021-02-13,14617,29,22,14515,80,-1,-1,3,0
2021-02-14,14621,29,22,14519,80,-1,-1,3,0
2021-02-15,14623,28,21,14522,80,-1,0,3,0
2021-02-16,14626,27,21,14525,80,-1,0,3,0
2021-02-17,14628,27,20,14528,80,-1,0,3,0
2021-02-18,14631,26,20,14531,80,-1,0,3,0
2021-02-19,14633,26,19,14534,80,-1,0,3,0
2021-02-20,14636,25,19,14537,80,-1,0,3,0
2021-02-21,14638,24,18,14540,80,-1,0,3,0
2021-02-22,14640,24,18,14542,80,-1,0,3,0
2021-02-23,14642,23,17,14545,80,-1,0,3,0
2021-02-24,14644,23,17,14547,80,-1,0,3,0
2021-02-25,14647,22,17,14550,80,-1,0,2,0
2021-02-26,14648,22,16,14552,80,-1,0,2,0
2021-02-27,14651,21,16,14555,80,0,0,2,0
2021-02-28,14652,21,15,14557,80,0,0,2,0
2021-03-01,14655,20,15,14560,80,0,0,2,0
2021-03-02,14657,20,15,14562,80,0,0,2,0
2021-03-03,14658,19,14,14564,80,0,0,2,0
2021-03-04,14660,19,14,14566,80,0,0,2,0
2021-03-05,14662,18,14,14568,80,0,0,2,0
2021-03-06,14663,18,13,14570,80,0,0,2,0
2021-03-07,14665,17,13,14572,80,0,0,2,0
2021-03-08,14667,17,13,14574,80,0,0,2,0
2021-03-09,14668,17,12,14576,80,0,0,2,0
2021-03-10,14670,16,12,14578,80,0,0,2,0
2021-03-11,14672,16,12,14580,80,0,0,2,0
2021-03-12,14674,16,12,14582,80,0,0,2,0
2021-03-13,14674,15,11,14583,80,0,0,2,0
2021-03-14,14676,15,11,14585,80,0,0,2,0
2021-03-15,14678,14,11,14587,80,0,0,2,0
2021-03-16,14679,14,11,14588,80,0,0,2,0
2021-03-17,14680,14,10,14590,80,0,0,2,0
2021-03-18,14681,13,10,14591,80,0,0,2,0
2021-03-19,14683,13,10,14593,80,0,0,1,0
2021-03-20,14684,13,10,14594,80,0,0,1,0
2021-03-21,14685,13,9,14596,80,0,0,1,0
2021-03-22,14686,12,9,14597,80,0,0,1,0
2021-03-23,14687,12,9,14598,80,0,0,1,0
2021-03-24,14689,12,9,14600,80,0,0,1,0
2021-03-25,14690,11,9,14601,80,0,0,1,0
2021-03-26,14690,11,8,14602,80,0,0,1,0
2021-03-27,14692,11,8,14604,80,0,0,1,0
2021-03-28,14693,11,8,14605,80,0,0,1,0
2021-03-29,14694,10,8,14606,80,0,0,1,0
2021-03-30,14695,10,8,14607,80,0,0,1,0
2021-03-31,14695,10,7,14608,80,0,0,1,0
2021-04-01,14696,10,7,14609,80,0,0,1,0
2021-04-02,14698,9,7,14611,80,0,0,1,0
2021-04-03,14699,9,7,14612,80,0,0,1,0
2021-04-04,14700,9,7,14613,80,0,0,1,0
2021-04-05,14701,9,7,14614,80,0,0,1,0
2021-04-06,14701,9,6,14615,80,0,0,1,0
2021-04-07,14702,8,6,14616,80,0,0,1,0
2021-04-08,14702,8,6,14616,80,0,0,1,0
2021-04-09,14703,8,6,14617,80,0,0,1,0
2021-04-10,14704,8,6,14618,80,0,0,1,0
2021-04-11,14705,8,6,14619,80,0,0,1,0
2021-04-12,14706,7,6,14620,80,0,0,1,0
2021-04-13,14706,7,5,14621,80,0,0,1,0
2021-04-14,14707,7,5,14622,80,0,0,1,0
2021-04-15,14707,7,5,14622,80,0,0,1,0
2021-04-16,14708,7,5,14623,80,0,0,1,0
2021-04-17,14709,7,5,14624,80,0,0,1,0
2021-04-18,14710,6,5,14625,80,0,0,1,0
2021-04-19,14710,6,5,14625,80,0,0,1,0
2021-04-20,14711,6,5,14626,80,0,0,1,0
2021-04-21,14711,6,4,14627,80,0,0,1,0
2021-04-22,14711,6,4,14627,80,0,0,1,0
2021-04-23,14712,6,4,14628,80,0,0,1,0
2021-04-24,14713,6,4,14629,80,0,0,1,0
2021-04-25,14713,5,4,14629,80,0,0,1,0
2021-04-26,14714,5,4,14630,80,0,0,1,0
2021-04-27,14715,5,4,14631,80,0,0,1,0
2021-04-28,14715,5,4,14631,80,0,0,1,0
2021-04-29,14716,5,4,14632,80,0,0,1,0
2021-04-30,14716,5,4,14632,80,0,0,1,0
2021-05-01,14717,5,4,14633,80,0,0,1,0
2021-05-02,14717,5,3,14633,81,0,0,1,0
2021-05-03,14718,5,3,14634,81,0,0,1,0
2021-05-04,14718,4,3,14634,81,0,0,0,0
2021-05-05,14719,4,3,14635,81,0,0,0,0
2021-05-06,14719,4,3,14635,81,0,0,0,0
2021-05-07,14720,4,3,14636,81,0,0,0,0
2021-05-08,14720,4,3,14636,81,0,0,0,0
2021-05-09,14721,4,3,14637,81,0,0,0,0
2021-05-10,14721,4,3,14637,81,0,0,0,0
2021-05-11,14722,4,3,14638,81,0,0,0,0
2021-05-12,14722,4,3,14638,81,0,0,0,0
2021-05-13,14722,4,3,14638,81,0,0,0,0
2021-05-14,14723,3,3,14639,81,0,0,0,0
2021-05-15,14723,3,3,14639,81,0,0,0,0
