Date,Infected,Exposed,Active,Recovered,Deaths,Diff Exposed,Diff Active,Diff Recovered,Diff Deaths
2020-05-19,158,31,95,62,1,6,5,9,0
2020-05-20,172,37,100,71,1,5,8,9,0
2020-05-21,189,42,108,80,1,4,9,10,0
2020-05-22,208,46,117,90,1,4,10,11,0
2020-05-23,229,50,127,101,1,4,11,12,0
2020-05-24,251,54,138,112,1,5,12,13,0
2020-05-25,276,59,150,125,1,5,13,14,0
2020-05-26,302,64,163,138,1,5,14,15,0
2020-05-27,331,69,177,153,1,6,15,16,0
2020-05-28,363,75,192,169,2,6,16,17,0
2020-05-29,397,82,208,187,2,7,18,19,0
2020-05-30,434,88,226,206,2,7,19,21,0
2020-05-31,473,96,245,226,2,8,21,22,0
2020-06-01,516,104,266,248,2,9,22,24,0
2020-06-02,564,112,288,273,3,9,24,26,0
2020-06-03,614,121,312,299,3,10,26,28,0
2020-06-04,669,131,339,327,3,11,28,31,0
2020-06-05,728,142,367,358,3,11,30,33,0
2020-06-06,792,153,397,391,4,12,33,36,0
2020-06-07,861,165,430,427,4,13,35,39,0
2020-06-08,936,178,465,467,4,14,38,42,0
2020-06-09,1017,192,503,509,5,15,41,46,0
2020-06-10,1103,207,543,555,5,16,43,49,0
2020-06-11,1197,222,587,604,6,17,47,53,1
2020-06-12,1296,239,633,657,6,18,50,58,1
2020-06-13,1405,256,683,715,7,18,53,62,1
2020-06-14,1520,275,736,777,7,19,57,67,1
2020-06-15,1645,294,793,844,8,20,60,72,1
2020-06-16,1778,315,853,916,9,21,64,78,1
2020-06-17,1920,336,917,994,9,22,68,83,1
2020-06-18,2071,358,984,1077,10,23,71,90,1
2020-06-19,2234,382,1056,1167,11,24,75,96,1
2020-06-20,2406,405,1131,1263,12,25,79,103,1
2020-06-21,2589,430,1210,1366,13,25,83,110,1
2020-06-22,2783,455,1293,1476,14,26,87,118,1
2020-06-23,2989,481,1380,1594,15,26,90,126,1
2020-06-24,3206,507,1471,1719,16,26,94,134,1
2020-06-25,3434,533,1564,1853,17,26,97,142,1
2020-06-26,3676,559,1662,1995,19,26,100,151,1
2020-06-27,3928,585,1762,2146,20,25,103,160,2
2020-06-28,4193,611,1864,2307,22,25,105,170,2
2020-06-29,4468,635,1969,2476,23,24,106,179,2
2020-06-30,4755,659,2075,2655,25,23,107,189,2
2020-07-01,5053,682,2182,2844,27,21,107,199,2
2020-07-02,5361,703,2289,3043,29,19,107,208,2
2020-07-03,5677,722,2396,3251,30,17,106,218,2
2020-07-04,6004,739,2502,3469,33,15,104,228,2
2020-07-05,6338,754,2606,3697,35,12,101,237,2
2020-07-06,6678,766,2707,3934,37,10,97,246,2
2020-07-07,7024,776,2805,4180,39,7,93,255,2
2020-07-08,7375,783,2898,4435,42,4,87,264,2
2020-07-09,7728,787,2985,4699,44,1,81,272,3
2020-07-10,8085,788,3067,4971,47,-2,74,279,3
2020-07-11,8440,786,3141,5250,49,-5,66,286,3
2020-07-12,8794,781,3207,5535,52,-8,58,292,3
2020-07-13,9147,773,3265,5827,55,-11,49,297,3
2020-07-14,9495,762,3314,6124,57,-14,40,302,3
2020-07-15,9840,748,3354,6426,60,-16,30,305,3
2020-07-16,10178,732,3384,6731,63,-18,20,308,3
2020-07-17,10509,714,3404,7039,66,-20,10,310,3
2020-07-18,10831,694,3414,7348,69,-22,0,311,3
2020-07-19,11145,672,3414,7659,72,-23,-10,311,3
2020-07-20,11449,649,3404,7970,75,-24,-19,310,3
2020-07-21,11741,625,3384,8279,78,-25,-29,308,3
2020-07-22,12023,600,3356,8587,80,-26,-37,305,3
2020-07-23,12295,574,3319,8893,83,-26,-45,302,3
2020-07-24,12553,548,3273,9194,86,-26,-53,298,3
2020-07-25,12801,522,3220,9492,89,-26,-60,293,3
2020-07-26,13037,496,3160,9785,92,-26,-66,288,3
2020-07-27,13261,471,3094,10073,94,-25,-72,281,3
2020-07-28,13473,446,3022,10354,97,-24,-76,275,3
2020-07-29,13675,421,2946,10629,100,-24,-80,268,3
2020-07-30,13865,397,2866,10897,102,-23,-84,261,2
2020-07-31,14045,374,2782,11158,105,-22,-86,253,2
2020-08-01,14213,352,2695,11411,107,-21,-88,245,2
2020-08-02,14372,331,2607,11656,109,-20,-90,237,2
2020-08-03,14521,311,2517,11893,111,-19,-91,229,2
2020-08-04,14662,292,2426,12122,114,-18,-91,221,2
2020-08-05,14794,274,2335,12343,116,-17,-91,212,2
2020-08-06,14918,256,2244,12556,118,-16,-90,204,2
2020-08-07,15034,240,2154,12760,120,-15,-89,196,2
2020-08-08,15142,225,2065,12956,121,-14,-88,188,2
2020-08-09,15243,210,1976,13144,123,-14,-87,180,2
2020-08-10,15339,197,1890,13324,125,-13,-85,172,2
2020-08-11,15428,184,1805,13496,127,-12,-83,164,2
2020-08-12,15510,172,1722,13660,128,-11,-81,157,1
2020-08-13,15588,161,1642,13816,130,-10,-78,149,1
2020-08-14,15661,150,1564,13966,131,-10,-76,142,1
2020-08-15,15728,141,1488,14108,132,-9,-73,135,1
2020-08-16,15793,131,1415,14244,134,-9,-71,129,1
2020-08-17,15851,123,1344,14372,135,-8,-68,122,1
2020-08-18,15907,115,1276,14495,136,-7,-65,116,1
2020-08-19,15959,107,1211,14611,137,-7,-63,110,1
2020-08-20,16007,100,1148,14721,138,-7,-60,104,1
2020-08-21,16052,94,1088,14825,139,-6,-58,99,1
2020-08-22,16095,88,1031,14924,140,-6,-55,94,1
2020-08-23,16135,82,976,15018,141,-5,-53,89,1
2020-08-24,16172,77,923,15107,142,-5,-50,84,1
2020-08-25,16206,72,873,15191,142,-5,-48,79,1
2020-08-26,16238,67,825,15270,143,-4,-45,75,1
2020-08-27,16269,63,780,15345,144,-4,-43,71,1
2020-08-28,16298,59,737,15416,145,-4,-41,67,1
2020-08-29,16324,55,696,15483,145,-4,-39,63,1
2020-08-30,16350,52,657,15547,146,-3,-37,60,1
2020-08-31,16372,48,620,15606,146,-3,-35,56,1
2020-09-01,16395,45,585,15663,147,-3,-33,53,0
2020-09-02,16414,42,551,15716,147,-3,-31,50,0
2020-09-03,16434,40,520,15766,148,-3,-30,47,0
2020-09-04,16451,37,490,15813,148,-2,-28,45,0
2020-09-05,16469,35,462,15858,149,-2,-27,42,0
2020-09-06,16484,33,435,15900,149,-2,-25,40,0
2020-09-07,16498,31,410,15939,149,-2,-24,37,0
2020-09-08,16513,29,386,15977,150,-2,-22,35,0
2020-09-09,16526,27,364,16012,150,-2,-21,33,0
2020-09-10,16537,25,342,16045,150,-2,-20,31,0
2020-09-11,16549,24,322,16076,151,-1,-19,29,0
2020-09-12,16559,22,303,16105,151,-1,-18,28,0
2020-09-13,16570,21,286,16133,151,-1,-17,26,0
2020-09-14,16579,20,269,16159,151,-1,-16,24,0
2020-09-15,16588,18,253,16183,152,-1,-15,23,0
2020-09-16,16596,17,238,16206,152,-1,-14,22,0
2020-09-17,16604,16,224,16228,152,-1,-13,20,0
2020-09-18,16611,15,211,16248,152,-1,-13,19,0
2020-09-19,16618,14,198,16268,152,-1,-12,18,0
2020-09-20,16625,13,186,16286,153,-1,-11,17,0
2020-09-21,16631,12,175,16303,153,-1,-10,16,0
2020-09-22,16637,12,165,16319,153,-1,-10,15,0
2020-09-23,16642,11,155,16334,153,-1,-9,14,0
2020-09-24,16647,10,146,16348,153,-1,-9,13,0
2020-09-25,16651,10,137,16361,153,-1,-8,12,0
2020-09-26,16655,9,129,16373,153,-1,-8,12,0
2020-09-27,16660,9,121,16385,154,-1,-7,11,0
2020-09-28,16664,8,114,16396,154,0,-7,10,0
2020-09-29,16667,8,107,16406,154,0,-6,10,0
2020-09-30,16670,7,100,16416,154,0,-6,9,0
2020-10-01,16673,7,94,16425,154,0,-6,9,0
2020-10-02,16677,6,89,16434,154,0,-5,8,0
2020-10-03,16679,6,83,16442,154,0,-5,8,0
2020-10-04,16681,5,78,16449,154,0,-5,7,0
2020-10-05,16685,5,74,16457,154,0,-4,7,0
2020-10-06,16686,5,69,16463,154,0,-4,6,0
2020-10-07,16689,5,65,16470,154,0,-4,6,0
2020-10-08,16690,4,61,16475,154,0,-4,6,0
2020-10-09,16692,4,57,16481,154,0,-3,5,0
2020-10-10,16695,4,54,16486,155,0,-3,5,0
2020-10-11,16697,4,51,16491,155,0,-3,5,0
2020-10-12,16699,3,48,16496,155,0,-3,4,0
2020-10-13,16700,3,45,16500,155,0,-3,4,0
2020-10-14,16701,3,42,16504,155,0,-3,4,0
2020-10-15,16702,3,39,16508,155,0,-2,4,0
2020-10-16,16704,3,37,16512,155,0,-2,3,0
2020-10-17,16705,2,35,16515,155,0,-2,3,0
2020-10-18,16706,2,33,16518,155,0,-2,3,0
2020-10-19,16707,2,31,16521,155,0,-2,3,0
2020-10-20,16708,2,29,16524,155,0,-2,3,0
2020-10-21,16709,2,27,16527,155,0,-2,2,0
2020-10-22,16709,2,25,16529,155,0,-2,2,0
2020-10-23,16710,2,24,16531,155,0,-1,2,0
2020-10-24,16710,2,22,16533,155,0,-1,2,0
2020-10-25,16712,1,21,16536,155,0,-1,2,0
2020-10-26,16712,1,20,16537,155,0,-1,2,0
2020-10-27,16713,1,19,16539,155,0,-1,2,0
2020-10-28,16714,1,18,16541,155,0,-1,2,0
2020-10-29,16714,1,16,16543,155,0,-1,1,0
2020-10-30,16714,1,15,16544,155,0,-1,1,0
2020-10-31,16715,1,15,16545,155,0,-1,1,0
2020-11-01,16716,1,14,16547,155,0,-1,1,0
2020-11-02,16716,1,13,16548,155,0,-1,1,0
2020-11-03,16716,1,12,16549,155,0,-1,1,0
2020-11-04,16716,1,11,16550,155,0,-1,1,0
2020-11-05,16717,1,11,16551,155,0,-1,1,0
2020-11-06,16717,1,10,16552,155,0,-1,1,0
2020-11-07,16717,1,9,16553,155,0,-1,1,0
2020-11-08,16718,1,9,16554,155,0,-1,1,0
2020-11-09,16718,1,8,16555,155,0,-1,1,0
2020-11-10,16719,1,8,16556,155,0,0,1,0
2020-11-11,16718,1,7,16556,155,0,0,1,0
2020-11-12,16719,0,7,16557,155,0,0,1,0
2020-11-13,16719,0,6,16558,155,0,0,1,0
2020-11-14,16719,0,6,16558,155,0,0,1,0
2020-11-15,16720,0,6,16559,155,0,0,1,0
2020-11-16,16719,0,5,16559,155,0,0,0,0
2020-11-17,16720,0,5,16560,155,0,0,0,0
2020-11-18,16720,0,5,16560,155,0,0,0,0
2020-11-19,16720,0,4,16561,155,0,0,0,0
2020-11-20,16720,0,4,16561,155,0,0,0,0
2020-11-21,16720,0,4,16561,155,0,0,0,0
2020-11-22,16721,0,4,16562,155,0,0,0,0
2020-11-23,16720,0,3,16562,155,0,0,0,0
2020-11-24,16720,0,3,16562,155,0,0,0,0
2020-11-25,16721,0,3,16563,155,0,0,0,0
2020-11-26,16721,0,3,16563,155,0,0,0,0
2020-11-27,16721,0,3,16563,155,0,0,0,0
2020-11-28,16721,0,3,16563,155,0,0,0,0
2020-11-29,16721,0,2,16564,155,0,0,0,0
2020-11-30,16721,0,2,16564,155,0,0,0,0
2020-12-01,16721,0,2,16564,155,0,0,0,0
2020-12-02,16721,0,2,16564,155,0,0,0,0
2020-12-03,16721,0,2,16564,155,0,0,0,0
2020-12-04,16722,0,2,16565,155,0,0,0,0
2020-12-05,16722,0,2,16565,155,0,0,0,0
2020-12-06,16722,0,2,16565,155,0,0,0,0
2020-12-07,16721,0,1,16565,155,0,0,0,0
2020-12-08,16721,0,1,16565,155,0,0,0,0
2020-12-09,16721,0,1,16565,155,0,0,0,0
2020-12-10,16721,0,1,16565,155,0,0,0,0
2020-12-11,16722,0,1,16566,155,0,0,0,0
2020-12-12,16722,0,1,16566,155,0,0,0,0
2020-12-13,16722,0,1,16566,155,0,0,0,0
2020-12-14,16722,0,1,16566,155,0,0,0,0
2020-12-15,16722,0,1,16566,155,0,0,0,0
2020-12-16,16722,0,1,16566,155,0,0,0,0
2020-12-17,16722,0,1,16566,155,0,0,0,0
2020-12-18,16722,0,1,16566,155,0,0,0,0
2020-12-19,16722,0,1,16566,155,0,0,0,0
2020-12-20,16722,0,1,16566,155,0,0,0,0
2020-12-21,16722,0,1,16566,155,0,0,0,0
2020-12-22,16722,0,1,16566,155,0,0,0,0
2020-12-23,16722,0,1,16566,155,0,0,0,0
2020-12-24,16721,0,0,16566,155,0,0,0,0
2020-12-25,16721,0,0,16566,155,0,0,0,0
2020-12-26,16722,0,0,16567,155,0,0,0,0
2020-12-27,16722,0,0,16567,155,0,0,0,0
2020-12-28,16722,0,0,16567,155,0,0,0,0
2020-12-29,16722,0,0,16567,155,0,0,0,0
2020-12-30,16722,0,0,16567,155,0,0,0,0
2020-12-31,16722,0,0,16567,155,0,0,0,0
2021-01-01,16722,0,0,16567,155,0,0,0,0
2021-01-02,16722,0,0,16567,155,0,0,0,0
2021-01-03,16722,0,0,16567,155,0,0,0,0
2021-01-04,16722,0,0,16567,155,0,0,0,0
2021-01-05,16722,0,0,16567,155,0,0,0,0
2021-01-06,16722,0,0,16567,155,0,0,0,0
2021-01-07,16722,0,0,16567,155,0,0,0,0
2021-01-08,16722,0,0,16567,155,0,0,0,0
2021-01-09,16722,0,0,16567,155,0,0,0,0
2021-01-10,16722,0,0,16567,155,0,0,0,0
2021-01-11,16722,0,0,16567,155,0,0,0,0
2021-01-12,16722,0,0,16567,155,0,0,0,0
2021-01-13,16722,0,0,16567,155,0,0,0,0
2021-01-14,16722,0,0,16567,155,0,0,0,0
2021-01-15,16722,0,0,16567,155,0,0,0,0
2021-01-16,16722,0,0,16567,155,0,0,0,0
2021-01-17,16722,0,0,16567,155,0,0,0,0
2021-01-18,16722,0,0,16567,155,0,0,0,0
2021-01-19,16722,0,0,16567,155,0,0,0,0
2021-01-20,16722,0,0,16567,155,0,0,0,0
2021-01-21,16722,0,0,16567,155,0,0,0,0
2021-01-22,16722,0,0,16567,155,0,0,0,0
2021-01-23,16722,0,0,16567,155,0,0,0,0
2021-01-24,16722,0,0,16567,155,0,0,0,0
2021-01-25,16722,0,0,16567,155,0,0,0,0
2021-01-26,16722,0,0,16567,155,0,0,0,0
2021-01-27,16722,0,0,16567,155,0,0,0,0
2021-01-28,16722,0,0,16567,155,0,0,0,0
2021-01-29,16722,0,0,16567,155,0,0,0,0
2021-01-30,16722,0,0,16567,155,0,0,0,0
2021-01-31,16722,0,0,16567,155,0,0,0,0
2021-02-01,16722,0,0,16567,155,0,0,0,0
2021-02-02,16722,0,0,16567,155,0,0,0,0
2021-02-03,16722,0,0,16567,155,0,0,0,0
2021-02-04,16722,0,0,16567,155,0,0,0,0
2021-02-05,16722,0,0,16567,155,0,0,0,0
2021-02-06,16722,0,0,16567,155,0,0,0,0
2021-02-07,16722,0,0,16567,155,0,0,0,0
2021-02-08,16722,0,0,16567,155,0,0,0,0
2021-02-09,16722,0,0,16567,155,0,0,0,0
2021-02-10,16722,0,0,16567,155,0,0,0,0
2021-02-11,16722,0,0,16567,155,0,0,0,0
2021-02-12,16722,0,0,16567,155,0,0,0,0
2021-02-13,16722,0,0,16567,155,0,0,0,0
2021-02-14,16722,0,0,16567,155,0,0,0,0
2021-02-15,16722,0,0,16567,155,0,0,0,0
2021-02-16,16722,0,0,16567,155,0,0,0,0
2021-02-17,16722,0,0,16567,155,0,0,0,0
2021-02-18,16722,0,0,16567,155,0,0,0,0
2021-02-19,16722,0,0,16567,155,0,0,0,0
2021-02-20,16722,0,0,16567,155,0,0,0,0
2021-02-21,16722,0,0,16567,155,0,0,0,0
2021-02-22,16722,0,0,16567,155,0,0,0,0
2021-02-23,16722,0,0,16567,155,0,0,0,0
2021-02-24,16722,0,0,16567,155,0,0,0,0
2021-02-25,16722,0,0,16567,155,0,0,0,0
2021-02-26,16722,0,0,16567,155,0,0,0,0
2021-02-27,16722,0,0,16567,155,0,0,0,0
2021-02-28,16722,0,0,16567,155,0,0,0,0
2021-03-01,16722,0,0,16567,155,0,0,0,0
2021-03-02,16722,0,0,16567,155,0,0,0,0
2021-03-03,16722,0,0,16567,155,0,0,0,0
2021-03-04,16722,0,0,16567,155,0,0,0,0
2021-03-05,16722,0,0,16567,155,0,0,0,0
2021-03-06,16722,0,0,16567,155,0,0,0,0
2021-03-07,16722,0,0,16567,155,0,0,0,0
2021-03-08,16722,0,0,16567,155,0,0,0,0
2021-03-09,16722,0,0,16567,155,0,0,0,0
2021-03-10,16722,0,0,16567,155,0,0,0,0
2021-03-11,16722,0,0,16567,155,0,0,0,0
2021-03-12,16722,0,0,16567,155,0,0,0,0
2021-03-13,16722,0,0,16567,155,0,0,0,0
2021-03-14,16722,0,0,16567,155,0,0,0,0
2021-03-15,16722,0,0,16567,155,0,0,0,0
2021-03-16,16722,0,0,16567,155,0,0,0,0
2021-03-17,16722,0,0,16567,155,0,0,0,0
2021-03-18,16722,0,0,16567,155,0,0,0,0
2021-03-19,16722,0,0,16567,155,0,0,0,0
2021-03-20,16722,0,0,16567,155,0,0,0,0
2021-03-21,16722,0,0,16567,155,0,0,0,0
2021-03-22,16722,0,0,16567,155,0,0,0,0
2021-03-23,16722,0,0,16567,155,0,0,0,0
2021-03-24,16722,0,0,16567,155,0,0,0,0
2021-03-25,16722,0,0,16567,155,0,0,0,0
2021-03-26,16722,0,0,16567,155,0,0,0,0
2021-03-27,16722,0,0,16567,155,0,0,0,0
2021-03-28,16722,0,0,16567,155,0,0,0,0
2021-03-29,16722,0,0,16567,155,0,0,0,0
2021-03-30,16722,0,0,16567,155,0,0,0,0
2021-03-31,16722,0,0,16567,155,0,0,0,0
2021-04-01,16722,0,0,16567,155,0,0,0,0
2021-04-02,16722,0,0,16567,155,0,0,0,0
2021-04-03,16722,0,0,16567,155,0,0,0,0
2021-04-04,16722,0,0,16567,155,0,0,0,0
2021-04-05,16722,0,0,16567,155,0,0,0,0
2021-04-06,16722,0,0,16567,155,0,0,0,0
2021-04-07,16722,0,0,16567,155,0,0,0,0
2021-04-08,16722,0,0,16567,155,0,0,0,0
2021-04-09,16722,0,0,16567,155,0,0,0,0
2021-04-10,16722,0,0,16567,155,0,0,0,0
2021-04-11,16722,0,0,16567,155,0,0,0,0
2021-04-12,16722,0,0,16567,155,0,0,0,0
2021-04-13,16722,0,0,16567,155,0,0,0,0
2021-04-14,16722,0,0,16567,155,0,0,0,0
2021-04-15,16722,0,0,16567,155,0,0,0,0
2021-04-16,16722,0,0,16567,155,0,0,0,0
2021-04-17,16722,0,0,16567,155,0,0,0,0
2021-04-18,16722,0,0,16567,155,0,0,0,0
2021-04-19,16722,0,0,16567,155,0,0,0,0
2021-04-20,16722,0,0,16567,155,0,0,0,0
2021-04-21,16722,0,0,16567,155,0,0,0,0
2021-04-22,16722,0,0,16567,155,0,0,0,0
2021-04-23,16722,0,0,16567,155,0,0,0,0
2021-04-24,16722,0,0,16567,155,0,0,0,0
2021-04-25,16722,0,0,16567,155,0,0,0,0
2021-04-26,16722,0,0,16567,155,0,0,0,0
2021-04-27,16722,0,0,16567,155,0,0,0,0
2021-04-28,16722,0,0,16567,155,0,0,0,0
2021-04-29,16722,0,0,16567,155,0,0,0,0
2021-04-30,16722,0,0,16567,155,0,0,0,0
2021-05-01,16722,0,0,16567,155,0,0,0,0
2021-05-02,16722,0,0,16567,155,0,0,0,0
2021-05-03,16722,0,0,16567,155,0,0,0,0
2021-05-04,16722,0,0,16567,155,0,0,0,0
2021-05-05,16722,0,0,16567,155,0,0,0,0
2021-05-06,16722,0,0,16567,155,0,0,0,0
2021-05-07,16722,0,0,16567,155,0,0,0,0
2021-05-08,16722,0,0,16567,155,0,0,0,0
2021-05-09,16722,0,0,16567,155,0,0,0,0
2021-05-10,16722,0,0,16567,155,0,0,0,0
2021-05-11,16722,0,0,16567,155,0,0,0,0
2021-05-12,16722,0,0,16567,155,0,0,0,0
2021-05-13,16722,0,0,16567,155,0,0,0,0
2021-05-14,16722,0,0,16567,155,0,0,0,0
