Date,Infected,Exposed,Active,Recovered,Deaths,Diff Exposed,Diff Active,Diff Recovered,Diff Deaths
2020-05-21,1071,284,632,434,5,-63,140,18,0
2020-05-22,1229,221,772,452,5,-7,101,22,0
2020-05-23,1353,214,874,474,5,12,94,25,0
2020-05-24,1473,226,968,499,6,19,98,28,0
2020-05-25,1600,245,1067,527,6,23,106,30,0
2020-05-26,1736,268,1173,557,6,26,116,33,0
2020-05-27,1886,294,1289,590,7,28,127,37,0
2020-05-28,2050,322,1416,627,7,31,139,40,0
2020-05-29,2230,352,1555,667,8,33,152,44,1
2020-05-30,2427,385,1707,712,8,36,166,49,1
2020-05-31,2642,421,1873,760,9,39,181,53,1
2020-06-01,2877,461,2054,814,9,42,198,58,1
2020-06-02,3134,503,2252,872,10,46,216,64,1
2020-06-03,3415,549,2468,936,11,49,235,70,1
2020-06-04,3721,598,2704,1006,11,53,256,77,1
2020-06-05,4055,651,2960,1083,12,57,278,84,1
2020-06-06,4419,708,3238,1168,13,61,302,92,1
2020-06-07,4814,769,3540,1260,14,65,328,101,1
2020-06-08,5244,834,3868,1361,15,69,355,110,1
2020-06-09,5710,903,4222,1471,17,73,383,120,1
2020-06-10,6214,977,4605,1591,18,78,413,131,1
2020-06-11,6761,1054,5019,1722,20,82,445,143,2
2020-06-12,7349,1136,5463,1865,21,85,477,156,2
2020-06-13,7984,1222,5940,2021,23,89,511,169,2
2020-06-14,8667,1311,6452,2190,25,92,546,184,2
2020-06-15,9399,1403,6998,2374,27,95,582,199,2
2020-06-16,10182,1497,7580,2573,29,97,618,216,2
2020-06-17,11019,1594,8198,2789,32,98,654,233,3
2020-06-18,11909,1692,8853,3022,34,98,690,252,3
2020-06-19,12854,1790,9543,3274,37,98,725,272,3
2020-06-20,13854,1888,10268,3546,40,96,759,292,3
2020-06-21,14910,1984,11027,3839,44,93,791,314,4
2020-06-22,16018,2077,11818,4153,47,88,820,337,4
2020-06-23,17177,2165,12637,4489,51,83,845,360,4
2020-06-24,18387,2248,13483,4849,55,75,867,384,4
2020-06-25,19643,2323,14350,5233,60,67,884,409,5
2020-06-26,20941,2390,15235,5642,64,57,896,434,5
2020-06-27,22276,2447,16131,6076,69,46,902,459,5
2020-06-28,23643,2493,17034,6535,74,34,902,485,6
2020-06-29,25036,2527,17936,7020,80,21,895,511,6
2020-06-30,26448,2548,18831,7531,86,7,881,536,6
2020-07-01,27871,2555,19712,8067,92,-7,859,561,6
2020-07-02,29297,2548,20571,8628,98,-21,831,586,7
2020-07-03,30721,2528,21402,9214,105,-34,796,609,7
2020-07-04,32133,2493,22197,9824,112,-47,753,632,7
2020-07-05,33526,2446,22951,10456,119,-59,705,654,7
2020-07-06,34891,2387,23656,11109,126,-70,652,674,8
2020-07-07,36225,2317,24308,11783,134,-80,594,692,8
2020-07-08,37519,2237,24902,12475,142,-88,532,709,8
2020-07-09,38770,2149,25435,13185,150,-94,468,724,8
2020-07-10,39970,2055,25903,13909,158,-99,402,738,8
2020-07-11,41118,1955,26304,14647,167,-103,335,749,9
2020-07-12,42210,1853,26639,15396,175,-105,268,759,9
2020-07-13,43244,1748,26906,16154,184,-105,201,766,9
2020-07-14,44222,1643,27108,16921,193,-104,137,772,9
2020-07-15,45139,1539,27245,17693,201,-102,75,776,9
2020-07-16,45998,1437,27320,18468,210,-99,16,778,9
2020-07-17,46801,1337,27336,19246,219,-96,-40,778,9
2020-07-18,47548,1241,27295,20025,228,-92,-93,777,9
2020-07-19,48242,1150,27203,20802,237,-87,-141,775,9
2020-07-20,48884,1063,27061,21577,246,-82,-186,771,9
2020-07-21,49477,980,26875,22348,254,-77,-226,765,9
2020-07-22,50025,903,26649,23113,263,-72,-263,759,9
2020-07-23,50530,831,26386,23872,272,-67,-296,751,9
2020-07-24,50993,764,26090,24623,280,-62,-325,743,8
2020-07-25,51421,701,25766,25366,289,-58,-350,734,8
2020-07-26,51812,644,25415,26100,297,-53,-372,724,8
2020-07-27,52172,591,25043,26824,305,-49,-391,713,8
2020-07-28,52502,542,24652,27537,313,-45,-407,702,8
2020-07-29,52804,497,24244,28239,321,-41,-421,690,8
2020-07-30,53082,456,23824,28929,329,-38,-431,678,8
2020-07-31,53337,418,23392,29608,337,-34,-440,666,8
2020-08-01,53571,384,22952,30274,345,-31,-447,654,7
2020-08-02,53786,353,22506,30928,352,-29,-451,641,7
2020-08-03,53982,324,22054,31569,359,-26,-454,628,7
2020-08-04,54163,298,21600,32197,366,-24,-456,615,7
2020-08-05,54330,274,21145,32812,373,-22,-456,602,7
2020-08-06,54483,252,20689,33414,380,-20,-455,589,7
2020-08-07,54624,233,20234,34003,387,-18,-453,576,7
2020-08-08,54754,214,19781,34579,394,-17,-450,563,6
2020-08-09,54874,198,19331,35143,400,-15,-446,551,6
2020-08-10,54984,183,18885,35693,406,-14,-442,538,6
2020-08-11,55086,169,18443,36231,412,-13,-437,525,6
2020-08-12,55180,156,18006,36756,418,-12,-431,513,6
2020-08-13,55268,145,17575,37269,424,-11,-425,501,6
2020-08-14,55350,134,17150,37770,430,-10,-419,488,6
2020-08-15,55424,125,16731,38258,435,-9,-412,476,5
2020-08-16,55494,116,16319,38734,441,-8,-405,465,5
2020-08-17,55558,108,15913,39199,446,-7,-398,453,5
2020-08-18,55618,100,15515,39652,451,-7,-391,442,5
2020-08-19,55675,94,15125,40094,456,-6,-383,431,5
2020-08-20,55727,87,14741,40525,461,-6,-376,420,5
2020-08-21,55776,82,14365,40945,466,-5,-368,409,5
2020-08-22,55822,76,13997,41354,471,-5,-361,399,5
2020-08-23,55864,71,13637,41752,475,-5,-353,388,4
2020-08-24,55905,67,13284,42141,480,-4,-345,378,4
2020-08-25,55941,63,12938,42519,484,-4,-338,368,4
2020-08-26,55976,59,12601,42887,488,-4,-330,359,4
2020-08-27,56008,55,12270,43246,492,-3,-323,349,4
2020-08-28,56040,52,11948,43596,496,-3,-315,340,4
2020-08-29,56069,49,11633,43936,500,-3,-308,331,4
2020-08-30,56096,46,11325,44267,504,-3,-301,323,4
2020-08-31,56121,43,11024,44590,507,-2,-293,314,4
2020-09-01,56146,41,10731,44904,511,-2,-286,306,3
2020-09-02,56168,38,10444,45209,515,-2,-279,297,3
2020-09-03,56190,36,10165,45507,518,-2,-273,289,3
2020-09-04,56209,34,9892,45796,521,-2,-266,282,3
2020-09-05,56229,32,9627,46078,524,-2,-259,274,3
2020-09-06,56247,31,9367,46352,528,-2,-253,267,3
2020-09-07,56265,29,9115,46619,531,-2,-246,260,3
2020-09-08,56280,27,8868,46878,534,-1,-240,253,3
2020-09-09,56295,26,8628,47131,536,-1,-234,246,3
2020-09-10,56310,25,8394,47377,539,-1,-228,239,3
2020-09-11,56324,23,8166,47616,542,-1,-222,233,3
2020-09-12,56337,22,7944,47848,545,-1,-216,226,3
2020-09-13,56350,21,7728,48075,547,-1,-211,220,3
2020-09-14,56362,20,7517,48295,550,-1,-205,214,2
2020-09-15,56373,19,7312,48509,552,-1,-200,208,2
2020-09-16,56383,18,7112,48717,554,-1,-195,203,2
2020-09-17,56395,17,6918,48920,557,-1,-190,197,2
2020-09-18,56404,17,6728,49117,559,-1,-184,192,2
2020-09-19,56413,16,6544,49308,561,-1,-180,186,2
2020-09-20,56421,15,6364,49494,563,-1,-175,181,2
2020-09-21,56430,14,6189,49676,565,-1,-170,176,2
2020-09-22,56438,14,6019,49852,567,-1,-166,171,2
2020-09-23,56445,13,5853,50023,569,-1,-161,167,2
2020-09-24,56453,13,5692,50190,571,-1,-157,162,2
2020-09-25,56460,12,5535,50352,573,-1,-153,158,2
2020-09-26,56467,12,5382,50510,575,0,-149,153,2
2020-09-27,56474,11,5234,50663,577,0,-145,149,2
2020-09-28,56479,11,5089,50812,578,0,-141,145,2
2020-09-29,56486,10,4949,50957,580,0,-137,141,2
2020-09-30,56492,10,4812,51098,582,0,-133,137,2
2020-10-01,56497,9,4679,51235,583,0,-130,133,2
2020-10-02,56502,9,4549,51368,585,0,-126,130,1
2020-10-03,56507,9,4423,51498,586,0,-123,126,1
2020-10-04,56512,8,4300,51624,588,0,-119,122,1
2020-10-05,56516,8,4181,51746,589,0,-116,119,1
2020-10-06,56520,8,4065,51865,590,0,-113,116,1
2020-10-07,56525,7,3952,51981,592,0,-110,113,1
2020-10-08,56530,7,3843,52094,593,0,-107,109,1
2020-10-09,56533,7,3736,52203,594,0,-104,106,1
2020-10-10,56536,6,3632,52309,595,0,-101,103,1
2020-10-11,56540,6,3531,52413,596,0,-98,101,1
2020-10-12,56544,6,3433,52513,598,0,-96,98,1
2020-10-13,56547,6,3337,52611,599,0,-93,95,1
2020-10-14,56550,6,3244,52706,600,0,-90,92,1
2020-10-15,56554,5,3154,52799,601,0,-88,90,1
2020-10-16,56556,5,3066,52888,602,0,-85,87,1
2020-10-17,56560,5,2981,52976,603,0,-83,85,1
2020-10-18,56563,5,2898,53061,604,0,-81,83,1
2020-10-19,56565,5,2817,53143,605,0,-79,80,1
2020-10-20,56567,4,2738,53223,606,0,-76,78,1
2020-10-21,56570,4,2662,53301,607,0,-74,76,1
2020-10-22,56572,4,2588,53377,607,0,-72,74,1
2020-10-23,56575,4,2516,53451,608,0,-70,72,1
2020-10-24,56577,4,2445,53523,609,0,-68,70,1
2020-10-25,56579,4,2377,53592,610,0,-66,68,1
2020-10-26,56582,4,2311,53660,611,0,-65,66,1
2020-10-27,56583,3,2246,53726,611,0,-63,64,1
2020-10-28,56585,3,2183,53790,612,0,-61,62,1
2020-10-29,56587,3,2122,53852,613,0,-59,60,1
2020-10-30,56589,3,2063,53912,614,0,-58,59,1
2020-10-31,56590,3,2005,53971,614,0,-56,57,1
2020-11-01,56592,3,1949,54028,615,0,-55,56,1
2020-11-02,56595,3,1895,54084,616,0,-53,54,1
2020-11-03,56596,3,1842,54138,616,0,-52,52,1
2020-11-04,56597,3,1790,54190,617,0,-50,51,1
2020-11-05,56598,3,1740,54241,617,0,-49,50,1
2020-11-06,56601,2,1692,54291,618,0,-47,48,1
2020-11-07,56601,2,1644,54339,618,0,-46,47,1
2020-11-08,56603,2,1598,54386,619,0,-45,46,1
2020-11-09,56603,2,1553,54431,619,0,-43,44,1
2020-11-10,56605,2,1510,54475,620,0,-42,43,0
2020-11-11,56606,2,1468,54518,620,0,-41,42,0
2020-11-12,56608,2,1427,54560,621,0,-40,41,0
2020-11-13,56609,2,1387,54601,621,0,-39,39,0
2020-11-14,56610,2,1348,54640,622,0,-38,38,0
2020-11-15,56611,2,1310,54679,622,0,-37,37,0
2020-11-16,56612,2,1273,54716,623,0,-36,36,0
2020-11-17,56613,2,1238,54752,623,0,-35,35,0
2020-11-18,56614,2,1203,54787,624,0,-34,34,0
2020-11-19,56615,2,1169,54822,624,0,-33,33,0
2020-11-20,56615,2,1136,54855,624,0,-32,32,0
2020-11-21,56617,2,1105,54887,625,0,-31,31,0
2020-11-22,56618,1,1074,54919,625,0,-30,31,0
2020-11-23,56618,1,1044,54949,625,0,-29,30,0
2020-11-24,56619,1,1014,54979,626,0,-28,29,0
2020-11-25,56620,1,986,55008,626,0,-28,28,0
2020-11-26,56620,1,958,55036,626,0,-27,27,0
2020-11-27,56621,1,931,55063,627,0,-26,27,0
2020-11-28,56622,1,905,55090,627,0,-25,26,0
2020-11-29,56623,1,880,55116,627,0,-25,25,0
2020-11-30,56624,1,855,55141,628,0,-24,24,0
2020-12-01,56624,1,831,55165,628,0,-23,24,0
2020-12-02,56625,1,808,55189,628,0,-23,23,0
2020-12-03,56625,1,785,55212,628,0,-22,22,0
2020-12-04,56626,1,763,55234,629,0,-21,22,0
2020-12-05,56627,1,742,55256,629,0,-21,21,0
2020-12-06,56627,1,721,55277,629,0,-20,21,0
2020-12-07,56627,1,701,55297,629,0,-20,20,0
2020-12-08,56628,1,681,55317,630,0,-19,19,0
2020-12-09,56629,1,662,55337,630,0,-19,19,0
2020-12-10,56629,1,643,55356,630,0,-18,18,0
2020-12-11,56629,1,625,55374,630,0,-18,18,0
2020-12-12,56630,1,608,55392,630,0,-17,17,0
2020-12-13,56631,1,591,55409,631,0,-17,17,0
2020-12-14,56631,1,574,55426,631,0,-16,16,0
2020-12-15,56631,1,558,55442,631,0,-16,16,0
2020-12-16,56631,1,542,55458,631,0,-15,15,0
2020-12-17,56632,1,527,55474,631,0,-15,15,0
2020-12-18,56632,1,512,55489,631,0,-14,15,0
2020-12-19,56633,1,498,55503,632,0,-14,14,0
2020-12-20,56633,1,484,55517,632,0,-14,14,0
2020-12-21,56633,1,470,55531,632,0,-13,13,0
2020-12-22,56634,1,457,55545,632,0,-13,13,0
2020-12-23,56634,1,444,55558,632,0,-12,13,0
2020-12-24,56634,1,432,55570,632,0,-12,12,0
2020-12-25,56636,1,420,55583,633,0,-12,12,0
2020-12-26,56635,1,408,55594,633,0,-11,12,0
2020-12-27,56635,1,396,55606,633,0,-11,11,0
2020-12-28,56635,0,385,55617,633,0,-11,11,0
2020-12-29,56635,0,374,55628,633,0,-11,11,0
2020-12-30,56636,0,364,55639,633,0,-10,10,0
2020-12-31,56636,0,354,55649,633,0,-10,10,0
2021-01-01,56636,0,344,55659,633,0,-10,10,0
2021-01-02,56637,0,334,55669,634,0,-9,10,0
2021-01-03,56638,0,325,55679,634,0,-9,9,0
2021-01-04,56638,0,316,55688,634,0,-9,9,0
2021-01-05,56638,0,307,55697,634,0,-9,9,0
2021-01-06,56638,0,298,55706,634,0,-8,8,0
2021-01-07,56638,0,290,55714,634,0,-8,8,0
2021-01-08,56638,0,282,55722,634,0,-8,8,0
2021-01-09,56639,0,274,55731,634,0,-8,8,0
2021-01-10,56638,0,266,55738,634,0,-7,8,0
2021-01-11,56639,0,259,55746,634,0,-7,7,0
2021-01-12,56639,0,251,55753,635,0,-7,7,0
2021-01-13,56639,0,244,55760,635,0,-7,7,0
2021-01-14,56639,0,237,55767,635,0,-7,7,0
2021-01-15,56640,0,231,55774,635,0,-6,7,0
2021-01-16,56640,0,224,55781,635,0,-6,6,0
2021-01-17,56640,0,218,55787,635,0,-6,6,0
2021-01-18,56640,0,212,55793,635,0,-6,6,0
2021-01-19,56640,0,206,55799,635,0,-6,6,0
2021-01-20,56640,0,200,55805,635,0,-6,6,0
2021-01-21,56640,0,194,55811,635,0,-5,6,0
2021-01-22,56640,0,189,55816,635,0,-5,5,0
2021-01-23,56641,0,184,55822,635,0,-5,5,0
2021-01-24,56641,0,179,55827,635,0,-5,5,0
2021-01-25,56640,0,173,55832,635,0,-5,5,0
2021-01-26,56641,0,169,55837,635,0,-5,5,0
2021-01-27,56642,0,164,55842,636,0,-5,5,0
2021-01-28,56642,0,159,55847,636,0,-4,5,0
2021-01-29,56642,0,155,55851,636,0,-4,4,0
2021-01-30,56641,0,150,55855,636,0,-4,4,0
2021-01-31,56642,0,146,55860,636,0,-4,4,0
2021-02-01,56642,0,142,55864,636,0,-4,4,0
2021-02-02,56642,0,138,55868,636,0,-4,4,0
2021-02-03,56642,0,134,55872,636,0,-4,4,0
2021-02-04,56642,0,130,55876,636,0,-4,4,0
2021-02-05,56642,0,127,55879,636,0,-4,4,0
2021-02-06,56642,0,123,55883,636,0,-3,4,0
2021-02-07,56643,0,120,55887,636,0,-3,3,0
2021-02-08,56642,0,116,55890,636,0,-3,3,0
2021-02-09,56642,0,113,55893,636,0,-3,3,0
2021-02-10,56642,0,110,55896,636,0,-3,3,0
2021-02-11,56643,0,107,55900,636,0,-3,3,0
2021-02-12,56643,0,104,55903,636,0,-3,3,0
2021-02-13,56643,0,101,55906,636,0,-3,3,0
2021-02-14,56642,0,98,55908,636,0,-3,3,0
2021-02-15,56642,0,95,55911,636,0,-3,3,0
2021-02-16,56643,0,93,55914,636,0,-3,3,0
2021-02-17,56643,0,90,55917,636,0,-3,3,0
2021-02-18,56643,0,88,55919,636,0,-2,2,0
2021-02-19,56643,0,85,55922,636,0,-2,2,0
2021-02-20,56643,0,83,55924,636,0,-2,2,0
2021-02-21,56642,0,80,55926,636,0,-2,2,0
2021-02-22,56644,0,78,55929,637,0,-2,2,0
2021-02-23,56644,0,76,55931,637,0,-2,2,0
2021-02-24,56644,0,74,55933,637,0,-2,2,0
2021-02-25,56644,0,72,55935,637,0,-2,2,0
2021-02-26,56644,0,70,55937,637,0,-2,2,0
2021-02-27,56644,0,68,55939,637,0,-2,2,0
2021-02-28,56644,0,66,55941,637,0,-2,2,0
2021-03-01,56644,0,64,55943,637,0,-2,2,0
2021-03-02,56644,0,62,55945,637,0,-2,2,0
2021-03-03,56644,0,60,55947,637,0,-2,2,0
2021-03-04,56644,0,59,55948,637,0,-2,2,0
2021-03-05,56644,0,57,55950,637,0,-2,2,0
2021-03-06,56644,0,55,55952,637,0,-2,2,0
2021-03-07,56644,0,54,55953,637,0,-2,2,0
2021-03-08,56644,0,52,55955,637,0,-1,1,0
2021-03-09,56644,0,51,55956,637,0,-1,1,0
2021-03-10,56644,0,49,55958,637,0,-1,1,0
2021-03-11,56644,0,48,55959,637,0,-1,1,0
2021-03-12,56645,0,47,55961,637,0,-1,1,0
2021-03-13,56644,0,45,55962,637,0,-1,1,0
2021-03-14,56644,0,44,55963,637,0,-1,1,0
2021-03-15,56644,0,43,55964,637,0,-1,1,0
2021-03-16,56645,0,42,55966,637,0,-1,1,0
2021-03-17,56645,0,41,55967,637,0,-1,1,0
2021-03-18,56644,0,39,55968,637,0,-1,1,0
2021-03-19,56644,0,38,55969,637,0,-1,1,0
2021-03-20,56644,0,37,55970,637,0,-1,1,0
2021-03-21,56644,0,36,55971,637,0,-1,1,0
2021-03-22,56644,0,35,55972,637,0,-1,1,0
2021-03-23,56644,0,34,55973,637,0,-1,1,0
2021-03-24,56644,0,33,55974,637,0,-1,1,0
2021-03-25,56644,0,32,55975,637,0,-1,1,0
2021-03-26,56644,0,31,55976,637,0,-1,1,0
2021-03-27,56644,0,30,55977,637,0,-1,1,0
2021-03-28,56645,0,30,55978,637,0,-1,1,0
2021-03-29,56645,0,29,55979,637,0,-1,1,0
2021-03-30,56645,0,28,55980,637,0,-1,1,0
2021-03-31,56644,0,27,55980,637,0,-1,1,0
2021-04-01,56644,0,26,55981,637,0,-1,1,0
2021-04-02,56645,0,26,55982,637,0,-1,1,0
2021-04-03,56645,0,25,55983,637,0,-1,1,0
2021-04-04,56644,0,24,55983,637,0,-1,1,0
2021-04-05,56645,0,24,55984,637,0,-1,1,0
2021-04-06,56645,0,23,55985,637,0,-1,1,0
2021-04-07,56644,0,22,55985,637,0,-1,1,0
2021-04-08,56645,0,22,55986,637,0,-1,1,0
2021-04-09,56645,0,21,55987,637,0,-1,1,0
2021-04-10,56644,0,20,55987,637,0,-1,1,0
2021-04-11,56645,0,20,55988,637,0,-1,1,0
2021-04-12,56644,0,19,55988,637,0,-1,1,0
2021-04-13,56645,0,19,55989,637,0,-1,1,0
2021-04-14,56644,0,18,55989,637,0,-1,1,0
2021-04-15,56645,0,18,55990,637,0,0,1,0
2021-04-16,56644,0,17,55990,637,0,0,0,0
2021-04-17,56645,0,17,55991,637,0,0,0,0
2021-04-18,56644,0,16,55991,637,0,0,0,0
2021-04-19,56645,0,16,55992,637,0,0,0,0
2021-04-20,56644,0,15,55992,637,0,0,0,0
2021-04-21,56645,0,15,55993,637,0,0,0,0
2021-04-22,56645,0,15,55993,637,0,0,0,0
2021-04-23,56645,0,14,55994,637,0,0,0,0
2021-04-24,56645,0,14,55994,637,0,0,0,0
2021-04-25,56644,0,13,55994,637,0,0,0,0
2021-04-26,56645,0,13,55995,637,0,0,0,0
2021-04-27,56645,0,13,55995,637,0,0,0,0
2021-04-28,56644,0,12,55995,637,0,0,0,0
2021-04-29,56645,0,12,55996,637,0,0,0,0
2021-04-30,56645,0,12,55996,637,0,0,0,0
2021-05-01,56644,0,11,55996,637,0,0,0,0
2021-05-02,56645,0,11,55997,637,0,0,0,0
2021-05-03,56645,0,11,55997,637,0,0,0,0
2021-05-04,56644,0,10,55997,637,0,0,0,0
2021-05-05,56645,0,10,55998,637,0,0,0,0
2021-05-06,56645,0,10,55998,637,0,0,0,0
2021-05-07,56644,0,9,55998,637,0,0,0,0
2021-05-08,56645,0,9,55999,637,0,0,0,0
2021-05-09,56645,0,9,55999,637,0,0,0,0
2021-05-10,56645,0,9,55999,637,0,0,0,0
2021-05-11,56644,0,8,55999,637,0,0,0,0
2021-05-12,56645,0,8,56000,637,0,0,0,0
2021-05-13,56645,0,8,56000,637,0,0,0,0
2021-05-14,56645,0,8,56000,637,0,0,0,0
2021-05-15,56645,0,8,56000,637,0,0,0,0
2021-05-16,56644,0,7,56000,637,0,0,0,0
