Date,Infected,Exposed,Active,Recovered,Deaths,Diff Exposed,Diff Active,Diff Recovered,Diff Deaths
2020-05-18,158,71,95,63,0,-5,15,9,0
2020-05-19,182,66,110,71,1,-1,12,10,0
2020-05-20,203,65,121,81,1,2,10,11,0
2020-05-21,224,67,131,92,1,3,10,12,0
2020-05-22,247,70,141,105,1,4,10,13,0
2020-05-23,270,74,151,118,1,4,10,14,0
2020-05-24,293,78,161,131,1,5,11,15,0
2020-05-25,319,83,172,146,1,5,11,16,0
2020-05-26,347,88,184,162,1,6,12,17,0
2020-05-27,376,94,196,179,1,6,13,18,0
2020-05-28,408,100,209,197,2,6,14,19,0
2020-05-29,440,106,222,216,2,7,14,20,0
2020-05-30,476,113,237,237,2,7,15,22,0
2020-05-31,512,120,252,258,2,8,16,23,0
2020-06-01,552,128,268,282,2,8,17,25,0
2020-06-02,594,136,286,306,2,8,18,26,0
2020-06-03,640,144,304,333,3,9,19,28,0
2020-06-04,686,153,323,360,3,9,21,30,0
2020-06-05,737,163,344,390,3,10,22,32,0
2020-06-06,790,172,365,422,3,10,23,34,0
2020-06-07,846,183,388,455,3,11,24,36,0
2020-06-08,908,194,413,491,4,11,26,38,0
2020-06-09,971,205,438,529,4,12,27,40,0
2020-06-10,1038,217,465,569,4,13,28,43,0
2020-06-11,1111,230,494,612,5,13,30,45,0
2020-06-12,1186,243,523,658,5,14,31,48,0
2020-06-13,1266,256,555,706,5,14,33,51,0
2020-06-14,1351,271,588,757,6,15,35,54,0
2020-06-15,1440,286,623,811,6,15,36,57,0
2020-06-16,1534,301,659,868,7,16,38,61,0
2020-06-17,1633,317,697,929,7,17,40,64,0
2020-06-18,1738,333,737,993,8,17,42,68,1
2020-06-19,1848,350,779,1061,8,18,43,72,1
2020-06-20,1963,368,822,1132,9,18,45,76,1
2020-06-21,2084,386,867,1208,9,18,47,80,1
2020-06-22,2212,404,914,1288,10,19,49,84,1
2020-06-23,2345,423,962,1372,11,19,50,89,1
2020-06-24,2484,443,1013,1460,11,19,52,93,1
2020-06-25,2630,462,1065,1553,12,20,54,98,1
2020-06-26,2782,482,1118,1651,13,20,55,103,1
2020-06-27,2940,502,1173,1754,13,20,57,108,1
2020-06-28,3106,521,1230,1862,14,20,58,113,1
2020-06-29,3278,541,1288,1975,15,20,59,118,1
2020-06-30,3456,561,1347,2093,16,20,60,124,1
2020-07-01,3641,581,1407,2217,17,19,61,129,1
2020-07-02,3833,600,1468,2347,18,19,62,135,1
2020-07-03,4030,619,1529,2482,19,18,62,141,1
2020-07-04,4234,637,1592,2622,20,18,62,146,1
2020-07-05,4444,654,1654,2769,21,17,62,152,1
2020-07-06,4659,671,1716,2921,22,16,62,158,1
2020-07-07,4881,687,1778,3079,24,15,62,164,1
2020-07-08,5107,702,1840,3242,25,14,61,169,1
2020-07-09,5339,715,1901,3412,26,12,60,175,1
2020-07-10,5573,728,1960,3586,27,11,58,180,1
2020-07-11,5814,738,2018,3767,29,9,56,186,1
2020-07-12,6057,748,2075,3952,30,8,54,191,1
2020-07-13,6304,756,2129,4143,32,6,52,196,1
2020-07-14,6552,762,2180,4339,33,5,49,201,2
2020-07-15,6804,767,2230,4539,35,3,46,205,2
2020-07-16,7056,769,2276,4744,36,1,43,209,2
2020-07-17,7310,771,2318,4954,38,-1,39,213,2
2020-07-18,7564,770,2357,5167,40,-2,35,217,2
2020-07-19,7817,767,2392,5384,41,-4,31,220,2
2020-07-20,8071,763,2424,5604,43,-6,27,223,2
2020-07-21,8323,757,2451,5827,45,-8,22,225,2
2020-07-22,8571,750,2473,6052,46,-9,18,227,2
2020-07-23,8819,741,2491,6280,48,-11,13,229,2
2020-07-24,9063,730,2504,6509,50,-12,9,230,2
2020-07-25,9304,718,2513,6739,52,-13,4,231,2
2020-07-26,9539,705,2516,6970,53,-14,-1,231,2
2020-07-27,9773,690,2516,7202,55,-16,-6,231,2
2020-07-28,10000,675,2510,7433,57,-16,-10,231,2
2020-07-29,10223,659,2500,7664,59,-17,-15,230,2
2020-07-30,10439,641,2485,7894,60,-18,-19,229,2
2020-07-31,10650,623,2466,8122,62,-19,-23,227,2
2020-08-01,10856,605,2443,8349,64,-19,-27,225,2
2020-08-02,11056,586,2416,8574,66,-19,-31,222,2
2020-08-03,11248,567,2385,8796,67,-19,-34,219,2
2020-08-04,11435,547,2351,9015,69,-20,-38,216,2
2020-08-05,11615,528,2313,9231,71,-20,-41,213,2
2020-08-06,11789,508,2273,9444,72,-20,-43,209,2
2020-08-07,11956,488,2229,9653,74,-19,-46,205,2
2020-08-08,12118,469,2184,9858,76,-19,-48,201,2
2020-08-09,12272,450,2136,10059,77,-19,-50,196,2
2020-08-10,12421,431,2086,10256,79,-18,-51,192,1
2020-08-11,12562,413,2035,10447,80,-18,-53,187,1
2020-08-12,12698,395,1982,10635,81,-18,-54,182,1
2020-08-13,12829,377,1929,10817,83,-17,-54,177,1
2020-08-14,12952,360,1874,10994,84,-17,-55,172,1
2020-08-15,13072,343,1819,11167,86,-16,-55,167,1
2020-08-16,13185,327,1764,11334,87,-16,-56,162,1
2020-08-17,13292,312,1708,11496,88,-15,-56,157,1
2020-08-18,13394,297,1652,11653,89,-14,-55,152,1
2020-08-19,13492,282,1597,11805,90,-14,-55,147,1
2020-08-20,13586,268,1542,11952,92,-13,-54,142,1
2020-08-21,13675,255,1488,12094,93,-13,-54,137,1
2020-08-22,13759,242,1434,12231,94,-12,-53,132,1
2020-08-23,13839,230,1381,12363,95,-12,-52,127,1
2020-08-24,13915,219,1329,12490,96,-11,-51,122,1
2020-08-25,13987,207,1278,12612,97,-11,-50,118,1
2020-08-26,14054,197,1228,12729,97,-10,-49,113,1
2020-08-27,14119,187,1179,12842,98,-10,-48,108,1
2020-08-28,14181,177,1131,12951,99,-9,-46,104,1
2020-08-29,14239,168,1084,13055,100,-9,-45,100,1
2020-08-30,14294,159,1039,13154,101,-8,-44,96,1
2020-08-31,14346,151,995,13250,101,-8,-43,92,1
2020-09-01,14396,143,953,13341,102,-7,-41,88,1
2020-09-02,14444,135,912,13429,103,-7,-40,84,1
2020-09-03,14488,128,872,13513,103,-7,-39,80,1
2020-09-04,14530,122,833,13593,104,-6,-37,77,1
2020-09-05,14571,115,796,13670,105,-6,-36,73,1
2020-09-06,14608,109,760,13743,105,-6,-35,70,1
2020-09-07,14645,103,726,13813,106,-5,-33,67,1
2020-09-08,14679,98,693,13880,106,-5,-32,64,0
2020-09-09,14711,93,661,13943,107,-5,-31,61,0
2020-09-10,14741,88,630,14004,107,-5,-29,58,0
2020-09-11,14770,83,600,14062,108,-4,-28,55,0
2020-09-12,14797,79,572,14117,108,-4,-27,53,0
2020-09-13,14824,75,545,14170,109,-4,-26,50,0
2020-09-14,14848,71,519,14220,109,-4,-25,48,0
2020-09-15,14871,67,494,14268,109,-4,-24,45,0
2020-09-16,14894,63,471,14313,110,-3,-23,43,0
2020-09-17,14915,60,448,14357,110,-3,-22,41,0
2020-09-18,14934,57,426,14398,110,-3,-21,39,0
2020-09-19,14953,54,405,14437,111,-3,-20,37,0
2020-09-20,14970,51,385,14474,111,-3,-19,35,0
2020-09-21,14987,48,366,14510,111,-3,-18,34,0
2020-09-22,15002,46,348,14543,111,-2,-17,32,0
2020-09-23,15018,43,331,14575,112,-2,-16,30,0
2020-09-24,15033,41,315,14606,112,-2,-16,29,0
2020-09-25,15046,39,299,14635,112,-2,-15,28,0
2020-09-26,15058,37,284,14662,112,-2,-14,26,0
2020-09-27,15071,35,270,14688,113,-2,-14,25,0
2020-09-28,15082,33,256,14713,113,-2,-13,24,0
2020-09-29,15093,31,243,14737,113,-2,-12,22,0
2020-09-30,15103,30,231,14759,113,-2,-12,21,0
2020-10-01,15113,28,219,14781,113,-1,-11,20,0
2020-10-02,15122,26,208,14801,113,-1,-11,19,0
2020-10-03,15132,25,198,14820,114,-1,-10,18,0
2020-10-04,15140,24,188,14838,114,-1,-10,17,0
2020-10-05,15147,23,178,14855,114,-1,-9,16,0
2020-10-06,15155,21,169,14872,114,-1,-9,16,0
2020-10-07,15161,20,160,14887,114,-1,-8,15,0
2020-10-08,15168,19,152,14902,114,-1,-8,14,0
2020-10-09,15174,18,144,14916,114,-1,-7,13,0
2020-10-10,15180,17,137,14929,114,-1,-7,13,0
2020-10-11,15186,16,130,14942,114,-1,-7,12,0
2020-10-12,15192,15,123,14954,115,-1,-6,11,0
2020-10-13,15197,15,117,14965,115,-1,-6,11,0
2020-10-14,15202,14,111,14976,115,-1,-6,10,0
2020-10-15,15206,13,105,14986,115,-1,-5,10,0
2020-10-16,15211,12,100,14996,115,-1,-5,9,0
2020-10-17,15215,12,95,15005,115,-1,-5,9,0
2020-10-18,15219,11,90,15014,115,-1,-5,8,0
2020-10-19,15222,11,85,15022,115,-1,-4,8,0
2020-10-20,15226,10,81,15030,115,-1,-4,7,0
2020-10-21,15228,9,76,15037,115,0,-4,7,0
2020-10-22,15231,9,72,15044,115,0,-4,7,0
2020-10-23,15235,8,69,15051,115,0,-4,6,0
2020-10-24,15237,8,65,15057,115,0,-3,6,0
2020-10-25,15240,8,62,15063,115,0,-3,6,0
2020-10-26,15243,7,59,15069,115,0,-3,5,0
2020-10-27,15244,7,55,15074,115,0,-3,5,0
2020-10-28,15247,6,53,15079,115,0,-3,5,0
2020-10-29,15250,6,50,15084,116,0,-3,5,0
2020-10-30,15252,6,47,15089,116,0,-2,4,0
2020-10-31,15254,6,45,15093,116,0,-2,4,0
2020-11-01,15255,5,42,15097,116,0,-2,4,0
2020-11-02,15257,5,40,15101,116,0,-2,4,0
2020-11-03,15259,5,38,15105,116,0,-2,4,0
2020-11-04,15260,4,36,15108,116,0,-2,3,0
2020-11-05,15262,4,34,15112,116,0,-2,3,0
2020-11-06,15263,4,32,15115,116,0,-2,3,0
2020-11-07,15265,4,31,15118,116,0,-2,3,0
2020-11-08,15266,4,29,15121,116,0,-2,3,0
2020-11-09,15267,3,28,15123,116,0,-1,3,0
2020-11-10,15268,3,26,15126,116,0,-1,2,0
2020-11-11,15269,3,25,15128,116,0,-1,2,0
2020-11-12,15270,3,24,15130,116,0,-1,2,0
2020-11-13,15271,3,22,15133,116,0,-1,2,0
2020-11-14,15272,3,21,15135,116,0,-1,2,0
2020-11-15,15273,2,20,15137,116,0,-1,2,0
2020-11-16,15273,2,19,15138,116,0,-1,2,0
2020-11-17,15274,2,18,15140,116,0,-1,2,0
2020-11-18,15275,2,17,15142,116,0,-1,2,0
2020-11-19,15275,2,16,15143,116,0,-1,1,0
2020-11-20,15276,2,15,15145,116,0,-1,1,0
2020-11-21,15276,2,14,15146,116,0,-1,1,0
2020-11-22,15278,2,14,15148,116,0,-1,1,0
2020-11-23,15278,2,13,15149,116,0,-1,1,0
2020-11-24,15278,2,12,15150,116,0,-1,1,0
2020-11-25,15279,1,12,15151,116,0,-1,1,0
2020-11-26,15279,1,11,15152,116,0,-1,1,0
2020-11-27,15279,1,10,15153,116,0,-1,1,0
2020-11-28,15280,1,10,15154,116,0,-1,1,0
2020-11-29,15280,1,9,15155,116,0,0,1,0
2020-11-30,15281,1,9,15156,116,0,0,1,0
2020-12-01,15281,1,8,15157,116,0,0,1,0
2020-12-02,15282,1,8,15158,116,0,0,1,0
2020-12-03,15282,1,8,15158,116,0,0,1,0
2020-12-04,15282,1,7,15159,116,0,0,1,0
2020-12-05,15283,1,7,15160,116,0,0,1,0
2020-12-06,15282,1,6,15160,116,0,0,1,0
2020-12-07,15283,1,6,15161,116,0,0,1,0
2020-12-08,15284,1,6,15162,116,0,0,1,0
2020-12-09,15283,1,5,15162,116,0,0,1,0
2020-12-10,15284,1,5,15163,116,0,0,0,0
2020-12-11,15284,1,5,15163,116,0,0,0,0
2020-12-12,15285,1,5,15164,116,0,0,0,0
2020-12-13,15284,1,4,15164,116,0,0,0,0
2020-12-14,15284,1,4,15164,116,0,0,0,0
2020-12-15,15285,0,4,15165,116,0,0,0,0
2020-12-16,15285,0,4,15165,116,0,0,0,0
2020-12-17,15285,0,4,15165,116,0,0,0,0
2020-12-18,15285,0,3,15166,116,0,0,0,0
2020-12-19,15285,0,3,15166,116,0,0,0,0
2020-12-20,15285,0,3,15166,116,0,0,0,0
2020-12-21,15286,0,3,15167,116,0,0,0,0
2020-12-22,15286,0,3,15167,116,0,0,0,0
2020-12-23,15286,0,3,15167,116,0,0,0,0
2020-12-24,15285,0,2,15167,116,0,0,0,0
2020-12-25,15286,0,2,15168,116,0,0,0,0
2020-12-26,15286,0,2,15168,116,0,0,0,0
2020-12-27,15286,0,2,15168,116,0,0,0,0
2020-12-28,15286,0,2,15168,116,0,0,0,0
2020-12-29,15286,0,2,15168,116,0,0,0,0
2020-12-30,15287,0,2,15169,116,0,0,0,0
2020-12-31,15287,0,2,15169,116,0,0,0,0
2021-01-01,15287,0,2,15169,116,0,0,0,0
2021-01-02,15287,0,2,15169,116,0,0,0,0
2021-01-03,15286,0,1,15169,116,0,0,0,0
2021-01-04,15286,0,1,15169,116,0,0,0,0
2021-01-05,15286,0,1,15169,116,0,0,0,0
2021-01-06,15287,0,1,15170,116,0,0,0,0
2021-01-07,15287,0,1,15170,116,0,0,0,0
2021-01-08,15287,0,1,15170,116,0,0,0,0
2021-01-09,15287,0,1,15170,116,0,0,0,0
2021-01-10,15287,0,1,15170,116,0,0,0,0
2021-01-11,15287,0,1,15170,116,0,0,0,0
2021-01-12,15287,0,1,15170,116,0,0,0,0
2021-01-13,15287,0,1,15170,116,0,0,0,0
2021-01-14,15287,0,1,15170,116,0,0,0,0
2021-01-15,15287,0,1,15170,116,0,0,0,0
2021-01-16,15287,0,1,15170,116,0,0,0,0
2021-01-17,15288,0,1,15171,116,0,0,0,0
2021-01-18,15288,0,1,15171,116,0,0,0,0
2021-01-19,15288,0,1,15171,116,0,0,0,0
2021-01-20,15288,0,1,15171,116,0,0,0,0
2021-01-21,15288,0,1,15171,116,0,0,0,0
2021-01-22,15288,0,1,15171,116,0,0,0,0
2021-01-23,15287,0,0,15171,116,0,0,0,0
2021-01-24,15287,0,0,15171,116,0,0,0,0
2021-01-25,15287,0,0,15171,116,0,0,0,0
2021-01-26,15287,0,0,15171,116,0,0,0,0
2021-01-27,15287,0,0,15171,116,0,0,0,0
2021-01-28,15287,0,0,15171,116,0,0,0,0
2021-01-29,15287,0,0,15171,116,0,0,0,0
2021-01-30,15287,0,0,15171,116,0,0,0,0
2021-01-31,15287,0,0,15171,116,0,0,0,0
2021-02-01,15287,0,0,15171,116,0,0,0,0
2021-02-02,15287,0,0,15171,116,0,0,0,0
2021-02-03,15287,0,0,15171,116,0,0,0,0
2021-02-04,15287,0,0,15171,116,0,0,0,0
2021-02-05,15287,0,0,15171,116,0,0,0,0
2021-02-06,15287,0,0,15171,116,0,0,0,0
2021-02-07,15287,0,0,15171,116,0,0,0,0
2021-02-08,15287,0,0,15171,116,0,0,0,0
2021-02-09,15287,0,0,15171,116,0,0,0,0
2021-02-10,15287,0,0,15171,116,0,0,0,0
2021-02-11,15287,0,0,15171,116,0,0,0,0
2021-02-12,15287,0,0,15171,116,0,0,0,0
2021-02-13,15287,0,0,15171,116,0,0,0,0
2021-02-14,15287,0,0,15171,116,0,0,0,0
2021-02-15,15287,0,0,15171,116,0,0,0,0
2021-02-16,15287,0,0,15171,116,0,0,0,0
2021-02-17,15288,0,0,15172,116,0,0,0,0
2021-02-18,15288,0,0,15172,116,0,0,0,0
2021-02-19,15288,0,0,15172,116,0,0,0,0
2021-02-20,15288,0,0,15172,116,0,0,0,0
2021-02-21,15288,0,0,15172,116,0,0,0,0
2021-02-22,15288,0,0,15172,116,0,0,0,0
2021-02-23,15288,0,0,15172,116,0,0,0,0
2021-02-24,15288,0,0,15172,116,0,0,0,0
2021-02-25,15288,0,0,15172,116,0,0,0,0
2021-02-26,15288,0,0,15172,116,0,0,0,0
2021-02-27,15288,0,0,15172,116,0,0,0,0
2021-02-28,15288,0,0,15172,116,0,0,0,0
2021-03-01,15288,0,0,15172,116,0,0,0,0
2021-03-02,15288,0,0,15172,116,0,0,0,0
2021-03-03,15288,0,0,15172,116,0,0,0,0
2021-03-04,15288,0,0,15172,116,0,0,0,0
2021-03-05,15288,0,0,15172,116,0,0,0,0
2021-03-06,15288,0,0,15172,116,0,0,0,0
2021-03-07,15288,0,0,15172,116,0,0,0,0
2021-03-08,15288,0,0,15172,116,0,0,0,0
2021-03-09,15288,0,0,15172,116,0,0,0,0
2021-03-10,15288,0,0,15172,116,0,0,0,0
2021-03-11,15288,0,0,15172,116,0,0,0,0
2021-03-12,15288,0,0,15172,116,0,0,0,0
2021-03-13,15288,0,0,15172,116,0,0,0,0
2021-03-14,15288,0,0,15172,116,0,0,0,0
2021-03-15,15288,0,0,15172,116,0,0,0,0
2021-03-16,15288,0,0,15172,116,0,0,0,0
2021-03-17,15288,0,0,15172,116,0,0,0,0
2021-03-18,15288,0,0,15172,116,0,0,0,0
2021-03-19,15288,0,0,15172,116,0,0,0,0
2021-03-20,15288,0,0,15172,116,0,0,0,0
2021-03-21,15288,0,0,15172,116,0,0,0,0
2021-03-22,15288,0,0,15172,116,0,0,0,0
2021-03-23,15288,0,0,15172,116,0,0,0,0
2021-03-24,15288,0,0,15172,116,0,0,0,0
2021-03-25,15288,0,0,15172,116,0,0,0,0
2021-03-26,15288,0,0,15172,116,0,0,0,0
2021-03-27,15288,0,0,15172,116,0,0,0,0
2021-03-28,15288,0,0,15172,116,0,0,0,0
2021-03-29,15288,0,0,15172,116,0,0,0,0
2021-03-30,15288,0,0,15172,116,0,0,0,0
2021-03-31,15288,0,0,15172,116,0,0,0,0
2021-04-01,15288,0,0,15172,116,0,0,0,0
2021-04-02,15288,0,0,15172,116,0,0,0,0
2021-04-03,15288,0,0,15172,116,0,0,0,0
2021-04-04,15288,0,0,15172,116,0,0,0,0
2021-04-05,15288,0,0,15172,116,0,0,0,0
2021-04-06,15288,0,0,15172,116,0,0,0,0
2021-04-07,15288,0,0,15172,116,0,0,0,0
2021-04-08,15288,0,0,15172,116,0,0,0,0
2021-04-09,15288,0,0,15172,116,0,0,0,0
2021-04-10,15288,0,0,15172,116,0,0,0,0
2021-04-11,15288,0,0,15172,116,0,0,0,0
2021-04-12,15288,0,0,15172,116,0,0,0,0
2021-04-13,15288,0,0,15172,116,0,0,0,0
2021-04-14,15288,0,0,15172,116,0,0,0,0
2021-04-15,15288,0,0,15172,116,0,0,0,0
2021-04-16,15288,0,0,15172,116,0,0,0,0
2021-04-17,15288,0,0,15172,116,0,0,0,0
2021-04-18,15288,0,0,15172,116,0,0,0,0
2021-04-19,15288,0,0,15172,116,0,0,0,0
2021-04-20,15288,0,0,15172,116,0,0,0,0
2021-04-21,15288,0,0,15172,116,0,0,0,0
2021-04-22,15288,0,0,15172,116,0,0,0,0
2021-04-23,15288,0,0,15172,116,0,0,0,0
2021-04-24,15288,0,0,15172,116,0,0,0,0
2021-04-25,15288,0,0,15172,116,0,0,0,0
2021-04-26,15288,0,0,15172,116,0,0,0,0
2021-04-27,15288,0,0,15172,116,0,0,0,0
2021-04-28,15288,0,0,15172,116,0,0,0,0
2021-04-29,15288,0,0,15172,116,0,0,0,0
2021-04-30,15288,0,0,15172,116,0,0,0,0
2021-05-01,15288,0,0,15172,116,0,0,0,0
2021-05-02,15288,0,0,15172,116,0,0,0,0
2021-05-03,15288,0,0,15172,116,0,0,0,0
2021-05-04,15288,0,0,15172,116,0,0,0,0
2021-05-05,15288,0,0,15172,116,0,0,0,0
2021-05-06,15288,0,0,15172,116,0,0,0,0
2021-05-07,15288,0,0,15172,116,0,0,0,0
2021-05-08,15288,0,0,15172,116,0,0,0,0
2021-05-09,15288,0,0,15172,116,0,0,0,0
2021-05-10,15288,0,0,15172,116,0,0,0,0
2021-05-11,15288,0,0,15172,116,0,0,0,0
2021-05-12,15288,0,0,15172,116,0,0,0,0
2021-05-13,15288,0,0,15172,116,0,0,0,0
