Date,Infected,Exposed,Active,Recovered,Deaths,Diff Exposed,Diff Active,Diff Recovered,Diff Deaths
2020-05-22,872,241,513,357,2,19,52,57,0
2020-05-23,981,260,565,413,3,23,55,62,0
2020-05-24,1099,283,620,476,3,26,59,68,0
2020-05-25,1226,309,679,544,3,28,64,75,0
2020-05-26,1366,337,743,619,4,30,70,82,1
2020-05-27,1518,367,813,701,4,33,76,90,1
2020-05-28,1685,400,889,791,5,36,82,98,1
2020-05-29,1866,436,971,889,6,38,89,107,1
2020-05-30,2064,474,1061,997,6,41,97,117,1
2020-05-31,2278,515,1157,1114,7,44,105,128,1
2020-06-01,2512,559,1262,1242,8,47,113,139,1
2020-06-02,2765,606,1375,1381,9,50,122,152,1
2020-06-03,3039,656,1496,1533,10,53,131,165,1
2020-06-04,3336,710,1627,1698,11,56,140,180,1
2020-06-05,3658,766,1768,1878,12,59,150,195,1
2020-06-06,4004,825,1918,2073,13,62,161,212,1
2020-06-07,4377,888,2078,2285,14,65,171,230,1
2020-06-08,4780,953,2249,2515,16,68,182,248,2
2020-06-09,5211,1021,2431,2763,17,70,192,269,2
2020-06-10,5674,1091,2623,3032,19,72,203,290,2
2020-06-11,6168,1164,2826,3321,21,74,213,312,2
2020-06-12,6695,1237,3038,3634,23,75,222,336,2
2020-06-13,7255,1312,3261,3969,25,75,232,360,2
2020-06-14,7848,1387,3492,4329,27,75,240,386,2
2020-06-15,8476,1462,3732,4715,29,73,247,412,3
2020-06-16,9138,1535,3979,5127,32,71,253,440,3
2020-06-17,9834,1606,4232,5567,35,68,257,467,3
2020-06-18,10560,1675,4489,6034,37,64,259,496,3
2020-06-19,11319,1739,4748,6530,41,60,260,524,3
2020-06-20,12107,1799,5008,7055,44,54,258,553,3
2020-06-21,12921,1853,5266,7608,47,47,253,582,4
2020-06-22,13759,1899,5519,8189,51,39,246,610,4
2020-06-23,14619,1938,5765,8799,55,31,237,637,4
2020-06-24,15497,1969,6002,9436,59,22,224,663,4
2020-06-25,16389,1991,6227,10099,63,12,209,688,4
2020-06-26,17290,2003,6436,10787,67,2,191,711,4
2020-06-27,18196,2005,6627,11498,71,-8,171,732,5
2020-06-28,19104,1997,6798,12230,76,-17,149,751,5
2020-06-29,20009,1980,6947,12981,81,-27,124,767,5
2020-06-30,20904,1953,7071,13748,85,-36,98,781,5
2020-07-01,21789,1917,7170,14529,90,-44,71,792,5
2020-07-02,22657,1873,7241,15321,95,-51,43,800,5
2020-07-03,23505,1822,7284,16121,100,-58,15,805,5
2020-07-04,24330,1764,7299,16926,105,-63,-13,806,5
2020-07-05,25129,1700,7287,17732,110,-68,-40,805,5
2020-07-06,25899,1633,7247,18537,115,-71,-66,800,5
2020-07-07,26637,1561,7180,19337,120,-74,-91,793,5
2020-07-08,27344,1487,7089,20130,125,-75,-115,783,5
2020-07-09,28017,1412,6974,20913,130,-76,-136,770,5
2020-07-10,28657,1337,6839,21684,134,-75,-155,755,5
2020-07-11,29262,1261,6684,22439,139,-74,-172,738,5
2020-07-12,29833,1187,6512,23177,144,-73,-186,719,4
2020-07-13,30370,1114,6325,23897,148,-71,-199,699,4
2020-07-14,30875,1044,6127,24595,153,-68,-209,677,4
2020-07-15,31347,975,5918,25272,157,-65,-216,654,4
2020-07-16,31789,910,5702,25926,161,-62,-222,630,4
2020-07-17,32201,848,5480,26556,165,-59,-225,605,4
2020-07-18,32584,789,5255,27161,168,-56,-227,580,4
2020-07-19,32942,733,5028,27742,172,-53,-227,555,3
2020-07-20,33274,680,4801,28297,176,-49,-226,530,3
2020-07-21,33581,631,4575,28827,179,-46,-223,505,3
2020-07-22,33868,585,4353,29333,182,-43,-219,481,3
2020-07-23,34132,542,4133,29814,185,-40,-214,457,3
2020-07-24,34377,501,3919,30270,188,-37,-209,433,3
2020-07-25,34604,464,3711,30703,190,-35,-202,410,3
2020-07-26,34814,429,3508,31113,193,-32,-196,388,2
2020-07-27,35008,397,3312,31501,195,-30,-189,366,2
2020-07-28,35188,367,3124,31866,198,-28,-181,345,2
2020-07-29,35355,339,2943,32212,200,-26,-173,325,2
2020-07-30,35508,314,2769,32537,202,-24,-166,306,2
2020-07-31,35651,290,2604,32843,204,-22,-158,288,2
2020-08-01,35781,268,2446,33130,205,-20,-150,270,2
2020-08-02,35902,248,2295,33400,207,-19,-143,254,2
2020-08-03,36015,229,2152,33654,209,-17,-135,238,1
2020-08-04,36119,212,2017,33892,210,-16,-128,223,1
2020-08-05,36215,196,1889,34114,212,-15,-121,209,1
2020-08-06,36304,181,1768,34323,213,-14,-114,195,1
2020-08-07,36385,168,1653,34518,214,-13,-108,183,1
2020-08-08,36461,155,1545,34701,215,-12,-101,171,1
2020-08-09,36532,144,1444,34872,216,-11,-95,160,1
2020-08-10,36597,133,1349,35031,217,-10,-90,149,1
2020-08-11,36657,123,1259,35180,218,-9,-84,139,1
2020-08-12,36713,114,1175,35319,219,-8,-79,130,1
2020-08-13,36765,106,1096,35449,220,-8,-74,121,1
2020-08-14,36813,98,1022,35570,221,-7,-69,113,1
2020-08-15,36856,91,952,35683,221,-7,-65,105,1
2020-08-16,36898,84,888,35788,222,-6,-61,98,1
2020-08-17,36936,78,827,35886,223,-6,-57,91,1
2020-08-18,36970,72,770,35977,223,-5,-53,85,1
2020-08-19,37003,67,717,36062,224,-5,-50,79,0
2020-08-20,37034,62,668,36142,224,-5,-46,74,0
2020-08-21,37061,57,621,36215,225,-4,-43,69,0
2020-08-22,37087,53,578,36284,225,-4,-40,64,0
2020-08-23,37111,49,538,36348,225,-4,-38,59,0
2020-08-24,37134,46,501,36407,226,-3,-35,55,0
2020-08-25,37155,42,466,36463,226,-3,-33,51,0
2020-08-26,37173,39,433,36514,226,-3,-30,48,0
2020-08-27,37192,36,403,36562,227,-3,-28,44,0
2020-08-28,37207,34,374,36606,227,-2,-26,41,0
2020-08-29,37223,31,348,36648,227,-2,-25,38,0
2020-08-30,37238,29,324,36686,228,-2,-23,36,0
2020-08-31,37251,27,301,36722,228,-2,-21,33,0
2020-09-01,37262,25,279,36755,228,-2,-20,31,0
2020-09-02,37274,23,260,36786,228,-2,-18,29,0
2020-09-03,37284,21,241,36815,228,-2,-17,27,0
2020-09-04,37294,20,224,36841,229,-1,-16,25,0
2020-09-05,37303,19,208,36866,229,-1,-15,23,0
2020-09-06,37312,17,194,36889,229,-1,-14,21,0
2020-09-07,37319,16,180,36910,229,-1,-13,20,0
2020-09-08,37326,15,167,36930,229,-1,-12,18,0
2020-09-09,37333,14,155,36949,229,-1,-11,17,0
2020-09-10,37339,13,144,36966,229,-1,-10,16,0
2020-09-11,37345,12,134,36982,229,-1,-10,15,0
2020-09-12,37350,11,124,36997,229,-1,-9,14,0
2020-09-13,37355,10,115,37010,230,-1,-8,13,0
2020-09-14,37360,9,107,37023,230,-1,-8,12,0
2020-09-15,37365,9,100,37035,230,-1,-7,11,0
2020-09-16,37369,8,93,37046,230,-1,-7,10,0
2020-09-17,37372,8,86,37056,230,-1,-6,9,0
2020-09-18,37376,7,80,37066,230,-1,-6,9,0
2020-09-19,37379,6,74,37075,230,0,-5,8,0
2020-09-20,37382,6,69,37083,230,0,-5,8,0
2020-09-21,37384,6,64,37090,230,0,-5,7,0
2020-09-22,37386,5,59,37097,230,0,-4,7,0
2020-09-23,37389,5,55,37104,230,0,-4,6,0
2020-09-24,37391,4,51,37110,230,0,-4,6,0
2020-09-25,37393,4,47,37116,230,0,-3,5,0
2020-09-26,37395,4,44,37121,230,0,-3,5,0
2020-09-27,37397,4,41,37126,230,0,-3,5,0
2020-09-28,37398,3,38,37130,230,0,-3,4,0
2020-09-29,37399,3,35,37134,230,0,-3,4,0
2020-09-30,37401,3,33,37138,230,0,-2,4,0
2020-10-01,37402,3,30,37142,230,0,-2,3,0
2020-10-02,37403,2,28,37145,230,0,-2,3,0
2020-10-03,37404,2,26,37148,230,0,-2,3,0
2020-10-04,37405,2,24,37151,230,0,-2,3,0
2020-10-05,37407,2,23,37154,230,0,-2,2,0
2020-10-06,37408,2,21,37157,230,0,-2,2,0
2020-10-07,37408,2,19,37159,230,0,-1,2,0
2020-10-08,37409,2,18,37161,230,0,-1,2,0
2020-10-09,37410,1,17,37163,230,0,-1,2,0
2020-10-10,37412,1,16,37165,231,0,-1,2,0
2020-10-11,37412,1,14,37167,231,0,-1,2,0
2020-10-12,37412,1,13,37168,231,0,-1,1,0
2020-10-13,37413,1,12,37170,231,0,-1,1,0
2020-10-14,37414,1,12,37171,231,0,-1,1,0
2020-10-15,37414,1,11,37172,231,0,-1,1,0
2020-10-16,37415,1,10,37174,231,0,-1,1,0
2020-10-17,37415,1,9,37175,231,0,-1,1,0
2020-10-18,37416,1,9,37176,231,0,-1,1,0
2020-10-19,37416,1,8,37177,231,0,-1,1,0
2020-10-20,37415,1,7,37177,231,0,-1,1,0
2020-10-21,37416,1,7,37178,231,0,0,1,0
2020-10-22,37416,1,6,37179,231,0,0,1,0
2020-10-23,37417,1,6,37180,231,0,0,1,0
2020-10-24,37417,0,6,37180,231,0,0,1,0
2020-10-25,37417,0,5,37181,231,0,0,1,0
2020-10-26,37418,0,5,37182,231,0,0,1,0
2020-10-27,37417,0,4,37182,231,0,0,0,0
2020-10-28,37418,0,4,37183,231,0,0,0,0
2020-10-29,37418,0,4,37183,231,0,0,0,0
2020-10-30,37418,0,4,37183,231,0,0,0,0
2020-10-31,37418,0,3,37184,231,0,0,0,0
2020-11-01,37418,0,3,37184,231,0,0,0,0
2020-11-02,37419,0,3,37185,231,0,0,0,0
2020-11-03,37419,0,3,37185,231,0,0,0,0
2020-11-04,37418,0,2,37185,231,0,0,0,0
2020-11-05,37418,0,2,37185,231,0,0,0,0
2020-11-06,37419,0,2,37186,231,0,0,0,0
2020-11-07,37419,0,2,37186,231,0,0,0,0
2020-11-08,37419,0,2,37186,231,0,0,0,0
2020-11-09,37419,0,2,37186,231,0,0,0,0
2020-11-10,37419,0,2,37186,231,0,0,0,0
2020-11-11,37419,0,1,37187,231,0,0,0,0
2020-11-12,37419,0,1,37187,231,0,0,0,0
2020-11-13,37419,0,1,37187,231,0,0,0,0
2020-11-14,37419,0,1,37187,231,0,0,0,0
2020-11-15,37419,0,1,37187,231,0,0,0,0
2020-11-16,37419,0,1,37187,231,0,0,0,0
2020-11-17,37419,0,1,37187,231,0,0,0,0
2020-11-18,37420,0,1,37188,231,0,0,0,0
2020-11-19,37420,0,1,37188,231,0,0,0,0
2020-11-20,37420,0,1,37188,231,0,0,0,0
2020-11-21,37420,0,1,37188,231,0,0,0,0
2020-11-22,37420,0,1,37188,231,0,0,0,0
2020-11-23,37420,0,1,37188,231,0,0,0,0
2020-11-24,37420,0,1,37188,231,0,0,0,0
2020-11-25,37420,0,1,37188,231,0,0,0,0
2020-11-26,37419,0,0,37188,231,0,0,0,0
2020-11-27,37419,0,0,37188,231,0,0,0,0
2020-11-28,37419,0,0,37188,231,0,0,0,0
2020-11-29,37419,0,0,37188,231,0,0,0,0
2020-11-30,37419,0,0,37188,231,0,0,0,0
2020-12-01,37419,0,0,37188,231,0,0,0,0
2020-12-02,37419,0,0,37188,231,0,0,0,0
2020-12-03,37419,0,0,37188,231,0,0,0,0
2020-12-04,37419,0,0,37188,231,0,0,0,0
2020-12-05,37420,0,0,37189,231,0,0,0,0
2020-12-06,37420,0,0,37189,231,0,0,0,0
2020-12-07,37420,0,0,37189,231,0,0,0,0
2020-12-08,37420,0,0,37189,231,0,0,0,0
2020-12-09,37420,0,0,37189,231,0,0,0,0
2020-12-10,37420,0,0,37189,231,0,0,0,0
2020-12-11,37420,0,0,37189,231,0,0,0,0
2020-12-12,37420,0,0,37189,231,0,0,0,0
2020-12-13,37420,0,0,37189,231,0,0,0,0
2020-12-14,37420,0,0,37189,231,0,0,0,0
2020-12-15,37420,0,0,37189,231,0,0,0,0
2020-12-16,37420,0,0,37189,231,0,0,0,0
2020-12-17,37420,0,0,37189,231,0,0,0,0
2020-12-18,37420,0,0,37189,231,0,0,0,0
2020-12-19,37420,0,0,37189,231,0,0,0,0
2020-12-20,37420,0,0,37189,231,0,0,0,0
2020-12-21,37420,0,0,37189,231,0,0,0,0
2020-12-22,37420,0,0,37189,231,0,0,0,0
2020-12-23,37420,0,0,37189,231,0,0,0,0
2020-12-24,37420,0,0,37189,231,0,0,0,0
2020-12-25,37420,0,0,37189,231,0,0,0,0
2020-12-26,37420,0,0,37189,231,0,0,0,0
2020-12-27,37420,0,0,37189,231,0,0,0,0
2020-12-28,37420,0,0,37189,231,0,0,0,0
2020-12-29,37420,0,0,37189,231,0,0,0,0
2020-12-30,37420,0,0,37189,231,0,0,0,0
2020-12-31,37420,0,0,37189,231,0,0,0,0
2021-01-01,37420,0,0,37189,231,0,0,0,0
2021-01-02,37420,0,0,37189,231,0,0,0,0
2021-01-03,37420,0,0,37189,231,0,0,0,0
2021-01-04,37420,0,0,37189,231,0,0,0,0
2021-01-05,37420,0,0,37189,231,0,0,0,0
2021-01-06,37420,0,0,37189,231,0,0,0,0
2021-01-07,37420,0,0,37189,231,0,0,0,0
2021-01-08,37420,0,0,37189,231,0,0,0,0
2021-01-09,37420,0,0,37189,231,0,0,0,0
2021-01-10,37420,0,0,37189,231,0,0,0,0
2021-01-11,37420,0,0,37189,231,0,0,0,0
2021-01-12,37420,0,0,37189,231,0,0,0,0
2021-01-13,37420,0,0,37189,231,0,0,0,0
2021-01-14,37420,0,0,37189,231,0,0,0,0
2021-01-15,37420,0,0,37189,231,0,0,0,0
2021-01-16,37420,0,0,37189,231,0,0,0,0
2021-01-17,37420,0,0,37189,231,0,0,0,0
2021-01-18,37420,0,0,37189,231,0,0,0,0
2021-01-19,37420,0,0,37189,231,0,0,0,0
2021-01-20,37420,0,0,37189,231,0,0,0,0
2021-01-21,37420,0,0,37189,231,0,0,0,0
2021-01-22,37420,0,0,37189,231,0,0,0,0
2021-01-23,37420,0,0,37189,231,0,0,0,0
2021-01-24,37420,0,0,37189,231,0,0,0,0
2021-01-25,37420,0,0,37189,231,0,0,0,0
2021-01-26,37420,0,0,37189,231,0,0,0,0
2021-01-27,37420,0,0,37189,231,0,0,0,0
2021-01-28,37420,0,0,37189,231,0,0,0,0
2021-01-29,37420,0,0,37189,231,0,0,0,0
2021-01-30,37420,0,0,37189,231,0,0,0,0
2021-01-31,37420,0,0,37189,231,0,0,0,0
2021-02-01,37420,0,0,37189,231,0,0,0,0
2021-02-02,37420,0,0,37189,231,0,0,0,0
2021-02-03,37420,0,0,37189,231,0,0,0,0
2021-02-04,37420,0,0,37189,231,0,0,0,0
2021-02-05,37420,0,0,37189,231,0,0,0,0
2021-02-06,37420,0,0,37189,231,0,0,0,0
2021-02-07,37420,0,0,37189,231,0,0,0,0
2021-02-08,37420,0,0,37189,231,0,0,0,0
2021-02-09,37420,0,0,37189,231,0,0,0,0
2021-02-10,37420,0,0,37189,231,0,0,0,0
2021-02-11,37420,0,0,37189,231,0,0,0,0
2021-02-12,37420,0,0,37189,231,0,0,0,0
2021-02-13,37420,0,0,37189,231,0,0,0,0
2021-02-14,37420,0,0,37189,231,0,0,0,0
2021-02-15,37420,0,0,37189,231,0,0,0,0
2021-02-16,37420,0,0,37189,231,0,0,0,0
2021-02-17,37420,0,0,37189,231,0,0,0,0
2021-02-18,37420,0,0,37189,231,0,0,0,0
2021-02-19,37420,0,0,37189,231,0,0,0,0
2021-02-20,37420,0,0,37189,231,0,0,0,0
2021-02-21,37420,0,0,37189,231,0,0,0,0
2021-02-22,37420,0,0,37189,231,0,0,0,0
2021-02-23,37420,0,0,37189,231,0,0,0,0
2021-02-24,37420,0,0,37189,231,0,0,0,0
2021-02-25,37420,0,0,37189,231,0,0,0,0
2021-02-26,37420,0,0,37189,231,0,0,0,0
2021-02-27,37420,0,0,37189,231,0,0,0,0
2021-02-28,37420,0,0,37189,231,0,0,0,0
2021-03-01,37420,0,0,37189,231,0,0,0,0
2021-03-02,37420,0,0,37189,231,0,0,0,0
2021-03-03,37420,0,0,37189,231,0,0,0,0
2021-03-04,37420,0,0,37189,231,0,0,0,0
2021-03-05,37420,0,0,37189,231,0,0,0,0
2021-03-06,37420,0,0,37189,231,0,0,0,0
2021-03-07,37420,0,0,37189,231,0,0,0,0
2021-03-08,37420,0,0,37189,231,0,0,0,0
2021-03-09,37420,0,0,37189,231,0,0,0,0
2021-03-10,37420,0,0,37189,231,0,0,0,0
2021-03-11,37420,0,0,37189,231,0,0,0,0
2021-03-12,37420,0,0,37189,231,0,0,0,0
2021-03-13,37420,0,0,37189,231,0,0,0,0
2021-03-14,37420,0,0,37189,231,0,0,0,0
2021-03-15,37420,0,0,37189,231,0,0,0,0
2021-03-16,37420,0,0,37189,231,0,0,0,0
2021-03-17,37420,0,0,37189,231,0,0,0,0
2021-03-18,37420,0,0,37189,231,0,0,0,0
2021-03-19,37420,0,0,37189,231,0,0,0,0
2021-03-20,37420,0,0,37189,231,0,0,0,0
2021-03-21,37420,0,0,37189,231,0,0,0,0
2021-03-22,37420,0,0,37189,231,0,0,0,0
2021-03-23,37420,0,0,37189,231,0,0,0,0
2021-03-24,37420,0,0,37189,231,0,0,0,0
2021-03-25,37420,0,0,37189,231,0,0,0,0
2021-03-26,37420,0,0,37189,231,0,0,0,0
2021-03-27,37420,0,0,37189,231,0,0,0,0
2021-03-28,37420,0,0,37189,231,0,0,0,0
2021-03-29,37420,0,0,37189,231,0,0,0,0
2021-03-30,37420,0,0,37189,231,0,0,0,0
2021-03-31,37420,0,0,37189,231,0,0,0,0
2021-04-01,37420,0,0,37189,231,0,0,0,0
2021-04-02,37420,0,0,37189,231,0,0,0,0
2021-04-03,37420,0,0,37189,231,0,0,0,0
2021-04-04,37420,0,0,37189,231,0,0,0,0
2021-04-05,37420,0,0,37189,231,0,0,0,0
2021-04-06,37420,0,0,37189,231,0,0,0,0
2021-04-07,37420,0,0,37189,231,0,0,0,0
2021-04-08,37420,0,0,37189,231,0,0,0,0
2021-04-09,37420,0,0,37189,231,0,0,0,0
2021-04-10,37420,0,0,37189,231,0,0,0,0
2021-04-11,37420,0,0,37189,231,0,0,0,0
2021-04-12,37420,0,0,37189,231,0,0,0,0
2021-04-13,37420,0,0,37189,231,0,0,0,0
2021-04-14,37420,0,0,37189,231,0,0,0,0
2021-04-15,37420,0,0,37189,231,0,0,0,0
2021-04-16,37420,0,0,37189,231,0,0,0,0
2021-04-17,37420,0,0,37189,231,0,0,0,0
2021-04-18,37420,0,0,37189,231,0,0,0,0
2021-04-19,37420,0,0,37189,231,0,0,0,0
2021-04-20,37420,0,0,37189,231,0,0,0,0
2021-04-21,37420,0,0,37189,231,0,0,0,0
2021-04-22,37420,0,0,37189,231,0,0,0,0
2021-04-23,37420,0,0,37189,231,0,0,0,0
2021-04-24,37420,0,0,37189,231,0,0,0,0
2021-04-25,37420,0,0,37189,231,0,0,0,0
2021-04-26,37420,0,0,37189,231,0,0,0,0
2021-04-27,37420,0,0,37189,231,0,0,0,0
2021-04-28,37420,0,0,37189,231,0,0,0,0
2021-04-29,37420,0,0,37189,231,0,0,0,0
2021-04-30,37420,0,0,37189,231,0,0,0,0
2021-05-01,37420,0,0,37189,231,0,0,0,0
2021-05-02,37420,0,0,37189,231,0,0,0,0
2021-05-03,37420,0,0,37189,231,0,0,0,0
2021-05-04,37420,0,0,37189,231,0,0,0,0
2021-05-05,37420,0,0,37189,231,0,0,0,0
2021-05-06,37420,0,0,37189,231,0,0,0,0
2021-05-07,37420,0,0,37189,231,0,0,0,0
2021-05-08,37420,0,0,37189,231,0,0,0,0
2021-05-09,37420,0,0,37189,231,0,0,0,0
2021-05-10,37420,0,0,37189,231,0,0,0,0
2021-05-11,37420,0,0,37189,231,0,0,0,0
2021-05-12,37420,0,0,37189,231,0,0,0,0
2021-05-13,37420,0,0,37189,231,0,0,0,0
2021-05-14,37420,0,0,37189,231,0,0,0,0
2021-05-15,37420,0,0,37189,231,0,0,0,0
2021-05-16,37420,0,0,37189,231,0,0,0,0
2021-05-17,37420,0,0,37189,231,0,0,0,0
