Date,Infected,Exposed,Active,Recovered,Deaths,Diff Exposed,Diff Active,Diff Recovered,Diff Deaths
2020-05-20,340,67,201,136,3,-4,18,14,0
2020-05-21,372,63,219,150,3,1,15,15,0
2020-05-22,403,64,234,165,4,2,14,16,0
2020-05-23,433,66,248,181,4,3,14,17,0
2020-05-24,464,70,262,198,4,4,15,18,0
2020-05-25,498,73,277,216,5,4,16,19,0
2020-05-26,533,77,293,235,5,4,16,20,0
2020-05-27,570,81,309,255,6,4,17,21,0
2020-05-28,608,86,326,276,6,5,18,22,0
2020-05-29,649,90,344,298,7,5,19,24,1
2020-05-30,692,95,363,322,7,5,20,25,1
2020-05-31,737,100,383,346,8,5,21,26,1
2020-06-01,785,106,404,373,8,6,22,28,1
2020-06-02,835,111,426,400,9,6,23,29,1
2020-06-03,888,117,449,429,10,6,24,31,1
2020-06-04,943,123,473,460,10,6,25,32,1
2020-06-05,1002,129,499,492,11,7,27,34,1
2020-06-06,1064,136,526,526,12,7,28,36,1
2020-06-07,1129,143,554,562,13,7,29,38,1
2020-06-08,1196,150,583,600,13,8,31,40,1
2020-06-09,1268,158,614,640,14,8,32,42,1
2020-06-10,1343,166,646,682,15,8,34,44,1
2020-06-11,1422,174,680,726,16,8,35,46,1
2020-06-12,1505,182,715,773,17,9,37,49,1
2020-06-13,1592,191,752,822,18,9,38,51,1
2020-06-14,1682,200,790,873,19,9,40,54,1
2020-06-15,1778,210,830,927,21,10,42,57,1
2020-06-16,1878,220,872,984,22,10,44,60,1
2020-06-17,1983,230,916,1044,23,10,45,63,1
2020-06-18,2092,240,961,1106,25,11,47,66,1
2020-06-19,2206,251,1008,1172,26,11,49,69,2
2020-06-20,2326,262,1057,1241,28,11,51,72,2
2020-06-21,2450,273,1108,1313,29,12,53,76,2
2020-06-22,2581,285,1161,1389,31,12,55,79,2
2020-06-23,2717,297,1215,1469,33,12,56,83,2
2020-06-24,2859,309,1272,1552,35,12,58,87,2
2020-06-25,3006,321,1330,1639,37,13,60,91,2
2020-06-26,3159,334,1390,1730,39,13,62,95,2
2020-06-27,3318,347,1452,1825,41,13,64,99,2
2020-06-28,3483,360,1516,1924,43,13,65,104,2
2020-06-29,3654,373,1581,2028,45,13,67,108,2
2020-06-30,3832,386,1648,2136,48,13,69,113,3
2020-07-01,4016,399,1717,2249,50,13,70,117,3
2020-07-02,4206,412,1787,2366,53,13,72,122,3
2020-07-03,4401,426,1858,2488,55,13,73,127,3
2020-07-04,4605,439,1931,2616,58,13,74,132,3
2020-07-05,4814,452,2005,2748,61,13,75,137,3
2020-07-06,5029,465,2080,2885,64,13,76,142,3
2020-07-07,5250,477,2156,3027,67,12,77,147,3
2020-07-08,5478,489,2232,3175,71,12,77,153,3
2020-07-09,5711,501,2310,3327,74,12,77,158,4
2020-07-10,5950,513,2387,3485,78,11,77,163,4
2020-07-11,6194,524,2464,3649,81,11,77,169,4
2020-07-12,6444,535,2542,3817,85,10,77,174,4
2020-07-13,6698,545,2618,3991,89,9,76,179,4
2020-07-14,6958,554,2695,4170,93,9,75,184,4
2020-07-15,7222,563,2770,4355,97,8,74,190,4
2020-07-16,7489,570,2844,4544,101,7,73,195,4
2020-07-17,7762,578,2917,4739,106,6,71,200,4
2020-07-18,8036,584,2988,4938,110,5,69,204,5
2020-07-19,8316,589,3058,5143,115,5,67,209,5
2020-07-20,8596,594,3125,5352,119,4,64,214,5
2020-07-21,8879,598,3189,5566,124,3,62,218,5
2020-07-22,9164,600,3251,5784,129,2,59,222,5
2020-07-23,9449,602,3309,6006,134,1,55,226,5
2020-07-24,9736,603,3365,6232,139,0,52,230,5
2020-07-25,10024,603,3417,6463,144,-1,48,234,5
2020-07-26,10310,601,3465,6696,149,-2,44,237,5
2020-07-27,10597,599,3509,6933,155,-3,40,240,5
2020-07-28,10882,596,3549,7173,160,-4,36,243,5
2020-07-29,11166,592,3585,7416,165,-5,31,245,5
2020-07-30,11448,587,3616,7661,171,-6,27,247,6
2020-07-31,11728,581,3643,7909,176,-7,22,249,6
2020-08-01,12005,575,3665,8158,182,-7,18,251,6
2020-08-02,12279,567,3683,8409,187,-8,13,252,6
2020-08-03,12549,559,3695,8661,193,-9,8,253,6
2020-08-04,12816,551,3704,8913,199,-9,3,253,6
2020-08-05,13078,541,3707,9167,204,-10,-1,254,6
2020-08-06,13335,531,3705,9420,210,-10,-6,253,6
2020-08-07,13589,521,3699,9674,216,-11,-11,253,6
2020-08-08,13837,510,3689,9927,221,-11,-15,252,6
2020-08-09,14080,499,3674,10179,227,-12,-19,251,6
2020-08-10,14319,487,3655,10431,233,-12,-24,250,6
2020-08-11,14550,475,3631,10681,238,-12,-28,248,6
2020-08-12,14776,463,3603,10929,244,-12,-31,247,5
2020-08-13,14997,451,3572,11176,249,-12,-35,244,5
2020-08-14,15212,438,3537,11420,255,-13,-39,242,5
2020-08-15,15420,426,3498,11662,260,-13,-42,239,5
2020-08-16,15623,413,3457,11901,265,-13,-45,236,5
2020-08-17,15821,401,3412,12138,271,-12,-48,233,5
2020-08-18,16011,388,3364,12371,276,-12,-50,230,5
2020-08-19,16196,376,3314,12601,281,-12,-53,227,5
2020-08-20,16375,364,3261,12828,286,-12,-55,223,5
2020-08-21,16548,351,3206,13051,291,-12,-57,219,5
2020-08-22,16715,339,3149,13270,296,-12,-59,215,5
2020-08-23,16878,328,3091,13486,301,-12,-60,211,5
2020-08-24,17033,316,3031,13697,305,-11,-61,207,5
2020-08-25,17183,305,2969,13904,310,-11,-62,203,5
2020-08-26,17329,294,2907,14108,314,-11,-63,199,4
2020-08-27,17469,283,2844,14306,319,-11,-64,195,4
2020-08-28,17604,272,2780,14501,323,-10,-65,190,4
2020-08-29,17733,262,2715,14691,327,-10,-65,186,4
2020-08-30,17859,252,2650,14877,332,-10,-65,181,4
2020-08-31,17979,243,2585,15058,336,-9,-65,177,4
2020-09-01,18095,233,2520,15235,340,-9,-65,172,4
2020-09-02,18205,224,2455,15407,343,-9,-65,168,4
2020-09-03,18312,215,2390,15575,347,-9,-65,163,4
2020-09-04,18415,207,2325,15739,351,-8,-64,159,4
2020-09-05,18513,199,2261,15898,354,-8,-64,155,3
2020-09-06,18609,191,2198,16053,358,-8,-63,150,3
2020-09-07,18699,183,2135,16203,361,-7,-62,146,3
2020-09-08,18786,176,2073,16349,364,-7,-61,142,3
2020-09-09,18870,168,2011,16491,368,-7,-60,138,3
2020-09-10,18950,162,1951,16628,371,-7,-59,133,3
2020-09-11,19027,155,1891,16762,374,-6,-58,129,3
2020-09-12,19101,149,1833,16891,377,-6,-57,125,3
2020-09-13,19172,143,1776,17017,379,-6,-56,121,3
2020-09-14,19239,137,1719,17138,382,-6,-55,118,3
2020-09-15,19305,131,1664,17256,385,-5,-54,114,3
2020-09-16,19366,126,1610,17369,387,-5,-53,110,2
2020-09-17,19428,120,1558,17480,390,-5,-52,107,2
2020-09-18,19484,115,1506,17586,392,-5,-50,103,2
2020-09-19,19539,111,1456,17689,394,-5,-49,100,2
2020-09-20,19593,106,1407,17789,397,-4,-48,96,2
2020-09-21,19643,102,1359,17885,399,-4,-47,93,2
2020-09-22,19691,97,1312,17978,401,-4,-45,90,2
2020-09-23,19738,93,1267,18068,403,-4,-44,87,2
2020-09-24,19782,90,1223,18154,405,-4,-43,84,2
2020-09-25,19825,86,1180,18238,407,-4,-42,81,2
2020-09-26,19865,82,1138,18319,408,-3,-40,78,2
2020-09-27,19905,79,1098,18397,410,-3,-39,75,2
2020-09-28,19943,75,1059,18472,412,-3,-38,72,2
2020-09-29,19978,72,1021,18544,413,-3,-37,70,2
2020-09-30,20013,69,984,18614,415,-3,-36,67,1
2020-10-01,20045,66,948,18681,416,-3,-35,65,1
2020-10-02,20077,64,913,18746,418,-3,-34,62,1
2020-10-03,20108,61,880,18809,419,-3,-32,60,1
2020-10-04,20137,58,847,18869,421,-2,-31,58,1
2020-10-05,20165,56,816,18927,422,-2,-30,56,1
2020-10-06,20192,54,786,18983,423,-2,-29,54,1
2020-10-07,20216,51,756,19036,424,-2,-28,52,1
2020-10-08,20241,49,728,19088,425,-2,-27,50,1
2020-10-09,20265,47,700,19138,427,-2,-26,48,1
2020-10-10,20288,45,674,19186,428,-2,-26,46,1
2020-10-11,20309,43,648,19232,429,-2,-25,44,1
2020-10-12,20330,42,624,19276,430,-2,-24,43,1
2020-10-13,20350,40,600,19319,431,-2,-23,41,1
2020-10-14,20369,38,577,19360,432,-2,-22,39,1
2020-10-15,20386,37,555,19399,432,-2,-21,38,1
2020-10-16,20404,35,534,19437,433,-1,-21,36,1
2020-10-17,20421,34,513,19474,434,-1,-20,35,1
2020-10-18,20437,32,493,19509,435,-1,-19,34,1
2020-10-19,20453,31,474,19543,436,-1,-18,32,1
2020-10-20,20467,30,456,19575,436,-1,-18,31,1
2020-10-21,20481,28,438,19606,437,-1,-17,30,1
2020-10-22,20495,27,421,19636,438,-1,-16,29,1
2020-10-23,20507,26,404,19665,438,-1,-16,28,1
2020-10-24,20521,25,389,19693,439,-1,-15,27,1
2020-10-25,20532,24,373,19719,440,-1,-15,26,1
2020-10-26,20544,23,359,19745,440,-1,-14,25,1
2020-10-27,20555,22,345,19769,441,-1,-14,24,1
2020-10-28,20565,21,331,19793,441,-1,-13,23,1
2020-10-29,20576,20,318,19816,442,-1,-13,22,0
2020-10-30,20584,19,305,19837,442,-1,-12,21,0
2020-10-31,20594,19,293,19858,443,-1,-12,20,0
2020-11-01,20603,18,282,19878,443,-1,-11,19,0
2020-11-02,20612,17,270,19898,444,-1,-11,18,0
2020-11-03,20620,16,260,19916,444,-1,-10,18,0
2020-11-04,20627,16,249,19934,444,-1,-10,17,0
2020-11-05,20635,15,239,19951,445,-1,-10,16,0
2020-11-06,20642,14,230,19967,445,-1,-9,16,0
2020-11-07,20649,14,221,19983,445,-1,-9,15,0
2020-11-08,20656,13,212,19998,446,-1,-8,14,0
2020-11-09,20662,13,203,20013,446,-1,-8,14,0
2020-11-10,20667,12,195,20026,446,-1,-8,13,0
2020-11-11,20674,12,187,20040,447,0,-8,13,0
2020-11-12,20680,11,180,20053,447,0,-7,12,0
2020-11-13,20685,11,173,20065,447,0,-7,12,0
2020-11-14,20691,10,166,20077,448,0,-7,11,0
2020-11-15,20695,10,159,20088,448,0,-6,11,0
2020-11-16,20700,10,153,20099,448,0,-6,10,0
2020-11-17,20704,9,147,20109,448,0,-6,10,0
2020-11-18,20708,9,141,20119,448,0,-6,10,0
2020-11-19,20713,8,135,20129,449,0,-5,9,0
2020-11-20,20717,8,130,20138,449,0,-5,9,0
2020-11-21,20720,8,124,20147,449,0,-5,9,0
2020-11-22,20724,7,119,20156,449,0,-5,8,0
2020-11-23,20727,7,114,20164,449,0,-5,8,0
2020-11-24,20732,7,110,20172,450,0,-4,8,0
2020-11-25,20734,7,105,20179,450,0,-4,7,0
2020-11-26,20737,6,101,20186,450,0,-4,7,0
2020-11-27,20740,6,97,20193,450,0,-4,7,0
2020-11-28,20743,6,93,20200,450,0,-4,6,0
2020-11-29,20745,6,89,20206,450,0,-4,6,0
2020-11-30,20749,5,86,20212,451,0,-3,6,0
2020-12-01,20751,5,82,20218,451,0,-3,6,0
2020-12-02,20754,5,79,20224,451,0,-3,5,0
2020-12-03,20756,5,76,20229,451,0,-3,5,0
2020-12-04,20758,4,73,20234,451,0,-3,5,0
2020-12-05,20760,4,70,20239,451,0,-3,5,0
2020-12-06,20762,4,67,20244,451,0,-3,5,0
2020-12-07,20764,4,64,20249,451,0,-3,4,0
2020-12-08,20766,4,62,20253,451,0,-3,4,0
2020-12-09,20768,4,59,20257,452,0,-2,4,0
2020-12-10,20770,3,57,20261,452,0,-2,4,0
2020-12-11,20771,3,54,20265,452,0,-2,4,0
2020-12-12,20773,3,52,20269,452,0,-2,4,0
2020-12-13,20775,3,50,20273,452,0,-2,3,0
2020-12-14,20776,3,48,20276,452,0,-2,3,0
2020-12-15,20777,3,46,20279,452,0,-2,3,0
2020-12-16,20778,3,44,20282,452,0,-2,3,0
2020-12-17,20779,3,42,20285,452,0,-2,3,0
2020-12-18,20781,2,41,20288,452,0,-2,3,0
2020-12-19,20782,2,39,20291,452,0,-2,3,0
2020-12-20,20783,2,37,20294,452,0,-2,3,0
2020-12-21,20784,2,36,20296,452,0,-1,2,0
2020-12-22,20785,2,34,20299,452,0,-1,2,0
2020-12-23,20787,2,33,20301,453,0,-1,2,0
2020-12-24,20788,2,32,20303,453,0,-1,2,0
2020-12-25,20789,2,30,20306,453,0,-1,2,0
2020-12-26,20790,2,29,20308,453,0,-1,2,0
2020-12-27,20791,2,28,20310,453,0,-1,2,0
2020-12-28,20792,2,27,20312,453,0,-1,2,0
2020-12-29,20792,2,26,20313,453,0,-1,2,0
2020-12-30,20793,2,25,20315,453,0,-1,2,0
2020-12-31,20794,1,24,20317,453,0,-1,2,0
2021-01-01,20794,1,23,20318,453,0,-1,2,0
2021-01-02,20795,1,22,20320,453,0,-1,1,0
2021-01-03,20796,1,21,20322,453,0,-1,1,0
2021-01-04,20796,1,20,20323,453,0,-1,1,0
2021-01-05,20796,1,19,20324,453,0,-1,1,0
2021-01-06,20797,1,18,20326,453,0,-1,1,0
2021-01-07,20798,1,18,20327,453,0,-1,1,0
2021-01-08,20798,1,17,20328,453,0,-1,1,0
2021-01-09,20798,1,16,20329,453,0,-1,1,0
2021-01-10,20799,1,16,20330,453,0,-1,1,0
2021-01-11,20799,1,15,20331,453,0,-1,1,0
2021-01-12,20799,1,14,20332,453,0,-1,1,0
2021-01-13,20800,1,14,20333,453,0,-1,1,0
2021-01-14,20800,1,13,20334,453,0,-1,1,0
2021-01-15,20801,1,13,20335,453,0,-1,1,0
2021-01-16,20801,1,12,20336,453,0,0,1,0
2021-01-17,20802,1,12,20337,453,0,0,1,0
2021-01-18,20802,1,11,20338,453,0,0,1,0
2021-01-19,20803,1,11,20339,453,0,0,1,0
2021-01-20,20802,1,10,20339,453,0,0,1,0
2021-01-21,20803,1,10,20340,453,0,0,1,0
2021-01-22,20803,1,9,20341,453,0,0,1,0
2021-01-23,20803,1,9,20341,453,0,0,1,0
2021-01-24,20804,1,9,20342,453,0,0,1,0
2021-01-25,20804,1,8,20343,453,0,0,1,0
2021-01-26,20804,0,8,20343,453,0,0,1,0
2021-01-27,20805,0,8,20344,453,0,0,1,0
2021-01-28,20804,0,7,20344,453,0,0,1,0
2021-01-29,20805,0,7,20345,453,0,0,0,0
2021-01-30,20806,0,7,20345,454,0,0,0,0
2021-01-31,20806,0,6,20346,454,0,0,0,0
2021-02-01,20806,0,6,20346,454,0,0,0,0
2021-02-02,20807,0,6,20347,454,0,0,0,0
2021-02-03,20807,0,6,20347,454,0,0,0,0
2021-02-04,20807,0,6,20347,454,0,0,0,0
2021-02-05,20807,0,5,20348,454,0,0,0,0
2021-02-06,20807,0,5,20348,454,0,0,0,0
2021-02-07,20807,0,5,20348,454,0,0,0,0
2021-02-08,20808,0,5,20349,454,0,0,0,0
2021-02-09,20807,0,4,20349,454,0,0,0,0
2021-02-10,20807,0,4,20349,454,0,0,0,0
2021-02-11,20808,0,4,20350,454,0,0,0,0
2021-02-12,20808,0,4,20350,454,0,0,0,0
2021-02-13,20808,0,4,20350,454,0,0,0,0
2021-02-14,20808,0,4,20350,454,0,0,0,0
2021-02-15,20808,0,3,20351,454,0,0,0,0
2021-02-16,20808,0,3,20351,454,0,0,0,0
2021-02-17,20808,0,3,20351,454,0,0,0,0
2021-02-18,20808,0,3,20351,454,0,0,0,0
2021-02-19,20809,0,3,20352,454,0,0,0,0
2021-02-20,20809,0,3,20352,454,0,0,0,0
2021-02-21,20809,0,3,20352,454,0,0,0,0
2021-02-22,20809,0,3,20352,454,0,0,0,0
2021-02-23,20808,0,2,20352,454,0,0,0,0
2021-02-24,20809,0,2,20353,454,0,0,0,0
2021-02-25,20809,0,2,20353,454,0,0,0,0
2021-02-26,20809,0,2,20353,454,0,0,0,0
2021-02-27,20809,0,2,20353,454,0,0,0,0
2021-02-28,20809,0,2,20353,454,0,0,0,0
2021-03-01,20809,0,2,20353,454,0,0,0,0
2021-03-02,20809,0,2,20353,454,0,0,0,0
2021-03-03,20810,0,2,20354,454,0,0,0,0
2021-03-04,20810,0,2,20354,454,0,0,0,0
2021-03-05,20810,0,2,20354,454,0,0,0,0
2021-03-06,20810,0,2,20354,454,0,0,0,0
2021-03-07,20810,0,2,20354,454,0,0,0,0
2021-03-08,20809,0,1,20354,454,0,0,0,0
2021-03-09,20809,0,1,20354,454,0,0,0,0
2021-03-10,20809,0,1,20354,454,0,0,0,0
2021-03-11,20809,0,1,20354,454,0,0,0,0
2021-03-12,20809,0,1,20354,454,0,0,0,0
2021-03-13,20810,0,1,20355,454,0,0,0,0
2021-03-14,20810,0,1,20355,454,0,0,0,0
2021-03-15,20810,0,1,20355,454,0,0,0,0
2021-03-16,20810,0,1,20355,454,0,0,0,0
2021-03-17,20810,0,1,20355,454,0,0,0,0
2021-03-18,20810,0,1,20355,454,0,0,0,0
2021-03-19,20810,0,1,20355,454,0,0,0,0
2021-03-20,20810,0,1,20355,454,0,0,0,0
2021-03-21,20810,0,1,20355,454,0,0,0,0
2021-03-22,20810,0,1,20355,454,0,0,0,0
2021-03-23,20810,0,1,20355,454,0,0,0,0
2021-03-24,20810,0,1,20355,454,0,0,0,0
2021-03-25,20810,0,1,20355,454,0,0,0,0
2021-03-26,20810,0,1,20355,454,0,0,0,0
2021-03-27,20810,0,1,20355,454,0,0,0,0
2021-03-28,20810,0,1,20355,454,0,0,0,0
2021-03-29,20811,0,1,20356,454,0,0,0,0
2021-03-30,20811,0,1,20356,454,0,0,0,0
2021-03-31,20811,0,1,20356,454,0,0,0,0
2021-04-01,20811,0,1,20356,454,0,0,0,0
2021-04-02,20811,0,1,20356,454,0,0,0,0
2021-04-03,20810,0,0,20356,454,0,0,0,0
2021-04-04,20810,0,0,20356,454,0,0,0,0
2021-04-05,20810,0,0,20356,454,0,0,0,0
2021-04-06,20810,0,0,20356,454,0,0,0,0
2021-04-07,20810,0,0,20356,454,0,0,0,0
2021-04-08,20810,0,0,20356,454,0,0,0,0
2021-04-09,20810,0,0,20356,454,0,0,0,0
2021-04-10,20810,0,0,20356,454,0,0,0,0
2021-04-11,20810,0,0,20356,454,0,0,0,0
2021-04-12,20810,0,0,20356,454,0,0,0,0
2021-04-13,20810,0,0,20356,454,0,0,0,0
2021-04-14,20810,0,0,20356,454,0,0,0,0
2021-04-15,20810,0,0,20356,454,0,0,0,0
2021-04-16,20810,0,0,20356,454,0,0,0,0
2021-04-17,20810,0,0,20356,454,0,0,0,0
2021-04-18,20810,0,0,20356,454,0,0,0,0
2021-04-19,20810,0,0,20356,454,0,0,0,0
2021-04-20,20810,0,0,20356,454,0,0,0,0
2021-04-21,20810,0,0,20356,454,0,0,0,0
2021-04-22,20810,0,0,20356,454,0,0,0,0
2021-04-23,20810,0,0,20356,454,0,0,0,0
2021-04-24,20810,0,0,20356,454,0,0,0,0
2021-04-25,20810,0,0,20356,454,0,0,0,0
2021-04-26,20810,0,0,20356,454,0,0,0,0
2021-04-27,20810,0,0,20356,454,0,0,0,0
2021-04-28,20810,0,0,20356,454,0,0,0,0
2021-04-29,20810,0,0,20356,454,0,0,0,0
2021-04-30,20810,0,0,20356,454,0,0,0,0
2021-05-01,20810,0,0,20356,454,0,0,0,0
2021-05-02,20810,0,0,20356,454,0,0,0,0
2021-05-03,20810,0,0,20356,454,0,0,0,0
2021-05-04,20810,0,0,20356,454,0,0,0,0
2021-05-05,20810,0,0,20356,454,0,0,0,0
2021-05-06,20810,0,0,20356,454,0,0,0,0
2021-05-07,20810,0,0,20356,454,0,0,0,0
2021-05-08,20810,0,0,20356,454,0,0,0,0
2021-05-09,20810,0,0,20356,454,0,0,0,0
2021-05-10,20810,0,0,20356,454,0,0,0,0
2021-05-11,20810,0,0,20356,454,0,0,0,0
2021-05-12,20810,0,0,20356,454,0,0,0,0
2021-05-13,20810,0,0,20356,454,0,0,0,0
2021-05-14,20810,0,0,20356,454,0,0,0,0
2021-05-15,20810,0,0,20356,454,0,0,0,0
