Date,Infected,Exposed,Active,Recovered,Deaths,Diff Exposed,Diff Active,Diff Recovered,Diff Deaths
2020-05-20,500,47,297,200,3,-4,18,14,0
2020-05-21,532,43,315,214,3,1,14,15,0
2020-05-22,563,43,330,230,3,2,14,16,0
2020-05-23,594,45,344,246,4,2,14,17,0
2020-05-24,624,47,358,262,4,2,15,17,0
2020-05-25,657,49,373,280,4,2,16,18,0
2020-05-26,692,51,389,298,5,2,16,19,0
2020-05-27,727,53,405,317,5,2,17,20,0
2020-05-28,763,55,422,336,5,2,18,20,0
2020-05-29,802,57,440,357,5,2,18,21,0
2020-05-30,842,59,458,378,6,2,19,22,0
2020-05-31,883,62,477,400,6,3,20,23,0
2020-06-01,927,64,497,424,6,3,21,24,0
2020-06-02,972,67,517,448,7,3,21,25,0
2020-06-03,1019,70,539,473,7,3,22,26,0
2020-06-04,1068,73,561,499,8,3,23,27,0
2020-06-05,1119,76,585,526,8,3,24,28,0
2020-06-06,1171,79,609,554,8,3,25,30,0
2020-06-07,1227,82,634,584,9,3,26,31,0
2020-06-08,1284,85,660,615,9,3,27,32,0
2020-06-09,1344,89,687,647,10,4,28,33,1
2020-06-10,1405,92,715,680,10,4,29,35,1
2020-06-11,1471,96,745,715,11,4,31,36,1
2020-06-12,1537,100,775,751,11,4,32,38,1
2020-06-13,1608,104,807,789,12,4,33,39,1
2020-06-14,1681,108,840,828,13,4,34,41,1
2020-06-15,1755,112,874,868,13,4,36,42,1
2020-06-16,1835,117,910,911,14,5,37,44,1
2020-06-17,1916,121,947,955,14,5,38,46,1
2020-06-18,2001,126,985,1001,15,5,40,48,1
2020-06-19,2090,131,1025,1049,16,5,41,50,1
2020-06-20,2181,136,1066,1098,17,5,43,52,1
2020-06-21,2276,142,1109,1150,17,6,44,54,1
2020-06-22,2375,147,1153,1204,18,6,46,56,1
2020-06-23,2478,153,1199,1260,19,6,48,58,1
2020-06-24,2585,159,1247,1318,20,6,50,61,1
2020-06-25,2697,165,1297,1379,21,6,51,63,1
2020-06-26,2811,171,1348,1441,22,7,53,65,1
2020-06-27,2931,178,1401,1507,23,7,55,68,1
2020-06-28,3056,184,1457,1575,24,7,57,71,1
2020-06-29,3185,191,1514,1646,25,7,59,73,1
2020-06-30,3318,198,1573,1719,26,7,61,76,1
2020-07-01,3456,206,1634,1795,27,8,63,79,1
2020-07-02,3601,213,1698,1875,28,8,66,82,1
2020-07-03,3751,221,1764,1957,30,8,68,86,1
2020-07-04,3906,229,1832,2043,31,8,70,89,1
2020-07-05,4065,238,1902,2131,32,9,73,92,1
2020-07-06,4232,246,1974,2224,34,9,75,96,1
2020-07-07,4403,255,2049,2319,35,9,78,99,2
2020-07-08,4583,264,2127,2419,37,9,80,103,2
2020-07-09,4767,273,2207,2522,38,10,83,107,2
2020-07-10,4959,283,2290,2629,40,10,85,111,2
2020-07-11,5157,293,2375,2740,42,10,88,115,2
2020-07-12,5361,303,2463,2855,43,10,91,119,2
2020-07-13,5573,313,2553,2975,45,11,93,124,2
2020-07-14,5793,324,2647,3099,47,11,96,128,2
2020-07-15,6019,335,2743,3227,49,11,99,133,2
2020-07-16,6253,346,2842,3360,51,11,102,138,2
2020-07-17,6495,357,2944,3498,53,12,105,143,2
2020-07-18,6744,368,3048,3641,55,12,108,148,2
2020-07-19,7002,380,3156,3789,57,12,111,153,2
2020-07-20,7268,392,3266,3942,60,12,113,158,2
2020-07-21,7542,404,3380,4100,62,12,116,164,2
2020-07-22,7825,417,3496,4264,65,13,119,170,3
2020-07-23,8117,429,3616,4434,67,13,122,175,3
2020-07-24,8417,442,3738,4609,70,13,125,181,3
2020-07-25,8727,455,3863,4791,73,13,128,187,3
2020-07-26,9044,468,3991,4978,75,13,131,194,3
2020-07-27,9372,481,4122,5172,78,13,134,200,3
2020-07-28,9709,495,4256,5372,81,14,137,206,3
2020-07-29,10055,508,4392,5578,85,14,139,213,3
2020-07-30,10411,522,4532,5791,88,14,142,220,3
2020-07-31,10775,535,4673,6011,91,14,145,227,3
2020-08-01,11150,549,4818,6238,94,14,147,234,4
2020-08-02,11535,563,4965,6472,98,14,149,241,4
2020-08-03,11928,577,5114,6712,102,14,152,248,4
2020-08-04,12332,591,5266,6961,105,14,154,255,4
2020-08-05,12745,604,5420,7216,109,14,156,263,4
2020-08-06,13168,618,5576,7479,113,14,158,271,4
2020-08-07,13601,632,5734,7750,117,13,160,278,4
2020-08-08,14043,645,5893,8028,122,13,161,286,4
2020-08-09,14494,658,6054,8314,126,13,163,294,4
2020-08-10,14954,672,6217,8607,130,13,164,302,5
2020-08-11,15425,685,6381,8909,135,13,165,310,5
2020-08-12,15904,697,6545,9219,140,12,166,318,5
2020-08-13,16391,710,6711,9536,144,12,166,326,5
2020-08-14,16888,722,6877,9862,149,12,166,334,5
2020-08-15,17393,734,7044,10195,154,11,167,342,5
2020-08-16,17907,745,7210,10537,160,11,166,350,5
2020-08-17,18429,756,7377,10887,165,11,166,358,5
2020-08-18,18957,767,7542,11245,170,10,165,366,6
2020-08-19,19495,777,7708,11611,176,10,164,374,6
2020-08-20,20039,787,7872,11985,182,9,163,382,6
2020-08-21,20588,796,8035,12366,187,9,161,390,6
2020-08-22,21145,805,8196,12756,193,8,160,398,6
2020-08-23,21709,813,8356,13154,199,8,157,405,6
2020-08-24,22277,821,8513,13559,205,7,155,413,6
2020-08-25,22852,828,8668,13972,212,6,152,421,6
2020-08-26,23431,834,8820,14393,218,6,149,428,6
2020-08-27,24015,840,8969,14821,225,5,146,435,7
2020-08-28,24602,845,9115,15256,231,4,142,442,7
2020-08-29,25193,849,9257,15698,238,4,138,449,7
2020-08-30,25787,853,9395,16147,245,3,134,456,7
2020-08-31,26384,855,9529,16603,252,2,129,462,7
2020-09-01,26982,858,9658,17065,259,2,124,469,7
2020-09-02,27583,859,9783,17534,266,1,119,475,7
2020-09-03,28184,860,9902,18009,273,0,114,480,7
2020-09-04,28785,860,10016,18489,280,-1,108,486,7
2020-09-05,29387,859,10125,18975,287,-1,103,491,7
2020-09-06,29988,858,10227,19466,295,-2,97,496,8
2020-09-07,30588,856,10324,19962,302,-3,90,501,8
2020-09-08,31187,853,10414,20463,310,-3,84,505,8
2020-09-09,31785,850,10499,20968,318,-4,78,509,8
2020-09-10,32379,846,10576,21478,325,-5,71,513,8
2020-09-11,32971,841,10647,21991,333,-5,64,517,8
2020-09-12,33559,836,10711,22507,341,-6,57,520,8
2020-09-13,34144,830,10768,23027,349,-7,50,522,8
2020-09-14,34725,823,10819,23549,357,-7,43,525,8
2020-09-15,35301,816,10862,24074,365,-8,36,527,8
2020-09-16,35872,808,10898,24601,373,-8,29,529,8
2020-09-17,36438,800,10927,25130,381,-9,22,530,8
2020-09-18,36997,792,10948,25660,389,-9,15,531,8
2020-09-19,37551,782,10963,26191,397,-10,8,532,8
2020-09-20,38099,773,10971,26723,405,-10,1,532,8
2020-09-21,38639,763,10971,27255,413,-10,-6,532,8
2020-09-22,39173,753,10965,27787,421,-11,-13,532,8
2020-09-23,39699,742,10951,28319,429,-11,-20,531,8
2020-09-24,40219,731,10931,28851,437,-11,-27,530,8
2020-09-25,40731,720,10905,29381,445,-11,-33,529,8
2020-09-26,41234,708,10871,29910,453,-12,-40,527,8
2020-09-27,41731,697,10832,30438,461,-12,-46,525,8
2020-09-28,42218,685,10786,30963,469,-12,-52,523,8
2020-09-29,42697,673,10734,31486,477,-12,-58,521,8
2020-09-30,43168,661,10676,32007,485,-12,-64,518,8
2020-10-01,43630,648,10612,32525,493,-12,-69,515,8
2020-10-02,44084,636,10543,33040,501,-12,-74,512,8
2020-10-03,44528,624,10469,33551,508,-12,-79,508,8
2020-10-04,44965,611,10390,34059,516,-13,-84,504,8
2020-10-05,45393,599,10306,34563,524,-13,-89,500,8
2020-10-06,45811,586,10217,35063,531,-12,-93,496,8
2020-10-07,46222,574,10124,35559,539,-12,-97,491,7
2020-10-08,46623,561,10027,36050,546,-12,-101,486,7
2020-10-09,47015,549,9925,36537,553,-12,-105,482,7
2020-10-10,47399,536,9820,37018,561,-12,-108,476,7
2020-10-11,47774,524,9712,37494,568,-12,-112,471,7
2020-10-12,48142,512,9601,37966,575,-12,-115,466,7
2020-10-13,48499,500,9486,38431,582,-12,-117,460,7
2020-10-14,48850,488,9369,38892,589,-12,-120,455,7
2020-10-15,49191,476,9249,39346,596,-12,-122,449,7
2020-10-16,49525,465,9127,39795,603,-11,-124,443,7
2020-10-17,49851,453,9003,40238,610,-11,-126,437,7
2020-10-18,50167,442,8877,40674,616,-11,-128,431,7
2020-10-19,50477,431,8749,41105,623,-11,-129,424,6
2020-10-20,50779,420,8620,41530,629,-11,-130,418,6
2020-10-21,51072,409,8489,41948,635,-11,-132,412,6
2020-10-22,51360,399,8358,42360,642,-10,-132,405,6
2020-10-23,51638,389,8225,42765,648,-10,-133,399,6
2020-10-24,51910,378,8092,43164,654,-10,-134,393,6
2020-10-25,52175,368,7958,43557,660,-10,-134,386,6
2020-10-26,52433,359,7824,43943,666,-10,-134,380,6
2020-10-27,52683,349,7690,44322,671,-9,-134,373,6
2020-10-28,52927,340,7555,44695,677,-9,-134,367,6
2020-10-29,53166,331,7421,45062,683,-9,-134,360,5
2020-10-30,53397,322,7287,45422,688,-9,-134,354,5
2020-10-31,53621,313,7153,45775,693,-9,-133,347,5
2020-11-01,53841,304,7020,46122,699,-8,-133,341,5
2020-11-02,54054,296,6887,46463,704,-8,-132,334,5
2020-11-03,54261,288,6755,46797,709,-8,-131,328,5
2020-11-04,54463,280,6624,47125,714,-8,-130,321,5
2020-11-05,54658,272,6493,47446,719,-8,-129,315,5
2020-11-06,54849,265,6364,47761,724,-7,-128,309,5
2020-11-07,55034,257,6236,48070,728,-7,-127,303,5
2020-11-08,55214,250,6109,48372,733,-7,-126,296,4
2020-11-09,55389,243,5983,48669,737,-7,-125,290,4
2020-11-10,55559,236,5858,48959,742,-7,-123,284,4
2020-11-11,55724,230,5735,49243,746,-6,-122,278,4
2020-11-12,55885,223,5613,49522,750,-6,-120,272,4
2020-11-13,56041,217,5493,49794,754,-6,-119,266,4
2020-11-14,56192,211,5374,50060,758,-6,-117,261,4
2020-11-15,56340,205,5257,50321,762,-6,-116,255,4
2020-11-16,56483,199,5141,50576,766,-6,-114,249,4
2020-11-17,56622,193,5027,50825,770,-6,-112,244,4
2020-11-18,56757,188,4914,51069,774,-5,-111,238,4
2020-11-19,56889,182,4804,51308,777,-5,-109,233,4
2020-11-20,57017,177,4695,51541,781,-5,-107,228,3
2020-11-21,57140,172,4587,51769,784,-5,-106,223,3
2020-11-22,57261,167,4482,51991,788,-5,-104,217,3
2020-11-23,57378,162,4378,52209,791,-5,-102,212,3
2020-11-24,57491,158,4276,52421,794,-5,-100,207,3
2020-11-25,57601,153,4176,52628,797,-4,-99,203,3
2020-11-26,57708,149,4077,52831,800,-4,-97,198,3
2020-11-27,57812,144,3980,53029,803,-4,-95,193,3
2020-11-28,57913,140,3885,53222,806,-4,-93,188,3
2020-11-29,58011,136,3792,53410,809,-4,-91,184,3
2020-11-30,58107,132,3701,53594,812,-4,-90,180,3
2020-12-01,58200,129,3611,53774,815,-4,-88,175,3
2020-12-02,58289,125,3523,53949,817,-4,-86,171,3
2020-12-03,58377,121,3437,54120,820,-3,-84,167,3
2020-12-04,58462,118,3353,54287,822,-3,-83,163,2
2020-12-05,58544,114,3270,54449,825,-3,-81,159,2
2020-12-06,58624,111,3189,54608,827,-3,-79,155,2
2020-12-07,58703,108,3110,54763,830,-3,-78,151,2
2020-12-08,58778,105,3032,54914,832,-3,-76,147,2
2020-12-09,58851,102,2956,55061,834,-3,-74,143,2
2020-12-10,58922,99,2882,55204,836,-3,-73,140,2
2020-12-11,58991,96,2809,55344,838,-3,-71,136,2
2020-12-12,59058,93,2738,55480,840,-3,-70,133,2
2020-12-13,59123,91,2668,55613,842,-3,-68,129,2
2020-12-14,59186,88,2600,55742,844,-3,-67,126,2
2020-12-15,59248,85,2533,55869,846,-2,-65,123,2
2020-12-16,59307,83,2468,55991,848,-2,-64,120,2
2020-12-17,59366,81,2405,56111,850,-2,-62,117,2
2020-12-18,59423,78,2343,56228,852,-2,-61,114,2
2020-12-19,59478,76,2282,56342,854,-2,-59,111,2
2020-12-20,59530,74,2223,56452,855,-2,-58,108,2
2020-12-21,59582,72,2165,56560,857,-2,-56,105,2
2020-12-22,59632,70,2109,56665,858,-2,-55,102,2
2020-12-23,59681,68,2054,56767,860,-2,-54,100,2
2020-12-24,59728,66,2000,56867,861,-2,-53,97,1
2020-12-25,59774,64,1947,56964,863,-2,-51,94,1
2020-12-26,59819,62,1896,57059,864,-2,-50,92,1
2020-12-27,59863,60,1846,57151,866,-2,-49,90,1
2020-12-28,59904,58,1797,57240,867,-2,-48,87,1
2020-12-29,59944,57,1749,57327,868,-2,-46,85,1
2020-12-30,59985,55,1703,57412,870,-2,-45,83,1
2020-12-31,60024,54,1658,57495,871,-2,-44,80,1
2021-01-01,60061,52,1614,57575,872,-1,-43,78,1
2021-01-02,60097,51,1571,57653,873,-1,-42,76,1
2021-01-03,60134,49,1529,57730,875,-1,-41,74,1
2021-01-04,60168,48,1488,57804,876,-1,-40,72,1
2021-01-05,60201,46,1448,57876,877,-1,-39,70,1
2021-01-06,60233,45,1409,57946,878,-1,-38,68,1
2021-01-07,60265,44,1371,58015,879,-1,-37,67,1
2021-01-08,60295,42,1334,58081,880,-1,-36,65,1
2021-01-09,60325,41,1298,58146,881,-1,-35,63,1
2021-01-10,60354,40,1263,58209,882,-1,-34,61,1
2021-01-11,60382,39,1229,58270,883,-1,-33,60,1
2021-01-12,60409,38,1195,58330,884,-1,-32,58,1
2021-01-13,60436,37,1163,58388,885,-1,-32,56,1
2021-01-14,60460,36,1131,58444,885,-1,-31,55,1
2021-01-15,60486,35,1101,58499,886,-1,-30,53,1
2021-01-16,60510,34,1071,58552,887,-1,-29,52,1
2021-01-17,60533,33,1041,58604,888,-1,-28,51,1
2021-01-18,60557,32,1013,58655,889,-1,-28,49,1
2021-01-19,60578,31,985,58704,889,-1,-27,48,1
2021-01-20,60600,30,958,58752,890,-1,-26,46,1
2021-01-21,60621,29,932,58798,891,-1,-26,45,1
2021-01-22,60641,28,907,58843,891,-1,-25,44,1
2021-01-23,60661,27,882,58887,892,-1,-24,43,1
2021-01-24,60681,27,858,58930,893,-1,-24,42,1
2021-01-25,60699,26,834,58972,893,-1,-23,40,1
2021-01-26,60717,25,811,59012,894,-1,-22,39,1
2021-01-27,60736,24,789,59052,895,-1,-22,38,1
2021-01-28,60752,24,767,59090,895,-1,-21,37,1
2021-01-29,60769,23,746,59127,896,-1,-21,36,1
2021-01-30,60784,22,725,59163,896,-1,-20,35,1
2021-01-31,60801,22,705,59199,897,-1,-19,34,1
2021-02-01,60816,21,686,59233,897,-1,-19,33,1
2021-02-02,60831,21,667,59266,898,-1,-18,32,0
2021-02-03,60844,20,648,59298,898,-1,-18,31,0
2021-02-04,60859,19,630,59330,899,-1,-17,31,0
2021-02-05,60872,19,613,59360,899,-1,-17,30,0
2021-02-06,60886,18,596,59390,900,-1,-17,29,0
2021-02-07,60898,18,579,59419,900,-1,-16,28,0
2021-02-08,60911,17,563,59447,901,0,-16,27,0
2021-02-09,60924,17,548,59475,901,0,-15,27,0
2021-02-10,60935,16,533,59501,901,0,-15,26,0
2021-02-11,60947,16,518,59527,902,0,-14,25,0
2021-02-12,60957,15,503,59552,902,0,-14,24,0
2021-02-13,60968,15,489,59576,903,0,-14,24,0
2021-02-14,60979,15,476,59600,903,0,-13,23,0
2021-02-15,60988,14,462,59623,903,0,-13,22,0
2021-02-16,61000,14,450,59646,904,0,-13,22,0
2021-02-17,61009,13,437,59668,904,0,-12,21,0
2021-02-18,61018,13,425,59689,904,0,-12,21,0
2021-02-19,61027,13,413,59709,905,0,-12,20,0
2021-02-20,61035,12,401,59729,905,0,-11,19,0
2021-02-21,61044,12,390,59749,905,0,-11,19,0
2021-02-22,61052,12,379,59768,905,0,-11,18,0
2021-02-23,61061,11,369,59786,906,0,-10,18,0
2021-02-24,61068,11,358,59804,906,0,-10,17,0
2021-02-25,61075,11,348,59821,906,0,-10,17,0
2021-02-26,61083,10,339,59838,906,0,-9,16,0
2021-02-27,61091,10,329,59855,907,0,-9,16,0
2021-02-28,61098,10,320,59871,907,0,-9,16,0
2021-03-01,61104,9,311,59886,907,0,-9,15,0
2021-03-02,61110,9,302,59901,907,0,-8,15,0
2021-03-03,61118,9,294,59916,908,0,-8,14,0
2021-03-04,61124,9,286,59930,908,0,-8,14,0
2021-03-05,61130,8,278,59944,908,0,-8,13,0
2021-03-06,61136,8,270,59958,908,0,-8,13,0
2021-03-07,61141,8,262,59971,908,0,-7,13,0
2021-03-08,61147,8,255,59983,909,0,-7,12,0
2021-03-09,61153,7,248,59996,909,0,-7,12,0
2021-03-10,61158,7,241,60008,909,0,-7,12,0
2021-03-11,61162,7,234,60019,909,0,-7,11,0
2021-03-12,61167,7,227,60031,909,0,-6,11,0
2021-03-13,61173,7,221,60042,910,0,-6,11,0
2021-03-14,61178,6,215,60053,910,0,-6,10,0
2021-03-15,61182,6,209,60063,910,0,-6,10,0
2021-03-16,61186,6,203,60073,910,0,-6,10,0
2021-03-17,61190,6,197,60083,910,0,-6,10,0
2021-03-18,61195,6,192,60093,910,0,-5,9,0
2021-03-19,61198,6,186,60102,910,0,-5,9,0
2021-03-20,61203,5,181,60111,911,0,-5,9,0
2021-03-21,61207,5,176,60120,911,0,-5,9,0
2021-03-22,61210,5,171,60128,911,0,-5,8,0
2021-03-23,61213,5,166,60136,911,0,-5,8,0
2021-03-24,61217,5,161,60145,911,0,-5,8,0
2021-03-25,61220,5,157,60152,911,0,-4,8,0
2021-03-26,61224,5,153,60160,911,0,-4,7,0
2021-03-27,61226,4,148,60167,911,0,-4,7,0
2021-03-28,61231,4,144,60175,912,0,-4,7,0
2021-03-29,61234,4,140,60182,912,0,-4,7,0
2021-03-30,61236,4,136,60188,912,0,-4,7,0
2021-03-31,61239,4,132,60195,912,0,-4,6,0
2021-04-01,61241,4,128,60201,912,0,-4,6,0
2021-04-02,61245,4,125,60208,912,0,-4,6,0
2021-04-03,61247,4,121,60214,912,0,-3,6,0
2021-04-04,61250,4,118,60220,912,0,-3,6,0
2021-04-05,61252,3,115,60225,912,0,-3,6,0
2021-04-06,61254,3,111,60231,912,0,-3,5,0
2021-04-07,61257,3,108,60236,913,0,-3,5,0
2021-04-08,61260,3,105,60242,913,0,-3,5,0
2021-04-09,61262,3,102,60247,913,0,-3,5,0
2021-04-10,61264,3,99,60252,913,0,-3,5,0
2021-04-11,61266,3,97,60256,913,0,-3,5,0
2021-04-12,61268,3,94,60261,913,0,-3,5,0
2021-04-13,61270,3,91,60266,913,0,-3,4,0
2021-04-14,61272,3,89,60270,913,0,-3,4,0
2021-04-15,61273,3,86,60274,913,0,-2,4,0
2021-04-16,61276,3,84,60279,913,0,-2,4,0
2021-04-17,61277,2,81,60283,913,0,-2,4,0
2021-04-18,61279,2,79,60287,913,0,-2,4,0
2021-04-19,61280,2,77,60290,913,0,-2,4,0
2021-04-20,61282,2,75,60294,913,0,-2,4,0
2021-04-21,61283,2,72,60298,913,0,-2,4,0
2021-04-22,61285,2,70,60301,914,0,-2,3,0
2021-04-23,61287,2,68,60305,914,0,-2,3,0
2021-04-24,61289,2,67,60308,914,0,-2,3,0
2021-04-25,61290,2,65,60311,914,0,-2,3,0
2021-04-26,61291,2,63,60314,914,0,-2,3,0
2021-04-27,61292,2,61,60317,914,0,-2,3,0
2021-04-28,61293,2,59,60320,914,0,-2,3,0
2021-04-29,61295,2,58,60323,914,0,-2,3,0
2021-04-30,61296,2,56,60326,914,0,-2,3,0
2021-05-01,61297,2,54,60329,914,0,-2,3,0
2021-05-02,61298,2,53,60331,914,0,-1,3,0
2021-05-03,61299,2,51,60334,914,0,-1,2,0
2021-05-04,61300,1,50,60336,914,0,-1,2,0
2021-05-05,61302,1,49,60339,914,0,-1,2,0
2021-05-06,61302,1,47,60341,914,0,-1,2,0
2021-05-07,61303,1,46,60343,914,0,-1,2,0
2021-05-08,61305,1,45,60346,914,0,-1,2,0
2021-05-09,61305,1,43,60348,914,0,-1,2,0
2021-05-10,61306,1,42,60350,914,0,-1,2,0
2021-05-11,61307,1,41,60352,914,0,-1,2,0
2021-05-12,61308,1,40,60354,914,0,-1,2,0
2021-05-13,61309,1,39,60356,914,0,-1,2,0
2021-05-14,61309,1,37,60358,914,0,-1,2,0
2021-05-15,61310,1,36,60360,914,0,-1,2,0
