Date,Confirmed,Exposed,Active,Recovered,Deaths,Diff Exposed,Diff Active,Diff Recovered,Diff Deaths
2020-05-10,16,7,16,0,0,1,1,0,0
2020-05-11,17,8,17,0,0,1,1,0,0
2020-05-12,18,9,18,0,0,1,1,0,0
2020-05-13,19,9,19,0,0,1,1,0,0
2020-05-14,20,10,20,0,0,1,1,0,0
2020-05-15,21,11,21,0,0,1,1,0,0
2020-05-16,23,11,23,0,0,1,2,0,0
2020-05-17,24,12,24,0,0,1,2,0,0
2020-05-18,26,13,26,0,0,1,2,0,0
2020-05-19,28,14,28,0,0,1,2,0,0
2020-05-20,30,15,30,0,0,1,2,0,0
2020-05-21,32,16,32,0,0,1,2,0,0
2020-05-22,34,17,34,0,0,1,2,0,0
2020-05-23,36,18,36,0,0,1,2,0,0
2020-05-24,39,19,39,0,0,1,3,0,0
2020-05-25,41,21,41,0,0,1,3,0,0
2020-05-26,44,22,44,0,0,1,3,0,0
2020-05-27,47,24,47,0,0,2,3,0,0
2020-05-28,50,25,50,0,0,2,3,0,0
2020-05-29,54,27,54,0,0,2,4,0,0
2020-05-30,57,29,57,0,0,2,4,0,0
2020-05-31,61,31,61,0,0,2,4,0,0
2020-06-01,66,33,66,0,0,2,4,0,0
2020-06-02,70,35,70,0,0,2,5,0,0
2020-06-03,75,37,75,0,0,3,5,0,0
2020-06-04,80,40,80,0,0,3,5,0,0
2020-06-05,85,43,85,0,0,3,6,0,0
2020-06-06,91,45,91,0,0,3,6,0,0
2020-06-07,97,49,97,0,0,3,7,0,0
2020-06-08,104,52,104,0,0,4,7,0,0
2020-06-09,111,55,111,0,0,4,8,0,0
2020-06-10,118,59,118,0,0,4,8,0,0
2020-06-11,126,63,126,0,0,4,9,0,0
2020-06-12,135,67,135,0,0,5,9,0,0
2020-06-13,144,72,144,0,0,5,10,0,0
2020-06-14,154,77,154,0,0,5,10,0,0
2020-06-15,164,82,164,0,0,6,11,0,0
2020-06-16,176,88,176,0,0,6,12,0,0
2020-06-17,187,93,187,0,0,6,13,0,0
2020-06-18,200,100,200,0,0,7,14,0,0
2020-06-19,214,106,214,0,0,7,14,0,0
2020-06-20,228,114,228,0,0,8,15,0,0
2020-06-21,244,121,244,0,0,8,16,0,0
2020-06-22,260,129,260,0,0,9,18,0,0
2020-06-23,278,138,278,0,0,9,19,0,0
2020-06-24,296,147,296,0,0,10,20,0,0
2020-06-25,316,157,316,0,0,11,21,0,0
2020-06-26,338,168,338,0,0,11,23,0,0
2020-06-27,360,179,360,0,0,12,24,0,0
2020-06-28,385,191,385,0,0,13,26,0,0
2020-06-29,411,204,411,0,0,14,28,0,0
2020-06-30,438,218,438,0,0,15,29,0,0
2020-07-01,468,232,468,0,0,16,31,0,0
2020-07-02,499,248,499,0,0,17,34,0,0
2020-07-03,533,264,533,0,0,18,36,0,0
2020-07-04,568,282,568,0,0,19,38,0,0
2020-07-05,607,301,607,0,0,20,41,0,0
2020-07-06,647,321,647,0,0,21,43,0,0
2020-07-07,690,342,690,0,0,23,46,0,0
2020-07-08,737,365,737,0,0,24,49,0,0
2020-07-09,786,389,786,0,0,26,52,0,0
2020-07-10,838,414,838,0,0,27,56,0,0
2020-07-11,894,442,894,0,0,29,59,0,0
2020-07-12,953,471,953,0,0,31,63,0,0
2020-07-13,1017,501,1017,0,0,33,67,0,0
2020-07-14,1084,534,1084,0,0,35,72,0,0
2020-07-15,1156,569,1156,0,0,37,76,0,0
2020-07-16,1232,606,1232,0,0,39,81,0,0
2020-07-17,1313,645,1313,0,0,42,86,0,0
2020-07-18,1399,687,1399,0,0,44,92,0,0
2020-07-19,1491,731,1491,0,0,47,98,0,0
2020-07-20,1589,778,1589,0,0,50,104,0,0
2020-07-21,1692,827,1692,0,0,53,110,0,0
2020-07-22,1803,880,1803,0,0,56,117,0,0
2020-07-23,1920,936,1920,0,0,59,124,0,0
2020-07-24,2044,994,2044,0,0,62,132,0,0
2020-07-25,2175,1057,2175,0,0,66,140,0,0
2020-07-26,2315,1122,2315,0,0,69,148,0,0
2020-07-27,2463,1192,2463,0,0,73,157,0,0
2020-07-28,2620,1265,2620,0,0,77,166,0,0
2020-07-29,2786,1342,2786,0,0,81,176,0,0
2020-07-30,2962,1423,2962,0,0,85,186,0,0
2020-07-31,3148,1509,3148,0,0,90,197,0,0
2020-08-01,3344,1599,3344,0,0,94,208,0,0
2020-08-02,3552,1693,3552,0,0,99,219,0,0
2020-08-03,3771,1792,3771,0,0,104,231,0,0
2020-08-04,4002,1895,4002,0,0,108,244,0,0
2020-08-05,4246,2004,4246,0,0,113,257,0,0
2020-08-06,4502,2117,4502,0,0,118,270,0,0
2020-08-07,4772,2235,4772,0,0,123,284,0,0
2020-08-08,5056,2358,5056,0,0,128,298,0,0
2020-08-09,5354,2486,5354,0,0,133,312,0,0
2020-08-10,5666,2618,5666,0,0,137,327,0,0
2020-08-11,5993,2756,5993,0,0,142,342,0,0
2020-08-12,6335,2898,6335,0,0,146,358,0,0
2020-08-13,6693,3044,6693,0,0,151,373,0,0
2020-08-14,7066,3195,7066,0,0,155,389,0,0
2020-08-15,7454,3349,7454,0,0,158,404,0,0
2020-08-16,7858,3508,7858,0,0,162,420,0,0
2020-08-17,8278,3669,8278,0,0,164,435,0,0
2020-08-18,8713,3834,8713,0,0,167,450,0,0
2020-08-19,9163,4001,9163,0,0,169,465,0,0
2020-08-20,9628,4169,9628,0,0,170,479,0,0
2020-08-21,10107,4339,10107,0,0,170,492,0,0
2020-08-22,10599,4509,10599,0,0,170,505,0,0
2020-08-23,11105,4679,11105,0,0,169,517,0,0
2020-08-24,11621,4847,11621,0,0,167,527,0,0
2020-08-25,12149,5014,12149,0,0,164,537,0,0
2020-08-26,12685,5178,12685,0,0,160,545,0,0
2020-08-27,13230,5337,13230,0,0,155,551,0,0
2020-08-28,13781,5492,13781,0,0,149,555,0,0
2020-08-29,14336,5641,14336,0,0,142,558,0,0
2020-08-30,14894,5783,14894,0,0,134,558,0,0
2020-08-31,15452,5917,15452,0,0,125,556,0,0
2020-09-01,16008,6042,16008,0,0,115,552,0,0
2020-09-02,16560,6157,16560,0,0,104,546,0,0
2020-09-03,17106,6261,17106,0,0,92,536,0,0
2020-09-04,17642,6353,17642,0,0,79,525,0,0
2020-09-05,18167,6432,18167,0,0,66,510,0,0
2020-09-06,18677,6498,18677,0,0,52,493,0,0
2020-09-07,19170,6551,19170,0,0,38,473,0,0
2020-09-08,19644,6588,19644,0,0,23,451,0,0
2020-09-09,20095,6611,20095,0,0,8,426,0,0
2020-09-10,20521,6619,20521,0,0,-7,399,0,0
2020-09-11,20920,6611,20920,0,0,-23,369,0,0
2020-09-12,21289,6589,21289,0,0,-37,338,0,0
2020-09-13,21627,6551,21627,0,0,-52,304,0,0
2020-09-14,21931,6499,21931,0,0,-66,269,0,0
2020-09-15,22199,6433,22199,0,0,-80,232,0,0
2020-09-16,22431,6353,22431,0,0,-92,194,0,0
2020-09-17,22625,6261,22625,0,0,-104,155,0,0
2020-09-18,22781,6156,22781,0,0,-116,116,0,0
2020-09-19,22897,6041,22897,0,0,-126,76,0,0
2020-09-20,22973,5915,22973,0,0,-135,37,0,0
2020-09-21,23009,5780,23009,0,0,-143,-3,0,0
2020-09-22,23006,5638,23006,0,0,-150,-42,0,0
2020-09-23,22964,5488,22964,0,0,-156,-80,0,0
2020-09-24,22884,5332,22884,0,0,-160,-117,0,0
2020-09-25,22767,5172,22767,0,0,-164,-153,0,0
2020-09-26,22614,5008,22614,0,0,-167,-187,0,0
2020-09-27,22427,4842,22427,0,0,-168,-220,0,0
2020-09-28,22206,4673,22206,0,0,-169,-251,0,0
2020-09-29,21955,4504,21955,0,0,-169,-280,0,0
2020-09-30,21675,4335,21675,0,0,-168,-307,0,0
2020-10-01,21367,4167,21367,0,0,-167,-332,0,0
2020-10-02,21035,4000,21035,0,0,-165,-355,0,0
2020-10-03,20680,3835,20680,0,0,-162,-376,0,0
2020-10-04,20304,3673,20304,0,0,-159,-394,0,0
2020-10-05,19910,3515,19910,0,0,-155,-411,0,0
2020-10-06,19499,3360,19499,0,0,-151,-425,0,0
2020-10-07,19075,3209,19075,0,0,-147,-437,0,0
2020-10-08,18638,3062,18638,0,0,-142,-447,0,0
2020-10-09,18191,2920,18191,0,0,-137,-455,0,0
2020-10-10,17736,2783,17736,0,0,-133,-461,0,0
2020-10-11,17275,2650,17275,0,0,-128,-466,0,0
2020-10-12,16809,2522,16809,0,0,-123,-469,0,0
2020-10-13,16340,2400,16340,0,0,-118,-470,0,0
2020-10-14,15870,2282,15870,0,0,-113,-470,0,0
2020-10-15,15400,2169,15400,0,0,-108,-468,0,0
2020-10-16,14932,2061,14932,0,0,-103,-466,0,0
2020-10-17,14466,1958,14466,0,0,-99,-462,0,0
2020-10-18,14005,1859,14005,0,0,-94,-457,0,0
2020-10-19,13548,1765,13548,0,0,-90,-451,0,0
2020-10-20,13096,1675,13096,0,0,-85,-445,0,0
2020-10-21,12652,1590,12652,0,0,-81,-437,0,0
2020-10-22,12214,1509,12214,0,0,-77,-429,0,0
2020-10-23,11785,1432,11785,0,0,-73,-421,0,0
2020-10-24,11364,1358,11364,0,0,-70,-412,0,0
2020-10-25,10952,1289,10952,0,0,-66,-403,0,0
2020-10-26,10549,1223,10549,0,0,-63,-393,0,0
2020-10-27,10156,1160,10156,0,0,-60,-383,0,0
2020-10-28,9773,1100,9773,0,0,-56,-373,0,0
2020-10-29,9400,1044,9400,0,0,-54,-363,0,0
2020-10-30,9038,990,9038,0,0,-51,-352,0,0
2020-10-31,8685,940,8685,0,0,-48,-342,0,0
2020-11-01,8343,892,8343,0,0,-46,-331,0,0
2020-11-02,8012,846,8012,0,0,-43,-321,0,0
2020-11-03,7691,803,7691,0,0,-41,-311,0,0
2020-11-04,7380,762,7380,0,0,-39,-301,0,0
2020-11-05,7080,723,7080,0,0,-37,-290,0,0
2020-11-06,6789,686,6789,0,0,-35,-280,0,0
2020-11-07,6509,652,6509,0,0,-33,-271,0,0
2020-11-08,6238,619,6238,0,0,-31,-261,0,0
2020-11-09,5977,587,5977,0,0,-30,-252,0,0
2020-11-10,5726,558,5726,0,0,-28,-242,0,0
2020-11-11,5483,530,5483,0,0,-27,-233,0,0
2020-11-12,5250,503,5250,0,0,-25,-224,0,0
2020-11-13,5025,478,5025,0,0,-24,-216,0,0
2020-11-14,4810,454,4810,0,0,-23,-208,0,0
2020-11-15,4602,431,4602,0,0,-21,-199,0,0
2020-11-16,4403,410,4403,0,0,-20,-192,0,0
2020-11-17,4211,389,4211,0,0,-19,-184,0,0
2020-11-18,4027,370,4027,0,0,-18,-177,0,0
2020-11-19,3851,352,3851,0,0,-17,-169,0,0
2020-11-20,3681,334,3681,0,0,-17,-162,0,0
2020-11-21,3519,318,3519,0,0,-16,-156,0,0
2020-11-22,3363,302,3363,0,0,-15,-149,0,0
2020-11-23,3214,287,3214,0,0,-14,-143,0,0
2020-11-24,3071,273,3071,0,0,-13,-137,0,0
2020-11-25,2934,260,2934,0,0,-13,-131,0,0
2020-11-26,2802,247,2802,0,0,-12,-126,0,0
2020-11-27,2677,235,2677,0,0,-11,-120,0,0
2020-11-28,2556,224,2556,0,0,-11,-115,0,0
2020-11-29,2441,213,2441,0,0,-10,-110,0,0
2020-11-30,2331,202,2331,0,0,-10,-105,0,0
2020-12-01,2226,193,2226,0,0,-9,-101,0,0
2020-12-02,2125,183,2125,0,0,-9,-96,0,0
2020-12-03,2028,174,2028,0,0,-8,-92,0,0
2020-12-04,1936,166,1936,0,0,-8,-88,0,0
2020-12-05,1848,158,1848,0,0,-8,-84,0,0
2020-12-06,1764,150,1764,0,0,-7,-81,0,0
2020-12-07,1683,143,1683,0,0,-7,-77,0,0
2020-12-08,1606,136,1606,0,0,-7,-74,0,0
2020-12-09,1533,130,1533,0,0,-6,-70,0,0
2020-12-10,1462,123,1462,0,0,-6,-67,0,0
2020-12-11,1395,117,1395,0,0,-6,-64,0,0
2020-12-12,1331,112,1331,0,0,-5,-61,0,0
2020-12-13,1270,106,1270,0,0,-5,-58,0,0
2020-12-14,1211,101,1211,0,0,-5,-56,0,0
2020-12-15,1155,96,1155,0,0,-5,-53,0,0
2020-12-16,1102,92,1102,0,0,-4,-51,0,0
2020-12-17,1051,87,1051,0,0,-4,-49,0,0
2020-12-18,1003,83,1003,0,0,-4,-46,0,0
2020-12-19,956,79,956,0,0,-4,-44,0,0
2020-12-20,912,76,912,0,0,-4,-42,0,0
2020-12-21,870,72,870,0,0,-3,-40,0,0
2020-12-22,829,69,829,0,0,-3,-38,0,0
2020-12-23,791,65,791,0,0,-3,-37,0,0
2020-12-24,754,62,754,0,0,-3,-35,0,0
2020-12-25,719,59,719,0,0,-3,-33,0,0
2020-12-26,686,56,686,0,0,-3,-32,0,0
2020-12-27,654,54,654,0,0,-3,-30,0,0
2020-12-28,623,51,623,0,0,-2,-29,0,0
2020-12-29,594,49,594,0,0,-2,-28,0,0
2020-12-30,567,46,567,0,0,-2,-26,0,0
2020-12-31,540,44,540,0,0,-2,-25,0,0
2021-01-01,515,42,515,0,0,-2,-24,0,0
2021-01-02,491,40,491,0,0,-2,-23,0,0
2021-01-03,468,38,468,0,0,-2,-22,0,0
2021-01-04,446,36,446,0,0,-2,-21,0,0
2021-01-05,426,35,426,0,0,-2,-20,0,0
2021-01-06,406,33,406,0,0,-2,-19,0,0
2021-01-07,387,31,387,0,0,-1,-18,0,0
2021-01-08,369,30,369,0,0,-1,-17,0,0
2021-01-09,351,29,351,0,0,-1,-16,0,0
2021-01-10,335,27,335,0,0,-1,-16,0,0
2021-01-11,319,26,319,0,0,-1,-15,0,0
2021-01-12,304,25,304,0,0,-1,-14,0,0
2021-01-13,290,24,290,0,0,-1,-14,0,0
2021-01-14,277,22,277,0,0,-1,-13,0,0
2021-01-15,264,21,264,0,0,-1,-12,0,0
2021-01-16,251,20,251,0,0,-1,-12,0,0
2021-01-17,240,19,240,0,0,-1,-11,0,0
2021-01-18,228,18,228,0,0,-1,-11,0,0
2021-01-19,218,18,218,0,0,-1,-10,0,0
2021-01-20,207,17,207,0,0,-1,-10,0,0
2021-01-21,198,16,198,0,0,-1,-9,0,0
2021-01-22,188,15,188,0,0,-1,-9,0,0
2021-01-23,180,15,180,0,0,-1,-8,0,0
2021-01-24,171,14,171,0,0,-1,-8,0,0
2021-01-25,163,13,163,0,0,-1,-8,0,0
2021-01-26,156,13,156,0,0,-1,-7,0,0
2021-01-27,148,12,148,0,0,-1,-7,0,0
2021-01-28,141,11,141,0,0,-1,-7,0,0
2021-01-29,135,11,135,0,0,-1,-6,0,0
2021-01-30,128,10,128,0,0,0,-6,0,0
2021-01-31,122,10,122,0,0,0,-6,0,0
2021-02-01,117,9,117,0,0,0,-5,0,0
2021-02-02,111,9,111,0,0,0,-5,0,0
2021-02-03,106,9,106,0,0,0,-5,0,0
2021-02-04,101,8,101,0,0,0,-5,0,0
2021-02-05,96,8,96,0,0,0,-5,0,0
2021-02-06,92,7,92,0,0,0,-4,0,0
2021-02-07,87,7,87,0,0,0,-4,0,0
2021-02-08,83,7,83,0,0,0,-4,0,0
2021-02-09,79,6,79,0,0,0,-4,0,0
2021-02-10,76,6,76,0,0,0,-4,0,0
2021-02-11,72,6,72,0,0,0,-3,0,0
2021-02-12,69,6,69,0,0,0,-3,0,0
2021-02-13,65,5,65,0,0,0,-3,0,0
2021-02-14,62,5,62,0,0,0,-3,0,0
2021-02-15,59,5,59,0,0,0,-3,0,0
2021-02-16,57,5,57,0,0,0,-3,0,0
2021-02-17,54,4,54,0,0,0,-3,0,0
2021-02-18,51,4,51,0,0,0,-2,0,0
2021-02-19,49,4,49,0,0,0,-2,0,0
2021-02-20,47,4,47,0,0,0,-2,0,0
2021-02-21,45,4,45,0,0,0,-2,0,0
2021-02-22,42,3,42,0,0,0,-2,0,0
2021-02-23,40,3,40,0,0,0,-2,0,0
2021-02-24,39,3,39,0,0,0,-2,0,0
2021-02-25,37,3,37,0,0,0,-2,0,0
2021-02-26,35,3,35,0,0,0,-2,0,0
2021-02-27,33,3,33,0,0,0,-2,0,0
2021-02-28,32,3,32,0,0,0,-1,0,0
2021-03-01,30,2,30,0,0,0,-1,0,0
2021-03-02,29,2,29,0,0,0,-1,0,0
2021-03-03,28,2,28,0,0,0,-1,0,0
2021-03-04,26,2,26,0,0,0,-1,0,0
2021-03-05,25,2,25,0,0,0,-1,0,0
2021-03-06,24,2,24,0,0,0,-1,0,0
2021-03-07,23,2,23,0,0,0,-1,0,0
2021-03-08,22,2,22,0,0,0,-1,0,0
2021-03-09,21,2,21,0,0,0,-1,0,0
2021-03-10,20,2,20,0,0,0,-1,0,0
2021-03-11,19,2,19,0,0,0,-1,0,0
2021-03-12,18,1,18,0,0,0,-1,0,0
2021-03-13,17,1,17,0,0,0,-1,0,0
2021-03-14,16,1,16,0,0,0,-1,0,0
2021-03-15,15,1,15,0,0,0,-1,0,0
2021-03-16,15,1,15,0,0,0,-1,0,0
2021-03-17,14,1,14,0,0,0,-1,0,0
2021-03-18,13,1,13,0,0,0,-1,0,0
2021-03-19,13,1,13,0,0,0,-1,0,0
2021-03-20,12,1,12,0,0,0,-1,0,0
2021-03-21,12,1,12,0,0,0,-1,0,0
2021-03-22,11,1,11,0,0,0,-1,0,0
2021-03-23,11,1,11,0,0,0,0,0,0
2021-03-24,10,1,10,0,0,0,0,0,0
2021-03-25,10,1,10,0,0,0,0,0,0
2021-03-26,9,1,9,0,0,0,0,0,0
2021-03-27,9,1,9,0,0,0,0,0,0
2021-03-28,8,1,8,0,0,0,0,0,0
2021-03-29,8,1,8,0,0,0,0,0,0
2021-03-30,8,1,8,0,0,0,0,0,0
2021-03-31,7,1,7,0,0,0,0,0,0
2021-04-01,7,1,7,0,0,0,0,0,0
2021-04-02,7,1,7,0,0,0,0,0,0
2021-04-03,6,0,6,0,0,0,0,0,0
2021-04-04,6,0,6,0,0,0,0,0,0
2021-04-05,6,0,6,0,0,0,0,0,0
2021-04-06,5,0,5,0,0,0,0,0,0
2021-04-07,5,0,5,0,0,0,0,0,0
2021-04-08,5,0,5,0,0,0,0,0,0
2021-04-09,5,0,5,0,0,0,0,0,0
2021-04-10,4,0,4,0,0,0,0,0,0
2021-04-11,4,0,4,0,0,0,0,0,0
2021-04-12,4,0,4,0,0,0,0,0,0
2021-04-13,4,0,4,0,0,0,0,0,0
2021-04-14,4,0,4,0,0,0,0,0,0
2021-04-15,3,0,3,0,0,0,0,0,0
2021-04-16,3,0,3,0,0,0,0,0,0
2021-04-17,3,0,3,0,0,0,0,0,0
2021-04-18,3,0,3,0,0,0,0,0,0
2021-04-19,3,0,3,0,0,0,0,0,0
2021-04-20,3,0,3,0,0,0,0,0,0
2021-04-21,3,0,3,0,0,0,0,0,0
2021-04-22,2,0,2,0,0,0,0,0,0
2021-04-23,2,0,2,0,0,0,0,0,0
2021-04-24,2,0,2,0,0,0,0,0,0
2021-04-25,2,0,2,0,0,0,0,0,0
2021-04-26,2,0,2,0,0,0,0,0,0
2021-04-27,2,0,2,0,0,0,0,0,0
2021-04-28,2,0,2,0,0,0,0,0,0
2021-04-29,2,0,2,0,0,0,0,0,0
2021-04-30,2,0,2,0,0,0,0,0,0
2021-05-01,2,0,2,0,0,0,0,0,0
2021-05-02,2,0,2,0,0,0,0,0,0
2021-05-03,1,0,1,0,0,0,0,0,0
2021-05-04,1,0,1,0,0,0,0,0,0
2021-05-05,1,0,1,0,0,0,0,0,0
