Date,Infected,Exposed,Active,Recovered,Deaths,Diff Exposed,Diff Active,Diff Recovered,Diff Deaths
2020-05-24,1079,152,629,444,6,27,13,46,1
2020-05-25,1139,179,642,490,7,18,23,47,1
2020-05-26,1209,198,665,537,7,14,28,49,1
2020-05-27,1287,212,693,586,8,12,32,51,1
2020-05-28,1370,224,725,636,9,12,34,53,1
2020-05-29,1457,236,759,689,9,11,36,56,1
2020-05-30,1550,247,795,745,10,12,38,58,1
2020-05-31,1647,259,833,803,11,12,40,61,1
2020-06-01,1749,271,873,864,12,12,42,64,1
2020-06-02,1854,283,914,928,12,13,43,67,1
2020-06-03,1966,296,958,995,13,13,45,70,1
2020-06-04,2082,309,1003,1065,14,14,47,73,1
2020-06-05,2203,323,1050,1138,15,14,49,77,1
2020-06-06,2330,337,1099,1215,16,15,51,80,1
2020-06-07,2461,352,1149,1295,17,15,53,84,1
2020-06-08,2600,367,1202,1379,19,16,55,88,1
2020-06-09,2744,383,1257,1467,20,16,57,92,1
2020-06-10,2894,399,1314,1559,21,17,59,96,1
2020-06-11,3050,415,1373,1655,22,17,61,100,1
2020-06-12,3214,433,1434,1756,24,18,63,105,1
2020-06-13,3384,450,1498,1861,25,18,66,110,1
2020-06-14,3560,468,1563,1970,27,19,68,114,2
2020-06-15,3744,487,1631,2085,28,19,70,119,2
2020-06-16,3935,506,1701,2204,30,19,72,124,2
2020-06-17,4133,525,1773,2329,31,20,75,130,2
2020-06-18,4339,545,1848,2458,33,20,77,135,2
2020-06-19,4553,565,1925,2593,35,20,79,141,2
2020-06-20,4774,585,2003,2734,37,21,81,147,2
2020-06-21,5005,606,2085,2881,39,21,83,153,2
2020-06-22,5242,627,2168,3033,41,21,85,159,2
2020-06-23,5488,649,2253,3192,43,22,87,165,2
2020-06-24,5743,670,2341,3357,45,22,89,171,2
2020-06-25,6005,692,2430,3528,47,22,91,178,2
2020-06-26,6277,714,2521,3706,50,22,93,184,2
2020-06-27,6557,736,2615,3890,52,22,95,191,3
2020-06-28,6846,758,2709,4082,55,22,96,198,3
2020-06-29,7144,779,2806,4280,58,22,98,205,3
2020-06-30,7448,801,2903,4485,60,22,99,212,3
2020-07-01,7762,823,3002,4697,63,21,100,220,3
2020-07-02,8085,844,3102,4917,66,21,101,227,3
2020-07-03,8416,865,3203,5144,69,21,102,234,3
2020-07-04,8755,885,3305,5378,72,20,102,242,3
2020-07-05,9103,905,3407,5620,76,19,103,249,3
2020-07-06,9458,925,3510,5869,79,19,103,257,3
2020-07-07,9820,944,3612,6126,82,18,102,264,4
2020-07-08,10192,962,3715,6391,86,17,102,272,4
2020-07-09,10569,979,3817,6662,90,16,101,279,4
2020-07-10,10953,995,3918,6942,93,16,100,287,4
2020-07-11,11343,1011,4018,7228,97,15,99,294,4
2020-07-12,11740,1025,4117,7522,101,13,97,301,4
2020-07-13,12142,1039,4214,7823,105,12,95,308,4
2020-07-14,12550,1051,4309,8132,109,11,93,315,4
2020-07-15,12963,1062,4402,8447,114,10,90,322,4
2020-07-16,13379,1072,4492,8769,118,8,88,329,4
2020-07-17,13799,1081,4580,9097,122,7,84,335,5
2020-07-18,14223,1088,4664,9432,127,6,81,341,5
2020-07-19,14650,1093,4745,9774,131,4,77,347,5
2020-07-20,15079,1098,4822,10121,136,3,73,353,5
2020-07-21,15510,1101,4895,10474,141,1,69,358,5
2020-07-22,15942,1102,4964,10832,146,0,64,363,5
2020-07-23,16375,1102,5029,11195,151,-1,60,368,5
2020-07-24,16807,1101,5088,11563,156,-3,55,372,5
2020-07-25,17239,1098,5143,11935,161,-4,49,376,5
2020-07-26,17669,1094,5192,12311,166,-6,44,380,5
2020-07-27,18098,1088,5236,12691,171,-7,39,383,5
2020-07-28,18525,1081,5275,13074,176,-8,33,386,5
2020-07-29,18949,1072,5308,13460,181,-10,27,388,5
2020-07-30,19369,1063,5335,13848,186,-11,21,390,5
2020-07-31,19787,1052,5356,14239,192,-12,16,392,5
2020-08-01,20199,1040,5372,14630,197,-13,10,393,5
2020-08-02,20606,1027,5381,15023,202,-14,4,394,5
2020-08-03,21009,1012,5385,15417,207,-15,-2,394,5
2020-08-04,21407,997,5383,15811,213,-16,-8,394,5
2020-08-05,21798,981,5375,16205,218,-17,-14,393,5
2020-08-06,22182,964,5361,16598,223,-18,-19,392,5
2020-08-07,22561,947,5342,16990,229,-18,-25,391,5
2020-08-08,22933,929,5318,17381,234,-19,-30,389,5
2020-08-09,23297,910,5288,17770,239,-19,-35,387,5
2020-08-10,23654,891,5253,18157,244,-20,-40,384,5
2020-08-11,24002,871,5212,18541,249,-20,-45,381,5
2020-08-12,24346,851,5168,18923,255,-20,-49,378,5
2020-08-13,24679,830,5118,19301,260,-21,-54,374,5
2020-08-14,25004,810,5064,19675,265,-21,-58,371,5
2020-08-15,25323,789,5007,20046,270,-21,-62,366,5
2020-08-16,25632,768,4945,20412,275,-21,-65,362,5
2020-08-17,25933,747,4880,20774,279,-21,-69,357,5
2020-08-18,26226,727,4811,21131,284,-21,-72,352,5
2020-08-19,26512,706,4740,21483,289,-21,-74,347,5
2020-08-20,26788,685,4665,21829,294,-20,-77,341,5
2020-08-21,27057,665,4588,22171,298,-20,-79,336,5
2020-08-22,27318,645,4509,22506,303,-20,-81,330,4
2020-08-23,27570,625,4427,22836,307,-20,-83,324,4
2020-08-24,27816,605,4344,23160,312,-19,-85,318,4
2020-08-25,28053,586,4259,23478,316,-19,-86,312,4
2020-08-26,28282,567,4173,23789,320,-19,-87,305,4
2020-08-27,28505,548,4086,24095,324,-18,-88,299,4
2020-08-28,28720,530,3998,24394,328,-18,-89,292,4
2020-08-29,28927,512,3909,24686,332,-18,-89,286,4
2020-08-30,29128,494,3820,24972,336,-17,-89,279,4
2020-08-31,29323,477,3731,25252,340,-17,-89,273,4
2020-09-01,29509,460,3641,25525,343,-16,-89,266,4
2020-09-02,29690,444,3552,25791,347,-16,-89,260,3
2020-09-03,29864,428,3463,26051,350,-15,-89,253,3
2020-09-04,30032,413,3374,26304,354,-15,-88,247,3
2020-09-05,30194,398,3286,26551,357,-14,-87,240,3
2020-09-06,30350,384,3199,26791,360,-14,-87,234,3
2020-09-07,30500,370,3112,27025,363,-14,-86,228,3
2020-09-08,30646,356,3026,27253,367,-13,-85,221,3
2020-09-09,30787,343,2942,27475,370,-13,-84,215,3
2020-09-10,30920,330,2858,27690,372,-12,-82,209,3
2020-09-11,31050,318,2776,27899,375,-12,-81,203,3
2020-09-12,31174,306,2694,28102,378,-12,-80,197,3
2020-09-13,31295,294,2615,28299,381,-11,-78,191,3
2020-09-14,31409,283,2536,28490,383,-11,-77,186,2
2020-09-15,31521,272,2459,28676,386,-10,-75,180,2
2020-09-16,31628,262,2384,28856,388,-10,-74,174,2
2020-09-17,31730,252,2310,29030,390,-10,-72,169,2
2020-09-18,31829,242,2237,29199,393,-9,-71,164,2
2020-09-19,31924,233,2166,29363,395,-9,-69,158,2
2020-09-20,32015,224,2097,29521,397,-9,-68,153,2
2020-09-21,32104,215,2030,29675,399,-8,-66,148,2
2020-09-22,32188,207,1964,29823,401,-8,-64,144,2
2020-09-23,32269,199,1899,29967,403,-8,-63,139,2
2020-09-24,32348,191,1837,30106,405,-7,-61,134,2
2020-09-25,32422,184,1775,30240,407,-7,-60,130,2
2020-09-26,32494,177,1716,30370,408,-7,-58,126,2
2020-09-27,32564,170,1658,30496,410,-7,-56,121,2
2020-09-28,32631,163,1602,30617,412,-6,-55,117,2
2020-09-29,32694,157,1547,30734,413,-6,-53,113,2
2020-09-30,32756,151,1494,30847,415,-6,-52,109,1
2020-10-01,32814,145,1442,30956,416,-6,-50,105,1
2020-10-02,32872,139,1392,31062,418,-5,-49,102,1
2020-10-03,32926,134,1343,31164,419,-5,-47,98,1
2020-10-04,32978,128,1296,31262,420,-5,-46,95,1
2020-10-05,33029,123,1250,31357,422,-5,-44,91,1
2020-10-06,33077,118,1206,31448,423,-5,-43,88,1
2020-10-07,33124,114,1163,31537,424,-4,-42,85,1
2020-10-08,33168,109,1121,31622,425,-4,-40,82,1
2020-10-09,33211,105,1081,31704,426,-4,-39,79,1
2020-10-10,33252,101,1042,31783,427,-4,-38,76,1
2020-10-11,33293,97,1005,31859,429,-4,-36,73,1
2020-10-12,33330,93,968,31933,429,-4,-35,71,1
2020-10-13,33366,89,933,32003,430,-4,-34,68,1
2020-10-14,33402,86,899,32072,431,-3,-33,66,1
2020-10-15,33435,83,866,32137,432,-3,-32,63,1
2020-10-16,33468,79,834,32201,433,-3,-31,61,1
2020-10-17,33499,76,803,32262,434,-3,-30,59,1
2020-10-18,33529,73,774,32320,435,-3,-29,57,1
2020-10-19,33557,70,745,32377,435,-3,-28,54,1
2020-10-20,33585,67,717,32432,436,-3,-27,52,1
2020-10-21,33612,65,691,32484,437,-3,-26,51,1
2020-10-22,33638,62,665,32535,438,-2,-25,49,1
2020-10-23,33661,60,640,32583,438,-2,-24,47,1
2020-10-24,33685,57,616,32630,439,-2,-23,45,1
2020-10-25,33707,55,593,32675,439,-2,-22,43,1
2020-10-26,33728,53,570,32718,440,-2,-22,42,1
2020-10-27,33750,51,549,32760,441,-2,-21,40,1
2020-10-28,33769,49,528,32800,441,-2,-20,39,1
2020-10-29,33789,47,508,32839,442,-2,-19,37,1
2020-10-30,33807,45,489,32876,442,-2,-19,36,0
2020-10-31,33825,43,470,32912,443,-2,-18,34,0
2020-11-01,33842,42,453,32946,443,-2,-17,33,0
2020-11-02,33858,40,435,32979,444,-2,-17,32,0
2020-11-03,33874,38,419,33011,444,-2,-16,31,0
2020-11-04,33889,37,403,33042,444,-1,-15,29,0
2020-11-05,33903,35,387,33071,445,-1,-15,28,0
2020-11-06,33917,34,372,33100,445,-1,-14,27,0
2020-11-07,33931,33,358,33127,446,-1,-14,26,0
2020-11-08,33943,31,344,33153,446,-1,-13,25,0
2020-11-09,33955,30,331,33178,446,-1,-13,24,0
2020-11-10,33969,29,319,33203,447,-1,-12,23,0
2020-11-11,33979,28,306,33226,447,-1,-12,22,0
2020-11-12,33989,27,294,33248,447,-1,-11,22,0
2020-11-13,34000,26,283,33270,447,-1,-11,21,0
2020-11-14,34011,25,272,33291,448,-1,-11,20,0
2020-11-15,34020,24,262,33310,448,-1,-10,19,0
2020-11-16,34030,23,252,33330,448,-1,-10,18,0
2020-11-17,34039,22,242,33348,449,-1,-9,18,0
2020-11-18,34047,21,232,33366,449,-1,-9,17,0
2020-11-19,34055,20,223,33383,449,-1,-9,16,0
2020-11-20,34063,19,215,33399,449,-1,-8,16,0
2020-11-21,34070,19,206,33415,449,-1,-8,15,0
2020-11-22,34078,18,198,33430,450,-1,-8,15,0
2020-11-23,34085,17,191,33444,450,-1,-7,14,0
2020-11-24,34091,16,183,33458,450,-1,-7,13,0
2020-11-25,34098,16,176,33472,450,-1,-7,13,0
2020-11-26,34104,15,169,33485,450,-1,-7,12,0
2020-11-27,34111,15,163,33497,451,-1,-6,12,0
2020-11-28,34116,14,156,33509,451,-1,-6,11,0
2020-11-29,34121,13,150,33520,451,-1,-6,11,0
2020-11-30,34126,13,144,33531,451,-1,-6,11,0
2020-12-01,34132,12,139,33542,451,0,-5,10,0
2020-12-02,34136,12,133,33552,451,0,-5,10,0
2020-12-03,34141,11,128,33562,451,0,-5,9,0
2020-12-04,34146,11,123,33571,452,0,-5,9,0
2020-12-05,34150,11,118,33580,452,0,-5,9,0
2020-12-06,34155,10,114,33589,452,0,-4,8,0
2020-12-07,34158,10,109,33597,452,0,-4,8,0
2020-12-08,34162,9,105,33605,452,0,-4,8,0
2020-12-09,34166,9,101,33613,452,0,-4,7,0
2020-12-10,34169,9,97,33620,452,0,-4,7,0
2020-12-11,34172,8,93,33627,452,0,-4,7,0
2020-12-12,34176,8,90,33634,452,0,-4,7,0
2020-12-13,34179,8,86,33641,452,0,-3,6,0
2020-12-14,34183,7,83,33647,453,0,-3,6,0
2020-12-15,34185,7,79,33653,453,0,-3,6,0
2020-12-16,34188,7,76,33659,453,0,-3,6,0
2020-12-17,34191,7,73,33665,453,0,-3,5,0
2020-12-18,34193,6,70,33670,453,0,-3,5,0
2020-12-19,34196,6,68,33675,453,0,-3,5,0
2020-12-20,34198,6,65,33680,453,0,-3,5,0
2020-12-21,34200,6,62,33685,453,0,-2,5,0
2020-12-22,34202,5,60,33689,453,0,-2,4,0
2020-12-23,34205,5,58,33694,453,0,-2,4,0
2020-12-24,34206,5,55,33698,453,0,-2,4,0
2020-12-25,34208,5,53,33702,453,0,-2,4,0
2020-12-26,34210,5,51,33706,453,0,-2,4,0
2020-12-27,34212,4,49,33710,453,0,-2,4,0
2020-12-28,34213,4,47,33713,453,0,-2,3,0
2020-12-29,34215,4,45,33717,453,0,-2,3,0
2020-12-30,34218,4,44,33720,454,0,-2,3,0
2020-12-31,34219,4,42,33723,454,0,-2,3,0
2021-01-01,34220,4,40,33726,454,0,-2,3,0
2021-01-02,34222,3,39,33729,454,0,-2,3,0
2021-01-03,34223,3,37,33732,454,0,-1,3,0
2021-01-04,34225,3,36,33735,454,0,-1,3,0
2021-01-05,34225,3,34,33737,454,0,-1,3,0
2021-01-06,34227,3,33,33740,454,0,-1,2,0
2021-01-07,34228,3,32,33742,454,0,-1,2,0
2021-01-08,34229,3,30,33745,454,0,-1,2,0
2021-01-09,34230,3,29,33747,454,0,-1,2,0
2021-01-10,34231,2,28,33749,454,0,-1,2,0
2021-01-11,34232,2,27,33751,454,0,-1,2,0
2021-01-12,34233,2,26,33753,454,0,-1,2,0
2021-01-13,34234,2,25,33755,454,0,-1,2,0
2021-01-14,34235,2,24,33757,454,0,-1,2,0
2021-01-15,34235,2,23,33758,454,0,-1,2,0
2021-01-16,34236,2,22,33760,454,0,-1,2,0
2021-01-17,34237,2,21,33762,454,0,-1,2,0
2021-01-18,34237,2,20,33763,454,0,-1,1,0
2021-01-19,34239,2,20,33765,454,0,-1,1,0
2021-01-20,34239,2,19,33766,454,0,-1,1,0
2021-01-21,34239,2,18,33767,454,0,-1,1,0
2021-01-22,34240,2,17,33769,454,0,-1,1,0
2021-01-23,34241,1,17,33770,454,0,-1,1,0
2021-01-24,34241,1,16,33771,454,0,-1,1,0
2021-01-25,34241,1,15,33772,454,0,-1,1,0
2021-01-26,34243,1,15,33774,454,0,-1,1,0
2021-01-27,34243,1,14,33775,454,0,-1,1,0
2021-01-28,34244,1,14,33776,454,0,-1,1,0
2021-01-29,34244,1,13,33777,454,0,-1,1,0
2021-01-30,34245,1,13,33778,454,0,0,1,0
2021-01-31,34245,1,12,33779,454,0,0,1,0
2021-02-01,34245,1,12,33779,454,0,0,1,0
2021-02-02,34245,1,11,33780,454,0,0,1,0
2021-02-03,34246,1,11,33781,454,0,0,1,0
2021-02-04,34246,1,10,33782,454,0,0,1,0
2021-02-05,34247,1,10,33783,454,0,0,1,0
2021-02-06,34246,1,9,33783,454,0,0,1,0
2021-02-07,34247,1,9,33784,454,0,0,1,0
2021-02-08,34248,1,9,33785,454,0,0,1,0
2021-02-09,34247,1,8,33785,454,0,0,1,0
2021-02-10,34248,1,8,33786,454,0,0,1,0
2021-02-11,34249,1,8,33787,454,0,0,1,0
2021-02-12,34248,1,7,33787,454,0,0,1,0
2021-02-13,34249,1,7,33788,454,0,0,1,0
2021-02-14,34249,1,7,33788,454,0,0,1,0
2021-02-15,34250,1,7,33789,454,0,0,0,0
2021-02-16,34249,1,6,33789,454,0,0,0,0
2021-02-17,34250,1,6,33790,454,0,0,0,0
2021-02-18,34250,1,6,33790,454,0,0,0,0
2021-02-19,34251,0,6,33791,454,0,0,0,0
2021-02-20,34250,0,5,33791,454,0,0,0,0
2021-02-21,34250,0,5,33791,454,0,0,0,0
2021-02-22,34252,0,5,33792,455,0,0,0,0
2021-02-23,34252,0,5,33792,455,0,0,0,0
2021-02-24,34252,0,5,33792,455,0,0,0,0
2021-02-25,34252,0,4,33793,455,0,0,0,0
2021-02-26,34252,0,4,33793,455,0,0,0,0
2021-02-27,34252,0,4,33793,455,0,0,0,0
2021-02-28,34253,0,4,33794,455,0,0,0,0
2021-03-01,34253,0,4,33794,455,0,0,0,0
2021-03-02,34253,0,4,33794,455,0,0,0,0
2021-03-03,34253,0,3,33795,455,0,0,0,0
2021-03-04,34253,0,3,33795,455,0,0,0,0
2021-03-05,34253,0,3,33795,455,0,0,0,0
2021-03-06,34253,0,3,33795,455,0,0,0,0
2021-03-07,34253,0,3,33795,455,0,0,0,0
2021-03-08,34254,0,3,33796,455,0,0,0,0
2021-03-09,34254,0,3,33796,455,0,0,0,0
2021-03-10,34254,0,3,33796,455,0,0,0,0
2021-03-11,34254,0,3,33796,455,0,0,0,0
2021-03-12,34253,0,2,33796,455,0,0,0,0
2021-03-13,34254,0,2,33797,455,0,0,0,0
2021-03-14,34254,0,2,33797,455,0,0,0,0
2021-03-15,34254,0,2,33797,455,0,0,0,0
2021-03-16,34254,0,2,33797,455,0,0,0,0
2021-03-17,34254,0,2,33797,455,0,0,0,0
2021-03-18,34254,0,2,33797,455,0,0,0,0
2021-03-19,34255,0,2,33798,455,0,0,0,0
2021-03-20,34255,0,2,33798,455,0,0,0,0
2021-03-21,34255,0,2,33798,455,0,0,0,0
2021-03-22,34255,0,2,33798,455,0,0,0,0
2021-03-23,34255,0,2,33798,455,0,0,0,0
2021-03-24,34254,0,1,33798,455,0,0,0,0
2021-03-25,34254,0,1,33798,455,0,0,0,0
2021-03-26,34254,0,1,33798,455,0,0,0,0
2021-03-27,34254,0,1,33798,455,0,0,0,0
2021-03-28,34255,0,1,33799,455,0,0,0,0
2021-03-29,34255,0,1,33799,455,0,0,0,0
2021-03-30,34255,0,1,33799,455,0,0,0,0
2021-03-31,34255,0,1,33799,455,0,0,0,0
2021-04-01,34255,0,1,33799,455,0,0,0,0
2021-04-02,34255,0,1,33799,455,0,0,0,0
2021-04-03,34255,0,1,33799,455,0,0,0,0
2021-04-04,34255,0,1,33799,455,0,0,0,0
2021-04-05,34255,0,1,33799,455,0,0,0,0
2021-04-06,34255,0,1,33799,455,0,0,0,0
2021-04-07,34255,0,1,33799,455,0,0,0,0
2021-04-08,34255,0,1,33799,455,0,0,0,0
2021-04-09,34255,0,1,33799,455,0,0,0,0
2021-04-10,34256,0,1,33800,455,0,0,0,0
2021-04-11,34256,0,1,33800,455,0,0,0,0
2021-04-12,34256,0,1,33800,455,0,0,0,0
2021-04-13,34256,0,1,33800,455,0,0,0,0
2021-04-14,34256,0,1,33800,455,0,0,0,0
2021-04-15,34256,0,1,33800,455,0,0,0,0
2021-04-16,34256,0,1,33800,455,0,0,0,0
2021-04-17,34256,0,1,33800,455,0,0,0,0
2021-04-18,34256,0,1,33800,455,0,0,0,0
2021-04-19,34256,0,1,33800,455,0,0,0,0
2021-04-20,34256,0,1,33800,455,0,0,0,0
2021-04-21,34255,0,0,33800,455,0,0,0,0
2021-04-22,34255,0,0,33800,455,0,0,0,0
2021-04-23,34255,0,0,33800,455,0,0,0,0
2021-04-24,34255,0,0,33800,455,0,0,0,0
2021-04-25,34255,0,0,33800,455,0,0,0,0
2021-04-26,34255,0,0,33800,455,0,0,0,0
2021-04-27,34255,0,0,33800,455,0,0,0,0
2021-04-28,34255,0,0,33800,455,0,0,0,0
2021-04-29,34255,0,0,33800,455,0,0,0,0
2021-04-30,34255,0,0,33800,455,0,0,0,0
2021-05-01,34255,0,0,33800,455,0,0,0,0
2021-05-02,34255,0,0,33800,455,0,0,0,0
2021-05-03,34255,0,0,33800,455,0,0,0,0
2021-05-04,34255,0,0,33800,455,0,0,0,0
2021-05-05,34255,0,0,33800,455,0,0,0,0
2021-05-06,34255,0,0,33800,455,0,0,0,0
2021-05-07,34255,0,0,33800,455,0,0,0,0
2021-05-08,34255,0,0,33800,455,0,0,0,0
2021-05-09,34256,0,0,33801,455,0,0,0,0
2021-05-10,34256,0,0,33801,455,0,0,0,0
2021-05-11,34256,0,0,33801,455,0,0,0,0
2021-05-12,34256,0,0,33801,455,0,0,0,0
2021-05-13,34256,0,0,33801,455,0,0,0,0
2021-05-14,34256,0,0,33801,455,0,0,0,0
2021-05-15,34256,0,0,33801,455,0,0,0,0
2021-05-16,34256,0,0,33801,455,0,0,0,0
2021-05-17,34256,0,0,33801,455,0,0,0,0
2021-05-18,34256,0,0,33801,455,0,0,0,0
2021-05-19,34256,0,0,33801,455,0,0,0,0
