Date,Confirmed,Exposed,Active,Recovered,Deaths,Diff Exposed,Diff Active,Diff Recovered,Diff Deaths
2020-05-13,15,4,15,0,0,0,1,0,0
2020-05-14,16,4,16,0,0,0,1,0,0
2020-05-15,17,5,17,0,0,0,1,0,0
2020-05-16,18,5,18,0,0,0,1,0,0
2020-05-17,19,5,19,0,0,0,1,0,0
2020-05-18,20,6,20,0,0,0,1,0,0
2020-05-19,21,6,21,0,0,0,1,0,0
2020-05-20,22,6,22,0,0,0,1,0,0
2020-05-21,23,7,23,0,0,0,1,0,0
2020-05-22,25,7,25,0,0,0,1,0,0
2020-05-23,26,8,26,0,0,0,2,0,0
2020-05-24,28,8,28,0,0,0,2,0,0
2020-05-25,29,9,29,0,0,1,2,0,0
2020-05-26,31,9,31,0,0,1,2,0,0
2020-05-27,33,10,33,0,0,1,2,0,0
2020-05-28,35,10,35,0,0,1,2,0,0
2020-05-29,37,11,37,0,0,1,2,0,0
2020-05-30,39,11,39,0,0,1,2,0,0
2020-05-31,42,12,42,0,0,1,2,0,0
2020-06-01,44,13,44,0,0,1,3,0,0
2020-06-02,47,14,47,0,0,1,3,0,0
2020-06-03,49,14,49,0,0,1,3,0,0
2020-06-04,52,15,52,0,0,1,3,0,0
2020-06-05,55,16,55,0,0,1,3,0,0
2020-06-06,59,17,59,0,0,1,3,0,0
2020-06-07,62,18,62,0,0,1,4,0,0
2020-06-08,66,19,66,0,0,1,4,0,0
2020-06-09,70,20,70,0,0,1,4,0,0
2020-06-10,74,21,74,0,0,1,4,0,0
2020-06-11,78,23,78,0,0,1,5,0,0
2020-06-12,83,24,83,0,0,1,5,0,0
2020-06-13,88,25,88,0,0,2,5,0,0
2020-06-14,93,27,93,0,0,2,6,0,0
2020-06-15,99,29,99,0,0,2,6,0,0
2020-06-16,104,30,104,0,0,2,6,0,0
2020-06-17,111,32,111,0,0,2,7,0,0
2020-06-18,117,34,117,0,0,2,7,0,0
2020-06-19,124,36,124,0,0,2,7,0,0
2020-06-20,131,38,131,0,0,2,8,0,0
2020-06-21,139,40,139,0,0,2,8,0,0
2020-06-22,148,43,148,0,0,3,9,0,0
2020-06-23,156,45,156,0,0,3,9,0,0
2020-06-24,165,48,165,0,0,3,10,0,0
2020-06-25,175,51,175,0,0,3,10,0,0
2020-06-26,186,54,186,0,0,3,11,0,0
2020-06-27,197,57,197,0,0,3,12,0,0
2020-06-28,208,60,208,0,0,4,12,0,0
2020-06-29,221,64,221,0,0,4,13,0,0
2020-06-30,234,68,234,0,0,4,14,0,0
2020-07-01,247,71,247,0,0,4,15,0,0
2020-07-02,262,76,262,0,0,4,15,0,0
2020-07-03,278,80,278,0,0,5,16,0,0
2020-07-04,294,85,294,0,0,5,17,0,0
2020-07-05,311,90,311,0,0,5,18,0,0
2020-07-06,330,95,330,0,0,6,19,0,0
2020-07-07,349,101,349,0,0,6,21,0,0
2020-07-08,370,107,370,0,0,6,22,0,0
2020-07-09,392,113,392,0,0,7,23,0,0
2020-07-10,415,120,415,0,0,7,24,0,0
2020-07-11,439,127,439,0,0,7,26,0,0
2020-07-12,465,134,465,0,0,8,27,0,0
2020-07-13,493,142,493,0,0,8,29,0,0
2020-07-14,522,151,522,0,0,9,31,0,0
2020-07-15,552,159,552,0,0,9,33,0,0
2020-07-16,585,169,585,0,0,10,34,0,0
2020-07-17,620,179,620,0,0,10,37,0,0
2020-07-18,656,189,656,0,0,11,39,0,0
2020-07-19,695,200,695,0,0,12,41,0,0
2020-07-20,736,212,736,0,0,12,43,0,0
2020-07-21,779,224,779,0,0,13,46,0,0
2020-07-22,825,238,825,0,0,14,49,0,0
2020-07-23,873,251,873,0,0,15,51,0,0
2020-07-24,925,266,925,0,0,16,54,0,0
2020-07-25,979,282,979,0,0,16,58,0,0
2020-07-26,1036,298,1036,0,0,17,61,0,0
2020-07-27,1097,316,1097,0,0,18,64,0,0
2020-07-28,1162,334,1162,0,0,19,68,0,0
2020-07-29,1230,353,1230,0,0,21,72,0,0
2020-07-30,1302,374,1302,0,0,22,76,0,0
2020-07-31,1378,396,1378,0,0,23,81,0,0
2020-08-01,1459,419,1459,0,0,24,85,0,0
2020-08-02,1544,443,1544,0,0,26,90,0,0
2020-08-03,1634,468,1634,0,0,27,95,0,0
2020-08-04,1730,496,1730,0,0,29,101,0,0
2020-08-05,1831,524,1831,0,0,30,107,0,0
2020-08-06,1938,554,1938,0,0,32,113,0,0
2020-08-07,2051,586,2051,0,0,34,119,0,0
2020-08-08,2170,620,2170,0,0,36,126,0,0
2020-08-09,2296,656,2296,0,0,38,133,0,0
2020-08-10,2429,693,2429,0,0,40,141,0,0
2020-08-11,2570,733,2570,0,0,42,149,0,0
2020-08-12,2719,774,2719,0,0,44,157,0,0
2020-08-13,2877,818,2877,0,0,46,166,0,0
2020-08-14,3043,865,3043,0,0,49,176,0,0
2020-08-15,3218,914,3218,0,0,52,185,0,0
2020-08-16,3404,965,3404,0,0,54,196,0,0
2020-08-17,3599,1020,3599,0,0,57,207,0,0
2020-08-18,3806,1077,3806,0,0,60,218,0,0
2020-08-19,4024,1137,4024,0,0,63,230,0,0
2020-08-20,4254,1200,4254,0,0,67,243,0,0
2020-08-21,4497,1267,4497,0,0,70,256,0,0
2020-08-22,4753,1337,4753,0,0,74,270,0,0
2020-08-23,5023,1411,5023,0,0,77,285,0,0
2020-08-24,5308,1488,5308,0,0,81,300,0,0
2020-08-25,5608,1569,5608,0,0,85,316,0,0
2020-08-26,5924,1654,5924,0,0,89,333,0,0
2020-08-27,6256,1744,6256,0,0,94,351,0,0
2020-08-28,6607,1838,6607,0,0,98,369,0,0
2020-08-29,6976,1936,6976,0,0,103,388,0,0
2020-08-30,7364,2038,7364,0,0,108,408,0,0
2020-08-31,7772,2146,7772,0,0,112,429,0,0
2020-09-01,8202,2258,8202,0,0,117,451,0,0
2020-09-02,8653,2376,8653,0,0,123,474,0,0
2020-09-03,9127,2498,9127,0,0,128,498,0,0
2020-09-04,9624,2626,9624,0,0,133,522,0,0
2020-09-05,10146,2759,10146,0,0,139,548,0,0
2020-09-06,10694,2898,10694,0,0,144,574,0,0
2020-09-07,11268,3042,11268,0,0,150,601,0,0
2020-09-08,11870,3192,11870,0,0,155,630,0,0
2020-09-09,12499,3347,12499,0,0,161,659,0,0
2020-09-10,13158,3508,13158,0,0,167,689,0,0
2020-09-11,13847,3675,13847,0,0,172,720,0,0
2020-09-12,14567,3847,14567,0,0,178,752,0,0
2020-09-13,15319,4025,15319,0,0,183,784,0,0
2020-09-14,16103,4208,16103,0,0,188,817,0,0
2020-09-15,16920,4396,16920,0,0,194,851,0,0
2020-09-16,17772,4590,17772,0,0,198,886,0,0
2020-09-17,18658,4789,18658,0,0,203,921,0,0
2020-09-18,19578,4992,19578,0,0,207,956,0,0
2020-09-19,20535,5199,20535,0,0,211,992,0,0
2020-09-20,21527,5410,21527,0,0,215,1028,0,0
2020-09-21,22555,5625,22555,0,0,218,1064,0,0
2020-09-22,23618,5843,23618,0,0,220,1100,0,0
2020-09-23,24718,6064,24718,0,0,222,1135,0,0
2020-09-24,25853,6286,25853,0,0,224,1170,0,0
2020-09-25,27024,6510,27024,0,0,224,1205,0,0
2020-09-26,28229,6734,28229,0,0,224,1239,0,0
2020-09-27,29468,6958,29468,0,0,223,1272,0,0
2020-09-28,30739,7181,30739,0,0,221,1303,0,0
2020-09-29,32042,7402,32042,0,0,218,1333,0,0
2020-09-30,33375,7621,33375,0,0,215,1362,0,0
2020-10-01,34737,7835,34737,0,0,210,1388,0,0
2020-10-02,36125,8045,36125,0,0,204,1412,0,0
2020-10-03,37537,8249,37537,0,0,197,1434,0,0
2020-10-04,38971,8446,38971,0,0,189,1453,0,0
2020-10-05,40424,8635,40424,0,0,180,1469,0,0
2020-10-06,41894,8816,41894,0,0,170,1482,0,0
2020-10-07,43376,8986,43376,0,0,159,1492,0,0
2020-10-08,44868,9145,44868,0,0,147,1498,0,0
2020-10-09,46366,9292,46366,0,0,134,1500,0,0
2020-10-10,47866,9426,47866,0,0,120,1498,0,0
2020-10-11,49365,9546,49365,0,0,105,1492,0,0
2020-10-12,50857,9651,50857,0,0,90,1482,0,0
2020-10-13,52339,9741,52339,0,0,74,1467,0,0
2020-10-14,53807,9814,53807,0,0,57,1448,0,0
2020-10-15,55255,9871,55255,0,0,40,1425,0,0
2020-10-16,56680,9911,56680,0,0,22,1396,0,0
2020-10-17,58076,9933,58076,0,0,4,1364,0,0
2020-10-18,59439,9937,59439,0,0,-14,1326,0,0
2020-10-19,60766,9923,60766,0,0,-31,1285,0,0
2020-10-20,62051,9892,62051,0,0,-49,1239,0,0
2020-10-21,63290,9843,63290,0,0,-66,1189,0,0
2020-10-22,64479,9777,64479,0,0,-83,1136,0,0
2020-10-23,65615,9694,65615,0,0,-99,1079,0,0
2020-10-24,66694,9595,66694,0,0,-115,1018,0,0
2020-10-25,67713,9480,67713,0,0,-129,955,0,0
2020-10-26,68668,9351,68668,0,0,-143,889,0,0
2020-10-27,69557,9208,69557,0,0,-156,821,0,0
2020-10-28,70378,9052,70378,0,0,-168,750,0,0
2020-10-29,71128,8883,71128,0,0,-179,678,0,0
2020-10-30,71806,8705,71806,0,0,-189,605,0,0
2020-10-31,72411,8516,72411,0,0,-197,531,0,0
2020-11-01,72943,8319,72943,0,0,-205,456,0,0
2020-11-02,73399,8114,73399,0,0,-211,382,0,0
2020-11-03,73781,7903,73781,0,0,-216,307,0,0
2020-11-04,74088,7687,74088,0,0,-220,233,0,0
2020-11-05,74321,7466,74321,0,0,-223,160,0,0
2020-11-06,74481,7243,74481,0,0,-225,88,0,0
2020-11-07,74569,7018,74569,0,0,-226,18,0,0
2020-11-08,74587,6792,74587,0,0,-226,-51,0,0
2020-11-09,74535,6565,74535,0,0,-226,-118,0,0
2020-11-10,74417,6340,74417,0,0,-224,-183,0,0
2020-11-11,74234,6116,74234,0,0,-222,-246,0,0
2020-11-12,73988,5894,73988,0,0,-219,-306,0,0
2020-11-13,73683,5675,73683,0,0,-215,-363,0,0
2020-11-14,73320,5460,73320,0,0,-211,-418,0,0
2020-11-15,72902,5249,72902,0,0,-207,-470,0,0
2020-11-16,72432,5042,72432,0,0,-202,-519,0,0
2020-11-17,71912,4840,71912,0,0,-197,-566,0,0
2020-11-18,71347,4644,71347,0,0,-191,-609,0,0
2020-11-19,70738,4453,70738,0,0,-186,-650,0,0
2020-11-20,70088,4267,70088,0,0,-180,-687,0,0
2020-11-21,69401,4087,69401,0,0,-174,-722,0,0
2020-11-22,68679,3913,68679,0,0,-168,-754,0,0
2020-11-23,67924,3745,67924,0,0,-162,-784,0,0
2020-11-24,67140,3584,67140,0,0,-156,-811,0,0
2020-11-25,66329,3428,66329,0,0,-150,-835,0,0
2020-11-26,65494,3278,65494,0,0,-144,-857,0,0
2020-11-27,64638,3134,64638,0,0,-138,-876,0,0
2020-11-28,63761,2995,63761,0,0,-133,-893,0,0
2020-11-29,62868,2863,62868,0,0,-127,-908,0,0
2020-11-30,61960,2736,61960,0,0,-122,-921,0,0
2020-12-01,61039,2614,61039,0,0,-116,-932,0,0
2020-12-02,60107,2498,60107,0,0,-111,-941,0,0
2020-12-03,59167,2387,59167,0,0,-106,-948,0,0
2020-12-04,58219,2280,58219,0,0,-101,-953,0,0
2020-12-05,57266,2179,57266,0,0,-97,-957,0,0
2020-12-06,56310,2082,56310,0,0,-92,-959,0,0
2020-12-07,55351,1990,55351,0,0,-88,-960,0,0
2020-12-08,54391,1902,54391,0,0,-84,-959,0,0
2020-12-09,53431,1818,53431,0,0,-80,-958,0,0
2020-12-10,52474,1738,52474,0,0,-76,-955,0,0
2020-12-11,51519,1661,51519,0,0,-73,-951,0,0
2020-12-12,50568,1589,50568,0,0,-69,-946,0,0
2020-12-13,49622,1520,49622,0,0,-66,-940,0,0
2020-12-14,48681,1454,48681,0,0,-63,-934,0,0
2020-12-15,47747,1391,47747,0,0,-60,-926,0,0
2020-12-16,46821,1331,46821,0,0,-57,-918,0,0
2020-12-17,45903,1274,45903,0,0,-54,-910,0,0
2020-12-18,44993,1220,44993,0,0,-52,-900,0,0
2020-12-19,44093,1168,44093,0,0,-49,-891,0,0
2020-12-20,43202,1119,43202,0,0,-47,-880,0,0
2020-12-21,42322,1072,42322,0,0,-45,-870,0,0
2020-12-22,41452,1027,41452,0,0,-43,-859,0,0
2020-12-23,40593,985,40593,0,0,-41,-847,0,0
2020-12-24,39746,944,39746,0,0,-39,-836,0,0
2020-12-25,38910,906,38910,0,0,-37,-824,0,0
2020-12-26,38087,869,38087,0,0,-35,-812,0,0
2020-12-27,37275,834,37275,0,0,-33,-799,0,0
2020-12-28,36476,800,36476,0,0,-32,-787,0,0
2020-12-29,35689,768,35689,0,0,-30,-774,0,0
2020-12-30,34914,738,34914,0,0,-29,-762,0,0
2020-12-31,34152,709,34152,0,0,-28,-749,0,0
2021-01-01,33403,681,33403,0,0,-26,-736,0,0
2021-01-02,32667,655,32667,0,0,-25,-724,0,0
2021-01-03,31943,629,31943,0,0,-24,-711,0,0
2021-01-04,31233,605,31233,0,0,-23,-698,0,0
2021-01-05,30535,582,30535,0,0,-22,-685,0,0
2021-01-06,29849,560,29849,0,0,-21,-673,0,0
2021-01-07,29177,539,29177,0,0,-20,-660,0,0
2021-01-08,28517,519,28517,0,0,-19,-648,0,0
2021-01-09,27869,500,27869,0,0,-18,-635,0,0
2021-01-10,27234,481,27234,0,0,-18,-623,0,0
2021-01-11,26611,463,26611,0,0,-17,-611,0,0
2021-01-12,26001,447,26001,0,0,-16,-598,0,0
2021-01-13,25402,430,25402,0,0,-15,-586,0,0
2021-01-14,24816,415,24816,0,0,-15,-575,0,0
2021-01-15,24241,400,24241,0,0,-14,-563,0,0
2021-01-16,23678,386,23678,0,0,-14,-551,0,0
2021-01-17,23127,372,23127,0,0,-13,-540,0,0
2021-01-18,22587,359,22587,0,0,-13,-529,0,0
2021-01-19,22059,347,22059,0,0,-12,-517,0,0
2021-01-20,21541,335,21541,0,0,-12,-506,0,0
2021-01-21,21035,323,21035,0,0,-11,-496,0,0
2021-01-22,20539,312,20539,0,0,-11,-485,0,0
2021-01-23,20054,301,20054,0,0,-10,-475,0,0
2021-01-24,19580,291,19580,0,0,-10,-464,0,0
2021-01-25,19115,281,19115,0,0,-9,-454,0,0
2021-01-26,18661,272,18661,0,0,-9,-444,0,0
2021-01-27,18217,263,18217,0,0,-9,-434,0,0
2021-01-28,17783,254,17783,0,0,-8,-425,0,0
2021-01-29,17358,246,17358,0,0,-8,-415,0,0
2021-01-30,16942,238,16942,0,0,-8,-406,0,0
2021-01-31,16536,230,16536,0,0,-7,-397,0,0
2021-02-01,16139,222,16139,0,0,-7,-388,0,0
2021-02-02,15751,215,15751,0,0,-7,-379,0,0
2021-02-03,15372,208,15372,0,0,-7,-371,0,0
2021-02-04,15002,202,15002,0,0,-6,-362,0,0
2021-02-05,14639,195,14639,0,0,-6,-354,0,0
2021-02-06,14286,189,14286,0,0,-6,-346,0,0
2021-02-07,13940,183,13940,0,0,-6,-338,0,0
2021-02-08,13602,177,13602,0,0,-6,-330,0,0
2021-02-09,13272,172,13272,0,0,-5,-322,0,0
2021-02-10,12949,166,12949,0,0,-5,-315,0,0
2021-02-11,12634,161,12634,0,0,-5,-308,0,0
2021-02-12,12327,156,12327,0,0,-5,-300,0,0
2021-02-13,12026,152,12026,0,0,-5,-293,0,0
2021-02-14,11733,147,11733,0,0,-4,-287,0,0
2021-02-15,11447,142,11447,0,0,-4,-280,0,0
2021-02-16,11167,138,11167,0,0,-4,-273,0,0
2021-02-17,10893,134,10893,0,0,-4,-267,0,0
2021-02-18,10627,130,10627,0,0,-4,-260,0,0
2021-02-19,10366,126,10366,0,0,-4,-254,0,0
2021-02-20,10112,122,10112,0,0,-4,-248,0,0
2021-02-21,9864,119,9864,0,0,-4,-242,0,0
2021-02-22,9621,115,9621,0,0,-3,-237,0,0
2021-02-23,9385,112,9385,0,0,-3,-231,0,0
2021-02-24,9154,108,9154,0,0,-3,-225,0,0
2021-02-25,8928,105,8928,0,0,-3,-220,0,0
2021-02-26,8708,102,8708,0,0,-3,-215,0,0
2021-02-27,8494,99,8494,0,0,-3,-210,0,0
2021-02-28,8284,96,8284,0,0,-3,-205,0,0
2021-03-01,8079,94,8079,0,0,-3,-200,0,0
2021-03-02,7880,91,7880,0,0,-3,-195,0,0
2021-03-03,7685,88,7685,0,0,-3,-190,0,0
2021-03-04,7495,86,7495,0,0,-2,-186,0,0
2021-03-05,7309,83,7309,0,0,-2,-181,0,0
2021-03-06,7128,81,7128,0,0,-2,-177,0,0
2021-03-07,6952,79,6952,0,0,-2,-172,0,0
2021-03-08,6779,76,6779,0,0,-2,-168,0,0
2021-03-09,6611,74,6611,0,0,-2,-164,0,0
2021-03-10,6447,72,6447,0,0,-2,-160,0,0
2021-03-11,6287,70,6287,0,0,-2,-156,0,0
2021-03-12,6131,68,6131,0,0,-2,-152,0,0
2021-03-13,5979,66,5979,0,0,-2,-149,0,0
2021-03-14,5830,64,5830,0,0,-2,-145,0,0
2021-03-15,5685,63,5685,0,0,-2,-141,0,0
2021-03-16,5544,61,5544,0,0,-2,-138,0,0
2021-03-17,5406,59,5406,0,0,-2,-135,0,0
2021-03-18,5271,57,5271,0,0,-2,-131,0,0
2021-03-19,5140,56,5140,0,0,-2,-128,0,0
2021-03-20,5012,54,5012,0,0,-1,-125,0,0
2021-03-21,4887,53,4887,0,0,-1,-122,0,0
2021-03-22,4765,51,4765,0,0,-1,-119,0,0
2021-03-23,4646,50,4646,0,0,-1,-116,0,0
2021-03-24,4530,49,4530,0,0,-1,-113,0,0
2021-03-25,4417,47,4417,0,0,-1,-110,0,0
2021-03-26,4307,46,4307,0,0,-1,-108,0,0
2021-03-27,4199,45,4199,0,0,-1,-105,0,0
2021-03-28,4094,44,4094,0,0,-1,-102,0,0
2021-03-29,3992,42,3992,0,0,-1,-100,0,0
2021-03-30,3892,41,3892,0,0,-1,-97,0,0
2021-03-31,3795,40,3795,0,0,-1,-95,0,0
2021-04-01,3700,39,3700,0,0,-1,-93,0,0
2021-04-02,3607,38,3607,0,0,-1,-90,0,0
2021-04-03,3517,37,3517,0,0,-1,-88,0,0
2021-04-04,3429,36,3429,0,0,-1,-86,0,0
2021-04-05,3343,35,3343,0,0,-1,-84,0,0
2021-04-06,3259,34,3259,0,0,-1,-82,0,0
2021-04-07,3178,33,3178,0,0,-1,-80,0,0
2021-04-08,3098,32,3098,0,0,-1,-78,0,0
2021-04-09,3021,31,3021,0,0,-1,-76,0,0
2021-04-10,2945,31,2945,0,0,-1,-74,0,0
2021-04-11,2871,30,2871,0,0,-1,-72,0,0
2021-04-12,2799,29,2799,0,0,-1,-70,0,0
2021-04-13,2729,28,2729,0,0,-1,-68,0,0
2021-04-14,2660,27,2660,0,0,-1,-67,0,0
2021-04-15,2594,27,2594,0,0,-1,-65,0,0
2021-04-16,2529,26,2529,0,0,-1,-63,0,0
2021-04-17,2465,25,2465,0,0,-1,-62,0,0
2021-04-18,2403,25,2403,0,0,-1,-60,0,0
2021-04-19,2343,24,2343,0,0,-1,-59,0,0
2021-04-20,2284,23,2284,0,0,-1,-57,0,0
2021-04-21,2227,23,2227,0,0,-1,-56,0,0
2021-04-22,2171,22,2171,0,0,-1,-55,0,0
2021-04-23,2116,22,2116,0,0,-1,-53,0,0
2021-04-24,2063,21,2063,0,0,-1,-52,0,0
2021-04-25,2011,20,2011,0,0,-1,-51,0,0
2021-04-26,1961,20,1961,0,0,-1,-49,0,0
2021-04-27,1911,19,1911,0,0,-1,-48,0,0
2021-04-28,1863,19,1863,0,0,0,-47,0,0
2021-04-29,1817,18,1817,0,0,0,-46,0,0
2021-04-30,1771,18,1771,0,0,0,-45,0,0
2021-05-01,1726,17,1726,0,0,0,-43,0,0
2021-05-02,1683,17,1683,0,0,0,-42,0,0
2021-05-03,1641,17,1641,0,0,0,-41,0,0
2021-05-04,1599,16,1599,0,0,0,-40,0,0
2021-05-05,1559,16,1559,0,0,0,-39,0,0
2021-05-06,1520,15,1520,0,0,0,-38,0,0
2021-05-07,1482,15,1482,0,0,0,-37,0,0
2021-05-08,1444,15,1444,0,0,0,-36,0,0
