Date,State,City,Confirmed,Deaths,Recovered,Order For Place,Estimated Population 2019,Estimated Population,City Ibge Code,Infected Per Confirmed,Infected,Closed,Active,Diff Confirmed,Diff Infected,Diff Recovered,Diff Deaths,Diff Closed,Diff Active,Diff2 Infected,Diff2 Recovered,Diff2 Deaths,Diff2 Closed,Diff2 Active,Diff3 Infected,Diff4 Infected,Diff5 Infected,μ closed,Infected Per 1Mi,Deaths Per 1Mi,Recovered Per 1Mi,Closed Per 1Mi,Active Per 1Mi
2020-04-02,BA,Belmonte,1,0,2,1,23328,23671,2903409,6.8,7,2,5,,,,,,,,,,,,,,,0.0,295.72,0.0,84.49,84.49,211.23
2020-04-03,BA,Belmonte,1,0,2,2,23328,23671,2903409,6.8,7,2,5,,,,,,,,,,,,,,,0.0,295.72,0.0,84.49,84.49,211.23
2020-04-04,BA,Belmonte,1,0,3,3,23328,23671,2903409,6.8,7,3,4,,,,,,,,,,,,,,,0.0,295.72,0.0,126.74,126.74,168.98
2020-04-05,BA,Belmonte,1,0,3,4,23328,23671,2903409,6.8,7,3,4,,,,,,,,,,,,,,,0.0,295.72,0.0,126.74,126.74,168.98
2020-04-06,BA,Belmonte,1,0,3,5,23328,23671,2903409,6.8,7,3,4,0.143,1.0,0.571,0.0,0.571,0.429,,,,,,,,,0.0,295.72,0.0,126.74,126.74,168.98
2020-04-07,BA,Belmonte,1,0,3,6,23328,23671,2903409,6.8,7,3,4,0.143,1.0,0.571,0.0,0.571,0.429,,,,,,,,,0.0,295.72,0.0,126.74,126.74,168.98
2020-04-08,BA,Belmonte,2,0,5,7,23328,23671,2903409,6.8,14,5,9,0.143,1.0,0.429,0.0,0.429,0.571,,,,,,,,,0.0,591.44,0.0,211.23,211.23,380.21
2020-04-09,BA,Belmonte,2,0,6,8,23328,23671,2903409,6.8,14,6,8,0.143,1.0,0.429,0.0,0.429,0.571,0.0,0.0,0.0286,0.0286,-0.0286,,,,0.0,591.44,0.0,253.47,253.47,337.97
2020-04-10,BA,Belmonte,2,0,6,9,23328,23671,2903409,6.8,14,6,8,0.143,1.0,0.571,0.0,0.571,0.429,-0.2,-0.0571,0.0286,-0.0286,-0.1714,,,,0.0,591.44,0.0,253.47,253.47,337.97
2020-04-11,BA,Belmonte,2,0,6,10,23328,23671,2903409,6.8,14,6,8,0.143,1.0,0.571,0.143,0.714,0.286,-0.2,-0.0571,0.0286,-0.0286,-0.1714,,,,0.0,591.44,0.0,253.47,253.47,337.97
2020-04-12,BA,Belmonte,2,0,6,11,23328,23671,2903409,6.8,14,6,8,0.0,0.0,0.286,0.143,0.429,-0.4286,-0.2,-0.0571,0.0286,-0.0286,-0.1714,-0.04,,,0.0,591.44,0.0,253.47,253.47,337.97
2020-04-13,BA,Belmonte,2,0,7,12,23328,23671,2903409,6.8,14,7,7,0.0,0.0,0.143,0.143,0.286,-0.2857,-0.2,-0.0857,0.0286,-0.0571,-0.1429,0.04,,,0.0,591.44,0.0,295.72,295.72,295.72
2020-04-14,BA,Belmonte,2,1,7,13,23328,23671,2903409,6.8,14,8,6,0.0,0.0,0.143,0.143,0.286,-0.2857,-0.2,-0.0857,0.0,-0.0857,-0.1143,0.04,,,0.125,591.44,42.25,295.72,337.97,253.47
2020-04-15,BA,Belmonte,2,1,7,14,23328,23671,2903409,6.8,14,8,6,0.0,0.0,0.143,0.143,0.286,-0.2857,0.0,-0.0571,0.0,-0.0571,0.0571,0.04,0.016,,0.125,591.44,42.25,295.72,337.97,253.47
2020-04-16,BA,Belmonte,2,1,7,15,23328,23671,2903409,6.8,14,8,6,0.0,0.0,0.143,0.143,0.286,-0.2857,0.0,-0.0286,-0.0286,-0.0571,0.0571,0.04,-0.008,,0.125,591.44,42.25,295.72,337.97,253.47
2020-04-17,BA,Belmonte,2,1,7,16,23328,23671,2903409,6.8,14,8,6,0.0,0.0,0.0,0.143,0.143,-0.1429,0.0,0.0,-0.0286,-0.0286,0.0286,0.04,-0.008,,0.125,591.44,42.25,295.72,337.97,253.47
2020-04-18,BA,Belmonte,2,1,7,17,23328,23671,2903409,6.8,14,8,6,0.0,0.0,0.0,0.0,0.0,0.0,0.0,-0.0286,-0.0286,-0.0571,0.0571,0.0,-0.008,-0.0048,0.125,591.44,42.25,295.72,337.97,253.47
2020-04-19,BA,Belmonte,2,1,7,18,23328,23671,2903409,6.8,14,8,6,0.0,0.0,0.143,0.0,0.143,-0.1429,0.0,-0.0286,-0.0286,-0.0571,0.0571,0.0,-0.008,0.0016,0.125,591.44,42.25,295.72,337.97,253.47
2020-04-20,BA,Belmonte,2,1,7,19,23328,23671,2903409,6.8,14,8,6,0.0,0.0,0.0,0.0,0.0,0.0,0.0,0.0,-0.0286,-0.0286,0.0286,0.0,-0.008,0.0016,0.125,591.44,42.25,295.72,337.97,253.47
2020-04-21,BA,Belmonte,2,1,7,20,23328,23671,2903409,6.8,14,8,6,0.0,0.0,0.0,0.0,0.0,0.0,0.0,0.0,0.0,0.0,0.0,0.0,0.0,0.0016,0.125,591.44,42.25,295.72,337.97,253.47
2020-04-22,BA,Belmonte,2,1,8,21,23328,23671,2903409,6.8,14,9,5,0.0,0.0,0.0,0.0,0.0,0.0,0.0,-0.0286,0.0,-0.0286,0.0286,0.0,0.0,0.0016,0.111,591.44,42.25,337.97,380.21,211.23
2020-04-23,BA,Belmonte,2,1,7,22,23328,23671,2903409,6.8,14,8,6,0.0,0.0,0.0,0.0,0.0,0.0,0.0,0.0,0.0,0.0,0.0,0.0,0.0,0.0016,0.125,591.44,42.25,295.72,337.97,253.47
2020-04-24,BA,Belmonte,2,1,7,23,23328,23671,2903409,6.8,14,8,6,0.0,0.0,0.0,0.0,0.0,0.0,0.0,-0.0286,0.0,-0.0286,0.0286,0.0,0.0,0.0,0.125,591.44,42.25,295.72,337.97,253.47
2020-04-25,BA,Belmonte,2,1,7,24,23328,23671,2903409,6.8,14,8,6,0.0,0.0,0.0,0.0,0.0,0.0,0.0,0.0,0.0,0.0,0.0,0.0,0.0,0.0,0.125,591.44,42.25,295.72,337.97,253.47
2020-04-26,BA,Belmonte,2,1,7,25,23328,23671,2903409,6.8,14,8,6,0.0,0.0,-0.1429,0.0,-0.1429,0.143,0.0,0.0,0.0,0.0,0.0,0.0,0.0,0.0,0.125,591.44,42.25,295.72,337.97,253.47
2020-04-27,BA,Belmonte,2,1,7,26,23328,23671,2903409,6.8,14,8,6,0.0,0.0,0.0,0.0,0.0,0.0,0.0,0.0286,0.0,0.0286,-0.0286,0.0,0.0,0.0,0.125,591.44,42.25,295.72,337.97,253.47
2020-04-28,BA,Belmonte,2,1,7,27,23328,23671,2903409,6.8,14,8,6,0.0,0.0,0.0,0.0,0.0,0.0,0.0,0.0286,0.0,0.0286,-0.0286,0.0,0.0,0.0,0.125,591.44,42.25,295.72,337.97,253.47
2020-04-29,BA,Belmonte,2,1,7,28,23328,23671,2903409,6.8,14,8,6,0.0,0.0,0.143,0.0,0.143,-0.1429,0.0,0.0571,0.0,0.0571,-0.0571,0.0,0.0,0.0,0.125,591.44,42.25,295.72,337.97,253.47
2020-04-30,BA,Belmonte,2,1,7,29,23328,23671,2903409,6.8,14,8,6,0.0,0.0,0.143,0.0,0.143,-0.1429,0.0,0.0286,0.0,0.0286,-0.0286,0.0,0.0,0.0,0.125,591.44,42.25,295.72,337.97,253.47
2020-05-01,BA,Belmonte,2,1,7,30,23328,23671,2903409,6.8,14,8,6,0.0,0.0,0.143,0.0,0.143,-0.1429,0.0,0.0286,0.0,0.0286,-0.0286,0.0,0.0,0.0,0.125,591.44,42.25,295.72,337.97,253.47
2020-05-02,BA,Belmonte,2,1,8,31,23328,23671,2903409,6.8,14,9,5,0.0,0.0,0.143,0.0,0.143,-0.1429,0.0,0.0,0.0,0.0,0.0,0.0,0.0,0.0,0.111,591.44,42.25,337.97,380.21,211.23
2020-05-03,BA,Belmonte,2,1,8,32,23328,23671,2903409,6.8,14,9,5,0.0,0.0,0.143,0.0,0.143,-0.1429,0.0,0.0,0.0,0.0,0.0,0.0,0.0,0.0,0.111,591.44,42.25,337.97,380.21,211.23
2020-05-04,BA,Belmonte,2,1,8,33,23328,23671,2903409,6.8,14,9,5,0.0,0.0,0.143,0.0,0.143,-0.1429,0.0,-0.0286,0.0,-0.0286,0.0286,0.0,0.0,0.0,0.111,591.44,42.25,337.97,380.21,211.23
2020-05-05,BA,Belmonte,2,1,8,34,23328,23671,2903409,6.8,14,9,5,0.0,0.0,0.143,0.0,0.143,-0.1429,0.0,-0.0286,0.0,-0.0286,0.0286,0.0,0.0,0.0,0.111,591.44,42.25,337.97,380.21,211.23
2020-05-06,BA,Belmonte,2,1,8,35,23328,23671,2903409,6.8,14,9,5,0.0,0.0,0.0,0.0,0.0,0.0,0.0,-0.0286,0.0,-0.0286,0.0286,0.0,0.0,0.0,0.111,591.44,42.25,337.97,380.21,211.23
2020-05-07,BA,Belmonte,2,1,8,36,23328,23671,2903409,6.8,14,9,5,0.0,0.0,0.0,0.0,0.0,0.0,0.0,-0.0286,0.0,-0.0286,0.0286,0.0,0.0,0.0014,0.111,591.44,42.25,337.97,380.21,211.23
2020-05-08,BA,Belmonte,2,1,8,37,23328,23671,2903409,6.8,14,9,5,0.0,0.0,0.0,0.0,0.0,0.0,0.0,-0.0286,0.0,-0.0286,0.0286,0.0,0.0,0.0014,0.111,591.44,42.25,337.97,380.21,211.23
2020-05-09,BA,Belmonte,2,1,8,38,23328,23671,2903409,6.8,14,9,5,0.0,0.0,0.0,0.0,0.0,0.0,0.0,0.0,0.0,0.0,0.0,0.0,0.0069,0.0014,0.111,591.44,42.25,337.97,380.21,211.23
2020-05-10,BA,Belmonte,2,1,8,39,23328,23671,2903409,6.8,14,9,5,0.0,0.0,0.0,0.0,0.0,0.0,0.0,0.0,0.0,0.0,0.0,0.0,0.0069,0.003,0.111,591.44,42.25,337.97,380.21,211.23
2020-05-11,BA,Belmonte,2,1,8,40,23328,23671,2903409,6.8,14,9,5,0.0,0.0,0.0,0.0,0.0,0.0,0.0,0.0,0.0,0.0,0.0,0.0343,0.0069,0.003,0.111,591.44,42.25,337.97,380.21,211.23
2020-05-12,BA,Belmonte,2,1,8,41,23328,23671,2903409,6.8,14,9,5,0.0,0.0,0.0,0.0,0.0,0.0,0.0,0.0,0.0,0.0,0.0,0.0343,0.0149,-0.0025,0.111,591.44,42.25,337.97,380.21,211.23
2020-05-13,BA,Belmonte,2,1,8,42,23328,23671,2903409,6.8,14,9,5,0.0,0.0,0.0,0.0,0.0,0.0,0.171,0.114,0.0,0.114,0.0571,0.0343,0.0149,-0.0025,0.111,591.44,42.25,337.97,380.21,211.23
2020-05-14,BA,Belmonte,2,1,8,43,23328,23671,2903409,6.8,14,9,5,0.0,0.0,0.0,0.0,0.0,0.0,0.171,0.114,0.0,0.114,0.0571,0.0743,-0.0057,-0.0023,0.111,591.44,42.25,337.97,380.21,211.23
2020-05-15,BA,Belmonte,2,1,8,44,23328,23671,2903409,6.8,14,9,5,0.143,0.857,0.571,0.0,0.571,0.286,0.171,0.114,0.0,0.114,0.0571,0.0743,-0.0057,-0.0103,0.111,591.44,42.25,337.97,380.21,211.23
2020-05-16,BA,Belmonte,2,1,8,45,23328,23671,2903409,6.8,14,9,5,0.143,0.857,0.571,0.0,0.571,0.286,0.371,0.229,0.0,0.229,0.143,0.0057,-0.0046,-0.0103,0.111,591.44,42.25,337.97,380.21,211.23
2020-05-17,BA,Belmonte,2,1,8,46,23328,23671,2903409,6.8,14,9,5,0.143,0.857,0.571,0.0,0.571,0.286,0.371,0.229,0.0,0.229,0.143,0.0057,-0.0366,-0.0021,0.111,591.44,42.25,337.97,380.21,211.23
2020-05-18,BA,Belmonte,3,1,12,47,23328,23671,2903409,6.8,20,13,7,0.286,1.86,1.14,0.0,1.14,0.714,0.2,0.114,0.0,0.114,0.0857,0.0114,-0.0366,-0.0021,0.0769,844.92,42.25,506.95,549.2,295.72
2020-05-19,BA,Belmonte,3,1,12,48,23328,23671,2903409,6.8,20,13,7,0.286,1.86,1.14,0.0,1.14,0.714,0.2,0.114,0.0,0.114,0.0857,-0.1086,-0.016,-0.003,0.0769,844.92,42.25,506.95,549.2,295.72
2020-05-20,BA,Belmonte,3,1,12,49,23328,23671,2903409,6.8,20,13,7,0.286,1.86,1.14,0.0,1.14,0.714,0.229,0.143,0.0,0.143,0.0857,-0.1086,-0.016,0.0146,0.0769,844.92,42.25,506.95,549.2,295.72
2020-05-21,BA,Belmonte,4,1,16,50,23328,23671,2903409,6.8,27,17,10,0.286,1.86,1.14,0.0,1.14,0.714,-0.1714,-0.0857,0.0,-0.0857,-0.0857,-0.0743,-0.0194,0.016,0.0588,1140.64,42.25,675.93,718.18,422.46
2020-05-22,BA,Belmonte,4,1,16,51,23328,23671,2903409,6.8,27,17,10,0.286,2.0,1.29,0.0,1.29,0.714,-0.1714,-0.0857,0.0,-0.0857,-0.0857,-0.0743,0.0366,0.0121,0.0588,1140.64,42.25,675.93,718.18,422.46
2020-05-23,BA,Belmonte,4,1,16,52,23328,23671,2903409,6.8,27,17,10,0.143,1.0,0.714,0.0,0.714,0.286,-0.1714,-0.0857,0.0,-0.0857,-0.0857,-0.0857,0.0434,0.0169,0.0588,1140.64,42.25,675.93,718.18,422.46
2020-05-24,BA,Belmonte,4,1,16,53,23328,23671,2903409,6.8,27,17,10,0.143,1.0,0.714,0.0,0.714,0.286,-0.1714,-0.0857,0.0,-0.0857,-0.0857,0.0743,0.0446,0.0167,0.0588,1140.64,42.25,675.93,718.18,422.46
2020-05-25,BA,Belmonte,5,1,21,54,23328,23671,2903409,6.8,34,22,12,0.143,1.0,0.714,0.0,0.714,0.286,-0.2,-0.1429,0.0,-0.1429,-0.0571,0.109,0.0686,0.0066,0.0455,1436.36,42.25,887.16,929.41,506.95
2020-05-26,BA,Belmonte,4,1,17,55,23328,23671,2903409,6.8,27,18,9,0.143,1.0,0.714,0.0,0.714,0.286,0.2,0.114,0.0,0.114,0.0857,0.149,0.064,0.0121,0.0556,1140.64,42.25,718.18,760.42,380.21
2020-05-27,BA,Belmonte,4,1,17,56,23328,23671,2903409,6.8,27,18,9,0.143,1.0,0.571,0.0,0.571,0.429,0.371,0.229,0.0,0.229,0.143,0.269,0.0697,0.0071,0.0556,1140.64,42.25,718.18,760.42,380.21
2020-05-28,BA,Belmonte,5,1,21,57,23328,23671,2903409,6.8,34,22,12,0.286,2.0,1.29,0.0,1.29,0.714,0.571,0.343,0.0,0.343,0.229,0.234,0.104,,0.0455,1436.36,42.25,887.16,929.41,506.95
2020-05-29,BA,Belmonte,5,1,21,58,23328,23671,2903409,6.8,34,22,12,0.429,2.86,1.86,0.0,1.86,1.0,1.17,0.714,0.0,0.714,0.457,0.423,0.08,,0.0455,1436.36,42.25,887.16,929.41,506.95
2020-05-30,BA,Belmonte,5,1,20,59,23328,23671,2903409,6.8,34,21,13,0.571,3.86,2.43,0.0,2.43,1.43,0.971,0.629,0.0,0.629,0.343,0.629,,,0.0476,1436.36,42.25,844.92,887.16,549.2
2020-05-31,BA,Belmonte,6,1,25,60,23328,23671,2903409,6.8,41,26,15,1.0,6.86,4.29,0.0,4.29,2.57,2.31,1.49,0.0,1.49,0.829,0.549,,,0.0385,1732.08,42.25,1056.14,1098.39,633.69
2020-06-01,BA,Belmonte,8,1,34,61,23328,23671,2903409,6.8,54,35,19,0.857,5.86,3.71,0.0,3.71,2.14,3.51,2.29,0.0,2.29,1.23,,,,0.0286,2281.27,42.25,1436.36,1478.6,802.67
2020-06-02,BA,Belmonte,8,1,34,62,23328,23671,2903409,6.8,54,35,19,2.0,13.57,8.71,0.0,8.71,4.86,3.31,2.23,0.0,2.23,1.09,,,,0.0286,2281.27,42.25,1436.36,1478.6,802.67
2020-06-03,BA,Belmonte,11,1,47,63,23328,23671,2903409,6.8,75,48,27,3.0,20.43,13.29,0.0,13.29,7.14,,,,,,,,,0.0208,3168.43,42.25,1985.55,2027.8,1140.64
2020-06-04,BA,Belmonte,11,1,47,64,23328,23671,2903409,6.8,75,48,27,3.0,20.43,13.57,0.0,13.57,6.86,,,,,,,,,0.0208,3168.43,42.25,1985.55,2027.8,1140.64
2020-06-05,BA,Belmonte,19,1,82,65,23328,23671,2903409,6.8,129,83,46,,,,,,,,,,,,,,,0.012,5449.71,42.25,3464.15,3506.4,1943.31
2020-06-06,BA,Belmonte,26,1,113,66,23328,23671,2903409,6.8,177,114,63,,,,,,,,,,,,,,,0.0088,7477.5,42.25,4773.77,4816.02,2661.48
2020-06-07,BA,Belmonte,27,1,120,67,23328,23671,2903409,6.8,184,121,63,,,,,,,,,,,,,,,0.0083,7773.22,42.25,5069.49,5111.74,2661.48
2020-06-09,BA,Belmonte,28,1,127,68,23328,23671,2903409,6.8,190,128,62,,,,,,,,,,,,,,,0.0078,8026.7,42.25,5365.21,5407.46,2619.24
2020-06-10,BA,Belmonte,30,1,136,69,23328,23671,2903409,6.8,204,137,67,,,,,,,,,,,,,,,0.0073,8618.14,42.25,5745.43,5787.67,2830.47
2020-06-11,BA,Belmonte,32,1,146,70,23328,23671,2903409,6.8,218,147,71,,,,,,,,,,,,,,,0.0068,9209.58,42.25,6167.88,6210.13,2999.45
2020-06-12,BA,Belmonte,33,1,152,71,23328,23671,2903409,6.8,224,153,71,,,,,,,,,,,,,,,0.0065,9463.06,42.25,6421.36,6463.61,2999.45
2020-06-13,BA,Belmonte,33,1,154,72,23328,23671,2903409,6.8,224,155,69,1.71,11.71,9.43,0.0,9.43,2.29,,,,,,,,,0.0065,9463.06,42.25,6505.85,6548.1,2914.96
2020-06-14,BA,Belmonte,33,1,157,73,23328,23671,2903409,6.8,224,158,66,1.57,10.71,8.86,0.0,8.86,1.86,,,,,,,,,0.0063,9463.06,42.25,6632.59,6674.83,2788.22
2020-06-15,BA,Belmonte,36,1,174,74,23328,23671,2903409,6.8,245,175,70,1.29,8.71,7.71,0.0,7.71,1.0,,,,,,,,,0.0057,10350.22,42.25,7350.77,7393.01,2957.21
2020-06-16,BA,Belmonte,40,1,193,75,23328,23671,2903409,6.8,272,194,78,2.57,17.57,13.14,0.0,13.14,4.43,1.37,0.914,0.0,0.914,0.457,,,,0.0052,11490.85,42.25,8153.44,8195.68,3295.17
2020-06-17,BA,Belmonte,41,1,198,76,23328,23671,2903409,6.8,279,199,80,2.71,18.57,13.71,0.0,13.71,4.86,0.971,0.629,0.0,0.629,0.343,,,,0.005,11786.57,42.25,8364.67,8406.91,3379.66
2020-06-18,BA,Belmonte,41,1,200,77,23328,23671,2903409,6.8,279,201,78,2.71,18.57,14.0,0.0,14.0,4.57,0.771,0.429,0.0,0.429,0.343,,,,0.005,11786.57,42.25,8449.16,8491.4,3295.17
2020-06-19,BA,Belmonte,51,1,244,78,23328,23671,2903409,6.8,347,245,102,2.29,15.57,12.0,0.0,12.0,3.57,-1.2,-0.8286,0.0,-0.8286,-0.3714,-0.8229,,,0.0041,14659.29,42.25,10307.97,10350.22,4309.07
2020-06-20,BA,Belmonte,52,1,250,79,23328,23671,2903409,6.8,354,251,103,1.86,12.57,9.86,0.0,9.86,2.71,-1.4,-1.0,0.0,-1.0,-0.4,-0.5486,,,0.004,14955.01,42.25,10561.45,10603.69,4351.32
2020-06-21,BA,Belmonte,52,1,255,80,23328,23671,2903409,6.8,354,256,98,1.71,11.57,9.0,0.0,9.0,2.57,-2.7429,-1.9143,0.0,-1.9143,-0.8286,-0.3086,,,0.0039,14955.01,42.25,10772.68,10814.92,4140.09
2020-06-22,BA,Belmonte,52,1,258,81,23328,23671,2903409,6.8,354,259,95,1.71,11.57,8.71,0.0,8.71,2.86,-1.7714,-1.2571,0.0,-1.2571,-0.5143,0.977,0.485,,0.0039,14955.01,42.25,10899.41,10941.66,4013.35
2020-06-23,BA,Belmonte,53,1,262,82,23328,23671,2903409,6.8,360,263,97,0.714,4.86,4.43,0.0,4.43,0.429,-0.7714,-0.5714,0.0,-0.5714,-0.2,1.02,0.376,,0.0038,15208.48,42.25,11068.4,11110.64,4097.84
2020-06-24,BA,Belmonte,53,1,261,83,23328,23671,2903409,6.8,360,262,98,1.0,6.71,5.71,0.0,5.71,1.0,3.69,2.8,0.0,2.8,0.886,1.6,0.271,,0.0038,15208.48,42.25,11026.15,11068.4,4140.09
2020-06-25,BA,Belmonte,53,1,261,84,23328,23671,2903409,6.8,360,262,98,1.29,8.71,7.0,0.0,7.0,1.71,3.71,2.94,0.0,2.94,0.771,1.33,-0.3497,-0.2185,0.0038,15208.48,42.25,11026.15,11068.4,4140.09
2020-06-26,BA,Belmonte,56,1,275,85,23328,23671,2903409,6.8,381,276,105,4.43,30.0,23.0,0.0,23.0,7.0,5.26,3.94,0.0,3.94,1.31,1.05,-0.2606,-0.1769,0.0036,16095.64,42.25,11617.59,11659.84,4435.81
2020-06-27,BA,Belmonte,59,1,290,86,23328,23671,2903409,6.8,401,291,110,4.43,30.14,23.43,0.0,23.43,6.71,4.89,3.66,0.0,3.66,1.23,-0.7714,-0.608,-0.1408,0.0034,16940.56,42.25,12251.28,12293.52,4647.04
2020-06-28,BA,Belmonte,61,1,304,87,23328,23671,2903409,6.8,415,305,110,4.57,31.14,24.14,0.0,24.14,7.0,4.46,3.46,0.0,3.46,1.0,-0.28,-0.5086,0.107,0.0033,17532.0,42.25,12842.72,12884.96,4647.04
2020-06-29,BA,Belmonte,83,1,419,88,23328,23671,2903409,6.8,564,420,144,4.57,31.14,24.0,0.0,24.0,7.14,-0.1714,0.0571,0.0,0.0571,-0.2286,-1.44,-0.4331,0.0341,0.0024,23826.62,42.25,17700.98,17743.23,6083.39
2020-06-30,BA,Belmonte,84,1,426,89,23328,23671,2903409,6.8,571,427,144,4.57,31.0,24.29,0.0,24.29,6.71,2.31,1.94,0.0,1.94,0.371,-1.2114,0.184,0.215,0.0023,24122.34,42.25,17996.7,18038.95,6083.39
2020-07-01,BA,Belmonte,85,1,430,90,23328,23671,2903409,6.8,578,431,147,4.29,29.14,23.29,0.0,23.29,5.86,-1.9429,-1.1143,0.0,-1.1143,-0.8286,-1.12,-0.0903,0.155,0.0023,24418.06,42.25,18165.69,18207.93,6210.13
2020-07-02,BA,Belmonte,85,1,429,91,23328,23671,2903409,6.8,578,430,148,6.14,41.71,33.14,0.0,33.14,8.57,-1.1714,-0.5429,0.0,-0.5429,-0.6286,0.149,0.466,0.151,0.0023,24418.06,42.25,18123.44,18165.69,6252.38
2020-07-03,BA,Belmonte,88,1,445,92,23328,23671,2903409,6.8,598,446,152,3.14,21.43,18.57,0.0,18.57,2.86,-1.1429,-0.5714,0.0,-0.5714,-0.5714,-0.7314,0.266,-0.0487,0.0022,25262.98,42.25,18799.37,18841.62,6421.36
2020-07-04,BA,Belmonte,89,1,453,93,23328,23671,2903409,6.8,605,454,151,3.71,25.29,21.29,0.0,21.29,4.0,0.571,0.714,0.0,0.714,-0.1429,0.891,0.323,0.0642,0.0022,25558.7,42.25,19137.34,19179.59,6379.11
2020-07-05,BA,Belmonte,104,1,536,94,23328,23671,2903409,6.8,707,537,170,3.71,25.29,21.43,0.0,21.43,3.86,-1.3429,-0.8,0.0,-0.8,-0.5429,0.12,-0.0594,-0.1287,0.0019,29867.77,42.25,22643.74,22685.99,7181.78
2020-07-06,BA,Belmonte,105,1,549,95,23328,23671,2903409,6.8,714,550,164,4.71,32.0,26.86,0.0,26.86,5.14,2.51,1.97,0.0,1.97,0.543,0.497,0.231,-0.0023,0.0018,30163.49,42.25,23192.94,23235.18,6928.31
2020-07-07,BA,Belmonte,110,1,575,96,23328,23671,2903409,6.8,748,576,172,5.14,35.0,29.14,0.0,29.14,5.86,-0.5714,-0.2286,0.0,-0.2286,-0.3429,-0.1486,-0.1771,-0.0594,0.0017,31599.85,42.25,24291.33,24333.57,7266.28
2020-07-08,BA,Belmonte,111,1,580,97,23328,23671,2903409,6.8,755,581,174,5.0,34.0,28.43,0.0,28.43,5.57,1.34,1.29,0.0,1.29,0.0571,0.423,0.255,0.0549,0.0017,31895.57,42.25,24502.56,24544.8,7350.77
2020-07-09,BA,Belmonte,118,1,617,98,23328,23671,2903409,6.8,802,618,184,3.29,22.43,20.14,0.0,20.14,2.29,-0.1714,0.114,0.0,0.114,-0.2857,0.0057,0.0263,-0.0629,0.0016,33881.12,42.25,26065.65,26107.9,7773.22
2020-07-10,BA,Belmonte,124,1,649,99,23328,23671,2903409,6.8,843,650,193,4.71,32.0,27.86,0.0,27.86,4.14,0.771,0.943,0.0,0.943,-0.1714,1.39,0.215,0.0023,0.0015,35613.2,42.25,27417.52,27459.76,8153.44
2020-07-11,BA,Belmonte,124,1,652,100,23328,23671,2903409,6.8,843,653,190,4.57,31.14,27.43,0.0,27.43,3.71,2.54,2.34,0.0,2.34,0.2,0.629,-0.0834,-0.1968,0.0015,35613.2,42.25,27544.25,27586.5,8026.7
2020-07-12,BA,Belmonte,127,1,677,101,23328,23671,2903409,6.8,864,678,186,5.71,38.86,33.86,0.0,33.86,5.0,6.4,5.4,0.0,5.4,1.0,0.926,-0.1657,-0.1083,0.0015,36500.36,42.25,28600.4,28642.64,7857.72
2020-07-13,BA,Belmonte,138,1,744,102,23328,23671,2903409,6.8,938,745,193,6.86,46.71,40.14,0.0,40.14,6.57,4.49,4.0,0.0,4.0,0.486,0.0057,-0.7291,-0.1717,0.0013,39626.55,42.25,31430.86,31473.11,8153.44
2020-07-14,BA,Belmonte,142,1,767,103,23328,23671,2903409,6.8,966,768,198,8.0,54.43,47.14,0.0,47.14,7.29,4.46,3.97,0.0,3.97,0.486,-0.8229,-0.5154,-0.0197,0.0013,40809.43,42.25,32402.52,32444.76,8364.67
2020-07-15,BA,Belmonte,151,1,817,104,23328,23671,2903409,6.8,1027,818,209,8.0,54.43,47.86,0.0,47.86,6.57,0.8,1.06,0.0,1.06,-0.2571,-2.2514,-0.6434,0.0553,0.0012,43386.42,42.25,34514.81,34557.05,8829.37
2020-07-16,BA,Belmonte,166,1,898,105,23328,23671,2903409,6.8,1129,899,230,7.86,53.43,47.29,0.0,47.29,6.14,-1.5714,-0.8571,0.0,-0.8571,-0.7143,-1.9486,-0.1817,0.268,0.0011,47695.49,42.25,37936.72,37978.96,9716.53
2020-07-17,BA,Belmonte,180,1,979,106,23328,23671,2903409,6.8,1224,980,244,6.29,42.86,39.14,0.0,39.14,3.71,-4.8571,-4.0571,0.0,-4.0571,-0.8,-2.2914,0.111,0.226,0.001,51708.84,42.25,41358.62,41400.87,10307.97
2020-07-18,BA,Belmonte,180,1,987,107,23328,23671,2903409,6.8,1224,988,236,5.71,38.86,35.86,0.0,35.86,3.0,-5.2571,-4.6571,0.0,-4.6571,-0.6,-0.9029,0.613,0.298,0.001,51708.84,42.25,41696.59,41738.84,9970.01
2020-07-19,BA,Belmonte,182,1,1008,108,23328,23671,2903409,6.8,1238,1009,229,4.43,30.14,26.86,0.0,26.86,3.29,-7.0,-6.3429,0.0,-6.3429,-0.6571,-0.2686,0.615,0.096,0.001,52300.28,42.25,42583.75,42626.0,9674.28
2020-07-20,BA,Belmonte,182,1,1018,109,23328,23671,2903409,6.8,1238,1019,219,4.14,28.14,24.57,0.0,24.57,3.57,-3.7143,-4.0,0.0,-4.0,0.286,0.811,0.847,0.0073,0.001,52300.28,42.25,43006.21,43048.46,9251.83
2020-07-21,BA,Belmonte,182,1,1018,110,23328,23671,2903409,6.8,1238,1019,219,2.71,18.43,15.57,0.0,15.57,2.86,-2.9143,-3.2571,0.0,-3.2571,0.343,1.13,0.298,-0.1282,0.001,52300.28,42.25,43006.21,43048.46,9251.83
2020-07-22,BA,Belmonte,182,1,1005,111,23328,23671,2903409,6.8,1238,1006,232,3.57,24.29,19.14,0.0,19.14,5.14,-0.8,-1.1143,0.0,-1.1143,0.314,1.94,0.147,-0.1584,0.001,52300.28,42.25,42457.01,42499.26,9801.02
2020-07-23,BA,Belmonte,195,1,1070,112,23328,23671,2903409,6.8,1326,1071,255,3.57,24.29,19.57,0.0,19.57,4.71,0.371,0.0571,0.0,0.0571,0.314,0.589,-0.0286,-0.2562,0.0009,56017.91,42.25,45202.99,45245.24,10772.68
2020-07-24,BA,Belmonte,199,1,1088,113,23328,23671,2903409,6.8,1353,1089,264,3.86,26.14,21.29,0.0,21.29,4.86,2.71,2.26,0.0,2.26,0.457,0.469,-0.1771,-0.0505,0.0009,57158.55,42.25,45963.42,46005.66,11152.89
2020-07-25,BA,Belmonte,205,1,1121,114,23328,23671,2903409,6.8,1394,1122,272,4.43,30.0,24.86,0.0,24.86,5.14,-0.7714,-0.2286,0.0,-0.2286,-0.5429,0.669,-0.4343,-0.0048,0.0009,58890.63,42.25,47357.53,47399.77,11490.85
2020-07-26,BA,Belmonte,207,1,1145,115,23328,23671,2903409,6.8,1408,1146,262,4.71,32.0,26.86,0.0,26.86,5.14,-0.5714,-0.0571,0.0,-0.0571,-0.5143,0.24,0.0457,-0.0229,0.0009,59482.07,42.25,48371.42,48413.67,11068.4
2020-07-27,BA,Belmonte,209,1,1167,116,23328,23671,2903409,6.8,1421,1168,253,3.0,20.43,18.0,0.0,18.0,2.43,2.54,2.57,0.0,2.57,-0.0286,-0.2286,0.123,0.0475,0.0009,60031.26,42.25,49300.83,49343.08,10688.18
2020-07-28,BA,Belmonte,213,1,1192,117,23328,23671,2903409,6.8,1448,1193,255,3.14,21.43,19.29,0.0,19.29,2.14,1.57,1.74,0.0,1.74,-0.1714,0.817,-0.1429,0.088,0.0008,61171.9,42.25,50356.98,50399.22,10772.68
2020-07-29,BA,Belmonte,215,1,1193,118,23328,23671,2903409,6.8,1462,1194,268,5.71,38.86,34.14,0.0,34.14,4.71,1.57,1.86,0.0,1.86,-0.2857,1.09,0.0606,-0.0498,0.0008,61763.34,42.25,50399.22,50441.47,11321.87
2020-07-30,BA,Belmonte,216,1,1196,119,23328,23671,2903409,6.8,1469,1197,272,5.57,37.86,33.57,0.0,33.57,4.29,3.31,3.03,0.0,3.03,0.286,-0.0457,0.0057,-0.0992,0.0008,62059.06,42.25,50525.96,50568.21,11490.85
2020-07-31,BA,Belmonte,221,1,1223,120,23328,23671,2903409,6.8,1503,1224,279,5.86,39.86,36.14,0.0,36.14,3.71,4.86,4.4,0.0,4.4,0.457,0.543,-0.2034,0.0167,0.0008,63495.42,42.25,51666.6,51708.84,11786.57
2020-08-01,BA,Belmonte,245,1,1360,121,23328,23671,2903409,6.8,1666,1361,305,5.43,37.0,33.14,0.0,33.14,3.86,2.31,2.26,0.0,2.26,0.0571,-0.2,-0.3726,-0.0885,0.0007,70381.48,42.25,57454.27,57496.51,12884.96
2020-08-02,BA,Belmonte,246,1,1380,122,23328,23671,2903409,6.8,1673,1381,292,6.71,45.71,41.29,0.0,41.29,4.43,4.29,3.91,0.0,3.91,0.371,-0.2,-0.0594,,0.0007,70677.2,42.25,58299.18,58341.43,12335.77
2020-08-03,BA,Belmonte,250,1,1420,123,23328,23671,2903409,6.8,1700,1421,279,7.43,50.43,45.43,0.0,45.43,5.0,0.571,0.629,0.0,0.629,-0.0571,-0.7771,-0.3817,,0.0007,71817.84,42.25,59989.02,60031.26,11786.57
2020-08-04,BA,Belmonte,251,1,1424,124,23328,23671,2903409,6.8,1707,1425,282,8.71,59.29,53.14,0.0,53.14,6.14,2.31,2.29,0.0,2.29,0.0286,-0.3429,,,0.0007,72113.56,42.25,60158.0,60200.25,11913.31
2020-08-05,BA,Belmonte,262,1,1482,125,23328,23671,2903409,6.8,1782,1483,299,6.29,42.71,39.29,0.0,39.29,3.43,0.971,0.971,0.0,0.971,-0.0,-1.3657,,,0.0007,75281.99,42.25,62608.25,62650.5,12631.49
2020-08-06,BA,Belmonte,268,1,1514,126,23328,23671,2903409,6.8,1822,1515,307,7.14,48.57,44.57,0.0,44.57,4.0,0.6,0.6,0.0,0.6,0.0,,,,0.0007,76971.82,42.25,63960.12,64002.37,12969.46
2020-08-07,BA,Belmonte,282,1,1595,127,23328,23671,2903409,6.8,1918,1596,322,7.43,50.57,46.14,0.0,46.14,4.43,-2.5429,-2.0286,0.0,-2.0286,-0.5143,,,,0.0006,81027.42,42.25,67382.03,67424.27,13603.14
2020-08-08,BA,Belmonte,289,1,1635,128,23328,23671,2903409,6.8,1965,1636,329,7.86,53.43,48.43,0.0,48.43,5.0,,,,,,,,,0.0006,83012.97,42.25,69071.86,69114.11,13898.86
2020-08-09,BA,Belmonte,296,1,1692,129,23328,23671,2903409,6.8,2013,1693,320,6.86,46.57,43.0,0.0,43.0,3.57,,,,,,,,,0.0006,85040.77,42.25,71479.87,71522.12,13518.65
2020-08-10,BA,Belmonte,302,1,1743,130,23328,23671,2903409,6.8,2054,1744,310,,,,,,,,,,,,,,,0.0006,86772.84,42.25,73634.4,73676.65,13096.19
2020-08-11,BA,Belmonte,306,1,1763,131,23328,23671,2903409,6.8,2081,1764,317,,,,,,,,,,,,,,,0.0006,87913.48,42.25,74479.32,74521.57,13391.91
2020-08-12,BA,Belmonte,310,1,1783,132,23328,23671,2903409,6.8,2108,1784,324,,,,,,,,,,,,,,,0.0006,89054.12,42.25,75324.24,75366.48,13687.63
2020-08-14,BA,Belmonte,326,2,1870,133,23328,23671,2903409,6.8,2217,1872,345,,,,,,,,,,,,,,,0.0011,93658.91,84.49,78999.62,79084.11,14574.8
2020-08-15,BA,Belmonte,330,2,1900,134,23328,23671,2903409,6.8,2244,1902,342,,,,,,,,,,,,,,,0.0011,94799.54,84.49,80266.99,80351.48,14448.06
2020-08-16,BA,Belmonte,333,2,1934,135,23328,23671,2903409,6.8,2264,1936,328,,,,,,,,,,,,,,,0.001,95644.46,84.49,81703.35,81787.84,13856.62
2020-08-17,BA,Belmonte,333,2,1952,136,23328,23671,2903409,6.8,2264,1954,310,,,,,,,,,,,,,,,0.001,95644.46,84.49,82463.77,82548.27,13096.19
2020-08-18,BA,Belmonte,336,2,1969,137,23328,23671,2903409,6.8,2285,1971,314,3.29,22.29,26.71,0.0,26.71,-4.4286,,,,,,,,,0.001,96531.62,84.49,83181.95,83266.44,13265.18
2020-08-19,BA,Belmonte,342,2,2004,138,23328,23671,2903409,6.8,2326,2006,320,2.86,19.43,23.0,0.0,23.0,-3.5714,,,,,,,,,0.001,98263.7,84.49,84660.56,84745.05,13518.65
2020-08-20,BA,Belmonte,346,2,2029,139,23328,23671,2903409,6.8,2353,2031,322,2.43,16.57,20.29,0.0,20.29,-3.7143,,,,,,,,,0.001,99404.33,84.49,85716.7,85801.19,13603.14
2020-08-21,BA,Belmonte,349,2,2057,140,23328,23671,2903409,6.8,2373,2059,314,2.43,16.57,20.0,0.0,20.0,-3.4286,0.0,-0.3714,0.0,-0.3714,0.371,,,,0.001,100249.25,84.49,86899.58,86984.07,13265.18
2020-08-22,BA,Belmonte,350,2,2061,141,23328,23671,2903409,6.8,2380,2063,317,3.43,23.29,25.86,0.0,25.86,-2.5714,2.51,2.06,0.0,2.06,0.457,,,,0.001,100544.97,84.49,87068.56,87153.06,13391.91
2020-08-23,BA,Belmonte,350,2,2076,142,23328,23671,2903409,6.8,2380,2078,302,3.29,22.29,24.86,0.0,24.86,-2.5714,3.29,2.51,0.0,2.51,0.771,,,,0.001,100544.97,84.49,87702.25,87786.74,12758.23
2020-08-24,BA,Belmonte,350,2,2092,143,23328,23671,2903409,6.8,2380,2094,286,4.71,32.0,33.29,0.0,33.29,-1.2857,4.46,3.74,0.0,3.74,0.714,1.48,,,0.001,100544.97,84.49,88378.18,88462.68,12082.29
2020-08-25,BA,Belmonte,360,2,2150,144,23328,23671,2903409,6.8,2448,2152,296,4.86,33.0,32.86,0.0,32.86,0.143,7.2,6.29,0.0,6.29,0.914,0.24,,,0.0009,103417.68,84.49,90828.44,90912.93,12504.75
2020-08-26,BA,Belmonte,365,2,2178,145,23328,23671,2903409,6.8,2482,2180,302,5.71,38.86,38.71,0.0,38.71,0.143,7.4,5.97,0.0,5.97,1.43,0.0057,,,0.0009,104854.04,84.49,92011.32,92095.81,12758.23
2020-08-27,BA,Belmonte,379,2,2262,146,23328,23671,2903409,6.8,2577,2264,313,8.71,59.29,57.29,0.0,57.29,2.0,3.71,2.83,0.0,2.83,0.886,-0.9314,-0.8171,,0.0009,108867.39,84.49,95559.97,95644.46,13222.93
2020-08-28,BA,Belmonte,383,2,2287,147,23328,23671,2903409,6.8,2604,2289,315,8.71,59.29,54.71,0.0,54.71,4.57,3.31,2.74,0.0,2.74,0.571,-2.4114,-0.5086,,0.0009,110008.03,84.49,96616.11,96700.6,13307.42
2020-08-29,BA,Belmonte,390,2,2332,148,23328,23671,2903409,6.8,2652,2334,318,7.43,50.57,47.43,0.0,47.43,3.14,-0.2,-0.4571,0.0,-0.4571,0.257,-2.6057,-0.4377,,0.0009,112035.82,84.49,98517.17,98601.66,13434.16
2020-08-30,BA,Belmonte,411,2,2477,149,23328,23671,2903409,6.8,2795,2479,316,7.29,49.57,46.57,0.0,46.57,3.0,-4.8571,-4.8,0.0,-4.8,-0.0571,-2.3029,-0.024,,0.0008,118076.97,84.49,104642.81,104727.3,13349.67
2020-08-31,BA,Belmonte,411,2,2475,150,23328,23671,2903409,6.8,2795,2477,318,5.57,37.86,36.43,0.0,36.43,1.43,-5.6286,-4.7714,0.0,-4.7714,-0.8571,-2.1829,0.482,,0.0008,118076.97,84.49,104558.32,104642.81,13434.16
2020-09-01,BA,Belmonte,412,2,2482,151,23328,23671,2903409,6.8,2802,2484,318,5.14,35.0,33.29,0.0,33.29,1.71,-7.8,-6.7714,0.0,-6.7714,-1.0286,-1.0514,,,0.0008,118372.69,84.49,104854.04,104938.53,13434.16
2020-09-02,BA,Belmonte,416,2,2504,152,23328,23671,2903409,6.8,2829,2506,323,4.57,31.14,30.86,0.0,30.86,0.286,-7.6,-5.9714,0.0,-5.9714,-1.6286,0.0,,,0.0008,119513.33,84.49,105783.45,105867.94,13645.39
2020-09-03,BA,Belmonte,418,2,2517,153,23328,23671,2903409,6.8,2842,2519,323,1.71,11.57,13.57,0.0,13.57,-2.0,-5.4571,-3.6857,0.0286,-3.6571,-1.8,,,,0.0008,120062.52,84.49,106332.64,106417.13,13645.39
2020-09-04,BA,Belmonte,419,2,2520,154,23328,23671,2903409,6.8,2849,2522,327,1.71,11.57,16.71,0.0,16.71,-5.1429,-4.8571,-2.9429,0.0286,-2.9143,-1.9429,,,,0.0008,120358.24,84.49,106459.38,106543.87,13814.37
2020-09-05,BA,Belmonte,422,2,2548,155,23328,23671,2903409,6.8,2870,2550,320,1.57,10.57,18.0,0.143,18.14,-7.5714,,,,,,,,,0.0008,121245.41,84.49,107642.26,107726.75,13518.65
2020-09-06,BA,Belmonte,423,2,2572,156,23328,23671,2903409,6.8,2876,2574,302,1.57,10.71,18.57,0.143,18.71,-8.0,,,,,,,,,0.0008,121498.88,84.49,108656.16,108740.65,12758.23
2020-09-07,BA,Belmonte,423,2,2592,157,23328,23671,2903409,6.8,2876,2594,282,,,,,,,,,,,,,,,0.0008,121498.88,84.49,109501.08,109585.57,11913.31
2020-09-08,BA,Belmonte,423,3,2608,158,23328,23671,2903409,6.8,2876,2611,265,,,,,,,,,,,,,,,0.0011,121498.88,126.74,110177.01,110303.75,11195.13
2020-09-09,BA,Belmonte,427,3,2634,159,23328,23671,2903409,6.8,2904,2637,267,,,,,,,,,,,,,,,0.0011,122681.76,126.74,111275.4,111402.14,11279.62
2020-09-11,BA,Belmonte,438,3,2695,160,23328,23671,2903409,6.8,2978,2698,280,,,,,,,,,,,,,,,0.0011,125807.95,126.74,113852.39,113979.13,11828.82
2020-09-13,BA,Belmonte,446,3,2763,161,23328,23671,2903409,6.8,3033,2766,267,,,,,,,,,,,,,,,0.0011,128131.47,126.74,116725.11,116851.84,11279.62
2020-09-14,BA,Belmonte,446,3,2777,162,23328,23671,2903409,6.8,3033,2780,253,,,,,,,,,,,,,,,0.0011,128131.47,126.74,117316.55,117443.29,10688.18
2020-09-15,BA,Belmonte,446,3,2775,163,23328,23671,2903409,6.8,3033,2778,255,,,,,,,,,,,,,,,0.0011,128131.47,126.74,117232.06,117358.79,10772.68
2020-09-16,BA,Belmonte,446,3,2774,164,23328,23671,2903409,6.8,3033,2777,256,,,,,,,,,,,,,,,0.0011,128131.47,126.74,117189.81,117316.55,10814.92
2020-09-17,BA,Belmonte,446,3,2774,165,23328,23671,2903409,6.8,3033,2777,256,0.143,1.0,4.14,0.0,4.14,-3.1429,,,,,,,,,0.0011,128131.47,126.74,117189.81,117316.55,10814.92
2020-09-18,BA,Belmonte,446,3,2771,166,23328,23671,2903409,6.8,3033,2774,259,0.286,1.86,4.86,0.0,4.86,-3.0,,,,,,,,,0.0011,128131.47,126.74,117063.07,117189.81,10941.66
2020-09-19,BA,Belmonte,447,3,2780,167,23328,23671,2903409,6.8,3040,2783,257,0.571,3.86,6.86,0.0,6.86,-3.0,,,,,,,,,0.0011,128427.19,126.74,117443.29,117570.02,10857.17
2020-09-20,BA,Belmonte,447,3,2792,168,23328,23671,2903409,6.8,3040,2795,245,0.857,5.86,11.71,0.0,11.71,-5.8571,1.54,1.51,0.0,1.51,0.0286,,,,0.0011,128427.19,126.74,117950.23,118076.97,10350.22
2020-09-21,BA,Belmonte,448,3,2811,169,23328,23671,2903409,6.8,3046,2814,232,1.29,8.71,11.14,0.0,11.14,-2.4286,1.37,1.4,0.0,1.4,-0.0286,,,,0.0011,128680.66,126.74,118752.9,118879.64,9801.02
2020-09-22,BA,Belmonte,450,3,2823,170,23328,23671,2903409,6.8,3060,2826,234,1.29,8.71,11.71,0.0,11.71,-3.0,1.54,1.51,0.0,1.51,0.0286,,,,0.0011,129272.11,126.74,119259.85,119386.59,9885.51
2020-09-23,BA,Belmonte,452,3,2856,171,23328,23671,2903409,6.8,3074,2859,215,1.29,8.71,11.86,0.0,11.86,-3.1429,1.17,0.514,0.0,0.514,0.657,-0.3086,,,0.001,129863.55,126.74,120653.96,120780.7,9082.84
2020-09-24,BA,Belmonte,455,3,2852,172,23328,23671,2903409,6.8,3094,2855,239,1.71,11.57,14.43,0.0,14.43,-2.8571,0.2,0.257,0.0,0.257,-0.0571,-0.3143,,,0.0011,130708.46,126.74,120484.98,120611.72,10096.74
2020-09-25,BA,Belmonte,455,3,2853,173,23328,23671,2903409,6.8,3094,2856,238,1.71,11.71,14.29,0.0,14.29,-2.5714,0.0,-0.6857,0.0,-0.6857,0.686,-0.4629,,,0.0011,130708.46,126.74,120527.23,120653.96,10054.5
2020-09-26,BA,Belmonte,456,3,2863,174,23328,23671,2903409,6.8,3101,2866,235,1.43,9.71,12.43,0.0,12.43,-2.7143,-0.2,-0.3429,0.0,-0.3429,0.143,-0.4343,0.0229,,0.001,131004.18,126.74,120949.69,121076.42,9927.76
2020-09-27,BA,Belmonte,459,3,2893,175,23328,23671,2903409,6.8,3121,2896,225,1.29,8.71,8.29,0.0,8.29,0.429,-0.7714,-0.3143,0.0,-0.3143,-0.4571,-0.2343,0.048,,0.001,131849.1,126.74,122217.06,122343.8,9505.3
2020-09-28,BA,Belmonte,460,3,2911,176,23328,23671,2903409,6.8,3128,2914,214,1.14,7.71,10.14,0.0,10.14,-2.4286,-1.0,-1.1143,0.0,-1.1143,0.114,-0.1943,0.131,,0.001,132144.82,126.74,122977.48,123104.22,9040.6
2020-09-29,BA,Belmonte,460,3,2910,177,23328,23671,2903409,6.8,3128,2913,215,1.14,7.71,12.86,0.0,12.86,-5.1429,-0.9714,-1.0286,0.0,-1.0286,0.0571,-0.0743,0.144,0.0267,0.001,132144.82,126.74,122935.24,123061.97,9082.84
2020-09-30,BA,Belmonte,461,3,2914,178,23328,23671,2903409,6.8,3135,2917,218,1.0,6.71,8.71,0.0,8.71,-2.0,-0.9714,-0.4,0.0,-0.4,-0.5714,0.194,0.141,0.0119,0.001,132440.54,126.74,123104.22,123230.96,9209.58
2020-10-01,BA,Belmonte,463,3,2923,179,23328,23671,2903409,6.8,3148,2926,222,0.714,4.86,7.29,0.0,7.29,-2.4286,-0.5714,-0.8,0.0,-0.8,0.229,0.286,0.157,-0.0279,0.001,132989.73,126.74,123484.43,123611.17,9378.56
2020-10-02,BA,Belmonte,463,3,2943,180,23328,23671,2903409,6.8,3148,2946,202,0.571,3.86,6.29,0.0,6.29,-2.4286,0.2,-0.5714,0.0,-0.5714,0.771,0.469,0.107,-0.0377,0.001,132989.73,126.74,124329.35,124456.09,8533.65
2020-10-03,BA,Belmonte,463,3,2924,181,23328,23671,2903409,6.8,3148,2927,221,0.714,4.86,6.14,0.0,6.14,-1.2857,0.429,0.4,0.0,0.4,0.0286,0.589,-0.008,-0.0642,0.001,132989.73,126.74,123526.68,123653.42,9336.32
2020-10-04,BA,Belmonte,464,3,2944,182,23328,23671,2903409,6.8,3155,2947,208,1.29,8.71,10.0,0.0,10.0,-1.2857,1.37,0.714,0.0,0.714,0.657,0.463,-0.0446,-0.0818,0.001,133285.45,126.74,124371.59,124498.33,8787.12
2020-10-05,BA,Belmonte,464,3,2955,183,23328,23671,2903409,6.8,3155,2958,197,1.29,8.86,10.71,0.0,10.71,-1.8571,1.97,1.89,0.0,1.89,0.0857,0.154,-0.1806,-0.0695,0.001,133285.45,126.74,124836.3,124963.03,8322.42
2020-10-06,BA,Belmonte,465,3,2953,184,23328,23671,2903409,6.8,3162,2956,206,1.71,11.71,10.86,0.0,10.86,0.857,1.74,1.8,0.0,1.8,-0.0571,0.0629,-0.2526,-0.0295,0.001,133581.18,126.74,124751.81,124878.54,8702.63
2020-10-07,BA,Belmonte,470,3,2984,185,23328,23671,2903409,6.8,3196,2987,209,2.0,13.71,15.71,0.0,15.71,-2.0,0.971,1.06,0.0,1.06,-0.0857,-0.4343,-0.24,-0.0165,0.001,135017.53,126.74,126061.43,126188.16,8829.37
2020-10-08,BA,Belmonte,472,3,2998,186,23328,23671,2903409,6.8,3210,3001,209,2.0,13.57,15.14,0.0,15.14,-1.5714,0.743,1.23,0.0,1.23,-0.4857,-0.6743,-0.1554,0.0507,0.001,135608.97,126.74,126652.87,126779.6,8829.37
2020-10-09,BA,Belmonte,475,3,3019,187,23328,23671,2903409,6.8,3230,3022,208,2.0,13.57,15.29,0.0,15.29,-1.7143,-0.8,0.286,0.0,0.286,-1.0857,-0.7371,-0.1269,0.0811,0.001,136453.89,126.74,127540.03,127666.77,8787.12
2020-10-10,BA,Belmonte,477,3,3034,188,23328,23671,2903409,6.8,3244,3037,207,1.86,12.57,16.86,0.0,16.86,-4.2857,-1.4,-0.9714,0.0,-0.9714,-0.4286,-0.6229,0.0731,0.0901,0.001,137045.33,126.74,128173.71,128300.45,8744.88
2020-10-11,BA,Belmonte,478,3,3050,189,23328,23671,2903409,6.8,3250,3053,197,1.14,7.71,12.29,0.0,12.29,-4.5714,-1.9429,-1.5429,0.0,-1.5429,-0.4,-0.5714,0.153,0.0718,0.001,137298.8,126.74,128849.65,128976.38,8322.42
2020-10-12,BA,Belmonte,478,3,3062,190,23328,23671,2903409,6.8,3250,3065,185,1.0,6.71,10.86,0.0,10.86,-4.1429,-2.1429,-1.7714,0.0,-1.7714,-0.3714,-0.0686,0.21,0.0651,0.001,137298.8,126.74,129356.6,129483.33,7815.47
2020-10-13,BA,Belmonte,478,3,3071,191,23328,23671,2903409,6.8,3250,3074,176,0.571,3.86,7.43,0.0,7.43,-3.5714,-2.1143,-2.0857,0.0,-2.0857,-0.0286,0.0914,0.203,-0.0043,0.001,137298.8,126.74,129736.81,129863.55,7435.26
2020-10-14,BA,Belmonte,478,3,3070,192,23328,23671,2903409,6.8,3250,3073,177,0.429,2.86,6.43,0.0,6.43,-3.5714,-1.1429,-1.5714,0.0,-1.5714,0.429,0.314,0.199,-0.0283,0.001,137298.8,126.74,129694.56,129821.3,7477.5
2020-10-15,BA,Belmonte,479,3,3074,193,23328,23671,2903409,6.8,3257,3077,180,0.286,2.0,6.43,0.0,6.43,-4.4286,-0.9429,-1.5143,0.0286,-1.4857,0.543,0.394,0.0514,-0.0517,0.001,137594.52,126.74,129863.55,129990.28,7604.24
2020-10-16,BA,Belmonte,479,3,3071,194,23328,23671,2903409,6.8,3257,3074,183,0.286,2.0,4.43,0.0,4.43,-2.4286,-0.3714,-0.8286,0.0286,-0.8,0.429,0.423,0.0114,-0.0551,0.001,137594.52,126.74,129736.81,129863.55,7730.98
2020-10-17,BA,Belmonte,480,3,3079,195,23328,23671,2903409,6.8,3264,3082,182,0.286,2.0,3.29,0.143,3.43,-1.4286,-0.1714,-0.5429,0.0286,-0.5143,0.343,0.189,-0.048,,0.001,137890.25,126.74,130074.78,130201.51,7688.73
2020-10-18,BA,Belmonte,480,3,3095,196,23328,23671,2903409,6.8,3264,3098,166,0.286,2.0,3.29,0.143,3.43,-1.4286,0.0,-0.5714,0.0286,-0.5429,0.543,0.149,-0.072,,0.001,137890.25,126.74,130750.71,130877.44,7012.8
2020-10-19,BA,Belmonte,480,3,3093,197,23328,23671,2903409,6.8,3264,3096,168,0.286,2.0,3.71,0.143,3.86,-1.8571,-0.2,-0.4286,0.0286,-0.4,0.2,0.0743,,,0.001,137890.25,126.74,130666.22,130792.95,7097.29
2020-10-20,BA,Belmonte,480,4,3094,198,23328,23671,2903409,6.8,3264,3098,166,0.286,2.0,3.57,0.143,3.71,-1.7143,-0.2,-0.4571,0.0,-0.4571,0.257,0.0343,,,0.0013,137890.25,168.98,130708.46,130877.44,7012.8
2020-10-21,BA,Belmonte,480,4,3093,199,23328,23671,2903409,6.8,3264,3097,167,0.143,1.0,2.29,0.143,2.43,-1.4286,0.0,-0.0571,0.0,-0.0571,0.0571,,,,0.0013,137890.25,168.98,130666.22,130835.2,7055.05
2020-10-22,BA,Belmonte,481,4,3100,200,23328,23671,2903409,6.8,3271,3104,167,0.143,1.0,1.0,0.143,1.14,-0.1429,0.0,-0.2857,-0.0286,-0.3143,0.314,,,,0.0013,138185.97,168.98,130961.94,131130.92,7055.05
2020-10-23,BA,Belmonte,481,4,3096,201,23328,23671,2903409,6.8,3271,3100,171,0.286,2.0,3.0,0.143,3.14,-1.1429,,,,,,,,,0.0013,138185.97,168.98,130792.95,130961.94,7224.03
2020-10-24,BA,Belmonte,481,4,3095,202,23328,23671,2903409,6.8,3271,3099,172,0.286,2.0,2.29,0.0,2.29,-0.2857,,,,,,,,,0.0013,138185.97,168.98,130750.71,130919.69,7266.28
2020-10-25,BA,Belmonte,481,4,3102,203,23328,23671,2903409,6.8,3271,3106,165,,,,,,,,,,,,,,,0.0013,138185.97,168.98,131046.43,131215.41,6970.55
2020-10-26,BA,Belmonte,482,4,3114,204,23328,23671,2903409,6.8,3278,3118,160,,,,,,,,,,,,,,,0.0013,138481.69,168.98,131553.38,131722.36,6759.33
2020-10-27,BA,Belmonte,482,4,3110,205,23328,23671,2903409,6.8,3278,3114,164,,,,,,,,,,,,,,,0.0013,138481.69,168.98,131384.39,131553.38,6928.31
