Date,State,City,Confirmed,Deaths,Recovered,Order For Place,Estimated Population 2019,Estimated Population,City Ibge Code,Infected Per Confirmed,Infected,Closed,Active,Diff Confirmed,Diff Infected,Diff Recovered,Diff Deaths,Diff Closed,Diff Active,Diff2 Infected,Diff2 Recovered,Diff2 Deaths,Diff2 Closed,Diff2 Active,Diff3 Infected,Diff4 Infected,Diff5 Infected,μ closed,Infected Per 1Mi,Deaths Per 1Mi,Recovered Per 1Mi,Closed Per 1Mi,Active Per 1Mi
2020-03-12,PR,Cianorte,1,0,2,1,82620,84654,4105508,6.8,7,2,5,,,,,,,,,,,,,,,0.0,82.69,0.0,23.63,23.63,59.06
2020-03-13,PR,Cianorte,1,0,1,2,82620,84654,4105508,6.8,7,1,6,,,,,,,,,,,,,,,0.0,82.69,0.0,11.81,11.81,70.88
2020-03-16,PR,Cianorte,1,0,2,3,82620,84654,4105508,6.8,7,2,5,,,,,,,,,,,,,,,0.0,82.69,0.0,23.63,23.63,59.06
2020-03-17,PR,Cianorte,2,0,3,4,82620,84654,4105508,6.8,14,3,11,,,,,,,,,,,,,,,0.0,165.38,0.0,35.44,35.44,129.94
2020-03-18,PR,Cianorte,2,0,3,5,82620,84654,4105508,6.8,14,3,11,,,,,,,,,,,,,,,0.0,165.38,0.0,35.44,35.44,129.94
2020-03-19,PR,Cianorte,2,0,3,6,82620,84654,4105508,6.8,14,3,11,,,,,,,,,,,,,,,0.0,165.38,0.0,35.44,35.44,129.94
2020-03-20,PR,Cianorte,2,0,3,7,82620,84654,4105508,6.8,14,3,11,0.714,4.86,1.0,0.0,1.0,3.86,,,,,,,,,0.0,165.38,0.0,35.44,35.44,129.94
2020-03-21,PR,Cianorte,2,0,3,8,82620,84654,4105508,6.8,14,3,11,0.571,3.86,1.0,0.0,1.0,2.86,,,,,,,,,0.0,165.38,0.0,35.44,35.44,129.94
2020-03-22,PR,Cianorte,4,0,5,9,82620,84654,4105508,6.8,27,5,22,0.571,3.86,1.14,0.0,1.14,2.71,,,,,,,,,0.0,318.95,0.0,59.06,59.06,259.88
2020-03-23,PR,Cianorte,6,0,9,10,82620,84654,4105508,6.8,41,9,32,0.571,3.86,1.29,0.0,1.29,2.57,0.0,0.143,0.0,0.143,-0.1429,,,,0.0,484.32,0.0,106.32,106.32,378.01
2020-03-24,PR,Cianorte,6,0,10,11,82620,84654,4105508,6.8,41,10,31,0.714,4.86,1.71,0.0,1.71,3.14,-0.1714,0.143,0.0,0.143,-0.3143,,,,0.0,484.32,0.0,118.13,118.13,366.2
2020-03-25,PR,Cianorte,6,0,11,12,82620,84654,4105508,6.8,41,11,30,0.714,4.86,1.71,0.0,1.71,3.14,-0.5714,0.0286,0.0,0.0286,-0.6,,,,0.0,484.32,0.0,129.94,129.94,354.38
2020-03-26,PR,Cianorte,6,0,12,13,82620,84654,4105508,6.8,41,12,29,0.429,3.0,1.71,0.0,1.71,1.29,-0.5714,-0.0571,0.0,-0.0571,-0.5143,0.0,,,0.0,484.32,0.0,141.75,141.75,342.57
2020-03-27,PR,Cianorte,7,0,15,14,82620,84654,4105508,6.8,48,15,33,0.143,1.0,1.29,0.0,1.29,-0.2857,-0.6,-0.1429,0.0,-0.1429,-0.4571,0.0686,,,0.0,567.01,0.0,177.19,177.19,389.82
2020-03-28,PR,Cianorte,7,0,15,15,82620,84654,4105508,6.8,48,15,33,0.143,1.0,1.0,0.0,1.0,0.0,0.0,0.0286,0.0,0.0286,-0.0286,0.229,,,0.0,567.01,0.0,177.19,177.19,389.82
2020-03-29,PR,Cianorte,7,0,17,16,82620,84654,4105508,6.8,48,17,31,0.286,1.86,1.0,0.0,1.0,0.857,0.171,-0.0286,0.0,-0.0286,0.2,0.229,0.0069,,0.0,567.01,0.0,200.82,200.82,366.2
2020-03-30,PR,Cianorte,7,0,18,17,82620,84654,4105508,6.8,48,18,30,0.714,4.86,1.86,0.0,1.86,3.0,0.571,0.0857,0.0286,0.114,0.457,0.2,-0.0126,,0.0,567.01,0.0,212.63,212.63,354.38
2020-03-31,PR,Cianorte,7,0,17,18,82620,84654,4105508,6.8,48,17,31,0.571,3.86,1.57,0.0,1.57,2.29,0.571,0.143,0.0286,0.171,0.4,0.0343,-0.0846,,0.0,567.01,0.0,200.82,200.82,366.2
2020-04-01,PR,Cianorte,8,0,18,19,82620,84654,4105508,6.8,54,18,36,0.571,3.86,1.71,0.143,1.86,2.0,0.4,0.143,0.0286,0.171,0.229,0.0057,-0.0846,-0.0087,0.0,637.89,0.0,212.63,212.63,425.26
2020-04-02,PR,Cianorte,11,0,25,20,82620,84654,4105508,6.8,75,25,50,0.571,3.86,1.71,0.143,1.86,2.0,0.171,0.143,0.0286,0.171,0.0,-0.1943,-0.072,-0.0025,0.0,885.96,0.0,295.32,295.32,590.64
2020-04-03,PR,Cianorte,11,0,26,21,82620,84654,4105508,6.8,75,26,49,0.571,3.86,1.71,0.143,1.86,2.0,0.2,0.143,0.0286,0.171,0.0286,-0.1943,-0.0366,0.0265,0.0,885.96,0.0,307.13,307.13,578.83
2020-04-04,PR,Cianorte,11,1,27,22,82620,84654,4105508,6.8,75,28,47,0.857,5.71,2.57,0.143,2.71,3.0,-0.4,-0.0571,0.0,-0.0571,-0.3429,-0.16,-0.0251,0.0265,0.0357,885.96,11.81,318.95,330.76,555.2
2020-04-05,PR,Cianorte,11,1,29,23,82620,84654,4105508,6.8,75,30,45,0.714,4.86,2.29,0.143,2.43,2.43,-0.4,-0.0571,0.0,-0.0571,-0.3429,-0.1486,0.048,0.0226,0.0333,885.96,11.81,342.57,354.38,531.58
2020-04-06,PR,Cianorte,11,1,30,24,82620,84654,4105508,6.8,75,31,44,0.286,1.86,1.43,0.143,1.57,0.286,-0.4,0.0,-0.0286,-0.0286,-0.3714,-0.12,0.048,0.0149,0.0323,885.96,11.81,354.38,366.2,519.76
2020-04-07,PR,Cianorte,13,1,35,25,82620,84654,4105508,6.8,88,36,52,0.286,1.86,1.43,0.143,1.57,0.286,-0.5714,-0.0857,-0.0286,-0.1143,-0.4571,0.0457,0.0411,0.0101,0.0278,1039.53,11.81,413.45,425.26,614.27
2020-04-08,PR,Cianorte,13,1,34,26,82620,84654,4105508,6.8,88,35,53,0.286,1.86,1.71,0.0,1.71,0.143,-0.4,0.0,-0.0286,-0.0286,-0.3714,0.0457,0.0377,-0.0117,0.0286,1039.53,11.81,401.63,413.45,626.08
2020-04-09,PR,Cianorte,13,1,35,27,82620,84654,4105508,6.8,88,36,52,0.429,2.86,2.14,0.0,2.14,0.714,-0.1714,0.0286,-0.0286,-0.0,-0.1714,0.0457,0.0251,-0.0117,0.0278,1039.53,11.81,413.45,425.26,614.27
2020-04-10,PR,Cianorte,13,1,36,28,82620,84654,4105508,6.8,88,37,51,0.429,2.86,2.29,0.0,2.29,0.571,-0.1714,0.0286,-0.0286,-0.0,-0.1714,0.04,-0.0103,-0.0087,0.027,1039.53,11.81,425.26,437.07,602.45
2020-04-11,PR,Cianorte,13,1,39,29,82620,84654,4105508,6.8,88,40,48,0.143,1.0,1.57,0.0,1.57,-0.5714,-0.1714,-0.0286,0.0,-0.0286,-0.1429,0.0057,-0.0103,-0.0062,0.025,1039.53,11.81,460.7,472.51,567.01
2020-04-12,PR,Cianorte,14,1,44,30,82620,84654,4105508,6.8,95,45,50,0.143,1.0,1.57,0.0,1.57,-0.5714,-0.3714,-0.1714,0.0,-0.1714,-0.2,-0.0057,-0.0023,-0.0023,0.0222,1122.22,11.81,519.76,531.58,590.64
2020-04-13,PR,Cianorte,14,1,46,31,82620,84654,4105508,6.8,95,47,48,0.143,1.0,1.57,0.0,1.57,-0.5714,-0.3714,-0.2571,0.0,-0.2571,-0.1143,-0.0057,0.0069,0.0055,0.0213,1122.22,11.81,543.39,555.2,567.01
2020-04-14,PR,Cianorte,14,1,46,32,82620,84654,4105508,6.8,95,47,48,0.143,1.0,1.29,0.0,1.29,-0.2857,-0.2,-0.2286,0.0,-0.2286,0.0286,0.0343,0.0137,0.0055,0.0213,1122.22,11.81,543.39,555.2,567.01
2020-04-15,PR,Cianorte,14,1,45,33,82620,84654,4105508,6.8,95,46,49,0.143,1.0,1.0,0.0,1.0,0.0,-0.2,-0.2286,0.0,-0.2286,0.0286,0.0743,0.0171,-0.0009,0.0217,1122.22,11.81,531.58,543.39,578.83
2020-04-16,PR,Cianorte,14,1,46,34,82620,84654,4105508,6.8,95,47,48,0.0,0.0,0.429,0.0,0.429,-0.4286,0.0,-0.0857,0.0,-0.0857,0.0857,0.0743,0.0171,-0.0043,0.0213,1122.22,11.81,543.39,555.2,567.01
2020-04-17,PR,Cianorte,14,1,45,35,82620,84654,4105508,6.8,95,46,49,0.0,0.0,0.429,0.0,0.429,-0.4286,0.0,0.0286,0.0,0.0286,-0.0286,0.08,-0.0069,-0.0011,0.0217,1122.22,11.81,531.58,543.39,578.83
2020-04-18,PR,Cianorte,14,1,46,36,82620,84654,4105508,6.8,95,47,48,0.143,1.0,1.14,0.0,1.14,-0.1429,0.0,0.0286,0.0,0.0286,-0.0286,0.08,-0.0149,-0.0037,0.0213,1122.22,11.81,543.39,555.2,567.01
2020-04-19,PR,Cianorte,14,1,47,37,82620,84654,4105508,6.8,95,48,47,0.143,1.0,1.43,0.0,1.43,-0.4286,0.2,0.171,0.0,0.171,0.0286,0.0,0.008,-0.0021,0.0208,1122.22,11.81,555.2,567.01,555.2
2020-04-20,PR,Cianorte,14,1,49,38,82620,84654,4105508,6.8,95,50,45,0.143,1.0,1.14,0.0,1.14,-0.1429,0.2,0.114,0.0,0.114,0.0857,0.0,-0.0011,0.0091,0.02,1122.22,11.81,578.83,590.64,531.58
2020-04-21,PR,Cianorte,15,1,54,39,82620,84654,4105508,6.8,102,55,47,0.143,1.0,1.29,0.0,1.29,-0.2857,0.0,-0.0286,0.0,-0.0286,0.0286,0.114,0.0069,0.0107,0.0182,1204.9,11.81,637.89,649.7,555.2
2020-04-22,PR,Cianorte,15,1,55,40,82620,84654,4105508,6.8,102,56,46,0.143,1.0,1.0,0.0,1.0,0.0,0.0,-0.1429,0.0,-0.1429,0.143,0.0743,0.0389,-0.0059,0.0179,1204.9,11.81,649.7,661.52,543.39
2020-04-23,PR,Cianorte,15,1,54,41,82620,84654,4105508,6.8,102,55,47,0.143,1.0,1.0,0.0,1.0,0.0,0.571,0.171,0.0,0.171,0.4,0.114,0.0389,-0.0011,0.0182,1204.9,11.81,637.89,649.7,555.2
2020-04-24,PR,Cianorte,15,1,54,42,82620,84654,4105508,6.8,102,55,47,0.143,1.0,0.714,0.0,0.714,0.286,0.571,0.0857,0.0,0.0857,0.486,0.194,-0.0217,-0.0121,0.0182,1204.9,11.81,637.89,649.7,555.2
2020-04-25,PR,Cianorte,15,1,53,43,82620,84654,4105508,6.8,102,54,48,0.571,3.86,2.0,0.0,2.0,1.86,0.771,0.257,0.0,0.257,0.514,0.194,-0.0069,-0.0249,0.0185,1204.9,11.81,626.08,637.89,567.01
2020-04-26,PR,Cianorte,15,1,54,44,82620,84654,4105508,6.8,102,55,47,0.571,3.86,1.71,0.0,1.71,2.14,0.971,0.4,0.0,0.4,0.571,0.0057,-0.0537,-0.0265,0.0182,1204.9,11.81,637.89,649.7,555.2
2020-04-27,PR,Cianorte,15,1,54,45,82620,84654,4105508,6.8,102,55,47,0.714,4.86,2.29,0.0,2.29,2.57,0.971,0.543,0.0,0.543,0.429,0.04,-0.0857,-0.0071,0.0182,1204.9,11.81,637.89,649.7,555.2
2020-04-28,PR,Cianorte,19,1,68,46,82620,84654,4105508,6.8,129,69,60,0.857,5.86,3.0,0.0,3.0,2.86,0.6,0.429,0.0,0.429,0.171,-0.1543,-0.0937,-0.0142,0.0145,1523.85,11.81,803.27,815.08,708.77
2020-04-29,PR,Cianorte,19,1,67,47,82620,84654,4105508,6.8,129,68,61,0.857,5.86,3.43,0.0,3.43,2.43,0.771,0.6,0.0,0.6,0.171,-0.2343,-0.0571,0.0121,0.0147,1523.85,11.81,791.46,803.27,720.58
2020-04-30,PR,Cianorte,20,1,70,48,82620,84654,4105508,6.8,136,71,65,1.0,6.86,4.14,0.0,4.14,2.71,0.0,0.2,0.0,0.2,-0.2,-0.2743,-0.0777,0.0219,0.0141,1606.54,11.81,826.9,838.71,767.83
2020-05-01,PR,Cianorte,21,1,75,49,82620,84654,4105508,6.8,143,76,67,1.14,7.71,4.71,0.0,4.71,3.0,-0.2,0.0286,0.0,0.0286,-0.2286,-0.28,0.0069,0.0267,0.0132,1689.23,11.81,885.96,897.77,791.46
2020-05-02,PR,Cianorte,21,1,77,50,82620,84654,4105508,6.8,143,78,65,0.714,4.86,3.29,0.0,3.29,1.57,-0.4,-0.1429,0.0,-0.1429,-0.2571,-0.3486,0.024,0.0261,0.0128,1689.23,11.81,909.58,921.4,767.83
2020-05-03,PR,Cianorte,22,1,83,51,82620,84654,4105508,6.8,150,84,66,0.714,4.86,3.14,0.0,3.14,1.71,-0.8,-0.4571,0.0,-0.4571,-0.3429,-0.12,0.04,0.0343,0.0119,1771.92,11.81,980.46,992.27,779.64
2020-05-04,PR,Cianorte,23,1,87,52,82620,84654,4105508,6.8,156,88,68,0.571,3.86,2.71,0.0,2.71,1.14,-0.9714,-0.6,0.0,-0.6,-0.3714,-0.1143,0.0731,0.0069,0.0114,1842.8,11.81,1027.71,1039.53,803.27
2020-05-05,PR,Cianorte,24,1,91,53,82620,84654,4105508,6.8,163,92,71,0.429,2.86,1.86,0.0,1.86,1.0,-0.6,-0.4,0.0,-0.4,-0.2,-0.0743,0.0937,0.0059,0.0109,1925.48,11.81,1074.96,1086.78,838.71
2020-05-06,PR,Cianorte,24,1,89,54,82620,84654,4105508,6.8,163,90,73,0.429,2.86,1.71,0.0,1.71,1.14,-0.7714,-0.4286,0.0,-0.4286,-0.3429,0.0857,0.0411,0.0027,0.0111,1925.48,11.81,1051.34,1063.15,862.33
2020-05-07,PR,Cianorte,24,1,89,55,82620,84654,4105508,6.8,163,90,73,0.286,1.86,1.29,0.0,1.29,0.571,-0.7714,-0.4286,0.0,-0.4286,-0.3429,0.12,0.0537,-0.0135,0.0111,1925.48,11.81,1051.34,1063.15,862.33
2020-05-08,PR,Cianorte,24,1,88,56,82620,84654,4105508,6.8,163,89,74,0.143,1.0,1.0,0.0,1.0,0.0,-0.3714,-0.0857,0.0,-0.0857,-0.2857,0.0857,0.0537,-0.019,0.0112,1925.48,11.81,1039.53,1051.34,874.15
2020-05-09,PR,Cianorte,24,1,89,57,82620,84654,4105508,6.8,163,90,73,0.0,0.0,0.571,0.0,0.571,-0.5714,-0.3714,-0.0857,0.0,-0.0857,-0.2857,0.154,0.0057,-0.0103,0.0111,1925.48,11.81,1051.34,1063.15,862.33
2020-05-10,PR,Cianorte,24,1,92,58,82620,84654,4105508,6.8,163,93,70,0.143,1.0,1.43,0.0,1.43,-0.4286,-0.1714,-0.0286,0.0,-0.0286,-0.1429,0.194,-0.0011,-0.0123,0.0108,1925.48,11.81,1086.78,1098.59,826.9
2020-05-11,PR,Cianorte,24,1,94,59,82620,84654,4105508,6.8,163,95,68,0.143,1.0,1.29,0.0,1.29,-0.2857,0.0,0.0286,0.0,0.0286,-0.0286,0.114,-0.0103,-0.0094,0.0105,1925.48,11.81,1110.4,1122.22,803.27
2020-05-12,PR,Cianorte,24,1,95,60,82620,84654,4105508,6.8,163,96,67,0.143,1.0,1.14,0.0,1.14,-0.1429,0.2,0.114,0.0,0.114,0.0857,0.114,-0.008,0.0034,0.0104,1925.48,11.81,1122.22,1134.03,791.46
2020-05-13,PR,Cianorte,25,1,99,61,82620,84654,4105508,6.8,170,100,70,0.143,1.0,1.14,0.0,1.14,-0.1429,0.2,0.0286,0.0,0.0286,0.171,0.0343,0.0069,0.0096,0.01,2008.17,11.81,1169.47,1181.28,826.9
2020-05-14,PR,Cianorte,25,1,98,62,82620,84654,4105508,6.8,170,99,71,0.143,1.0,1.14,0.0,1.14,-0.1429,0.2,0.0,0.0,0.0,0.2,0.114,0.0229,0.0162,0.0101,2008.17,11.81,1157.65,1169.47,838.71
2020-05-15,PR,Cianorte,25,1,96,63,82620,84654,4105508,6.8,170,97,73,0.286,2.0,1.57,0.0,1.57,0.429,0.0,-0.1143,0.0,-0.1143,0.114,0.229,0.0469,0.0048,0.0103,2008.17,11.81,1134.03,1145.84,862.33
2020-05-16,PR,Cianorte,25,1,97,64,82620,84654,4105508,6.8,170,98,72,0.286,2.0,1.29,0.0,1.29,0.714,0.571,0.257,0.0,0.257,0.314,0.229,0.0709,-0.0103,0.0102,2008.17,11.81,1145.84,1157.65,850.52
2020-05-17,PR,Cianorte,25,1,100,65,82620,84654,4105508,6.8,170,101,69,0.143,1.0,0.571,0.0,0.571,0.429,1.34,0.743,0.0,0.743,0.6,0.349,0.016,-0.0057,0.0099,2008.17,11.81,1181.28,1193.09,815.08
2020-05-18,PR,Cianorte,26,1,105,66,82620,84654,4105508,6.8,177,106,71,0.571,3.86,2.43,0.0,2.43,1.43,1.34,0.8,0.0,0.8,0.543,0.389,-0.0446,-0.0201,0.0094,2090.86,11.81,1240.34,1252.16,838.71
2020-05-19,PR,Cianorte,26,1,104,67,82620,84654,4105508,6.8,177,105,72,1.14,7.71,4.86,0.0,4.86,2.86,1.94,1.17,0.0,1.17,0.771,0.194,-0.0057,-0.0158,0.0095,2090.86,11.81,1228.53,1240.34,850.52
2020-05-20,PR,Cianorte,26,1,103,68,82620,84654,4105508,6.8,177,104,73,1.29,8.71,5.57,0.0,5.57,3.14,1.94,1.29,0.0,1.29,0.657,0.0057,-0.0537,0.0171,0.0096,2090.86,11.81,1216.72,1228.53,862.33
2020-05-21,PR,Cianorte,29,1,115,69,82620,84654,4105508,6.8,197,116,81,1.71,11.71,7.14,0.0,7.14,4.57,1.54,1.11,0.0,1.11,0.429,0.2,-0.008,0.0443,0.0086,2327.12,11.81,1358.47,1370.28,956.84
2020-05-22,PR,Cianorte,33,1,130,70,82620,84654,4105508,6.8,224,131,93,1.57,10.71,7.0,0.0,7.0,3.71,1.37,1.03,0.0,1.03,0.343,0.08,0.102,0.021,0.0076,2646.07,11.81,1535.66,1547.48,1098.59
2020-05-23,PR,Cianorte,34,1,136,71,82620,84654,4105508,6.8,231,137,94,1.71,11.57,8.0,0.0,8.0,3.57,2.34,1.57,0.0,1.57,0.771,0.349,0.177,0.0274,0.0073,2728.75,11.81,1606.54,1618.35,1110.4
2020-05-24,PR,Cianorte,37,1,150,72,82620,84654,4105508,6.8,252,151,101,2.14,14.57,10.0,0.0,10.0,4.57,2.34,1.63,0.0,1.63,0.714,0.703,0.0994,-0.0107,0.0066,2976.82,11.81,1771.92,1783.73,1193.09
2020-05-25,PR,Cianorte,37,1,154,73,82620,84654,4105508,6.8,252,155,97,3.0,20.43,13.43,0.0,13.43,7.0,3.69,2.2,0.0,2.2,1.49,0.891,0.0834,-0.0624,0.0065,2976.82,11.81,1819.17,1830.98,1145.84
2020-05-26,PR,Cianorte,38,1,160,74,82620,84654,4105508,6.8,258,161,97,3.43,23.43,15.29,0.0,15.29,8.14,5.06,3.09,0.0,3.09,1.97,0.697,-0.0617,-0.0882,0.0062,3047.7,11.81,1890.05,1901.86,1145.84
2020-05-27,PR,Cianorte,41,1,173,75,82620,84654,4105508,6.8,279,174,105,4.29,29.14,18.0,0.0,18.0,11.14,5.83,3.74,0.0,3.74,2.09,0.497,-0.2103,-0.0665,0.0057,3295.77,11.81,2043.61,2055.43,1240.34
2020-05-28,PR,Cianorte,50,1,209,76,82620,84654,4105508,6.8,340,210,130,5.43,36.86,23.43,0.0,23.43,13.43,5.83,3.69,0.0,3.69,2.14,0.04,-0.264,-0.0519,0.0048,4016.35,11.81,2468.87,2480.69,1535.66
2020-05-29,PR,Cianorte,57,1,237,77,82620,84654,4105508,6.8,388,238,150,6.43,43.71,28.71,0.0,28.71,15.0,4.83,3.06,0.0,3.06,1.77,-0.3486,-0.2331,-0.0094,0.0042,4583.36,11.81,2799.63,2811.44,1771.92
2020-05-30,PR,Cianorte,64,1,262,78,82620,84654,4105508,6.8,435,263,172,7.29,49.57,31.86,0.0,31.86,17.71,3.89,2.71,0.0,2.71,1.17,-0.4286,-0.176,0.0574,0.0038,5138.56,11.81,3094.95,3106.76,2031.8
2020-05-31,PR,Cianorte,75,1,314,79,82620,84654,4105508,6.8,510,315,195,7.0,47.57,30.57,0.0,30.57,17.0,3.31,2.31,0.0,2.31,1.0,-0.4686,-0.1086,0.0638,0.0032,6024.52,11.81,3709.22,3721.03,2303.49
2020-06-01,PR,Cianorte,82,1,355,80,82620,84654,4105508,6.8,558,356,202,7.14,48.57,31.57,0.0,31.57,17.0,3.69,2.63,0.0,2.63,1.06,-0.3829,0.0766,0.0343,0.0028,6591.54,11.81,4193.54,4205.35,2386.18
2020-06-02,PR,Cianorte,89,1,383,81,82620,84654,4105508,6.8,605,384,221,7.86,53.43,35.0,0.0,35.0,18.43,3.49,2.89,0.0,2.89,0.6,-0.5029,0.0549,0.0336,0.0026,7146.74,11.81,4524.3,4536.11,2610.63
2020-06-03,PR,Cianorte,90,1,387,82,82620,84654,4105508,6.8,612,388,224,9.14,62.14,41.86,0.0,41.86,20.29,2.91,2.69,0.0,2.69,0.229,0.0343,-0.0617,0.0354,0.0026,7229.43,11.81,4571.55,4583.36,2646.07
2020-06-04,PR,Cianorte,100,1,430,83,82620,84654,4105508,6.8,680,431,249,9.86,67.0,46.29,0.0,46.29,20.71,1.37,1.66,0.0,1.66,-0.2857,-0.1543,-0.008,-0.0663,0.0023,8032.7,11.81,5079.5,5091.31,2941.38
2020-06-05,PR,Cianorte,112,1,482,84,82620,84654,4105508,6.8,762,483,279,9.14,62.14,44.0,0.0,44.0,18.14,3.49,3.03,0.0286,3.06,0.429,-0.7771,0.0686,-0.0359,0.0021,9001.35,11.81,5693.77,5705.58,3295.77
2020-06-06,PR,Cianorte,128,1,555,85,82620,84654,4105508,6.8,870,556,314,8.14,55.43,39.86,0.0,39.86,15.57,2.91,2.63,0.0286,2.66,0.257,-0.4229,-0.2549,0.0501,0.0018,10277.13,11.81,6556.1,6567.91,3709.22
2020-06-07,PR,Cianorte,144,1,638,86,82620,84654,4105508,6.8,979,639,340,10.43,70.86,50.14,0.143,50.29,20.57,-0.4,0.514,0.0286,0.543,-0.9429,-0.16,-0.1246,-0.0066,0.0016,11564.72,11.81,7536.56,7548.37,4016.35
2020-06-08,PR,Cianorte,146,1,663,87,82620,84654,4105508,6.8,993,664,329,11.29,76.71,55.0,0.143,55.14,21.57,0.8,1.51,0.0286,1.54,-0.7429,-1.24,0.189,-0.0119,0.0015,11730.1,11.81,7831.88,7843.69,3886.41
2020-06-09,PR,Cianorte,146,1,662,88,82620,84654,4105508,6.8,993,663,330,9.57,65.0,48.86,0.143,49.0,16.0,0.571,1.57,0.0286,1.6,-1.0286,-0.7771,-0.0411,0.119,0.0015,11730.1,11.81,7820.07,7831.88,3898.22
2020-06-10,PR,Cianorte,163,2,738,89,82620,84654,4105508,6.8,1108,740,368,9.71,66.14,51.57,0.143,51.71,14.43,-2.7143,-0.6857,0.0,-0.6857,-2.0286,0.166,0.0091,0.0514,0.0027,13088.57,23.63,8717.84,8741.47,4347.11
2020-06-11,PR,Cianorte,179,2,815,90,82620,84654,4105508,6.8,1217,817,400,8.57,58.29,47.71,0.143,47.86,10.43,-0.9714,0.343,0.0,0.343,-1.3143,-0.6286,0.341,0.0126,0.0024,14376.17,23.63,9627.42,9651.05,4725.12
2020-06-12,PR,Cianorte,179,2,824,91,82620,84654,4105508,6.8,1217,826,391,8.43,57.29,46.71,0.143,46.86,10.43,0.429,1.11,-0.0286,1.09,-0.6571,-0.1143,0.133,0.116,0.0024,14376.17,23.63,9733.74,9757.37,4618.8
2020-06-13,PR,Cianorte,196,2,916,92,82620,84654,4105508,6.8,1333,918,415,10.57,71.86,56.71,0.143,56.86,15.0,-2.3429,-0.8286,-0.0286,-0.8571,-1.4857,0.463,0.251,0.0896,0.0022,15746.45,23.63,10820.52,10844.14,4902.31
2020-06-14,PR,Cianorte,204,2,972,93,82620,84654,4105508,6.8,1387,974,413,9.86,67.14,54.43,0.0,54.43,12.71,0.0,-0.4571,-0.0286,-0.4857,0.486,-0.1143,0.538,0.0629,0.0021,16384.34,23.63,11482.03,11505.66,4878.68
2020-06-15,PR,Cianorte,205,2,990,94,82620,84654,4105508,6.8,1394,992,402,8.0,54.43,47.43,0.0,47.43,7.0,-0.4,-0.8571,-0.0286,-0.8857,0.486,1.42,0.457,0.118,0.002,16467.03,23.63,11694.66,11718.29,4748.74
2020-06-16,PR,Cianorte,220,2,1059,95,82620,84654,4105508,6.8,1496,1061,435,8.57,58.29,45.43,0.0,45.43,12.86,-1.5429,-1.2857,-0.0286,-1.3143,-0.2286,2.06,0.655,-0.0711,0.0019,17671.94,23.63,12509.75,12533.37,5138.56
2020-06-17,PR,Cianorte,232,2,1119,96,82620,84654,4105508,6.8,1578,1121,457,8.14,55.29,42.43,0.0,42.43,12.86,7.54,5.2,0.0,5.2,2.34,2.17,0.722,-0.1623,0.0018,18640.58,23.63,13218.51,13242.14,5398.45
2020-06-18,PR,Cianorte,235,2,1147,97,82620,84654,4105508,6.8,1598,1149,449,9.43,64.14,50.29,0.0,50.29,13.86,7.97,5.09,0.0,5.09,2.89,3.74,-0.104,-0.2478,0.0017,18876.84,23.63,13549.27,13572.9,5303.94
2020-06-19,PR,Cianorte,239,2,1142,98,82620,84654,4105508,6.8,1625,1144,481,15.43,104.86,80.43,0.0,80.43,24.43,10.86,7.94,0.0,7.94,2.91,3.5,-0.2731,-0.4393,0.0017,19195.79,23.63,13490.21,13513.83,5681.95
2020-06-20,PR,Cianorte,253,2,1213,99,82620,84654,4105508,6.8,1720,1215,505,13.86,94.29,72.86,0.0,72.86,21.43,18.29,13.11,0.0,13.11,5.17,0.903,-0.7817,-0.4245,0.0016,20318.0,23.63,14328.92,14352.54,5965.46
2020-06-21,PR,Cianorte,270,2,1324,100,82620,84654,4105508,6.8,1836,1326,510,16.57,112.57,85.14,0.0,85.14,27.43,15.94,11.6,0.0,11.6,4.34,0.697,-1.5417,-0.2005,0.0015,21688.28,23.63,15640.14,15663.76,6024.52
2020-06-22,PR,Cianorte,313,2,1553,101,82620,84654,4105508,6.8,2128,1555,573,21.57,146.71,108.0,0.0,108.0,38.71,12.06,8.77,0.0571,8.83,3.23,-1.7371,-1.4,-0.0759,0.0013,25137.62,23.63,18345.26,18368.89,6768.73
2020-06-23,PR,Cianorte,317,2,1569,102,82620,84654,4105508,6.8,2156,1571,585,21.14,143.86,108.29,0.0,108.29,35.57,11.46,8.17,0.0571,8.23,3.23,-3.9714,-1.1063,0.23,0.0013,25468.38,23.63,18534.27,18557.89,6910.48
2020-06-24,PR,Cianorte,348,2,1715,103,82620,84654,4105508,6.8,2366,1717,649,24.29,165.14,124.29,0.286,124.57,40.57,2.17,2.06,0.0571,2.11,0.0571,-3.5029,-0.6526,0.478,0.0012,27949.06,23.63,20258.94,20282.56,7666.5
2020-06-25,PR,Cianorte,386,2,1903,104,82620,84654,4105508,6.8,2625,1905,720,22.29,151.57,113.71,0.286,114.0,37.57,-1.5714,0.286,0.0571,0.343,-1.9143,-4.6286,0.369,0.433,0.001,31008.58,23.63,22479.74,22503.37,8505.21
2020-06-26,PR,Cianorte,387,2,1900,105,82620,84654,4105508,6.8,2632,1902,730,18.14,123.43,95.43,0.286,95.71,27.71,-1.5714,-0.1143,0.0571,-0.0571,-1.5143,-2.5657,0.849,0.511,0.0011,31091.27,23.63,22444.3,22467.93,8623.34
2020-06-27,PR,Cianorte,423,4,2083,106,82620,84654,4105508,6.8,2876,2087,789,20.43,138.86,109.43,0.286,109.71,29.14,-11.0857,-7.2857,0.0286,-7.2571,-3.8286,0.109,0.763,0.165,0.0019,33973.59,47.25,24606.04,24653.29,9320.29
2020-06-28,PR,Cianorte,426,4,2120,107,82620,84654,4105508,6.8,2897,2124,773,20.0,136.0,107.71,0.286,108.0,28.0,-1.3714,0.429,0.0286,0.457,-1.8286,0.274,1.45,-0.1589,0.0019,34221.66,47.25,25043.12,25090.37,9131.29
2020-06-29,PR,Cianorte,440,4,2221,108,82620,84654,4105508,6.8,2992,2225,767,16.14,109.71,87.86,0.429,88.29,21.43,2.71,3.37,-0.0286,3.34,-0.6286,0.314,0.173,-0.2537,0.0018,35343.87,47.25,26236.21,26283.46,9060.41
2020-06-30,PR,Cianorte,460,4,2335,109,82620,84654,4105508,6.8,3128,2339,789,21.29,144.71,115.86,0.429,116.29,28.43,-0.2,1.17,-0.0286,1.14,-1.3429,2.61,-0.4251,-0.2647,0.0017,36950.41,47.25,27582.87,27630.12,9320.29
2020-07-01,PR,Cianorte,488,4,2469,110,82620,84654,4105508,6.8,3318,2473,845,20.14,137.0,112.29,0.143,112.43,24.57,0.0,1.71,-0.0286,1.69,-1.6857,-1.7029,-0.4194,-0.4789,0.0016,39194.84,47.25,29165.78,29213.03,9981.81
2020-07-02,PR,Cianorte,499,5,2518,111,82620,84654,4105508,6.8,3393,2523,870,20.29,137.86,115.29,0.143,115.43,22.43,1.94,2.74,-0.0286,2.71,-0.7714,-2.0171,-0.56,0.0768,0.002,40080.8,59.06,29744.61,29803.67,10277.13
2020-07-03,PR,Cianorte,536,5,2711,112,82620,84654,4105508,6.8,3645,2716,929,20.0,136.0,116.29,0.143,116.43,19.57,-9.8857,-6.2571,-0.0286,-6.2857,-3.6,-1.8229,-0.9474,0.186,0.0018,43057.62,59.06,32024.48,32083.54,10974.08
2020-07-04,PR,Cianorte,564,5,2869,113,82620,84654,4105508,6.8,3835,2874,961,17.57,119.43,101.57,0.286,101.86,17.57,-7.3714,-4.4,0.0286,-4.3714,-3.0,-2.4857,0.557,0.208,0.0017,45302.05,59.06,33890.9,33949.96,11352.09
2020-07-05,PR,Cianorte,568,5,2927,114,82620,84654,4105508,6.8,3862,2932,930,14.0,95.29,84.57,0.286,84.86,10.43,-9.3143,-6.2571,0.0286,-6.2286,-3.0857,-2.1314,0.504,0.304,0.0017,45621.0,59.06,34576.04,34635.1,10985.9
2020-07-06,PR,Cianorte,580,5,3035,115,82620,84654,4105508,6.8,3944,3040,904,14.71,100.14,90.29,0.286,90.57,9.57,-12.4286,-9.0286,0.0286,-9.0,-3.4286,1.08,0.621,0.295,0.0016,46589.65,59.06,35851.82,35910.88,10678.76
2020-07-07,PR,Cianorte,583,6,3046,116,82620,84654,4105508,6.8,3964,3052,912,13.43,91.29,84.0,0.286,84.29,7.0,-8.7143,-5.6571,0.0,-5.6571,-3.0571,0.503,0.962,-0.1698,0.002,46825.9,70.88,35981.76,36052.64,10773.27
2020-07-08,PR,Cianorte,586,6,3061,117,82620,84654,4105508,6.8,3985,3067,918,10.86,73.86,71.14,0.286,71.43,2.43,-4.4857,-2.6286,0.0,-2.6286,-1.8571,1.28,0.526,-0.1445,0.002,47073.97,70.88,36158.95,36229.83,10844.14
2020-07-09,PR,Cianorte,602,7,3150,118,82620,84654,4105508,6.8,4094,3157,937,11.14,75.86,73.29,0.286,73.57,2.29,-4.8571,-3.1143,-0.0286,-3.1429,-1.7143,2.33,-0.2926,-0.2203,0.0022,48361.57,82.69,37210.29,37292.98,11068.59
2020-07-10,PR,Cianorte,630,7,3299,119,82620,84654,4105508,6.8,4284,3306,978,10.71,72.86,71.43,0.286,71.71,1.14,-2.9143,-1.4571,-0.0286,-1.4857,-1.4286,0.497,-0.2183,-0.3426,0.0021,50606.0,82.69,38970.4,39053.09,11552.91
2020-07-11,PR,Cianorte,640,7,3367,120,82620,84654,4105508,6.8,4352,3374,978,11.14,75.86,74.71,0.143,74.86,1.0,-0.8,-0.0857,-0.0286,-0.1143,-0.6857,-0.3829,-0.4811,-0.1033,0.0021,51409.27,82.69,39773.67,39856.36,11552.91
2020-07-12,PR,Cianorte,646,7,3440,121,82620,84654,4105508,6.8,4393,3447,946,11.29,76.71,76.71,0.143,76.86,-0.1429,-6.2286,-3.8857,-0.0286,-3.9143,-2.3143,-0.5886,-0.7509,0.0955,0.002,51893.59,82.69,40636.0,40718.69,11174.9
2020-07-13,PR,Cianorte,655,7,3535,122,82620,84654,4105508,6.8,4454,3542,912,10.29,69.86,70.71,0.143,70.86,-1.0,-6.4,-3.6571,-0.0286,-3.6857,-2.7143,-1.1257,0.0091,0.105,0.002,52614.17,82.69,41758.22,41840.91,10773.27
2020-07-14,PR,Cianorte,661,7,3569,123,82620,84654,4105508,6.8,4495,3576,919,6.57,44.71,53.86,0.143,54.0,-9.2857,-7.8,-5.0571,0.0,-5.0571,-2.7429,-1.4286,0.185,0.188,0.002,53098.5,82.69,42159.85,42242.54,10855.95
2020-07-15,PR,Cianorte,665,7,3598,124,82620,84654,4105508,6.8,4522,3605,917,6.0,40.86,53.14,0.143,53.29,-12.4286,-8.5429,-6.0857,0.0,-6.0857,-2.4571,0.543,0.305,0.252,0.0019,53417.44,82.69,42502.42,42585.11,10832.33
2020-07-16,PR,Cianorte,674,8,3645,125,82620,84654,4105508,6.8,4583,3653,930,5.43,36.86,49.43,0.143,49.57,-12.7143,-7.9429,-5.6,0.0,-5.6,-2.3429,0.543,0.457,-0.0032,0.0022,54138.02,94.5,43057.62,43152.13,10985.9
2020-07-17,PR,Cianorte,676,8,3676,126,82620,84654,4105508,6.8,4597,3684,913,5.0,34.0,46.29,0.143,46.43,-12.4286,-3.5143,-4.2286,0.0,-4.2286,0.714,0.937,0.51,-0.0311,0.0022,54303.4,94.5,43423.82,43518.32,10785.08
2020-07-18,PR,Cianorte,682,8,3739,127,82620,84654,4105508,6.8,4638,3747,891,4.43,30.14,42.71,0.143,42.86,-12.7143,-3.6857,-5.4857,-0.0286,-5.5143,1.83,1.16,-0.0069,-0.0688,0.0021,54787.72,94.5,44168.03,44262.53,10525.2
2020-07-19,PR,Cianorte,684,8,3786,128,82620,84654,4105508,6.8,4651,3794,857,4.0,27.14,32.71,0.143,32.86,-5.7143,-3.1143,-5.8571,0.0,-5.8571,2.74,1.12,0.0297,-0.1111,0.0021,54941.29,94.5,44723.23,44817.73,10123.56
2020-07-20,PR,Cianorte,690,8,3859,129,82620,84654,4105508,6.8,4692,3867,825,3.29,22.43,25.71,0.0,25.71,-3.2857,-2.7429,-6.2857,0.0,-6.2857,3.54,0.509,-0.0389,-0.12,0.0021,55425.61,94.5,45585.56,45680.06,9745.55
2020-07-21,PR,Cianorte,692,8,3868,130,82620,84654,4105508,6.8,4706,3876,830,3.14,21.29,20.14,0.143,20.29,1.0,-2.3429,-5.6857,0.0286,-5.6571,3.31,0.691,-0.0983,-0.0048,0.0021,55590.99,94.5,45691.88,45786.38,9804.62
2020-07-22,PR,Cianorte,693,8,3827,131,82620,84654,4105508,6.8,4712,3835,877,3.0,20.29,14.86,0.143,15.0,5.29,-0.9714,-3.0286,0.0286,-3.0,2.03,0.743,-0.0903,-0.0176,0.0021,55661.87,94.5,45207.55,45302.05,10359.82
2020-07-23,PR,Cianorte,697,8,3825,132,82620,84654,4105508,6.8,4740,3833,907,2.71,18.43,14.29,0.286,14.57,3.86,-0.2286,-1.4286,0.0571,-1.3714,1.14,0.669,-0.0309,-0.0329,0.0021,55992.63,94.5,45183.93,45278.43,10714.2
2020-07-24,PR,Cianorte,698,9,3817,133,82620,84654,4105508,6.8,4746,3826,920,3.29,22.29,17.57,0.286,17.86,4.43,0.6,0.486,0.0286,0.514,0.0857,0.669,-0.0583,-0.0181,0.0024,56063.51,106.32,45089.42,45195.74,10867.77
2020-07-25,PR,Cianorte,703,9,3843,134,82620,84654,4105508,6.8,4780,3852,928,3.14,21.29,18.57,0.286,18.86,2.43,0.6,1.77,0.0286,1.8,-1.2,0.354,-0.2034,-0.0059,0.0023,56465.14,106.32,45396.56,45502.87,10962.27
2020-07-26,PR,Cianorte,703,10,3886,135,82620,84654,4105508,6.8,4780,3896,884,3.57,24.29,22.57,0.286,22.86,1.43,1.0,2.29,-0.0286,2.26,-1.2571,0.4,-0.1886,,0.0026,56465.14,118.13,45904.51,46022.63,10442.51
2020-07-27,PR,Cianorte,713,10,3982,136,82620,84654,4105508,6.8,4848,3992,856,3.43,23.29,23.71,0.286,24.0,-0.7143,0.8,2.49,-0.0286,2.46,-1.6571,-0.2743,-0.12,,0.0025,57268.41,118.13,47038.53,47156.66,10111.75
2020-07-28,PR,Cianorte,714,10,3998,137,82620,84654,4105508,6.8,4855,4008,847,3.43,23.43,25.71,0.143,25.86,-2.4286,1.77,2.86,-0.0571,2.8,-1.0286,-0.2743,,,0.0025,57351.1,118.13,47227.54,47345.67,10005.43
2020-07-29,PR,Cianorte,718,10,3985,138,82620,84654,4105508,6.8,4882,3995,887,3.86,26.29,30.0,0.143,30.14,-3.8571,-0.7714,0.8,-0.0571,0.743,-1.5143,0.0686,,,0.0025,57670.05,118.13,47073.97,47192.1,10477.95
2020-07-30,PR,Cianorte,721,10,3991,139,82620,84654,4105508,6.8,4903,4001,902,4.43,30.14,32.86,0.0,32.86,-2.7143,-0.7714,-0.0571,-0.0571,-0.1143,-0.6571,,,,0.0025,57918.11,118.13,47144.85,47262.98,10655.14
2020-07-31,PR,Cianorte,722,10,3997,140,82620,84654,4105508,6.8,4910,4007,903,3.0,20.43,26.57,0.0,26.57,-6.1429,1.34,2.0,-0.0286,1.97,-0.6286,,,,0.0025,58000.8,118.13,47215.73,47333.85,10666.95
2020-08-01,PR,Cianorte,730,10,4053,141,82620,84654,4105508,6.8,4964,4063,901,2.86,19.43,23.43,0.0,23.43,-4.0,,,,,,,,,0.0025,58638.69,118.13,47877.24,47995.37,10643.32
2020-08-02,PR,Cianorte,734,10,4116,142,82620,84654,4105508,6.8,4991,4126,865,4.43,30.14,35.71,0.0,35.71,-5.5714,,,,,,,,,0.0024,58957.64,118.13,48621.45,48739.58,10218.06
2020-08-03,PR,Cianorte,734,10,4168,143,82620,84654,4105508,6.8,4991,4178,813,,,,,,,,,,,,,,,0.0024,58957.64,118.13,49235.71,49353.84,9603.8
2020-08-04,PR,Cianorte,734,10,4162,144,82620,84654,4105508,6.8,4991,4172,819,,,,,,,,,,,,,,,0.0024,58957.64,118.13,49164.84,49282.96,9674.68
2020-08-05,PR,Cianorte,749,10,4235,145,82620,84654,4105508,6.8,5093,4245,848,,,,,,,,,,,,,,,0.0024,60162.54,118.13,50027.17,50145.3,10017.25
2020-08-07,PR,Cianorte,751,10,4246,146,82620,84654,4105508,6.8,5107,4256,851,,,,,,,,,,,,,,,0.0023,60327.92,118.13,50157.11,50275.24,10052.69
2020-08-08,PR,Cianorte,759,10,4295,147,82620,84654,4105508,6.8,5161,4305,856,,,,,,,,,,,,,,,0.0023,60965.81,118.13,50735.94,50854.06,10111.75
2020-08-09,PR,Cianorte,760,10,4344,148,82620,84654,4105508,6.8,5168,4354,814,,,,,,,,,,,,,,,0.0023,61048.5,118.13,51314.76,51432.89,9615.61
2020-08-10,PR,Cianorte,760,10,4385,149,82620,84654,4105508,6.8,5168,4395,773,,,,,,,,,,,,,,,0.0023,61048.5,118.13,51799.09,51917.22,9131.29
2020-08-11,PR,Cianorte,764,10,4401,150,82620,84654,4105508,6.8,5195,4411,784,4.0,27.14,31.86,0.0,31.86,-4.7143,,,,,,,,,0.0023,61367.45,118.13,51988.09,52106.22,9261.23
2020-08-12,PR,Cianorte,773,10,4445,151,82620,84654,4105508,6.8,5256,4455,801,3.0,20.43,28.0,0.143,28.14,-7.7143,,,,,,,,,0.0022,62088.03,118.13,52507.86,52625.98,9462.05
2020-08-13,PR,Cianorte,776,10,4449,152,82620,84654,4105508,6.8,5277,4459,818,3.43,23.29,30.0,0.143,30.14,-6.8571,,,,,,,,,0.0022,62336.1,118.13,52555.11,52673.23,9662.86
2020-08-14,PR,Cianorte,779,10,4469,153,82620,84654,4105508,6.8,5297,4479,818,4.0,27.14,33.43,0.143,33.57,-6.4286,-0.7429,0.0286,0.0571,0.0857,-0.8286,,,,0.0022,62572.35,118.13,52791.36,52909.49,9662.86
2020-08-15,PR,Cianorte,780,11,4491,154,82620,84654,4105508,6.8,5304,4502,802,5.0,34.0,40.14,0.143,40.29,-6.2857,1.34,1.97,0.0286,2.0,-0.6571,,,,0.0024,62655.04,129.94,53051.24,53181.18,9473.86
2020-08-16,PR,Cianorte,784,11,4554,155,82620,84654,4105508,6.8,5331,4565,766,3.43,23.43,32.0,0.286,32.29,-8.8571,1.37,2.71,0.0286,2.74,-1.3714,,,,0.0024,62973.99,129.94,53795.45,53925.39,9048.6
2020-08-17,PR,Cianorte,788,11,4619,156,82620,84654,4105508,6.8,5358,4630,728,4.0,27.14,37.86,0.286,38.14,-11.0,0.971,1.8,0.0,1.8,-0.8286,0.263,,,0.0024,63292.93,129.94,54563.28,54693.22,8599.71
2020-08-18,PR,Cianorte,799,11,4682,157,82620,84654,4105508,6.8,5433,4693,740,4.43,30.14,43.57,0.286,43.86,-13.7143,-0.9714,-0.2286,0.0,-0.2286,-0.7429,-0.6914,,,0.0023,64178.89,129.94,55307.49,55437.43,8741.47
2020-08-19,PR,Cianorte,797,12,4669,158,82620,84654,4105508,6.8,5420,4681,739,4.71,32.0,42.43,0.143,42.57,-10.5714,0.571,0.829,-0.0286,0.8,-0.2286,-0.5886,,,0.0026,64025.33,141.75,55153.92,55295.67,8729.65
2020-08-20,PR,Cianorte,804,12,4714,159,82620,84654,4105508,6.8,5467,4726,741,4.29,29.14,39.0,0.143,39.14,-10.0,-2.1143,-2.1143,0.0,-2.1143,0.0,-0.8114,,,0.0025,64580.53,141.75,55685.5,55827.25,8753.28
2020-08-21,PR,Cianorte,810,12,4774,160,82620,84654,4105508,6.8,5508,4786,722,3.86,26.29,36.14,0.143,36.29,-10.0,-1.5714,-2.3143,-0.0286,-2.3429,0.771,-0.1143,,,0.0025,65064.85,141.75,56394.26,56536.02,8528.84
2020-08-22,PR,Cianorte,813,12,4788,161,82620,84654,4105508,6.8,5528,4800,728,2.43,16.57,27.29,0.286,27.57,-11.0,-3.0857,-3.1429,0.0,-3.1429,0.0571,,,,0.0025,65301.11,141.75,56559.64,56701.4,8599.71
2020-08-23,PR,Cianorte,814,12,4827,162,82620,84654,4105508,6.8,5535,4839,696,3.29,22.29,32.0,0.143,32.14,-9.8571,-1.5429,-2.2,0.0,-2.2,0.657,,,,0.0025,65383.8,141.75,57020.34,57162.1,8221.7
2020-08-24,PR,Cianorte,815,12,4872,163,82620,84654,4105508,6.8,5542,4884,658,2.43,16.57,26.71,0.143,26.86,-10.2857,,,,,,,,,0.0025,65466.49,141.75,57551.92,57693.67,7772.82
2020-08-25,PR,Cianorte,816,13,4873,164,82620,84654,4105508,6.8,5549,4886,663,3.14,21.43,28.0,0.143,28.14,-6.7143,,,,,,,,,0.0027,65549.18,153.57,57563.73,57717.3,7831.88
2020-08-26,PR,Cianorte,820,13,4893,165,82620,84654,4105508,6.8,5576,4906,670,,,,,,,,,,,,,,,0.0026,65868.12,153.57,57799.99,57953.55,7914.57
2020-08-27,PR,Cianorte,821,13,4901,166,82620,84654,4105508,6.8,5583,4914,669,,,,,,,,,,,,,,,0.0026,65950.81,153.57,57894.49,58048.05,7902.76
2020-08-28,PR,Cianorte,832,13,4970,167,82620,84654,4105508,6.8,5658,4983,675,,,,,,,,,,,,,,,0.0026,66836.77,153.57,58709.57,58863.14,7973.63
2020-08-31,PR,Cianorte,843,14,5076,168,82620,84654,4105508,6.8,5732,5090,642,,,,,,,,,,,,,,,0.0028,67710.92,165.38,59961.73,60127.11,7583.81
2020-09-01,PR,Cianorte,843,14,5078,169,82620,84654,4105508,6.8,5732,5092,640,,,,,,,,,,,,,,,0.0027,67710.92,165.38,59985.35,60150.73,7560.19
2020-09-02,PR,Cianorte,845,14,5087,170,82620,84654,4105508,6.8,5746,5101,645,,,,,,,,,,,,,,,0.0027,67876.3,165.38,60091.67,60257.05,7619.25
2020-09-03,PR,Cianorte,849,14,5112,171,82620,84654,4105508,6.8,5773,5126,647,,,,,,,,,,,,,,,0.0027,68195.24,165.38,60386.99,60552.37,7642.88
2020-09-04,PR,Cianorte,858,14,5160,172,82620,84654,4105508,6.8,5834,5174,660,3.86,26.29,36.57,0.0,36.57,-10.2857,,,,,,,,,0.0027,68915.82,165.38,60954.0,61119.38,7796.44
2020-09-05,PR,Cianorte,864,14,5216,173,82620,84654,4105508,6.8,5875,5230,645,3.86,26.29,41.0,0.0,41.0,-14.7143,,,,,,,,,0.0027,69400.15,165.38,61615.52,61780.9,7619.25
2020-09-06,PR,Cianorte,864,14,5255,174,82620,84654,4105508,6.8,5875,5269,606,3.71,25.29,40.71,0.0,40.71,-15.4286,,,,,,,,,0.0027,69400.15,165.38,62076.22,62241.6,7158.55
2020-09-07,PR,Cianorte,870,14,5332,175,82620,84654,4105508,6.8,5916,5346,570,4.29,29.14,43.57,0.0,43.57,-14.4286,0.2,0.686,0.0,0.686,-0.4857,,,,0.0026,69884.47,165.38,62985.8,63151.18,6733.29
2020-09-08,PR,Cianorte,870,14,5365,176,82620,84654,4105508,6.8,5916,5379,537,4.0,27.29,41.86,0.0,41.86,-14.5714,0.2,-0.4286,0.0,-0.4286,0.629,,,,0.0026,69884.47,165.38,63375.62,63541.0,6343.47
2020-09-09,PR,Cianorte,871,14,5372,177,82620,84654,4105508,6.8,5923,5386,537,4.0,27.29,40.0,0.0,40.0,-12.7143,-0.6,-1.6571,0.0,-1.6571,1.06,,,,0.0026,69967.16,165.38,63458.31,63623.69,6343.47
2020-09-10,PR,Cianorte,879,14,5417,178,82620,84654,4105508,6.8,5977,5431,546,4.0,27.29,38.86,0.0,38.86,-11.5714,-1.3714,-3.2571,0.0,-3.2571,1.89,-0.5086,,,0.0026,70605.05,165.38,63989.89,64155.27,6449.78
2020-09-11,PR,Cianorte,886,14,5453,179,82620,84654,4105508,6.8,6025,5467,558,3.29,22.29,32.43,0.0,32.43,-10.1429,-0.8,-2.8,0.0,-2.8,2.0,-0.5886,,,0.0026,71172.07,165.38,64415.15,64580.53,6591.54
2020-09-12,PR,Cianorte,892,14,5496,180,82620,84654,4105508,6.8,6066,5510,556,3.29,22.29,27.29,0.0,27.29,-5.0,-2.3429,-3.7429,0.0,-3.7429,1.4,-0.2686,,,0.0025,71656.39,165.38,64923.1,65088.48,6567.91
2020-09-13,PR,Cianorte,892,14,5527,181,82620,84654,4105508,6.8,6066,5541,525,3.43,23.29,27.86,0.0,27.86,-4.5714,-2.7429,-3.8,0.0,-3.8,1.06,-0.0743,0.173,,0.0025,71656.39,165.38,65289.3,65454.67,6201.72
2020-09-14,PR,Cianorte,893,14,5559,182,82620,84654,4105508,6.8,6072,5573,499,2.29,15.57,21.29,0.0,21.29,-5.7143,-1.9429,-2.7429,0.0286,-2.7143,0.771,-0.2629,0.243,,0.0025,71727.27,165.38,65667.3,65832.68,5894.58
2020-09-15,PR,Cianorte,893,14,5556,183,82620,84654,4105508,6.8,6072,5570,502,2.0,13.57,19.86,0.0,19.86,-6.2857,-1.7429,-1.7143,0.0286,-1.6857,-0.0571,0.354,0.163,,0.0025,71727.27,165.38,65631.87,65797.25,5930.02
2020-09-16,PR,Cianorte,895,14,5567,184,82620,84654,4105508,6.8,6086,5581,505,1.86,12.57,18.71,0.143,18.86,-6.2857,-2.1143,-1.9714,0.0286,-1.9429,-0.1714,0.629,0.101,-0.0411,0.0025,71892.65,165.38,65761.81,65927.19,5965.46
2020-09-17,PR,Cianorte,895,14,5566,185,82620,84654,4105508,6.8,6086,5580,506,2.0,13.57,18.71,0.143,18.86,-5.2857,-0.5714,-0.6,0.0286,-0.5714,-0.0,0.549,0.152,-0.0786,0.0025,71892.65,165.38,65749.99,65915.37,5977.27
2020-09-18,PR,Cianorte,900,14,5592,186,82620,84654,4105508,6.8,6120,5606,514,1.86,12.71,18.0,0.143,18.14,-5.4286,0.4,1.43,0.0286,1.46,-1.0571,0.429,-0.0331,-0.0597,0.0025,72294.28,165.38,66057.13,66222.51,6071.77
2020-09-19,PR,Cianorte,905,15,5627,187,82620,84654,4105508,6.8,6154,5642,512,1.86,12.71,18.29,0.143,18.43,-5.7143,0.8,0.571,0.0,0.571,0.229,0.497,-0.1497,-0.0405,0.0027,72695.92,177.19,66470.57,66647.77,6048.15
2020-09-20,PR,Cianorte,906,15,5658,188,82620,84654,4105508,6.8,6161,5673,488,2.29,15.57,27.0,0.143,27.14,-11.5714,0.4,0.6,0.0,0.6,-0.2,0.189,-0.1349,-0.0503,0.0026,72778.6,177.19,66836.77,67013.96,5764.64
2020-09-21,PR,Cianorte,906,15,5685,189,82620,84654,4105508,6.8,6161,5700,461,2.43,16.57,21.57,0.143,21.71,-5.1429,0.371,0.657,-0.0286,0.629,-0.2571,-0.12,-0.1017,-0.0023,0.0026,72778.6,177.19,67155.72,67332.91,5445.7
2020-09-22,PR,Cianorte,906,15,5684,190,82620,84654,4105508,6.8,6161,5699,462,2.29,15.57,21.71,0.143,21.86,-6.2857,0.371,0.571,-0.0286,0.543,-0.1714,-0.1257,-0.0994,0.0347,0.0026,72778.6,177.19,67143.9,67321.1,5457.51
2020-09-23,PR,Cianorte,911,15,5756,191,82620,84654,4105508,6.8,6195,5771,424,2.14,14.57,21.29,0.0,21.29,-6.7143,-0.2,-1.2857,-0.0286,-1.3143,1.11,-0.08,-0.0446,0.0229,0.0026,73180.24,177.19,67994.42,68171.62,5008.62
2020-09-24,PR,Cianorte,912,15,5717,192,82620,84654,4105508,6.8,6202,5732,470,2.14,14.57,21.14,0.0,21.14,-6.5714,0.171,0.286,-0.0286,0.257,-0.0857,-0.0,0.024,0.0171,0.0026,73262.93,177.19,67533.73,67710.92,5552.01
2020-09-25,PR,Cianorte,916,15,5744,193,82620,84654,4105508,6.8,6229,5759,470,2.14,14.57,20.57,0.0,20.57,-6.0,0.0,-1.3429,-0.0286,-1.3714,1.37,-0.0343,-0.0206,0.0046,0.0026,73581.87,177.19,67852.67,68029.86,5552.01
2020-09-26,PR,Cianorte,920,15,5776,194,82620,84654,4105508,6.8,6256,5791,465,2.57,17.43,23.0,0.0,23.0,-5.5714,0.371,0.0,0.0,0.0,0.371,0.0,-0.016,0.0055,0.0026,73900.82,177.19,68230.68,68407.87,5492.95
2020-09-27,PR,Cianorte,921,15,5806,195,82620,84654,4105508,6.8,6263,5821,442,2.29,15.57,15.0,0.0,15.0,0.571,0.2,0.914,0.0,0.914,-0.7143,-0.2286,-0.0766,-0.0032,0.0026,73983.51,177.19,68585.06,68762.26,5221.25
2020-09-28,PR,Cianorte,921,15,5829,196,82620,84654,4105508,6.8,6263,5844,419,2.43,16.43,21.29,0.0,21.29,-4.8571,-0.2,-0.6,0.0,-0.6,0.4,-0.16,-0.0171,0.0178,0.0026,73983.51,177.19,68856.76,69033.95,4949.56
2020-09-29,PR,Cianorte,924,15,5845,197,82620,84654,4105508,6.8,6283,5860,423,2.29,15.57,25.71,0.0,25.71,-10.1429,-0.9714,-1.1429,0.0,-1.1429,0.171,-0.3829,0.008,0.0146,0.0026,74219.77,177.19,69045.76,69222.95,4996.81
2020-09-30,PR,Cianorte,927,15,5861,198,82620,84654,4105508,6.8,6304,5876,428,2.0,13.57,17.57,0.0,17.57,-4.0,-0.8,0.229,0.0,0.229,-1.0286,-0.12,0.0686,0.0478,0.0026,74467.83,177.19,69234.77,69411.96,5055.87
2020-10-01,PR,Cianorte,929,15,5866,199,82620,84654,4105508,6.8,6317,5881,436,1.86,12.57,17.29,0.0,17.29,-4.7143,-1.5429,-1.9714,0.0,-1.9714,0.429,0.04,0.0571,0.024,0.0026,74621.4,177.19,69293.83,69471.02,5150.38
2020-10-02,PR,Cianorte,932,15,5924,200,82620,84654,4105508,6.8,6338,5939,399,1.71,11.57,16.14,0.0,16.14,-4.5714,-0.4,-1.8857,0.0,-1.8857,1.49,0.114,0.162,0.0094,0.0025,74869.47,177.19,69978.97,70156.17,4713.3
2020-10-03,PR,Cianorte,934,15,5899,201,82620,84654,4105508,6.8,6351,5914,437,1.29,8.71,11.43,0.0,11.43,-2.7143,0.0,0.0,0.0,0.0,0.0,0.126,0.103,0.0441,0.0025,75023.03,177.19,69683.65,69860.85,5162.19
2020-10-04,PR,Cianorte,934,15,5927,202,82620,84654,4105508,6.8,6351,5942,409,2.0,13.57,16.29,0.0,16.29,-2.7143,-0.4,-1.5143,0.0,-1.5143,1.11,0.429,0.0549,0.0503,0.0025,75023.03,177.19,70014.41,70191.6,4831.43
2020-10-05,PR,Cianorte,933,15,5942,203,82620,84654,4105508,6.8,6344,5957,387,2.0,13.57,17.57,0.0,17.57,-4.0,-0.1714,-0.0857,0.0,-0.0857,-0.0857,0.394,0.289,0.0123,0.0025,74940.35,177.19,70191.6,70368.8,4571.55
2020-10-06,PR,Cianorte,933,15,5925,204,82620,84654,4105508,6.8,6344,5940,404,1.57,10.57,9.71,0.0,9.71,0.857,0.6,0.857,0.0,0.857,-0.2571,0.314,0.309,-0.0178,0.0025,74940.35,177.19,69990.79,70167.98,4772.37
2020-10-07,PR,Cianorte,941,15,5975,205,82620,84654,4105508,6.8,6399,5990,409,1.57,10.71,15.71,0.0,15.71,-5.0,1.57,1.74,0.0,1.74,-0.1714,1.56,0.224,-0.0053,0.0025,75590.05,177.19,70581.43,70758.62,4831.43
2020-10-08,PR,Cianorte,943,15,5989,206,82620,84654,4105508,6.8,6412,6004,408,1.71,11.71,15.71,0.0,15.71,-4.0,1.57,2.54,0.0,2.54,-0.9714,1.67,0.0137,-0.2043,0.0025,75743.62,177.19,70746.8,70924.0,4819.62
2020-10-09,PR,Cianorte,943,15,5992,207,82620,84654,4105508,6.8,6412,6007,405,3.14,21.43,25.0,0.0,25.0,-3.5714,7.4,9.03,0.0,9.03,-1.6286,1.55,0.0286,,0.0025,75743.62,177.19,70782.24,70959.43,4784.18
2020-10-10,PR,Cianorte,945,15,6009,208,82620,84654,4105508,6.8,6426,6024,402,3.14,21.43,30.29,0.0,30.29,-8.8571,8.17,8.4,0.0,8.4,-0.2286,0.463,-0.7326,,0.0025,75908.99,177.19,70983.06,71160.25,4748.74
2020-10-11,PR,Cianorte,946,15,6037,209,82620,84654,4105508,6.8,6433,6052,381,7.0,47.57,54.86,0.0,54.86,-7.2857,8.34,8.49,0.0,8.49,-0.1429,0.457,,,0.0025,75991.68,177.19,71313.82,71491.01,4500.67
2020-10-12,PR,Cianorte,955,15,6117,210,82620,84654,4105508,6.8,6494,6132,362,7.57,51.57,57.71,0.0,57.71,-6.1429,3.89,4.23,0.0,4.23,-0.3429,-2.1029,,,0.0024,76712.26,177.19,72258.84,72436.03,4276.23
2020-10-13,PR,Cianorte,955,15,6137,211,82620,84654,4105508,6.8,6494,6152,342,7.86,53.43,58.14,0.0,58.14,-4.7143,3.86,3.46,0.0,3.46,0.4,,,,0.0024,76712.26,177.19,72495.1,72672.29,4039.97
2020-10-14,PR,Cianorte,990,15,6359,212,82620,84654,4105508,6.8,6732,6374,358,6.0,40.86,46.14,0.0,46.14,-5.2857,-3.1143,-3.8571,0.0,-3.8571,0.743,,,,0.0024,79523.71,177.19,75117.54,75294.73,4228.98
2020-10-15,PR,Cianorte,996,15,6393,213,82620,84654,4105508,6.8,6773,6408,365,6.0,40.71,47.57,0.0,47.57,-6.8571,,,,,,,,,0.0023,80008.03,177.19,75519.17,75696.36,4311.67
2020-10-16,PR,Cianorte,998,15,6399,214,82620,84654,4105508,6.8,6786,6414,372,4.71,32.0,35.57,0.0,35.57,-3.5714,,,,,,,,,0.0023,80161.6,177.19,75590.05,75767.24,4394.36
2020-10-17,PR,Cianorte,987,15,6332,215,82620,84654,4105508,6.8,6712,6347,365,,,,,,,,,,,,,,,0.0024,79287.45,177.19,74798.59,74975.78,4311.67
2020-10-18,PR,Cianorte,988,15,6370,216,82620,84654,4105508,6.8,6718,6385,333,,,,,,,,,,,,,,,0.0023,79358.33,177.19,75247.48,75424.67,3933.66
2020-10-19,PR,Cianorte,988,15,6366,217,82620,84654,4105508,6.8,6718,6381,337,,,,,,,,,,,,,,,0.0024,79358.33,177.19,75200.23,75377.42,3980.91
2020-10-21,PR,Cianorte,991,15,6387,218,82620,84654,4105508,6.8,6739,6402,337,,,,,,,,,,,,,,,0.0023,79606.4,177.19,75448.3,75625.49,3980.91
2020-10-22,PR,Cianorte,992,15,6393,219,82620,84654,4105508,6.8,6746,6408,338,,,,,,,,,,,,,,,0.0023,79689.09,177.19,75519.17,75696.36,3992.72
2020-10-23,PR,Cianorte,994,15,6398,220,82620,84654,4105508,6.8,6759,6413,346,,,,,,,,,,,,,,,0.0023,79842.65,177.19,75578.24,75755.43,4087.23
