date,state,city,confirmed,deaths,recovered,estimated_population,city_ibge_code,infected_per_confirmed,infected,closed,active,diff_infected,diff_recovered,diff_deaths,diff_closed,diff_active,diff2_infected,diff2_recovered,diff2_deaths,diff2_closed,diff2_active,diff3_infected,diff4_infected,diff5_infected,μ_closed,μ_infected,infected_per_1mi,deaths_per_1mi,recovered_per_1mi,closed_per_1mi,active_per_1mi
2020-03-23,MG,Contagem,2,0,7,670494,3118601,16.5,33,7,26,,,,,,,,,,,,,,0.0,0.0,49.2174426616793,0.0,10.44006359490167,10.44006359490167,38.77737906677763
2020-03-24,MG,Contagem,2,0,8,670494,3118601,16.5,33,8,25,,,,,,,,,,,,,,0.0,0.0,49.2174426616793,0.0,11.931501251316194,11.931501251316194,37.28594141036311
2020-03-25,MG,Contagem,2,0,9,670494,3118601,16.5,33,9,24,,,,,,,,,,,,,,0.0,0.0,49.2174426616793,0.0,13.422938907730718,13.422938907730718,35.79450375394858
2020-03-26,MG,Contagem,2,0,9,670494,3118601,16.5,33,9,24,5.5,2.6666666666666665,,,,,,,,,,,,0.0,0.0,49.2174426616793,0.0,13.422938907730718,13.422938907730718,35.79450375394858
2020-03-27,MG,Contagem,3,0,15,670494,3118601,16.5,50,15,35,8.166666666666666,3.8333333333333335,,,,,,,,,,,,0.0,0.0,74.57188282072622,0.0,22.371564846217865,22.371564846217865,52.200317974508344
2020-03-28,MG,Contagem,4,0,21,670494,3118601,16.5,66,21,45,8.166666666666666,3.3333333333333335,,,,,,,,,,,,0.0,0.0,98.4348853233586,0.0,31.32019078470501,31.32019078470501,67.1146945386536
2020-03-29,MG,Contagem,4,0,23,670494,3118601,16.5,66,23,43,13.833333333333334,5.0,,,,2.3055555555555554,0.7222222222222223,,,,,,,0.0,0.0,98.4348853233586,0.0,34.30306609753406,34.30306609753406,64.13181922582454
2020-03-30,MG,Contagem,5,0,31,670494,3118601,16.5,82,31,51,16.333333333333332,5.833333333333333,,,,2.305555555555556,0.8055555555555554,,,,,,,0.0,0.0,122.29788782599098,0.0,46.23456734885025,46.23456734885025,76.06332047714073
2020-03-31,MG,Contagem,5,0,29,670494,3118601,16.5,82,29,53,16.5,6.166666666666667,,,,2.305555555555556,1.0555555555555554,,,,-0.6805555555555555,,,0.0,0.0,122.29788782599098,0.0,43.251692036021204,43.251692036021204,79.04619578996979
2020-04-01,MG,Contagem,7,0,39,670494,3118601,16.5,116,39,77,19.333333333333332,7.0,,,,0.41666666666666635,0.4444444444444445,,,,-0.8055555555555556,,,0.0,0.0,173.00676814408482,0.0,58.16606860016645,58.16606860016645,114.84069954391836
2020-04-02,MG,Contagem,9,0,50,670494,3118601,16.5,148,50,98,22.0,8.666666666666666,,,,-0.41666666666666635,0.13888888888888898,,,,-0.8125,,,0.0,0.0,220.73277314934958,0.0,74.57188282072622,74.57188282072622,146.16089032862337
2020-04-03,MG,Contagem,10,0,58,670494,3118601,16.5,165,58,107,22.0,9.666666666666666,,,,-0.9166666666666666,-0.08333333333333333,,,,-0.5624999999999999,,,0.0,0.0,246.08721330839649,0.0,86.50338407204241,86.50338407204241,159.5838292363541
2020-04-04,MG,Contagem,11,0,65,670494,3118601,16.5,182,65,117,16.333333333333332,7.666666666666667,,,,-0.9444444444444443,0.055555555555555504,,,,,,,0.0,0.0,271.4416534674434,0.0,96.94344766694407,96.94344766694407,174.49820580049933
2020-04-05,MG,Contagem,13,0,83,670494,3118601,16.5,214,83,131,13.833333333333334,6.666666666666667,,,,-1.8333333333333333,-0.3055555555555555,,,,,,,0.0,0.0,319.1676584727082,0.0,123.78932548240552,123.78932548240552,195.37833299030268
2020-04-06,MG,Contagem,13,0,87,670494,3118601,16.5,214,87,127,11.0,5.666666666666667,,,,-1.8333333333333333,-0.44444444444444436,,,,,,,0.0,0.0,319.1676584727082,0.0,129.7550761080636,129.7550761080636,189.41258236464458
2020-04-07,MG,Contagem,13,0,85,670494,3118601,16.5,214,85,129,13.666666666666666,7.333333333333333,,,,-0.8888888888888887,0.11111111111111116,,,,,,,0.0,0.0,319.1676584727082,0.0,126.77220079523455,126.77220079523455,192.39545767747362
2020-04-08,MG,Contagem,14,0,90,670494,3118601,16.5,231,90,141,11.0,6.833333333333333,,,,0.0,0.6388888888888888,,,,,,,0.0,0.0,344.5220986317551,0.0,134.2293890773072,134.2293890773072,210.29270955444792
2020-04-09,MG,Contagem,14,0,92,670494,3118601,16.5,231,92,139,11.0,7.0,,,,0.9166666666666666,0.8611111111111112,,,,,,,0.0,0.0,344.5220986317551,0.0,137.21226439013623,137.21226439013623,207.30983424161886
2020-04-10,MG,Contagem,16,0,109,670494,3118601,16.5,264,109,155,11.0,8.333333333333334,,,,0.4722222222222223,0.6388888888888888,,,,,,,0.0,0.0,393.7395412934344,0.0,162.56670454918313,162.56670454918313,231.17283674425124
2020-04-11,MG,Contagem,17,0,124,670494,3118601,16.5,280,124,156,13.833333333333334,10.5,,,,4.611111111111111,2.2222222222222228,,,,1.3819444444444442,,,0.0,0.0,417.60254379606675,0.0,184.938269395401,184.938269395401,232.6642744006658
2020-04-12,MG,Contagem,17,0,129,670494,3118601,16.5,280,129,151,16.5,10.833333333333334,,,,5.972222222222222,2.777777777777778,,,,1.2499999999999998,,,0.0,0.0,417.60254379606675,0.0,192.39545767747362,192.39545767747362,225.20708611859317
2020-04-13,MG,Contagem,17,0,135,670494,3118601,16.5,280,135,145,16.5,11.166666666666666,,,,6.444444444444444,2.9166666666666665,,,,0.22222222222222232,-0.8072916666666665,,0.0,0.0,417.60254379606675,0.0,201.34408361596076,201.34408361596076,216.258460180106
2020-04-14,MG,Contagem,19,0,153,670494,3118601,16.5,314,153,161,38.666666666666664,20.166666666666668,,,,5.472222222222221,2.527777777777778,,,,0.11111111111111116,-0.828125,,0.0,0.0,468.3114241141606,0.0,228.1899614314222,228.1899614314222,240.1214626827384
2020-04-15,MG,Contagem,20,0,157,670494,3118601,16.5,330,157,173,46.833333333333336,23.666666666666668,,,,5.5,3.055555555555556,,,,-1.8472222222222219,-0.6319444444444444,,0.0,0.0,492.17442661679297,0.0,234.1557120570803,234.1557120570803,258.0187145597127
2020-04-16,MG,Contagem,22,0,176,670494,3118601,16.5,363,176,187,49.666666666666664,25.833333333333332,,,,6.416666666666667,3.611111111111112,,,,-2.0625,-0.6284722222222222,,0.0,0.0,541.3918692784723,0.0,262.49302752895625,262.49302752895625,278.898841749516
2020-04-17,MG,Contagem,31,0,245,670494,3118601,16.5,512,245,267,46.666666666666664,25.666666666666668,,,,-0.9444444444444441,0.25,,,,-2.3055555555555554,,,0.0,0.0,763.6160800842364,0.0,365.40222582155843,365.40222582155843,398.21385426267796
2020-04-18,MG,Contagem,34,0,271,670494,3118601,16.5,561,271,290,49.5,29.166666666666668,,,,-2.777777777777778,-0.5833333333333334,,,,-2.4027777777777777,,,0.0,0.0,836.6965252485481,0.0,404.1796048883361,404.1796048883361,432.516920360212
2020-04-19,MG,Contagem,35,0,290,670494,3118601,16.5,578,290,288,55.0,32.833333333333336,,,,-3.722222222222222,-1.6666666666666663,,,,,,,0.0,0.0,862.050965407595,0.0,432.516920360212,432.516920360212,429.53404504738296
2020-04-20,MG,Contagem,36,0,307,670494,3118601,16.5,594,307,287,33.0,21.666666666666668,,,,-3.194444444444444,-1.6944444444444446,,,,,,,0.0,0.0,885.9139679102274,0.0,457.87136051925893,457.87136051925893,428.04260739096844
2020-04-21,MG,Contagem,38,0,332,670494,3118601,16.5,627,332,295,30.166666666666668,20.166666666666668,,,,-3.6666666666666665,-2.361111111111111,,,,,,,0.0,0.0,935.1314105719067,0.0,495.15730192962207,495.15730192962207,439.97410864228465
2020-04-22,MG,Contagem,42,0,373,670494,3118601,16.5,693,373,320,27.333333333333332,15.833333333333334,,,,-5.5,-3.7222222222222228,,,,,,,0.0,0.0,1033.5662958952653,0.0,556.3062458426175,556.3062458426175,477.2600500526477
2020-04-23,MG,Contagem,43,1,375,670494,3118601,16.5,710,376,334,27.5,15.5,,,,-1.3888888888888886,-1.5555555555555556,,,,,,,0.0026595744680851063,0.0014084507042253522,1058.920736054312,1.4914376564145242,559.2891211554465,560.780558811861,498.1401772424511
2020-04-24,MG,Contagem,45,1,392,670494,3118601,16.5,742,393,349,27.5,15.0,,,,-1.3611111111111114,-1.7222222222222223,,,,,,,0.002544529262086514,0.0013477088948787063,1106.646741059577,1.4914376564145242,584.6435613144935,586.134998970908,520.5117420886689
2020-04-25,MG,Contagem,45,2,385,670494,3118601,16.5,742,387,355,22.0,10.5,,,,0.5,0.2499999999999997,,,,,,,0.00516795865633075,0.0026954177897574125,1106.646741059577,2.9828753128290484,574.2034977195918,577.1863730324209,529.460368027156
2020-04-26,MG,Contagem,46,2,400,670494,3118601,16.5,759,402,357,24.666666666666668,12.333333333333334,0.3333333333333333,12.666666666666668,12.0,0.0,0.19444444444444464,,,,,,,0.004975124378109453,0.002635046113306983,1132.001181218624,2.9828753128290484,596.5750625658097,599.5579378786388,532.4432433399852
2020-04-27,MG,Contagem,48,2,422,670494,3118601,16.5,792,424,368,22.0,9.833333333333334,0.3333333333333333,10.166666666666668,11.833333333333332,-0.9166666666666666,0.02777777777777768,,,,-0.23611111111111116,,,0.0047169811320754715,0.0025252525252525255,1181.218623880303,2.9828753128290484,629.3866910069293,632.3695663197583,548.8490575605449
2020-04-28,MG,Contagem,50,2,436,670494,3118601,16.5,825,438,387,30.333333333333332,17.333333333333332,0.16666666666666666,17.5,12.833333333333332,-0.9166666666666666,0.44444444444444436,,,,,,,0.0045662100456621,0.0024242424242424242,1230.4360665419824,2.9828753128290484,650.2668181967325,653.2496935095616,577.1863730324209
2020-04-29,MG,Contagem,52,3,449,670494,3118601,16.5,858,452,406,27.5,16.666666666666668,0.16666666666666666,16.833333333333336,10.666666666666664,-0.44444444444444464,0.888888888888889,-0.05555555555555555,0.8333333333333334,-1.2777777777777781,,,,0.00663716814159292,0.0034965034965034965,1279.6535092036618,4.474312969243573,669.6555077301214,674.1298206993649,605.5236885042968
2020-04-30,MG,Contagem,53,3,451,670494,3118601,16.5,874,454,420,22.0,15.166666666666666,0.16666666666666666,15.333333333333332,6.666666666666668,0.47222222222222204,1.361111111111111,-0.05555555555555555,1.3055555555555554,-0.8333333333333333,,,,0.006607929515418502,0.003432494279176201,1303.516511706294,4.474312969243573,672.6383830429504,677.112696012194,626.4038156941002
2020-05-01,MG,Contagem,56,3,489,670494,3118601,16.5,924,492,432,16.5,13.166666666666666,0.16666666666666666,13.333333333333332,3.166666666666668,0.0,0.3333333333333333,-0.027777777777777776,0.3055555555555555,-0.3055555555555555,,,,0.006097560975609756,0.003246753246753247,1378.0883945270205,4.474312969243573,729.3130139867023,733.7873269559459,644.3010675710744
2020-05-02,MG,Contagem,56,3,500,670494,3118601,16.5,924,503,421,22.0,17.666666666666668,0.0,17.666666666666668,4.333333333333332,0.9166666666666666,0.22222222222222202,-0.027777777777777776,0.19444444444444425,0.7222222222222223,1.1388888888888888,,,0.005964214711729622,0.003246753246753247,1378.0883945270205,4.474312969243573,745.7188282072622,750.1931411765057,627.8952533505147
2020-05-03,MG,Contagem,56,3,513,670494,3118601,16.5,924,516,408,24.833333333333332,18.0,0.0,18.0,6.833333333333332,2.2777777777777772,0.5555555555555557,-0.027777777777777776,0.5277777777777779,1.7499999999999993,,,,0.005813953488372093,0.003246753246753247,1378.0883945270205,4.474312969243573,765.1075177406509,769.5818307098945,608.5065638171259
2020-05-04,MG,Contagem,56,3,515,670494,3118601,16.5,924,518,406,30.333333333333332,19.333333333333332,0.0,19.333333333333332,11.0,5.027777777777778,2.361111111111111,-0.027777777777777776,2.3333333333333335,2.694444444444444,1.0277777777777777,-0.28298611111111105,,0.005791505791505791,0.003246753246753247,1378.0883945270205,4.474312969243573,768.0903930534799,772.5647060227235,605.5236885042968
2020-05-05,MG,Contagem,60,3,555,670494,3118601,16.5,990,558,432,33.0,18.0,0.0,18.0,15.0,4.111111111111111,2.0277777777777772,,,,0.798611111111111,,,0.005376344086021506,0.0030303030303030303,1476.523279850379,4.474312969243573,827.7478993100609,832.2222122793045,644.3010675710744
2020-05-06,MG,Contagem,62,3,559,670494,3118601,16.5,1023,562,461,35.666666666666664,18.5,0.0,18.5,17.166666666666664,5.027777777777778,3.4722222222222228,,,,0.006944444444444642,-0.026041666666666574,,0.005338078291814947,0.002932551319648094,1525.7407225120583,4.474312969243573,833.713649935719,838.1879629049627,687.5527596070957
2020-05-07,MG,Contagem,67,3,605,670494,3118601,16.5,1106,608,498,46.666666666666664,27.333333333333332,0.0,27.333333333333332,19.333333333333332,5.472222222222221,4.027777777777778,,,,0.8125,-0.024305555555555552,,0.004934210526315789,0.0027124773960217,1649.5300479944638,4.474312969243573,902.3197821307872,906.7940951000307,742.735952894433
2020-05-08,MG,Contagem,68,3,608,670494,3118601,16.5,1122,611,511,46.666666666666664,29.833333333333332,0.0,29.833333333333332,16.833333333333332,5.055555555555556,4.305555555555556,,,,0.9236111111111114,-0.03125000000000011,,0.004909983633387889,0.00267379679144385,1673.3930504970963,4.474312969243573,906.7940951000307,911.2684080692743,762.1246424278219
2020-05-09,MG,Contagem,69,3,624,670494,3118601,16.5,1138,627,511,55.0,38.833333333333336,0.0,38.833333333333336,16.166666666666664,7.361111111111111,5.138888888888889,,,,0.7013888888888888,-0.2899305555555555,,0.004784688995215311,0.0026362038664323375,1697.2560529997286,4.474312969243573,930.6570976026632,935.1314105719067,762.1246424278219
2020-05-10,MG,Contagem,73,3,679,670494,3118601,16.5,1204,682,522,63.166666666666664,43.5,0.0,43.5,19.666666666666664,8.722222222222223,5.166666666666667,,,,-0.1180555555555558,-0.4340277777777779,,0.004398826979472141,0.0024916943521594683,1795.6909383230873,4.474312969243573,1012.6861687054619,1017.1604816747055,778.5304566483817
2020-05-11,MG,Contagem,77,3,734,670494,3118601,16.5,1270,737,533,63.333333333333336,43.833333333333336,0.0,43.833333333333336,19.5,8.277777777777777,5.000000000000001,,,,-0.3472222222222221,-0.578125,,0.004070556309362279,0.002362204724409449,1894.1258236464457,4.474312969243573,1094.7152398082608,1099.1895527775043,794.9362708689414
2020-05-12,MG,Contagem,82,3,792,670494,3118601,16.5,1353,795,558,79.83333333333333,49.333333333333336,0.0,49.333333333333336,30.499999999999993,4.583333333333333,1.9166666666666667,,,,-0.8125000000000002,,,0.0037735849056603774,0.0022172949002217295,2017.9151491288512,4.474312969243573,1181.218623880303,1185.6929368495466,832.2222122793045
2020-05-13,MG,Contagem,90,3,866,670494,3118601,16.5,1485,869,616,99.0,58.333333333333336,0.0,58.333333333333336,40.666666666666664,5.972222222222222,2.75,,,,-1.611111111111111,,,0.0034522439585730723,0.00202020202020202,2214.7849197755686,4.474312969243573,1291.585010454978,1296.0593234242215,918.7255963513469
2020-05-14,MG,Contagem,91,3,871,670494,3118601,16.5,1502,874,628,96.33333333333333,59.833333333333336,0.0,59.833333333333336,36.49999999999999,5.472222222222222,2.2222222222222214,,,,-2.4027777777777777,,,0.003432494279176201,0.0019973368841544607,2240.139359934615,4.474312969243573,1299.0421987370505,1303.516511706294,936.6228482283212
2020-05-15,MG,Contagem,98,3,920,670494,3118601,16.5,1617,923,694,82.5,50.333333333333336,0.0,50.333333333333336,32.166666666666664,1.8333333333333333,1.25,,,,-2.1874999999999996,,,0.0032502708559046588,0.0018552875695732839,2411.6546904222855,4.474312969243573,1372.1226439013624,1376.596956870606,1035.0577335516798
2020-05-16,MG,Contagem,109,3,1029,670494,3118601,16.5,1798,1032,766,99.0,60.0,0.0,60.0,39.0,-5.027777777777779,-2.611111111111112,,,,-0.11111111111111094,,,0.0029069767441860465,0.0016685205784204673,2681.6049062333145,4.474312969243573,1534.6893484505454,1539.163661419789,1142.4412448135256
2020-05-17,MG,Contagem,112,3,1093,670494,3118601,16.5,1848,1096,752,96.16666666666667,57.166666666666664,0.0,57.166666666666664,39.00000000000001,-2.7777777777777763,-2.2777777777777786,,,,-1.1458333333333333,,,0.002737226277372263,0.0016233766233766235,2756.176789054041,4.474312969243573,1630.141358461075,1634.6156714303186,1121.561117623722
2020-05-18,MG,Contagem,112,3,1094,670494,3118601,16.5,1848,1097,751,90.83333333333333,56.833333333333336,0.3333333333333333,57.16666666666667,33.66666666666666,5.027777777777779,3.1388888888888893,,,,,,,0.0027347310847766638,0.0016233766233766235,2756.176789054041,4.474312969243573,1631.6327961174895,1636.107109086733,1120.0696799673076
2020-05-19,MG,Contagem,126,3,1226,670494,3118601,16.5,2079,1229,850,68.83333333333333,42.666666666666664,0.5,43.166666666666664,25.666666666666664,-2.75,-0.16666666666666666,,,,,,,0.0024410089503661514,0.001443001443001443,3100.698887685796,4.474312969243573,1828.5025667642067,1832.9768797334502,1267.7220079523456
2020-05-20,MG,Contagem,126,3,1214,670494,3118601,16.5,2079,1217,862,79.66666666666667,46.166666666666664,0.8333333333333334,47.0,32.66666666666667,4.138888888888888,5.138888888888889,,,,4.465277777777777,,,0.0024650780608052587,0.001443001443001443,3100.698887685796,4.474312969243573,1810.6053148872325,1815.079627856476,1285.6192598293198
2020-05-21,MG,Contagem,131,5,1261,670494,3118601,16.5,2162,1266,896,112.66666666666667,69.16666666666667,1.0,70.16666666666667,42.5,13.250000000000002,10.472222222222223,0.05555555555555555,10.527777777777779,2.722222222222223,,,,0.0039494470774091624,0.002312673450508788,3224.4882131682016,7.457188282072621,1880.702884738715,1888.1600730207876,1336.3281401474137
2020-05-22,MG,Contagem,134,6,1285,670494,3118601,16.5,2211,1291,920,82.5,59.0,1.0,60.0,22.5,22.888888888888886,16.13888888888889,0.027777777777777773,16.166666666666668,6.722222222222218,2.8680555555555562,-1.2013888888888886,,0.004647560030983733,0.0027137042062415195,3297.568658332513,8.948625938487146,1916.4973884926637,1925.4460144311508,1372.1226439013624
2020-05-23,MG,Contagem,141,8,1370,670494,3118601,16.5,2326,1378,948,121.0,88.0,1.0,89.0,32.0,23.861111111111114,16.5,-0.08333333333333333,16.416666666666668,7.444444444444446,3.7916666666666665,,,0.005805515239477504,0.0034393809114359416,3469.0839888201835,11.931501251316194,2043.2695892878983,2055.2010905392144,1413.882898280969
2020-05-24,MG,Contagem,153,9,1509,670494,3118601,16.5,2524,1518,1006,170.33333333333334,119.66666666666667,0.6666666666666666,120.33333333333334,50.0,15.611111111111112,9.583333333333334,-0.1388888888888889,9.444444444444445,6.166666666666668,-0.3402777777777777,-1.3194444444444446,,0.005928853754940711,0.0035657686212361333,3764.388644790259,13.422938907730718,2250.579423529517,2264.002362437248,1500.3862823530114
2020-05-25,MG,Contagem,156,9,1580,670494,3118601,16.5,2574,1589,985,206.16666666666666,139.5,0.6666666666666666,140.16666666666666,66.0,28.416666666666668,16.527777777777775,-0.1388888888888889,16.388888888888886,12.027777777777782,-4.0069444444444455,-2.0364583333333335,,0.005663939584644431,0.0034965034965034965,3838.9605276109855,13.422938907730718,2356.471497134948,2369.894436042679,1469.0660915683063
2020-05-26,MG,Contagem,170,9,1742,670494,3118601,16.5,2805,1751,1054,222.83333333333334,145.16666666666666,0.3333333333333333,145.5,77.33333333333334,21.527777777777775,13.222222222222223,-0.1388888888888889,13.083333333333334,8.444444444444441,-2.4097222222222223,,,0.005139920045688178,0.0032085561497326204,4183.4826262427405,13.422938907730718,2598.084397474101,2611.507336381832,1571.9752898609086
2020-05-27,MG,Contagem,193,9,1979,670494,3118601,16.5,3184,1988,1196,206.33333333333334,126.66666666666667,0.16666666666666666,126.83333333333334,79.5,7.833333333333333,4.222222222222221,-0.08333333333333333,4.138888888888888,3.6944444444444446,-4.354166666666668,,,0.004527162977867203,0.002826633165829146,4748.737498023846,13.422938907730718,2951.5551220443435,2964.978060952074,1783.759437071771
2020-05-28,MG,Contagem,209,10,2122,670494,3118601,16.5,3448,2132,1316,253.0,158.16666666666666,0.16666666666666666,158.33333333333331,94.66666666666669,5.972222222222224,4.166666666666667,-0.027777777777777773,4.138888888888889,1.8333333333333348,2.4097222222222214,,,0.004690431519699813,0.002900232018561485,5142.477039317279,14.914376564145241,3164.8307069116204,3179.7450834757656,1962.7319558415138
2020-05-29,MG,Contagem,222,10,2241,670494,3118601,16.5,3663,2251,1412,250.16666666666666,167.33333333333334,0.16666666666666666,167.5,82.66666666666666,10.999999999999995,8.472222222222223,0.02777777777777778,8.500000000000002,2.499999999999993,5.4861111111111125,,,0.00444247001332741,0.00273000273000273,5463.1361354464025,14.914376564145241,3342.311788024949,3357.226164589094,2105.909970857308
2020-05-30,MG,Contagem,228,10,2269,670494,3118601,16.5,3762,2279,1483,217.33333333333334,145.0,0.16666666666666666,145.16666666666666,72.16666666666669,31.16666666666666,23.666666666666668,0.08333333333333333,23.75,7.416666666666661,7.5694444444444455,-1.5190972222222217,,0.004387889425186486,0.002658160552897395,5610.7884634314405,14.914376564145241,3384.0720424045553,3398.9864189687005,2211.8020444627396
2020-05-31,MG,Contagem,248,10,2529,670494,3118601,16.5,4092,2539,1553,242.0,164.5,0.5,165.0,77.0,29.777777777777782,22.11111111111111,0.1388888888888889,22.25,7.527777777777782,6.9861111111111125,-1.6302083333333335,,0.003938558487593541,0.0024437927663734115,6102.962890048233,14.914376564145241,3771.845833072332,3786.760209636477,2316.2026804117563
2020-06-01,MG,Contagem,261,10,2746,670494,3118601,16.5,4306,2756,1550,288.8333333333333,196.0,0.5,196.5,92.33333333333331,36.25000000000001,24.91666666666666,0.1388888888888889,25.05555555555555,11.194444444444457,-3.666666666666665,-3.901041666666667,,0.00362844702467344,0.0023223409196470044,6422.130548520941,14.914376564145241,4095.4878045142837,4110.402181078429,2311.7283674425125
2020-06-02,MG,Contagem,272,10,2849,670494,3118601,16.5,4488,2859,1629,393.3333333333333,268.6666666666667,0.6666666666666666,269.33333333333337,123.99999999999994,38.94444444444444,30.388888888888886,0.1388888888888889,30.527777777777775,8.416666666666668,-1.0347222222222214,-3.835069444444445,,0.003497726477789437,0.0022281639928698753,6693.572201988385,14.914376564145241,4249.105883124979,4264.020259689125,2429.5519422992597
2020-06-03,MG,Contagem,297,13,3109,670494,3118601,16.5,4900,3122,1778,431.6666666666667,290.8333333333333,1.0,291.8333333333333,139.83333333333337,16.5,15.111111111111109,0.0,15.111111111111109,1.388888888888891,-8.034722222222223,,,0.004163997437540038,0.002653061224489796,7308.044516431169,19.388689533388813,4636.879673792756,4656.268363326145,2651.776153105024
2020-06-04,MG,Contagem,327,13,3417,670494,3118601,16.5,5396,3430,1966,467.6666666666667,316.8333333333333,1.0,317.8333333333333,149.83333333333337,25.638888888888896,21.75,0.027777777777777773,21.77777777777778,3.861111111111118,-8.354166666666668,,,0.0037900874635568515,0.0024091919940696814,8047.797594012773,19.388689533388813,5096.2424719684295,5115.6311615018185,2932.1664325109546
2020-06-05,MG,Contagem,371,14,3881,670494,3118601,16.5,6122,3895,2227,451.0,327.3333333333333,1.0,328.3333333333333,122.66666666666669,4.111111111111114,8.22222222222222,0.02777777777777779,8.249999999999998,-4.138888888888884,-3.2222222222222237,,,0.003594351732991014,0.0022868343678536427,9130.581332569718,20.88012718980334,5788.269544544769,5809.149671734572,3321.4316608351455
2020-06-06,MG,Contagem,405,16,4274,670494,3118601,16.5,6682,4290,2392,341.0,255.16666666666666,0.5,255.66666666666666,85.33333333333334,5.5277777777777715,11.194444444444448,-0.08333333333333333,11.111111111111114,-5.583333333333343,0.6944444444444429,,,0.0037296037296037296,0.002394492666866208,9965.78642016185,23.863002502632387,6374.404543515677,6398.267546018309,3567.518874143542
2020-06-07,MG,Contagem,431,16,4647,670494,3118601,16.5,7112,4663,2449,442.6666666666667,326.5,0.6666666666666666,327.1666666666667,115.5,3.611111111111105,10.305555555555562,-0.05555555555555556,10.250000000000007,-6.638888888888902,13.638888888888888,,,0.0034312674244048897,0.0022497187851518562,10607.104612420097,23.863002502632387,6930.710789358294,6954.573791860927,3652.53082055917
2020-06-08,MG,Contagem,436,16,4813,670494,3118601,16.5,7194,4829,2365,418.0,318.0,0.8333333333333334,318.8333333333333,99.16666666666669,28.416666666666668,24.80555555555556,-0.027777777777777773,24.777777777777782,3.6388888888888857,1.256944444444445,-2.2656249999999996,,0.0033133153862083247,0.0022240756185710315,10729.402500246088,23.863002502632387,7178.289440323105,7202.152442825737,3527.2500574203495
2020-06-09,MG,Contagem,421,16,4640,670494,3118601,16.5,6946,4656,2290,464.8333333333333,358.0,0.5,358.5,106.33333333333331,58.666666666666664,48.083333333333336,0.05555555555555556,48.13888888888889,10.527777777777771,-0.1041666666666643,-8.248263888888888,,0.003436426116838488,0.002303484019579614,10359.525961455285,23.863002502632387,6920.270725763392,6944.133728266025,3415.3922331892604
2020-06-10,MG,Contagem,488,17,5376,670494,3118601,16.5,8052,5393,2659,489.3333333333333,378.6666666666667,0.6666666666666666,379.33333333333337,109.99999999999994,10.555555555555552,14.694444444444448,0.0,14.694444444444448,-4.138888888888896,-8.368055555555555,-4.612847222222222,,0.003152234377897274,0.002111276701440636,12009.056009449749,25.354440159046913,8017.968840884482,8043.323281043529,3965.73272840622
2020-06-11,MG,Contagem,523,19,5789,670494,3118601,16.5,8630,5808,2822,621.5,476.1666666666667,0.8333333333333334,477.0,144.5,3.1944444444444478,8.194444444444448,0.027777777777777773,8.222222222222227,-5.027777777777779,-19.354166666666664,,,0.0032713498622589533,0.00220162224797219,12871.106974857345,28.33731547187596,8633.932592983681,8662.269908455557,4208.8370664017875
2020-06-12,MG,Contagem,574,19,6422,670494,3118601,16.5,9471,6441,3030,693.0,543.6666666666666,0.8333333333333334,544.5,148.5,-5.055555555555553,3.0833333333333335,0.13888888888888887,3.2222222222222223,-8.277777777777775,-17.194444444444443,,,0.0029498525073746312,0.0020061239573434695,14125.40604390196,28.33731547187596,9578.012629494075,9606.34994496595,4519.056098936008
2020-06-13,MG,Contagem,609,20,6919,670494,3118601,16.5,10048,6939,3109,506.0,414.6666666666667,0.6666666666666666,415.33333333333337,90.66666666666663,-18.75,-14.52777777777778,0.1388888888888889,-14.388888888888891,-4.361111111111109,-18.09722222222222,,,0.002882259691598213,0.0019904458598726115,14985.96557165314,29.828753128290483,10319.257144732093,10349.085897860383,4636.879673792756
2020-06-14,MG,Contagem,662,21,7670,670494,3118601,16.5,10923,7691,3232,437.1666666666667,367.1666666666667,1.0,368.1666666666667,69.0,-58.22222222222222,-45.916666666666664,0.08333333333333331,-45.83333333333333,-12.388888888888893,,,,0.002730464178910415,0.0019225487503433123,16290.973521015849,31.32019078470501,11439.326824699401,11470.647015484106,4820.326505531742
2020-06-15,MG,Contagem,673,21,7902,670494,3118601,16.5,11104,7923,3181,434.5,376.5,1.3333333333333333,377.8333333333333,56.666666666666686,-69.19444444444444,-53.916666666666664,0.16666666666666666,-53.75,-15.444444444444443,,,,0.0026505111700113595,0.0018912103746397695,16560.923736826877,31.32019078470501,11785.34036098757,11816.660551772275,4744.263185054601
2020-06-16,MG,Contagem,672,21,7864,670494,3118601,16.5,11088,7885,3203,376.8333333333333,291.5,1.5,293.0,83.83333333333331,-16.944444444444446,-13.055555555555562,0.19444444444444442,-12.861111111111118,-4.083333333333329,,,,0.002663284717818643,0.001893939393939394,16537.060734324245,31.32019078470501,11728.665730043818,11759.985920828523,4777.074813495721
2020-06-17,MG,Contagem,682,25,7992,670494,3118601,16.5,11253,8017,3236,272.1666666666667,200.66666666666666,1.3333333333333333,202.0,70.16666666666669,21.99999999999999,13.833333333333334,0.02777777777777779,13.861111111111112,8.138888888888877,,,,0.003118373456405139,0.002221629787612192,16783.147947632642,37.28594141036311,11919.569750064877,11956.85569147524,4826.2922561574005
2020-06-18,MG,Contagem,732,27,8681,670494,3118601,16.5,12078,8708,3370,277.8333333333333,220.16666666666666,1.8333333333333333,222.0,55.833333333333314,4.138888888888886,-4.75,-0.055555555555555546,-4.805555555555555,8.944444444444441,,,,0.0031005971520440974,0.0022354694485842027,18013.584014174623,40.26881672319215,12947.170295334485,12987.439112057677,5026.1449021169465
2020-06-19,MG,Contagem,746,29,8668,670494,3118601,16.5,12309,8697,3612,404.3333333333333,336.3333333333333,1.8333333333333333,338.16666666666663,66.16666666666669,11.444444444444448,12.833333333333334,-0.1111111111111111,12.722222222222223,-1.277777777777775,-16.277777777777775,,,0.003334483155110958,0.0023559996750345275,18358.106112806377,43.251692036021204,12927.781605801096,12971.033297837117,5387.072814969261
2020-06-20,MG,Contagem,761,29,8874,670494,3118601,16.5,12556,8903,3653,569.1666666666666,450.1666666666667,1.1666666666666667,451.33333333333337,117.83333333333326,22.02777777777777,20.88888888888889,0.0,20.88888888888889,1.1388888888888822,-21.78472222222222,,,0.003257328990228013,0.002309652755654667,18726.491213940764,43.251692036021204,13235.017763022488,13278.26945505851,5448.221758882257
2020-06-21,MG,Contagem,774,32,9223,670494,3118601,16.5,12771,9255,3516,459.3333333333333,348.0,1.0,349.0,110.33333333333331,-43.11111111111111,-33.22222222222222,-0.16666666666666666,-33.388888888888886,-9.722222222222221,,,,0.003457590491626148,0.0025056769242815754,19047.15031006989,47.726005005264774,13755.529505111157,13803.255510116422,5243.894799953468
2020-06-22,MG,Contagem,819,32,9882,670494,3118601,16.5,13514,9914,3600,445.5,368.5,0.8333333333333334,369.3333333333333,76.16666666666669,-83.0,-66.88888888888889,-0.16666666666666666,-67.05555555555556,-15.944444444444443,,,,0.0032277587250353038,0.0023679147550688174,20155.28848878588,47.726005005264774,14738.386920688328,14786.112925693593,5369.175563092287
2020-06-23,MG,Contagem,889,32,10693,670494,3118601,16.5,14668,10725,3943,404.3333333333333,326.0,1.3333333333333333,327.3333333333333,77.0,,,,,,,,,0.0029836829836829837,0.00218161985274066,21876.407544288242,47.726005005264774,15947.942860040508,15995.668865045773,5880.738679242469
2020-06-24,MG,Contagem,899,33,10769,670494,3118601,16.5,14834,10802,4032,19.166666666666668,20.833333333333332,0.8333333333333334,21.666666666666664,-2.4999999999999964,,,,,,,,,0.003054989816700611,0.002224619118241877,22123.986195253052,49.2174426616793,16061.29212192801,16110.50956458969,6013.476630663362
2020-06-25,MG,Contagem,908,34,10879,670494,3118601,16.5,14982,10913,4069,-93.66666666666667,-65.0,0.8333333333333334,-64.16666666666667,-29.5,,,,,,,,,0.003115550261156419,0.0022693899345881726,22344.7189684024,50.708880318093826,16225.350264133609,16276.059144451703,6068.659823950699
2020-06-26,MG,Contagem,908,37,10830,670494,3118601,16.5,14982,10867,4115,,,,,,,,,,,,,,0.0034048035336339375,0.0024696302229341876,22344.7189684024,55.183193287337396,16152.269818969296,16207.453012256634,6137.265956145767
2020-06-27,MG,Contagem,781,37,9348,670494,3118601,16.5,12886,9385,3501,,,,,,,,,,,,,,0.003942461374533831,0.0028713332298618654,19218.66564055756,55.183193287337396,13941.959212162972,13997.14240545031,5221.523235107249
2020-06-28,MG,Contagem,785,37,9492,670494,3118601,16.5,12952,9529,3423,,,,,,,,,,,,,,0.003882883828313569,0.0028567016676961086,19317.100525880916,55.183193287337396,14156.726234686665,14211.909427974002,5105.191097906916
