Date,Confirmed,Exposed,Active,Recovered,Deaths,Diff Exposed,Diff Active,Diff Recovered,Diff Deaths
2020-05-11,2726,41,1201,1377,148,-1,-33,42,5
2020-05-12,2740,40,1168,1419,153,-1,-32,41,4
2020-05-13,2752,40,1135,1460,157,-1,-31,40,4
2020-05-14,2766,39,1104,1500,162,-1,-30,39,4
2020-05-15,2778,38,1073,1539,166,-1,-30,38,4
2020-05-16,2791,37,1044,1577,170,-1,-29,37,4
2020-05-17,2803,36,1015,1614,174,-1,-28,36,4
2020-05-18,2815,35,987,1650,178,-1,-27,35,4
2020-05-19,2825,34,960,1684,181,-1,-26,34,4
2020-05-20,2837,33,934,1718,185,-1,-26,33,4
2020-05-21,2848,32,908,1751,189,-1,-25,32,3
2020-05-22,2858,31,883,1783,192,-1,-24,31,3
2020-05-23,2868,31,859,1814,195,-1,-24,30,3
2020-05-24,2880,30,836,1845,199,-1,-23,29,3
2020-05-25,2889,29,813,1874,202,-1,-22,29,3
2020-05-26,2899,28,791,1903,205,-1,-22,28,3
2020-05-27,2908,27,769,1931,208,-1,-21,27,3
2020-05-28,2917,27,748,1958,211,-1,-20,26,3
2020-05-29,2925,26,727,1984,214,-1,-20,26,3
2020-05-30,2933,25,707,2010,216,-1,-19,25,3
2020-05-31,2942,24,688,2035,219,-1,-19,24,3
2020-06-01,2950,24,669,2059,222,-1,-18,24,3
2020-06-02,2958,23,651,2083,224,-1,-18,23,2
2020-06-03,2966,22,633,2106,227,-1,-17,22,2
2020-06-04,2973,22,616,2128,229,-1,-17,22,2
2020-06-05,2981,21,599,2150,232,-1,-16,21,2
2020-06-06,2987,21,582,2171,234,-1,-16,21,2
2020-06-07,2993,20,566,2191,236,-1,-16,20,2
2020-06-08,3000,20,551,2211,238,-1,-15,19,2
2020-06-09,3007,19,536,2231,240,-1,-15,19,2
2020-06-10,3013,19,521,2250,242,-1,-14,18,2
2020-06-11,3019,18,507,2268,244,0,-14,18,2
2020-06-12,3025,18,493,2286,246,0,-14,17,2
2020-06-13,3030,17,479,2303,248,0,-13,17,2
2020-06-14,3036,17,466,2320,250,0,-13,16,2
2020-06-15,3042,16,453,2337,252,0,-12,16,2
2020-06-16,3047,16,441,2353,253,0,-12,16,2
2020-06-17,3052,15,429,2368,255,0,-12,15,2
2020-06-18,3057,15,417,2383,257,0,-11,15,2
2020-06-19,3062,14,406,2398,258,0,-11,14,2
2020-06-20,3067,14,395,2412,260,0,-11,14,1
2020-06-21,3071,14,384,2426,261,0,-11,14,1
2020-06-22,3076,13,373,2440,263,0,-10,13,1
2020-06-23,3080,13,363,2453,264,0,-10,13,1
2020-06-24,3085,13,353,2466,266,0,-10,12,1
2020-06-25,3088,12,343,2478,267,0,-9,12,1
2020-06-26,3092,12,334,2490,268,0,-9,12,1
2020-06-27,3096,12,325,2502,269,0,-9,11,1
2020-06-28,3100,11,316,2513,271,0,-9,11,1
2020-06-29,3104,11,307,2525,272,0,-8,11,1
2020-06-30,3107,11,299,2535,273,0,-8,11,1
2020-07-01,3111,10,291,2546,274,0,-8,10,1
2020-07-02,3114,10,283,2556,275,0,-8,10,1
2020-07-03,3117,10,275,2566,276,0,-8,10,1
2020-07-04,3120,10,267,2576,277,0,-7,9,1
2020-07-05,3123,9,260,2585,278,0,-7,9,1
2020-07-06,3126,9,253,2594,279,0,-7,9,1
2020-07-07,3129,9,246,2603,280,0,-7,9,1
2020-07-08,3132,9,239,2612,281,0,-7,8,1
2020-07-09,3136,8,233,2621,282,0,-6,8,1
2020-07-10,3138,8,226,2629,283,0,-6,8,1
2020-07-11,3141,8,220,2637,284,0,-6,8,1
2020-07-12,3143,8,214,2644,285,0,-6,8,1
2020-07-13,3146,7,208,2652,286,0,-6,7,1
2020-07-14,3148,7,203,2659,286,0,-6,7,1
2020-07-15,3150,7,197,2666,287,0,-5,7,1
2020-07-16,3153,7,192,2673,288,0,-5,7,1
2020-07-17,3155,7,186,2680,289,0,-5,7,1
2020-07-18,3157,6,181,2687,289,0,-5,6,1
2020-07-19,3159,6,176,2693,290,0,-5,6,1
2020-07-20,3161,6,171,2699,291,0,-5,6,1
2020-07-21,3163,6,167,2705,291,0,-5,6,1
2020-07-22,3165,6,162,2711,292,0,-4,6,1
2020-07-23,3168,6,158,2717,293,0,-4,6,1
2020-07-24,3169,5,153,2723,293,0,-4,5,1
2020-07-25,3171,5,149,2728,294,0,-4,5,1
2020-07-26,3172,5,145,2733,294,0,-4,5,1
2020-07-27,3174,5,141,2738,295,0,-4,5,1
2020-07-28,3175,5,137,2743,295,0,-4,5,1
2020-07-29,3178,5,134,2748,296,0,-4,5,1
2020-07-30,3179,5,130,2753,296,0,-4,5,0
2020-07-31,3180,4,126,2757,297,0,-3,4,0
2020-08-01,3182,4,123,2762,297,0,-3,4,0
2020-08-02,3183,4,119,2766,298,0,-3,4,0
2020-08-03,3184,4,116,2770,298,0,-3,4,0
2020-08-04,3187,4,113,2775,299,0,-3,4,0
2020-08-05,3188,4,110,2779,299,0,-3,4,0
2020-08-06,3189,4,107,2782,300,0,-3,4,0
2020-08-07,3190,4,104,2786,300,0,-3,4,0
2020-08-08,3191,4,101,2790,300,0,-3,4,0
2020-08-09,3192,3,98,2793,301,0,-3,3,0
2020-08-10,3194,3,96,2797,301,0,-3,3,0
2020-08-11,3195,3,93,2800,302,0,-3,3,0
2020-08-12,3197,3,91,2804,302,0,-2,3,0
2020-08-13,3197,3,88,2807,302,0,-2,3,0
2020-08-14,3199,3,86,2810,303,0,-2,3,0
2020-08-15,3199,3,83,2813,303,0,-2,3,0
2020-08-16,3200,3,81,2816,303,0,-2,3,0
2020-08-17,3202,3,79,2819,304,0,-2,3,0
2020-08-18,3202,3,77,2821,304,0,-2,3,0
2020-08-19,3203,3,75,2824,304,0,-2,3,0
2020-08-20,3203,3,72,2827,304,0,-2,3,0
2020-08-21,3204,3,70,2829,305,0,-2,2,0
2020-08-22,3206,2,69,2832,305,0,-2,2,0
2020-08-23,3206,2,67,2834,305,0,-2,2,0
2020-08-24,3208,2,65,2837,306,0,-2,2,0
2020-08-25,3208,2,63,2839,306,0,-2,2,0
2020-08-26,3208,2,61,2841,306,0,-2,2,0
2020-08-27,3209,2,60,2843,306,0,-2,2,0
2020-08-28,3209,2,58,2845,306,0,-2,2,0
2020-08-29,3210,2,56,2847,307,0,-2,2,0
2020-08-30,3211,2,55,2849,307,0,-2,2,0
2020-08-31,3211,2,53,2851,307,0,-1,2,0
2020-09-01,3212,2,52,2853,307,0,-1,2,0
2020-09-02,3213,2,50,2855,308,0,-1,2,0
2020-09-03,3214,2,49,2857,308,0,-1,2,0
2020-09-04,3215,2,48,2859,308,0,-1,2,0
2020-09-05,3214,2,46,2860,308,0,-1,2,0
2020-09-06,3215,2,45,2862,308,0,-1,2,0
2020-09-07,3215,2,44,2863,308,0,-1,2,0
2020-09-08,3217,2,43,2865,309,0,-1,2,0
2020-09-09,3218,1,42,2867,309,0,-1,1,0
2020-09-10,3217,1,40,2868,309,0,-1,1,0
2020-09-11,3217,1,39,2869,309,0,-1,1,0
2020-09-12,3218,1,38,2871,309,0,-1,1,0
2020-09-13,3218,1,37,2872,309,0,-1,1,0
2020-09-14,3218,1,36,2873,309,0,-1,1,0
2020-09-15,3220,1,35,2875,310,0,-1,1,0
2020-09-16,3220,1,34,2876,310,0,-1,1,0
2020-09-17,3220,1,33,2877,310,0,-1,1,0
2020-09-18,3220,1,32,2878,310,0,-1,1,0
2020-09-19,3221,1,31,2880,310,0,-1,1,0
2020-09-20,3222,1,31,2881,310,0,-1,1,0
2020-09-21,3222,1,30,2882,310,0,-1,1,0
2020-09-22,3222,1,29,2883,310,0,-1,1,0
2020-09-23,3223,1,28,2884,311,0,-1,1,0
2020-09-24,3223,1,27,2885,311,0,-1,1,0
2020-09-25,3224,1,27,2886,311,0,-1,1,0
2020-09-26,3224,1,26,2887,311,0,-1,1,0
2020-09-27,3224,1,25,2888,311,0,-1,1,0
2020-09-28,3224,1,25,2888,311,0,-1,1,0
2020-09-29,3224,1,24,2889,311,0,-1,1,0
2020-09-30,3224,1,23,2890,311,0,-1,1,0
2020-10-01,3225,1,23,2891,311,0,-1,1,0
2020-10-02,3225,1,22,2892,311,0,-1,1,0
2020-10-03,3226,1,21,2893,312,0,-1,1,0
2020-10-04,3226,1,21,2893,312,0,-1,1,0
2020-10-05,3226,1,20,2894,312,0,-1,1,0
2020-10-06,3227,1,20,2895,312,0,-1,1,0
2020-10-07,3226,1,19,2895,312,0,-1,1,0
2020-10-08,3227,1,19,2896,312,0,-1,1,0
2020-10-09,3227,1,18,2897,312,0,0,1,0
2020-10-10,3227,1,18,2897,312,0,0,1,0
2020-10-11,3227,1,17,2898,312,0,0,1,0
2020-10-12,3228,1,17,2899,312,0,0,1,0
2020-10-13,3227,1,16,2899,312,0,0,1,0
2020-10-14,3228,1,16,2900,312,0,0,1,0
2020-10-15,3227,1,15,2900,312,0,0,1,0
2020-10-16,3228,1,15,2901,312,0,0,1,0
2020-10-17,3227,1,14,2901,312,0,0,1,0
2020-10-18,3229,0,14,2902,313,0,0,0,0
2020-10-19,3229,0,14,2902,313,0,0,0,0
2020-10-20,3229,0,13,2903,313,0,0,0,0
2020-10-21,3229,0,13,2903,313,0,0,0,0
2020-10-22,3230,0,13,2904,313,0,0,0,0
2020-10-23,3229,0,12,2904,313,0,0,0,0
2020-10-24,3230,0,12,2905,313,0,0,0,0
2020-10-25,3230,0,12,2905,313,0,0,0,0
2020-10-26,3230,0,11,2906,313,0,0,0,0
2020-10-27,3230,0,11,2906,313,0,0,0,0
2020-10-28,3230,0,11,2906,313,0,0,0,0
2020-10-29,3230,0,10,2907,313,0,0,0,0
2020-10-30,3230,0,10,2907,313,0,0,0,0
2020-10-31,3230,0,10,2907,313,0,0,0,0
2020-11-01,3231,0,10,2908,313,0,0,0,0
2020-11-02,3230,0,9,2908,313,0,0,0,0
2020-11-03,3230,0,9,2908,313,0,0,0,0
2020-11-04,3231,0,9,2909,313,0,0,0,0
2020-11-05,3231,0,9,2909,313,0,0,0,0
2020-11-06,3230,0,8,2909,313,0,0,0,0
2020-11-07,3231,0,8,2910,313,0,0,0,0
2020-11-08,3231,0,8,2910,313,0,0,0,0
2020-11-09,3231,0,8,2910,313,0,0,0,0
2020-11-10,3230,0,7,2910,313,0,0,0,0
2020-11-11,3231,0,7,2911,313,0,0,0,0
2020-11-12,3232,0,7,2911,314,0,0,0,0
2020-11-13,3232,0,7,2911,314,0,0,0,0
2020-11-14,3232,0,7,2911,314,0,0,0,0
2020-11-15,3232,0,6,2912,314,0,0,0,0
2020-11-16,3232,0,6,2912,314,0,0,0,0
2020-11-17,3232,0,6,2912,314,0,0,0,0
2020-11-18,3232,0,6,2912,314,0,0,0,0
2020-11-19,3233,0,6,2913,314,0,0,0,0
2020-11-20,3233,0,6,2913,314,0,0,0,0
2020-11-21,3232,0,5,2913,314,0,0,0,0
2020-11-22,3232,0,5,2913,314,0,0,0,0
2020-11-23,3232,0,5,2913,314,0,0,0,0
2020-11-24,3233,0,5,2914,314,0,0,0,0
2020-11-25,3233,0,5,2914,314,0,0,0,0
2020-11-26,3233,0,5,2914,314,0,0,0,0
2020-11-27,3233,0,5,2914,314,0,0,0,0
2020-11-28,3233,0,5,2914,314,0,0,0,0
2020-11-29,3232,0,4,2914,314,0,0,0,0
2020-11-30,3233,0,4,2915,314,0,0,0,0
2020-12-01,3233,0,4,2915,314,0,0,0,0
2020-12-02,3233,0,4,2915,314,0,0,0,0
2020-12-03,3233,0,4,2915,314,0,0,0,0
2020-12-04,3233,0,4,2915,314,0,0,0,0
2020-12-05,3233,0,4,2915,314,0,0,0,0
2020-12-06,3233,0,4,2915,314,0,0,0,0
2020-12-07,3234,0,4,2916,314,0,0,0,0
2020-12-08,3233,0,3,2916,314,0,0,0,0
2020-12-09,3233,0,3,2916,314,0,0,0,0
2020-12-10,3233,0,3,2916,314,0,0,0,0
2020-12-11,3233,0,3,2916,314,0,0,0,0
2020-12-12,3233,0,3,2916,314,0,0,0,0
2020-12-13,3233,0,3,2916,314,0,0,0,0
2020-12-14,3233,0,3,2916,314,0,0,0,0
2020-12-15,3233,0,3,2916,314,0,0,0,0
2020-12-16,3234,0,3,2917,314,0,0,0,0
2020-12-17,3234,0,3,2917,314,0,0,0,0
2020-12-18,3234,0,3,2917,314,0,0,0,0
2020-12-19,3234,0,3,2917,314,0,0,0,0
2020-12-20,3233,0,2,2917,314,0,0,0,0
2020-12-21,3233,0,2,2917,314,0,0,0,0
2020-12-22,3233,0,2,2917,314,0,0,0,0
2020-12-23,3233,0,2,2917,314,0,0,0,0
2020-12-24,3233,0,2,2917,314,0,0,0,0
2020-12-25,3233,0,2,2917,314,0,0,0,0
2020-12-26,3233,0,2,2917,314,0,0,0,0
2020-12-27,3233,0,2,2917,314,0,0,0,0
2020-12-28,3234,0,2,2918,314,0,0,0,0
2020-12-29,3234,0,2,2918,314,0,0,0,0
2020-12-30,3234,0,2,2918,314,0,0,0,0
2020-12-31,3234,0,2,2918,314,0,0,0,0
2021-01-01,3234,0,2,2918,314,0,0,0,0
2021-01-02,3234,0,2,2918,314,0,0,0,0
2021-01-03,3234,0,2,2918,314,0,0,0,0
2021-01-04,3234,0,2,2918,314,0,0,0,0
2021-01-05,3234,0,2,2918,314,0,0,0,0
2021-01-06,3234,0,2,2918,314,0,0,0,0
2021-01-07,3233,0,1,2918,314,0,0,0,0
2021-01-08,3233,0,1,2918,314,0,0,0,0
2021-01-09,3233,0,1,2918,314,0,0,0,0
2021-01-10,3233,0,1,2918,314,0,0,0,0
2021-01-11,3233,0,1,2918,314,0,0,0,0
2021-01-12,3233,0,1,2918,314,0,0,0,0
2021-01-13,3233,0,1,2918,314,0,0,0,0
2021-01-14,3233,0,1,2918,314,0,0,0,0
2021-01-15,3234,0,1,2919,314,0,0,0,0
2021-01-16,3234,0,1,2919,314,0,0,0,0
2021-01-17,3234,0,1,2919,314,0,0,0,0
2021-01-18,3234,0,1,2919,314,0,0,0,0
2021-01-19,3234,0,1,2919,314,0,0,0,0
2021-01-20,3234,0,1,2919,314,0,0,0,0
2021-01-21,3234,0,1,2919,314,0,0,0,0
2021-01-22,3234,0,1,2919,314,0,0,0,0
2021-01-23,3234,0,1,2919,314,0,0,0,0
2021-01-24,3234,0,1,2919,314,0,0,0,0
2021-01-25,3234,0,1,2919,314,0,0,0,0
2021-01-26,3234,0,1,2919,314,0,0,0,0
2021-01-27,3234,0,1,2919,314,0,0,0,0
2021-01-28,3234,0,1,2919,314,0,0,0,0
2021-01-29,3234,0,1,2919,314,0,0,0,0
2021-01-30,3234,0,1,2919,314,0,0,0,0
2021-01-31,3234,0,1,2919,314,0,0,0,0
2021-02-01,3234,0,1,2919,314,0,0,0,0
2021-02-02,3234,0,1,2919,314,0,0,0,0
2021-02-03,3234,0,1,2919,314,0,0,0,0
2021-02-04,3234,0,1,2919,314,0,0,0,0
2021-02-05,3234,0,1,2919,314,0,0,0,0
2021-02-06,3234,0,1,2919,314,0,0,0,0
2021-02-07,3234,0,1,2919,314,0,0,0,0
2021-02-08,3234,0,1,2919,314,0,0,0,0
2021-02-09,3234,0,1,2919,314,0,0,0,0
2021-02-10,3234,0,1,2919,314,0,0,0,0
2021-02-11,3234,0,1,2919,314,0,0,0,0
2021-02-12,3234,0,1,2919,314,0,0,0,0
2021-02-13,3234,0,1,2919,314,0,0,0,0
2021-02-14,3234,0,1,2919,314,0,0,0,0
2021-02-15,3234,0,1,2919,314,0,0,0,0
2021-02-16,3233,0,0,2919,314,0,0,0,0
2021-02-17,3233,0,0,2919,314,0,0,0,0
2021-02-18,3233,0,0,2919,314,0,0,0,0
2021-02-19,3233,0,0,2919,314,0,0,0,0
2021-02-20,3233,0,0,2919,314,0,0,0,0
2021-02-21,3233,0,0,2919,314,0,0,0,0
2021-02-22,3234,0,0,2920,314,0,0,0,0
2021-02-23,3234,0,0,2920,314,0,0,0,0
2021-02-24,3234,0,0,2920,314,0,0,0,0
2021-02-25,3234,0,0,2920,314,0,0,0,0
2021-02-26,3234,0,0,2920,314,0,0,0,0
2021-02-27,3234,0,0,2920,314,0,0,0,0
2021-02-28,3234,0,0,2920,314,0,0,0,0
2021-03-01,3234,0,0,2920,314,0,0,0,0
2021-03-02,3234,0,0,2920,314,0,0,0,0
2021-03-03,3234,0,0,2920,314,0,0,0,0
2021-03-04,3234,0,0,2920,314,0,0,0,0
2021-03-05,3234,0,0,2920,314,0,0,0,0
2021-03-06,3234,0,0,2920,314,0,0,0,0
2021-03-07,3234,0,0,2920,314,0,0,0,0
2021-03-08,3234,0,0,2920,314,0,0,0,0
2021-03-09,3234,0,0,2920,314,0,0,0,0
2021-03-10,3234,0,0,2920,314,0,0,0,0
2021-03-11,3234,0,0,2920,314,0,0,0,0
2021-03-12,3234,0,0,2920,314,0,0,0,0
2021-03-13,3234,0,0,2920,314,0,0,0,0
2021-03-14,3234,0,0,2920,314,0,0,0,0
2021-03-15,3234,0,0,2920,314,0,0,0,0
2021-03-16,3234,0,0,2920,314,0,0,0,0
2021-03-17,3234,0,0,2920,314,0,0,0,0
2021-03-18,3234,0,0,2920,314,0,0,0,0
2021-03-19,3234,0,0,2920,314,0,0,0,0
2021-03-20,3234,0,0,2920,314,0,0,0,0
2021-03-21,3234,0,0,2920,314,0,0,0,0
2021-03-22,3234,0,0,2920,314,0,0,0,0
2021-03-23,3234,0,0,2920,314,0,0,0,0
2021-03-24,3234,0,0,2920,314,0,0,0,0
2021-03-25,3234,0,0,2920,314,0,0,0,0
2021-03-26,3234,0,0,2920,314,0,0,0,0
2021-03-27,3234,0,0,2920,314,0,0,0,0
2021-03-28,3234,0,0,2920,314,0,0,0,0
2021-03-29,3234,0,0,2920,314,0,0,0,0
2021-03-30,3234,0,0,2920,314,0,0,0,0
2021-03-31,3234,0,0,2920,314,0,0,0,0
2021-04-01,3234,0,0,2920,314,0,0,0,0
2021-04-02,3234,0,0,2920,314,0,0,0,0
2021-04-03,3234,0,0,2920,314,0,0,0,0
2021-04-04,3234,0,0,2920,314,0,0,0,0
2021-04-05,3234,0,0,2920,314,0,0,0,0
2021-04-06,3234,0,0,2920,314,0,0,0,0
2021-04-07,3234,0,0,2920,314,0,0,0,0
2021-04-08,3234,0,0,2920,314,0,0,0,0
2021-04-09,3234,0,0,2920,314,0,0,0,0
2021-04-10,3234,0,0,2920,314,0,0,0,0
2021-04-11,3234,0,0,2920,314,0,0,0,0
2021-04-12,3234,0,0,2920,314,0,0,0,0
2021-04-13,3234,0,0,2920,314,0,0,0,0
2021-04-14,3234,0,0,2920,314,0,0,0,0
2021-04-15,3234,0,0,2920,314,0,0,0,0
2021-04-16,3234,0,0,2920,314,0,0,0,0
2021-04-17,3234,0,0,2920,314,0,0,0,0
2021-04-18,3234,0,0,2920,314,0,0,0,0
2021-04-19,3234,0,0,2920,314,0,0,0,0
2021-04-20,3234,0,0,2920,314,0,0,0,0
2021-04-21,3234,0,0,2920,314,0,0,0,0
2021-04-22,3234,0,0,2920,314,0,0,0,0
2021-04-23,3234,0,0,2920,314,0,0,0,0
2021-04-24,3234,0,0,2920,314,0,0,0,0
2021-04-25,3234,0,0,2920,314,0,0,0,0
2021-04-26,3234,0,0,2920,314,0,0,0,0
2021-04-27,3234,0,0,2920,314,0,0,0,0
2021-04-28,3234,0,0,2920,314,0,0,0,0
2021-04-29,3234,0,0,2920,314,0,0,0,0
2021-04-30,3234,0,0,2920,314,0,0,0,0
2021-05-01,3234,0,0,2920,314,0,0,0,0
2021-05-02,3234,0,0,2920,314,0,0,0,0
2021-05-03,3234,0,0,2920,314,0,0,0,0
2021-05-04,3234,0,0,2920,314,0,0,0,0
2021-05-05,3234,0,0,2920,314,0,0,0,0
2021-05-06,3234,0,0,2920,314,0,0,0,0
