Date,Infected,Exposed,Active,Recovered,Deaths,Diff Exposed,Diff Active,Diff Recovered,Diff Deaths
2020-05-23,3176,69,1525,1631,20,2,-9,76,1
2020-05-24,3244,71,1516,1707,21,0,-6,76,1
2020-05-25,3315,71,1510,1783,22,0,-6,75,1
2020-05-26,3384,70,1503,1858,23,0,-6,75,1
2020-05-27,3454,70,1497,1934,23,0,-6,75,1
2020-05-28,3522,70,1490,2008,24,0,-6,74,1
2020-05-29,3592,69,1484,2083,25,0,-6,74,1
2020-05-30,3661,69,1478,2157,26,0,-6,74,1
2020-05-31,3729,69,1471,2231,27,0,-6,73,1
2020-06-01,3797,68,1465,2304,28,0,-6,73,1
2020-06-02,3865,68,1459,2377,29,0,-6,73,1
2020-06-03,3932,68,1452,2450,30,0,-6,73,1
2020-06-04,3999,68,1446,2522,31,0,-6,72,1
2020-06-05,4066,67,1440,2595,31,0,-6,72,1
2020-06-06,4133,67,1434,2667,32,0,-6,72,1
2020-06-07,4199,67,1428,2738,33,0,-6,71,1
2020-06-08,4264,66,1421,2809,34,0,-6,71,1
2020-06-09,4330,66,1415,2880,35,0,-6,71,1
2020-06-10,4396,66,1409,2951,36,0,-6,70,1
2020-06-11,4461,66,1403,3021,37,0,-6,70,1
2020-06-12,4525,65,1397,3091,37,0,-6,70,1
2020-06-13,4590,65,1391,3161,38,0,-6,69,1
2020-06-14,4655,65,1385,3231,39,0,-6,69,1
2020-06-15,4719,64,1379,3300,40,0,-6,69,1
2020-06-16,4783,64,1373,3369,41,0,-6,69,1
2020-06-17,4846,64,1367,3437,42,0,-6,68,1
2020-06-18,4908,64,1361,3505,42,0,-6,68,1
2020-06-19,4972,63,1356,3573,43,0,-6,68,1
2020-06-20,5035,63,1350,3641,44,0,-6,67,1
2020-06-21,5098,63,1344,3709,45,0,-6,67,1
2020-06-22,5160,62,1338,3776,46,0,-6,67,1
2020-06-23,5221,62,1332,3842,47,0,-6,67,1
2020-06-24,5283,62,1327,3909,47,0,-6,66,1
2020-06-25,5344,62,1321,3975,48,0,-6,66,1
2020-06-26,5405,61,1315,4041,49,0,-6,66,1
2020-06-27,5467,61,1310,4107,50,0,-6,65,1
2020-06-28,5527,61,1304,4172,51,0,-6,65,1
2020-06-29,5586,61,1298,4237,51,0,-6,65,1
2020-06-30,5647,60,1293,4302,52,0,-6,65,1
2020-07-01,5707,60,1287,4367,53,0,-6,64,1
2020-07-02,5767,60,1282,4431,54,0,-6,64,1
2020-07-03,5825,60,1276,4495,54,0,-5,64,1
2020-07-04,5885,59,1271,4559,55,0,-5,63,1
2020-07-05,5943,59,1265,4622,56,0,-5,63,1
2020-07-06,6002,59,1260,4685,57,0,-5,63,1
2020-07-07,6060,59,1254,4748,58,0,-5,63,1
2020-07-08,6118,58,1249,4811,58,0,-5,62,1
2020-07-09,6176,58,1244,4873,59,0,-5,62,1
2020-07-10,6233,58,1238,4935,60,0,-5,62,1
2020-07-11,6291,58,1233,4997,61,0,-5,62,1
2020-07-12,6348,57,1228,5059,61,0,-5,61,1
2020-07-13,6404,57,1222,5120,62,0,-5,61,1
2020-07-14,6461,57,1217,5181,63,0,-5,61,1
2020-07-15,6517,57,1212,5242,63,0,-5,60,1
2020-07-16,6573,56,1207,5302,64,0,-5,60,1
2020-07-17,6628,56,1201,5362,65,0,-5,60,1
2020-07-18,6684,56,1196,5422,66,0,-5,60,1
2020-07-19,6739,56,1191,5482,66,0,-5,59,1
2020-07-20,6795,55,1186,5542,67,0,-5,59,1
2020-07-21,6850,55,1181,5601,68,0,-5,59,1
2020-07-22,6905,55,1176,5660,69,0,-5,59,1
2020-07-23,6958,55,1171,5718,69,0,-5,58,1
2020-07-24,7013,54,1166,5777,70,0,-5,58,1
2020-07-25,7067,54,1161,5835,71,0,-5,58,1
2020-07-26,7120,54,1156,5893,71,0,-5,58,1
2020-07-27,7174,54,1151,5951,72,0,-5,57,1
2020-07-28,7227,53,1146,6008,73,0,-5,57,1
2020-07-29,7279,53,1141,6065,73,0,-5,57,1
2020-07-30,7332,53,1136,6122,74,0,-5,57,1
2020-07-31,7385,53,1131,6179,75,0,-5,56,1
2020-08-01,7437,53,1126,6235,76,0,-5,56,1
2020-08-02,7489,52,1121,6292,76,0,-5,56,1
2020-08-03,7541,52,1116,6348,77,0,-5,56,1
2020-08-04,7593,52,1112,6403,78,0,-5,55,1
2020-08-05,7644,52,1107,6459,78,0,-5,55,1
2020-08-06,7695,51,1102,6514,79,0,-5,55,1
2020-08-07,7746,51,1097,6569,80,0,-5,55,1
2020-08-08,7796,51,1092,6624,80,0,-5,55,1
2020-08-09,7847,51,1088,6678,81,0,-5,54,1
2020-08-10,7898,51,1083,6733,82,0,-5,54,1
2020-08-11,7947,50,1078,6787,82,0,-5,54,1
2020-08-12,7998,50,1074,6841,83,0,-5,54,1
2020-08-13,8047,50,1069,6894,84,0,-5,53,1
2020-08-14,8097,50,1065,6948,84,0,-5,53,1
2020-08-15,8146,49,1060,7001,85,0,-5,53,1
2020-08-16,8194,49,1055,7054,85,0,-5,53,1
2020-08-17,8243,49,1051,7106,86,0,-5,52,1
2020-08-18,8292,49,1046,7159,87,0,-5,52,1
2020-08-19,8340,49,1042,7211,87,0,-4,52,1
2020-08-20,8388,48,1037,7263,88,0,-4,52,1
2020-08-21,8437,48,1033,7315,89,0,-4,52,1
2020-08-22,8483,48,1028,7366,89,0,-4,51,1
2020-08-23,8532,48,1024,7418,90,0,-4,51,1
2020-08-24,8578,48,1019,7469,90,0,-4,51,1
2020-08-25,8626,47,1015,7520,91,0,-4,51,1
2020-08-26,8673,47,1011,7570,92,0,-4,50,1
2020-08-27,8719,47,1006,7621,92,0,-4,50,1
2020-08-28,8766,47,1002,7671,93,0,-4,50,1
2020-08-29,8813,47,998,7721,94,0,-4,50,1
2020-08-30,8858,46,993,7771,94,0,-4,50,1
2020-08-31,8905,46,989,7821,95,0,-4,49,1
2020-09-01,8950,46,985,7870,95,0,-4,49,1
2020-09-02,8996,46,981,7919,96,0,-4,49,1
2020-09-03,9041,46,976,7968,97,0,-4,49,1
2020-09-04,9086,45,972,8017,97,0,-4,49,1
2020-09-05,9131,45,968,8065,98,0,-4,48,1
2020-09-06,9176,45,964,8114,98,0,-4,48,1
2020-09-07,9221,45,960,8162,99,0,-4,48,1
2020-09-08,9264,45,955,8210,99,0,-4,48,1
2020-09-09,9308,44,951,8257,100,0,-4,47,1
2020-09-10,9353,44,947,8305,101,0,-4,47,1
2020-09-11,9396,44,943,8352,101,0,-4,47,1
2020-09-12,9440,44,939,8399,102,0,-4,47,1
2020-09-13,9483,44,935,8446,102,0,-4,47,1
2020-09-14,9527,43,931,8493,103,0,-4,46,1
2020-09-15,9569,43,927,8539,103,0,-4,46,1
2020-09-16,9613,43,923,8586,104,0,-4,46,1
2020-09-17,9656,43,919,8632,105,0,-4,46,1
2020-09-18,9698,43,915,8678,105,0,-4,46,1
2020-09-19,9740,43,911,8723,106,0,-4,45,1
2020-09-20,9782,42,907,8769,106,0,-4,45,1
2020-09-21,9824,42,903,8814,107,0,-4,45,1
2020-09-22,9865,42,899,8859,107,0,-4,45,1
2020-09-23,9907,42,895,8904,108,0,-4,45,1
2020-09-24,9949,42,892,8949,108,0,-4,45,1
2020-09-25,9990,41,888,8993,109,0,-4,44,1
2020-09-26,10031,41,884,9038,109,0,-4,44,1
2020-09-27,10072,41,880,9082,110,0,-4,44,1
2020-09-28,10113,41,876,9126,111,0,-4,44,1
2020-09-29,10152,41,872,9169,111,0,-4,44,1
2020-09-30,10194,41,869,9213,112,0,-4,43,1
2020-10-01,10233,40,865,9256,112,0,-4,43,1
2020-10-02,10273,40,861,9299,113,0,-4,43,1
2020-10-03,10312,40,857,9342,113,0,-4,43,1
2020-10-04,10353,40,854,9385,114,0,-4,43,1
2020-10-05,10392,40,850,9428,114,0,-4,42,1
2020-10-06,10431,40,846,9470,115,0,-4,42,1
2020-10-07,10471,39,843,9513,115,0,-4,42,1
2020-10-08,10510,39,839,9555,116,0,-4,42,1
2020-10-09,10548,39,835,9597,116,0,-4,42,1
2020-10-10,10587,39,832,9638,117,0,-4,42,1
2020-10-11,10625,39,828,9680,117,0,-4,41,1
2020-10-12,10664,38,825,9721,118,0,-4,41,0
2020-10-13,10701,38,821,9762,118,0,-4,41,0
2020-10-14,10740,38,818,9803,119,0,-4,41,0
2020-10-15,10777,38,814,9844,119,0,-4,41,0
2020-10-16,10816,38,811,9885,120,0,-4,40,0
2020-10-17,10852,38,807,9925,120,0,-3,40,0
2020-10-18,10891,38,804,9966,121,0,-3,40,0
2020-10-19,10927,37,800,10006,121,0,-3,40,0
2020-10-20,10965,37,797,10046,122,0,-3,40,0
2020-10-21,11000,37,793,10085,122,0,-3,40,0
2020-10-22,11038,37,790,10125,123,0,-3,39,0
2020-10-23,11073,37,786,10164,123,0,-3,39,0
2020-10-24,11111,37,783,10204,124,0,-3,39,0
2020-10-25,11147,36,780,10243,124,0,-3,39,0
2020-10-26,11183,36,776,10282,125,0,-3,39,0
2020-10-27,11218,36,773,10320,125,0,-3,39,0
2020-10-28,11253,36,769,10359,125,0,-3,38,0
2020-10-29,11289,36,766,10397,126,0,-3,38,0
2020-10-30,11325,36,763,10436,126,0,-3,38,0
2020-10-31,11361,35,760,10474,127,0,-3,38,0
2020-11-01,11395,35,756,10512,127,0,-3,38,0
2020-11-02,11430,35,753,10549,128,0,-3,38,0
2020-11-03,11465,35,750,10587,128,0,-3,37,0
2020-11-04,11499,35,746,10624,129,0,-3,37,0
2020-11-05,11534,35,743,10662,129,0,-3,37,0
2020-11-06,11569,35,740,10699,130,0,-3,37,0
2020-11-07,11603,34,737,10736,130,0,-3,37,0
2020-11-08,11636,34,734,10772,130,0,-3,37,0
2020-11-09,11670,34,730,10809,131,0,-3,36,0
2020-11-10,11704,34,727,10846,131,0,-3,36,0
2020-11-11,11738,34,724,10882,132,0,-3,36,0
2020-11-12,11771,34,721,10918,132,0,-3,36,0
2020-11-13,11805,34,718,10954,133,0,-3,36,0
2020-11-14,11838,33,715,10990,133,0,-3,36,0
2020-11-15,11872,33,712,11026,134,0,-3,36,0
2020-11-16,11904,33,709,11061,134,0,-3,35,0
2020-11-17,11936,33,706,11096,134,0,-3,35,0
2020-11-18,11970,33,703,11132,135,0,-3,35,0
2020-11-19,12001,33,699,11167,135,0,-3,35,0
2020-11-20,12034,33,696,11202,136,0,-3,35,0
2020-11-21,12065,32,693,11236,136,0,-3,35,0
2020-11-22,12098,32,690,11271,137,0,-3,34,0
2020-11-23,12130,32,687,11306,137,0,-3,34,0
2020-11-24,12161,32,684,11340,137,0,-3,34,0
2020-11-25,12194,32,682,11374,138,0,-3,34,0
2020-11-26,12225,32,679,11408,138,0,-3,34,0
2020-11-27,12257,32,676,11442,139,0,-3,34,0
2020-11-28,12288,31,673,11476,139,0,-3,34,0
2020-11-29,12318,31,670,11509,139,0,-3,33,0
2020-11-30,12350,31,667,11543,140,0,-3,33,0
2020-12-01,12380,31,664,11576,140,0,-3,33,0
2020-12-02,12411,31,661,11609,141,0,-3,33,0
2020-12-03,12441,31,658,11642,141,0,-3,33,0
2020-12-04,12471,31,655,11675,141,0,-3,33,0
2020-12-05,12503,30,653,11708,142,0,-3,33,0
2020-12-06,12532,30,650,11740,142,0,-3,32,0
2020-12-07,12563,30,647,11773,143,0,-3,32,0
2020-12-08,12592,30,644,11805,143,0,-3,32,0
2020-12-09,12621,30,641,11837,143,0,-3,32,0
2020-12-10,12652,30,639,11869,144,0,-3,32,0
2020-12-11,12681,30,636,11901,144,0,-3,32,0
2020-12-12,12711,30,633,11933,145,0,-3,32,0
2020-12-13,12739,29,630,11964,145,0,-3,31,0
2020-12-14,12769,29,628,11996,145,0,-3,31,0
2020-12-15,12798,29,625,12027,146,0,-3,31,0
2020-12-16,12826,29,622,12058,146,0,-3,31,0
2020-12-17,12855,29,619,12090,146,0,-3,31,0
2020-12-18,12884,29,617,12120,147,0,-3,31,0
2020-12-19,12912,29,614,12151,147,0,-3,31,0
2020-12-20,12941,29,611,12182,148,0,-3,31,0
2020-12-21,12969,28,609,12212,148,0,-3,30,0
2020-12-22,12997,28,606,12243,148,0,-3,30,0
2020-12-23,13026,28,604,12273,149,0,-3,30,0
2020-12-24,13053,28,601,12303,149,0,-3,30,0
2020-12-25,13080,28,598,12333,149,0,-3,30,0
2020-12-26,13109,28,596,12363,150,0,-3,30,0
2020-12-27,13136,28,593,12393,150,0,-3,30,0
2020-12-28,13163,28,591,12422,150,0,-3,29,0
2020-12-29,13191,27,588,12452,151,0,-3,29,0
2020-12-30,13218,27,586,12481,151,0,-3,29,0
2020-12-31,13246,27,583,12511,152,0,-3,29,0
2021-01-01,13272,27,580,12540,152,0,-3,29,0
2021-01-02,13299,27,578,12569,152,0,-3,29,0
2021-01-03,13326,27,575,12598,153,0,-2,29,0
2021-01-04,13352,27,573,12626,153,0,-2,29,0
2021-01-05,13378,27,570,12655,153,0,-2,28,0
2021-01-06,13405,27,568,12683,154,0,-2,28,0
2021-01-07,13432,26,566,12712,154,0,-2,28,0
2021-01-08,13457,26,563,12740,154,0,-2,28,0
2021-01-09,13484,26,561,12768,155,0,-2,28,0
2021-01-10,13509,26,558,12796,155,0,-2,28,0
2021-01-11,13535,26,556,12824,155,0,-2,28,0
2021-01-12,13561,26,553,12852,156,0,-2,28,0
2021-01-13,13586,26,551,12879,156,0,-2,28,0
2021-01-14,13612,26,549,12907,156,0,-2,27,0
2021-01-15,13637,25,546,12934,157,0,-2,27,0
2021-01-16,13662,25,544,12961,157,0,-2,27,0
2021-01-17,13688,25,542,12989,157,0,-2,27,0
2021-01-18,13713,25,539,13016,158,0,-2,27,0
2021-01-19,13738,25,537,13043,158,0,-2,27,0
2021-01-20,13761,25,534,13069,158,0,-2,27,0
2021-01-21,13787,25,532,13096,159,0,-2,27,0
2021-01-22,13812,25,530,13123,159,0,-2,26,0
2021-01-23,13836,25,528,13149,159,0,-2,26,0
2021-01-24,13860,25,525,13175,160,0,-2,26,0
2021-01-25,13885,24,523,13202,160,0,-2,26,0
2021-01-26,13909,24,521,13228,160,0,-2,26,0
2021-01-27,13933,24,518,13254,161,0,-2,26,0
2021-01-28,13957,24,516,13280,161,0,-2,26,0
2021-01-29,13980,24,514,13305,161,0,-2,26,0
2021-01-30,14004,24,512,13331,161,0,-2,26,0
2021-01-31,14029,24,510,13357,162,0,-2,25,0
2021-02-01,14051,24,507,13382,162,0,-2,25,0
2021-02-02,14074,24,505,13407,162,0,-2,25,0
2021-02-03,14099,23,503,13433,163,0,-2,25,0
2021-02-04,14122,23,501,13458,163,0,-2,25,0
2021-02-05,14145,23,499,13483,163,0,-2,25,0
2021-02-06,14168,23,496,13508,164,0,-2,25,0
2021-02-07,14190,23,494,13532,164,0,-2,25,0
2021-02-08,14213,23,492,13557,164,0,-2,25,0
2021-02-09,14237,23,490,13582,165,0,-2,24,0
2021-02-10,14259,23,488,13606,165,0,-2,24,0
2021-02-11,14281,23,486,13630,165,0,-2,24,0
2021-02-12,14304,23,484,13655,165,0,-2,24,0
2021-02-13,14327,22,482,13679,166,0,-2,24,0
2021-02-14,14349,22,480,13703,166,0,-2,24,0
2021-02-15,14370,22,477,13727,166,0,-2,24,0
2021-02-16,14393,22,475,13751,167,0,-2,24,0
2021-02-17,14414,22,473,13774,167,0,-2,24,0
2021-02-18,14436,22,471,13798,167,0,-2,24,0
2021-02-19,14458,22,469,13822,167,0,-2,23,0
2021-02-20,14480,22,467,13845,168,0,-2,23,0
2021-02-21,14501,22,465,13868,168,0,-2,23,0
2021-02-22,14523,22,463,13892,168,0,-2,23,0
2021-02-23,14545,22,461,13915,169,0,-2,23,0
2021-02-24,14566,21,459,13938,169,0,-2,23,0
2021-02-25,14587,21,457,13961,169,0,-2,23,0
2021-02-26,14607,21,455,13983,169,0,-2,23,0
2021-02-27,14629,21,453,14006,170,0,-2,23,0
2021-02-28,14650,21,451,14029,170,0,-2,23,0
2021-03-01,14670,21,449,14051,170,0,-2,22,0
2021-03-02,14691,21,447,14074,170,0,-2,22,0
2021-03-03,14712,21,445,14096,171,0,-2,22,0
2021-03-04,14732,21,443,14118,171,0,-2,22,0
2021-03-05,14753,21,442,14140,171,0,-2,22,0
2021-03-06,14774,21,440,14162,172,0,-2,22,0
2021-03-07,14794,20,438,14184,172,0,-2,22,0
2021-03-08,14814,20,436,14206,172,0,-2,22,0
2021-03-09,14834,20,434,14228,172,0,-2,22,0
2021-03-10,14855,20,432,14250,173,0,-2,22,0
2021-03-11,14874,20,430,14271,173,0,-2,21,0
2021-03-12,14894,20,428,14293,173,0,-2,21,0
2021-03-13,14913,20,426,14314,173,0,-2,21,0
2021-03-14,14934,20,425,14335,174,0,-2,21,0
2021-03-15,14954,20,423,14357,174,0,-2,21,0
2021-03-16,14973,20,421,14378,174,0,-2,21,0
2021-03-17,14992,20,419,14399,174,0,-2,21,0
2021-03-18,15012,19,417,14420,175,0,-2,21,0
2021-03-19,15030,19,415,14440,175,0,-2,21,0
2021-03-20,15050,19,414,14461,175,0,-2,21,0
2021-03-21,15069,19,412,14482,175,0,-2,21,0
2021-03-22,15088,19,410,14502,176,0,-2,20,0
2021-03-23,15107,19,408,14523,176,0,-2,20,0
2021-03-24,15126,19,407,14543,176,0,-2,20,0
2021-03-25,15145,19,405,14564,176,0,-2,20,0
2021-03-26,15164,19,403,14584,177,0,-2,20,0
2021-03-27,15182,19,401,14604,177,0,-2,20,0
2021-03-28,15201,19,400,14624,177,0,-2,20,0
2021-03-29,15219,19,398,14644,177,0,-2,20,0
2021-03-30,15238,18,396,14664,178,0,-2,20,0
2021-03-31,15256,18,394,14684,178,0,-2,20,0
2021-04-01,15274,18,393,14703,178,0,-2,20,0
2021-04-02,15292,18,391,14723,178,0,-2,20,0
2021-04-03,15310,18,389,14742,179,0,-2,19,0
2021-04-04,15329,18,388,14762,179,0,-2,19,0
2021-04-05,15346,18,386,14781,179,0,-2,19,0
2021-04-06,15363,18,384,14800,179,0,-2,19,0
2021-04-07,15383,18,383,14820,180,0,-2,19,0
2021-04-08,15400,18,381,14839,180,0,-2,19,0
2021-04-09,15417,18,379,14858,180,0,-2,19,0
2021-04-10,15435,18,378,14877,180,0,-2,19,0
2021-04-11,15451,18,376,14895,180,0,-2,19,0
2021-04-12,15469,17,374,14914,181,0,-2,19,0
2021-04-13,15487,17,373,14933,181,0,-2,19,0
2021-04-14,15504,17,371,14952,181,0,-2,19,0
2021-04-15,15520,17,369,14970,181,0,-2,18,0
2021-04-16,15539,17,368,14989,182,0,-2,18,0
2021-04-17,15555,17,366,15007,182,0,-2,18,0
2021-04-18,15572,17,365,15025,182,0,-2,18,0
2021-04-19,15588,17,363,15043,182,0,-2,18,0
2021-04-20,15605,17,362,15061,182,0,-2,18,0
2021-04-21,15623,17,360,15080,183,0,-2,18,0
2021-04-22,15639,17,358,15098,183,0,-2,18,0
2021-04-23,15655,17,357,15115,183,0,-2,18,0
2021-04-24,15671,17,355,15133,183,0,-2,18,0
2021-04-25,15689,17,354,15151,184,0,-2,18,0
2021-04-26,15705,16,352,15169,184,0,-2,18,0
2021-04-27,15721,16,351,15186,184,0,-2,18,0
2021-04-28,15737,16,349,15204,184,0,-2,17,0
2021-04-29,15753,16,348,15221,184,0,-2,17,0
2021-04-30,15769,16,346,15238,185,0,-2,17,0
2021-05-01,15786,16,345,15256,185,0,-1,17,0
2021-05-02,15801,16,343,15273,185,0,-1,17,0
2021-05-03,15817,16,342,15290,185,0,-1,17,0
2021-05-04,15832,16,340,15307,185,0,-1,17,0
2021-05-05,15849,16,339,15324,186,0,-1,17,0
2021-05-06,15864,16,337,15341,186,0,-1,17,0
2021-05-07,15880,16,336,15358,186,0,-1,17,0
2021-05-08,15895,16,334,15375,186,0,-1,17,0
2021-05-09,15910,16,333,15391,186,0,-1,17,0
2021-05-10,15926,15,331,15408,187,0,-1,17,0
2021-05-11,15942,15,330,15425,187,0,-1,16,0
2021-05-12,15957,15,329,15441,187,0,-1,16,0
2021-05-13,15971,15,327,15457,187,0,-1,16,0
2021-05-14,15987,15,326,15474,187,0,-1,16,0
2021-05-15,16002,15,324,15490,188,0,-1,16,0
2021-05-16,16017,15,323,15506,188,0,-1,16,0
2021-05-17,16031,15,321,15522,188,0,-1,16,0
2021-05-18,16046,15,320,15538,188,0,-1,16,0
