Date,Confirmed,Exposed,Active,Recovered,Deaths,Diff Exposed,Diff Active,Diff Recovered,Diff Deaths
2020-05-10,14820,4909,14820,0,0,-424,297,0,0
2020-05-11,15117,4485,15117,0,0,-261,131,0,0
2020-05-12,15248,4223,15248,0,0,-165,33,0,0
2020-05-13,15281,4059,15281,0,0,-108,-24,0,0
2020-05-14,15257,3951,15257,0,0,-74,-57,0,0
2020-05-15,15200,3876,15200,0,0,-55,-77,0,0
2020-05-16,15124,3822,15124,0,0,-43,-88,0,0
2020-05-17,15036,3779,15036,0,0,-36,-94,0,0
2020-05-18,14942,3743,14942,0,0,-32,-97,0,0
2020-05-19,14845,3712,14845,0,0,-29,-99,0,0
2020-05-20,14746,3683,14746,0,0,-27,-100,0,0
2020-05-21,14646,3655,14646,0,0,-26,-100,0,0
2020-05-22,14546,3629,14546,0,0,-26,-100,0,0
2020-05-23,14446,3603,14446,0,0,-25,-99,0,0
2020-05-24,14347,3578,14347,0,0,-25,-99,0,0
2020-05-25,14248,3553,14248,0,0,-25,-98,0,0
2020-05-26,14149,3528,14149,0,0,-25,-98,0,0
2020-05-27,14052,3503,14052,0,0,-24,-97,0,0
2020-05-28,13955,3479,13955,0,0,-24,-96,0,0
2020-05-29,13858,3455,13858,0,0,-24,-96,0,0
2020-05-30,13762,3431,13762,0,0,-24,-95,0,0
2020-05-31,13667,3407,13667,0,0,-24,-95,0,0
2020-06-01,13573,3384,13573,0,0,-23,-94,0,0
2020-06-02,13479,3360,13479,0,0,-23,-93,0,0
2020-06-03,13386,3337,13386,0,0,-23,-93,0,0
2020-06-04,13293,3314,13293,0,0,-23,-92,0,0
2020-06-05,13201,3291,13201,0,0,-23,-91,0,0
2020-06-06,13110,3268,13110,0,0,-23,-91,0,0
2020-06-07,13019,3245,13019,0,0,-22,-90,0,0
2020-06-08,12929,3223,12929,0,0,-22,-89,0,0
2020-06-09,12839,3200,12839,0,0,-22,-89,0,0
2020-06-10,12751,3178,12751,0,0,-22,-88,0,0
2020-06-11,12662,3156,12662,0,0,-22,-88,0,0
2020-06-12,12575,3134,12575,0,0,-22,-87,0,0
2020-06-13,12488,3113,12488,0,0,-22,-86,0,0
2020-06-14,12401,3091,12401,0,0,-21,-86,0,0
2020-06-15,12315,3070,12315,0,0,-21,-85,0,0
2020-06-16,12230,3048,12230,0,0,-21,-85,0,0
2020-06-17,12145,3027,12145,0,0,-21,-84,0,0
2020-06-18,12061,3006,12061,0,0,-21,-84,0,0
2020-06-19,11977,2985,11977,0,0,-21,-83,0,0
2020-06-20,11894,2965,11894,0,0,-21,-82,0,0
2020-06-21,11812,2944,11812,0,0,-20,-82,0,0
2020-06-22,11730,2924,11730,0,0,-20,-81,0,0
2020-06-23,11649,2903,11649,0,0,-20,-81,0,0
2020-06-24,11568,2883,11568,0,0,-20,-80,0,0
2020-06-25,11488,2863,11488,0,0,-20,-80,0,0
2020-06-26,11408,2843,11408,0,0,-20,-79,0,0
2020-06-27,11329,2823,11329,0,0,-20,-79,0,0
2020-06-28,11250,2804,11250,0,0,-19,-78,0,0
2020-06-29,11172,2784,11172,0,0,-19,-78,0,0
2020-06-30,11095,2765,11095,0,0,-19,-77,0,0
2020-07-01,11018,2746,11018,0,0,-19,-76,0,0
2020-07-02,10941,2727,10941,0,0,-19,-76,0,0
2020-07-03,10865,2708,10865,0,0,-19,-75,0,0
2020-07-04,10790,2689,10790,0,0,-19,-75,0,0
2020-07-05,10715,2670,10715,0,0,-19,-74,0,0
2020-07-06,10641,2652,10641,0,0,-18,-74,0,0
2020-07-07,10567,2633,10567,0,0,-18,-73,0,0
2020-07-08,10494,2615,10494,0,0,-18,-73,0,0
2020-07-09,10421,2597,10421,0,0,-18,-72,0,0
2020-07-10,10348,2579,10348,0,0,-18,-72,0,0
2020-07-11,10276,2561,10276,0,0,-18,-71,0,0
2020-07-12,10205,2543,10205,0,0,-18,-71,0,0
2020-07-13,10134,2525,10134,0,0,-18,-70,0,0
2020-07-14,10064,2508,10064,0,0,-17,-70,0,0
2020-07-15,9994,2490,9994,0,0,-17,-69,0,0
2020-07-16,9924,2473,9924,0,0,-17,-69,0,0
2020-07-17,9855,2456,9855,0,0,-17,-68,0,0
2020-07-18,9787,2439,9787,0,0,-17,-68,0,0
2020-07-19,9719,2422,9719,0,0,-17,-68,0,0
2020-07-20,9651,2405,9651,0,0,-17,-67,0,0
2020-07-21,9584,2388,9584,0,0,-17,-67,0,0
2020-07-22,9518,2372,9518,0,0,-17,-66,0,0
2020-07-23,9451,2355,9451,0,0,-16,-66,0,0
2020-07-24,9386,2339,9386,0,0,-16,-65,0,0
2020-07-25,9320,2322,9320,0,0,-16,-65,0,0
2020-07-26,9256,2306,9256,0,0,-16,-64,0,0
2020-07-27,9191,2290,9191,0,0,-16,-64,0,0
2020-07-28,9127,2274,9127,0,0,-16,-63,0,0
2020-07-29,9064,2258,9064,0,0,-16,-63,0,0
2020-07-30,9001,2243,9001,0,0,-16,-63,0,0
2020-07-31,8938,2227,8938,0,0,-16,-62,0,0
2020-08-01,8876,2212,8876,0,0,-15,-62,0,0
2020-08-02,8814,2196,8814,0,0,-15,-61,0,0
2020-08-03,8753,2181,8753,0,0,-15,-61,0,0
2020-08-04,8692,2166,8692,0,0,-15,-61,0,0
2020-08-05,8631,2151,8631,0,0,-15,-60,0,0
2020-08-06,8571,2136,8571,0,0,-15,-60,0,0
2020-08-07,8512,2121,8512,0,0,-15,-59,0,0
2020-08-08,8452,2106,8452,0,0,-15,-59,0,0
2020-08-09,8394,2091,8394,0,0,-15,-58,0,0
2020-08-10,8335,2077,8335,0,0,-14,-58,0,0
2020-08-11,8277,2062,8277,0,0,-14,-58,0,0
2020-08-12,8219,2048,8219,0,0,-14,-57,0,0
2020-08-13,8162,2034,8162,0,0,-14,-57,0,0
2020-08-14,8105,2019,8105,0,0,-14,-56,0,0
2020-08-15,8049,2005,8049,0,0,-14,-56,0,0
2020-08-16,7993,1991,7993,0,0,-14,-56,0,0
2020-08-17,7937,1977,7937,0,0,-14,-55,0,0
2020-08-18,7882,1964,7882,0,0,-14,-55,0,0
2020-08-19,7827,1950,7827,0,0,-14,-55,0,0
2020-08-20,7772,1936,7772,0,0,-14,-54,0,0
2020-08-21,7718,1923,7718,0,0,-13,-54,0,0
2020-08-22,7664,1909,7664,0,0,-13,-53,0,0
2020-08-23,7611,1896,7611,0,0,-13,-53,0,0
2020-08-24,7558,1883,7558,0,0,-13,-53,0,0
2020-08-25,7505,1870,7505,0,0,-13,-52,0,0
2020-08-26,7453,1857,7453,0,0,-13,-52,0,0
2020-08-27,7401,1844,7401,0,0,-13,-52,0,0
2020-08-28,7349,1831,7349,0,0,-13,-51,0,0
2020-08-29,7298,1818,7298,0,0,-13,-51,0,0
2020-08-30,7247,1805,7247,0,0,-13,-51,0,0
2020-08-31,7197,1793,7197,0,0,-13,-50,0,0
2020-09-01,7146,1780,7146,0,0,-12,-50,0,0
2020-09-02,7097,1768,7097,0,0,-12,-49,0,0
2020-09-03,7047,1755,7047,0,0,-12,-49,0,0
2020-09-04,6998,1743,6998,0,0,-12,-49,0,0
2020-09-05,6949,1731,6949,0,0,-12,-48,0,0
2020-09-06,6901,1719,6901,0,0,-12,-48,0,0
2020-09-07,6852,1707,6852,0,0,-12,-48,0,0
2020-09-08,6805,1695,6805,0,0,-12,-47,0,0
2020-09-09,6757,1683,6757,0,0,-12,-47,0,0
2020-09-10,6710,1671,6710,0,0,-12,-47,0,0
2020-09-11,6663,1660,6663,0,0,-12,-47,0,0
2020-09-12,6617,1648,6617,0,0,-12,-46,0,0
2020-09-13,6571,1637,6571,0,0,-11,-46,0,0
2020-09-14,6525,1625,6525,0,0,-11,-46,0,0
2020-09-15,6479,1614,6479,0,0,-11,-45,0,0
2020-09-16,6434,1603,6434,0,0,-11,-45,0,0
2020-09-17,6389,1591,6389,0,0,-11,-45,0,0
2020-09-18,6344,1580,6344,0,0,-11,-44,0,0
2020-09-19,6300,1569,6300,0,0,-11,-44,0,0
2020-09-20,6256,1558,6256,0,0,-11,-44,0,0
2020-09-21,6212,1547,6212,0,0,-11,-43,0,0
2020-09-22,6169,1537,6169,0,0,-11,-43,0,0
2020-09-23,6126,1526,6126,0,0,-11,-43,0,0
2020-09-24,6083,1515,6083,0,0,-11,-42,0,0
2020-09-25,6041,1505,6041,0,0,-11,-42,0,0
2020-09-26,5998,1494,5998,0,0,-10,-42,0,0
2020-09-27,5957,1484,5957,0,0,-10,-42,0,0
2020-09-28,5915,1473,5915,0,0,-10,-41,0,0
2020-09-29,5874,1463,5874,0,0,-10,-41,0,0
2020-09-30,5833,1453,5833,0,0,-10,-41,0,0
2020-10-01,5792,1443,5792,0,0,-10,-40,0,0
2020-10-02,5751,1433,5751,0,0,-10,-40,0,0
2020-10-03,5711,1422,5711,0,0,-10,-40,0,0
2020-10-04,5671,1413,5671,0,0,-10,-40,0,0
2020-10-05,5632,1403,5632,0,0,-10,-39,0,0
2020-10-06,5592,1393,5592,0,0,-10,-39,0,0
2020-10-07,5553,1383,5553,0,0,-10,-39,0,0
2020-10-08,5514,1373,5514,0,0,-10,-39,0,0
2020-10-09,5476,1364,5476,0,0,-10,-38,0,0
2020-10-10,5438,1354,5438,0,0,-9,-38,0,0
2020-10-11,5400,1345,5400,0,0,-9,-38,0,0
2020-10-12,5362,1335,5362,0,0,-9,-37,0,0
2020-10-13,5324,1326,5324,0,0,-9,-37,0,0
2020-10-14,5287,1317,5287,0,0,-9,-37,0,0
2020-10-15,5250,1308,5250,0,0,-9,-37,0,0
2020-10-16,5213,1298,5213,0,0,-9,-36,0,0
2020-10-17,5177,1289,5177,0,0,-9,-36,0,0
2020-10-18,5141,1280,5141,0,0,-9,-36,0,0
2020-10-19,5105,1271,5105,0,0,-9,-36,0,0
2020-10-20,5069,1262,5069,0,0,-9,-35,0,0
2020-10-21,5034,1254,5034,0,0,-9,-35,0,0
2020-10-22,4998,1245,4998,0,0,-9,-35,0,0
2020-10-23,4964,1236,4964,0,0,-9,-35,0,0
2020-10-24,4929,1228,4929,0,0,-9,-34,0,0
2020-10-25,4894,1219,4894,0,0,-9,-34,0,0
2020-10-26,4860,1210,4860,0,0,-8,-34,0,0
2020-10-27,4826,1202,4826,0,0,-8,-34,0,0
2020-10-28,4792,1194,4792,0,0,-8,-34,0,0
2020-10-29,4759,1185,4759,0,0,-8,-33,0,0
2020-10-30,4725,1177,4725,0,0,-8,-33,0,0
2020-10-31,4692,1169,4692,0,0,-8,-33,0,0
2020-11-01,4660,1160,4660,0,0,-8,-33,0,0
2020-11-02,4627,1152,4627,0,0,-8,-32,0,0
2020-11-03,4595,1144,4595,0,0,-8,-32,0,0
2020-11-04,4562,1136,4562,0,0,-8,-32,0,0
2020-11-05,4531,1128,4531,0,0,-8,-32,0,0
2020-11-06,4499,1120,4499,0,0,-8,-31,0,0
2020-11-07,4467,1113,4467,0,0,-8,-31,0,0
2020-11-08,4436,1105,4436,0,0,-8,-31,0,0
2020-11-09,4405,1097,4405,0,0,-8,-31,0,0
2020-11-10,4374,1089,4374,0,0,-8,-31,0,0
2020-11-11,4344,1082,4344,0,0,-8,-30,0,0
2020-11-12,4313,1074,4313,0,0,-8,-30,0,0
2020-11-13,4283,1067,4283,0,0,-7,-30,0,0
2020-11-14,4253,1059,4253,0,0,-7,-30,0,0
2020-11-15,4223,1052,4223,0,0,-7,-30,0,0
2020-11-16,4194,1044,4194,0,0,-7,-29,0,0
2020-11-17,4164,1037,4164,0,0,-7,-29,0,0
2020-11-18,4135,1030,4135,0,0,-7,-29,0,0
2020-11-19,4106,1023,4106,0,0,-7,-29,0,0
2020-11-20,4077,1015,4077,0,0,-7,-29,0,0
2020-11-21,4049,1008,4049,0,0,-7,-28,0,0
2020-11-22,4021,1001,4021,0,0,-7,-28,0,0
2020-11-23,3992,994,3992,0,0,-7,-28,0,0
2020-11-24,3964,987,3964,0,0,-7,-28,0,0
2020-11-25,3937,980,3937,0,0,-7,-28,0,0
2020-11-26,3909,973,3909,0,0,-7,-27,0,0
2020-11-27,3882,967,3882,0,0,-7,-27,0,0
2020-11-28,3854,960,3854,0,0,-7,-27,0,0
2020-11-29,3827,953,3827,0,0,-7,-27,0,0
2020-11-30,3801,946,3801,0,0,-7,-27,0,0
2020-12-01,3774,940,3774,0,0,-7,-26,0,0
2020-12-02,3748,933,3748,0,0,-7,-26,0,0
2020-12-03,3721,927,3721,0,0,-6,-26,0,0
2020-12-04,3695,920,3695,0,0,-6,-26,0,0
2020-12-05,3669,914,3669,0,0,-6,-26,0,0
2020-12-06,3644,907,3644,0,0,-6,-26,0,0
2020-12-07,3618,901,3618,0,0,-6,-25,0,0
2020-12-08,3593,895,3593,0,0,-6,-25,0,0
2020-12-09,3568,888,3568,0,0,-6,-25,0,0
2020-12-10,3543,882,3543,0,0,-6,-25,0,0
2020-12-11,3518,876,3518,0,0,-6,-25,0,0
2020-12-12,3493,870,3493,0,0,-6,-24,0,0
2020-12-13,3469,864,3469,0,0,-6,-24,0,0
2020-12-14,3444,858,3444,0,0,-6,-24,0,0
2020-12-15,3420,852,3420,0,0,-6,-24,0,0
2020-12-16,3396,846,3396,0,0,-6,-24,0,0
2020-12-17,3372,840,3372,0,0,-6,-24,0,0
2020-12-18,3349,834,3349,0,0,-6,-23,0,0
2020-12-19,3325,828,3325,0,0,-6,-23,0,0
2020-12-20,3302,822,3302,0,0,-6,-23,0,0
2020-12-21,3279,816,3279,0,0,-6,-23,0,0
2020-12-22,3256,811,3256,0,0,-6,-23,0,0
2020-12-23,3233,805,3233,0,0,-6,-23,0,0
2020-12-24,3210,799,3210,0,0,-6,-23,0,0
2020-12-25,3188,794,3188,0,0,-6,-22,0,0
2020-12-26,3166,788,3166,0,0,-6,-22,0,0
2020-12-27,3143,783,3143,0,0,-5,-22,0,0
2020-12-28,3121,777,3121,0,0,-5,-22,0,0
2020-12-29,3099,772,3099,0,0,-5,-22,0,0
2020-12-30,3078,766,3078,0,0,-5,-22,0,0
2020-12-31,3056,761,3056,0,0,-5,-21,0,0
2021-01-01,3035,756,3035,0,0,-5,-21,0,0
2021-01-02,3013,750,3013,0,0,-5,-21,0,0
2021-01-03,2992,745,2992,0,0,-5,-21,0,0
2021-01-04,2971,740,2971,0,0,-5,-21,0,0
2021-01-05,2950,735,2950,0,0,-5,-21,0,0
2021-01-06,2930,729,2930,0,0,-5,-21,0,0
2021-01-07,2909,724,2909,0,0,-5,-20,0,0
2021-01-08,2889,719,2889,0,0,-5,-20,0,0
2021-01-09,2869,714,2869,0,0,-5,-20,0,0
2021-01-10,2848,709,2848,0,0,-5,-20,0,0
2021-01-11,2828,704,2828,0,0,-5,-20,0,0
2021-01-12,2809,699,2809,0,0,-5,-20,0,0
2021-01-13,2789,694,2789,0,0,-5,-20,0,0
2021-01-14,2769,690,2769,0,0,-5,-19,0,0
2021-01-15,2750,685,2750,0,0,-5,-19,0,0
2021-01-16,2731,680,2731,0,0,-5,-19,0,0
2021-01-17,2711,675,2711,0,0,-5,-19,0,0
2021-01-18,2692,670,2692,0,0,-5,-19,0,0
2021-01-19,2674,666,2674,0,0,-5,-19,0,0
2021-01-20,2655,661,2655,0,0,-5,-19,0,0
2021-01-21,2636,656,2636,0,0,-5,-18,0,0
2021-01-22,2618,652,2618,0,0,-5,-18,0,0
2021-01-23,2599,647,2599,0,0,-5,-18,0,0
2021-01-24,2581,643,2581,0,0,-5,-18,0,0
2021-01-25,2563,638,2563,0,0,-4,-18,0,0
2021-01-26,2545,634,2545,0,0,-4,-18,0,0
2021-01-27,2527,629,2527,0,0,-4,-18,0,0
2021-01-28,2509,625,2509,0,0,-4,-18,0,0
2021-01-29,2492,620,2492,0,0,-4,-17,0,0
2021-01-30,2474,616,2474,0,0,-4,-17,0,0
2021-01-31,2457,612,2457,0,0,-4,-17,0,0
2021-02-01,2440,607,2440,0,0,-4,-17,0,0
2021-02-02,2423,603,2423,0,0,-4,-17,0,0
2021-02-03,2406,599,2406,0,0,-4,-17,0,0
2021-02-04,2389,595,2389,0,0,-4,-17,0,0
2021-02-05,2372,591,2372,0,0,-4,-17,0,0
2021-02-06,2355,586,2355,0,0,-4,-17,0,0
2021-02-07,2339,582,2339,0,0,-4,-16,0,0
2021-02-08,2322,578,2322,0,0,-4,-16,0,0
2021-02-09,2306,574,2306,0,0,-4,-16,0,0
2021-02-10,2290,570,2290,0,0,-4,-16,0,0
2021-02-11,2274,566,2274,0,0,-4,-16,0,0
2021-02-12,2258,562,2258,0,0,-4,-16,0,0
2021-02-13,2242,558,2242,0,0,-4,-16,0,0
2021-02-14,2226,554,2226,0,0,-4,-16,0,0
2021-02-15,2211,550,2211,0,0,-4,-16,0,0
2021-02-16,2195,547,2195,0,0,-4,-15,0,0
2021-02-17,2180,543,2180,0,0,-4,-15,0,0
2021-02-18,2164,539,2164,0,0,-4,-15,0,0
2021-02-19,2149,535,2149,0,0,-4,-15,0,0
2021-02-20,2134,531,2134,0,0,-4,-15,0,0
2021-02-21,2119,528,2119,0,0,-4,-15,0,0
2021-02-22,2104,524,2104,0,0,-4,-15,0,0
2021-02-23,2089,520,2089,0,0,-4,-15,0,0
2021-02-24,2075,517,2075,0,0,-4,-15,0,0
2021-02-25,2060,513,2060,0,0,-4,-14,0,0
2021-02-26,2046,509,2046,0,0,-4,-14,0,0
2021-02-27,2031,506,2031,0,0,-4,-14,0,0
2021-02-28,2017,502,2017,0,0,-4,-14,0,0
2021-03-01,2003,499,2003,0,0,-4,-14,0,0
2021-03-02,1989,495,1989,0,0,-3,-14,0,0
2021-03-03,1975,492,1975,0,0,-3,-14,0,0
2021-03-04,1961,488,1961,0,0,-3,-14,0,0
2021-03-05,1947,485,1947,0,0,-3,-14,0,0
2021-03-06,1934,481,1934,0,0,-3,-14,0,0
2021-03-07,1920,478,1920,0,0,-3,-13,0,0
2021-03-08,1907,475,1907,0,0,-3,-13,0,0
2021-03-09,1893,471,1893,0,0,-3,-13,0,0
2021-03-10,1880,468,1880,0,0,-3,-13,0,0
2021-03-11,1867,465,1867,0,0,-3,-13,0,0
2021-03-12,1854,461,1854,0,0,-3,-13,0,0
2021-03-13,1841,458,1841,0,0,-3,-13,0,0
2021-03-14,1828,455,1828,0,0,-3,-13,0,0
2021-03-15,1815,452,1815,0,0,-3,-13,0,0
2021-03-16,1802,449,1802,0,0,-3,-13,0,0
2021-03-17,1789,446,1789,0,0,-3,-13,0,0
2021-03-18,1777,442,1777,0,0,-3,-12,0,0
2021-03-19,1764,439,1764,0,0,-3,-12,0,0
2021-03-20,1752,436,1752,0,0,-3,-12,0,0
2021-03-21,1740,433,1740,0,0,-3,-12,0,0
2021-03-22,1727,430,1727,0,0,-3,-12,0,0
2021-03-23,1715,427,1715,0,0,-3,-12,0,0
2021-03-24,1703,424,1703,0,0,-3,-12,0,0
2021-03-25,1691,421,1691,0,0,-3,-12,0,0
2021-03-26,1679,418,1679,0,0,-3,-12,0,0
2021-03-27,1668,415,1668,0,0,-3,-12,0,0
2021-03-28,1656,412,1656,0,0,-3,-12,0,0
2021-03-29,1644,409,1644,0,0,-3,-12,0,0
2021-03-30,1633,406,1633,0,0,-3,-11,0,0
2021-03-31,1621,404,1621,0,0,-3,-11,0,0
2021-04-01,1610,401,1610,0,0,-3,-11,0,0
2021-04-02,1599,398,1599,0,0,-3,-11,0,0
2021-04-03,1587,395,1587,0,0,-3,-11,0,0
2021-04-04,1576,392,1576,0,0,-3,-11,0,0
2021-04-05,1565,390,1565,0,0,-3,-11,0,0
2021-04-06,1554,387,1554,0,0,-3,-11,0,0
2021-04-07,1543,384,1543,0,0,-3,-11,0,0
2021-04-08,1532,381,1532,0,0,-3,-11,0,0
2021-04-09,1522,379,1522,0,0,-3,-11,0,0
2021-04-10,1511,376,1511,0,0,-3,-11,0,0
2021-04-11,1500,374,1500,0,0,-3,-11,0,0
2021-04-12,1490,371,1490,0,0,-3,-10,0,0
2021-04-13,1479,368,1479,0,0,-3,-10,0,0
2021-04-14,1469,366,1469,0,0,-3,-10,0,0
2021-04-15,1459,363,1459,0,0,-3,-10,0,0
2021-04-16,1448,361,1448,0,0,-3,-10,0,0
2021-04-17,1438,358,1438,0,0,-3,-10,0,0
2021-04-18,1428,356,1428,0,0,-2,-10,0,0
2021-04-19,1418,353,1418,0,0,-2,-10,0,0
2021-04-20,1408,351,1408,0,0,-2,-10,0,0
2021-04-21,1398,348,1398,0,0,-2,-10,0,0
2021-04-22,1388,346,1388,0,0,-2,-10,0,0
2021-04-23,1379,343,1379,0,0,-2,-10,0,0
2021-04-24,1369,341,1369,0,0,-2,-10,0,0
2021-04-25,1359,338,1359,0,0,-2,-10,0,0
2021-04-26,1350,336,1350,0,0,-2,-9,0,0
2021-04-27,1340,334,1340,0,0,-2,-9,0,0
2021-04-28,1331,331,1331,0,0,-2,-9,0,0
2021-04-29,1321,329,1321,0,0,-2,-9,0,0
2021-04-30,1312,327,1312,0,0,-2,-9,0,0
2021-05-01,1303,324,1303,0,0,-2,-9,0,0
2021-05-02,1294,322,1294,0,0,-2,-9,0,0
2021-05-03,1285,320,1285,0,0,-2,-9,0,0
2021-05-04,1276,318,1276,0,0,-2,-9,0,0
2021-05-05,1267,315,1267,0,0,-2,-9,0,0
