Date,Confirmed,Exposed,Active,Recovered,Deaths,Diff Exposed,Diff Active,Diff Recovered,Diff Deaths
2020-05-13,509,7,387,113,9,1,-4,6,1
2020-05-14,511,8,383,119,9,1,-4,6,0
2020-05-15,515,9,379,126,10,0,-3,6,0
2020-05-16,518,9,376,132,10,0,-3,6,0
2020-05-17,521,10,372,138,11,0,-3,6,0
2020-05-18,524,10,369,144,11,0,-3,6,0
2020-05-19,529,10,367,150,12,0,-3,6,0
2020-05-20,532,10,364,156,12,0,-3,6,0
2020-05-21,536,10,361,162,13,0,-3,6,0
2020-05-22,539,10,358,168,13,0,-3,6,0
2020-05-23,543,10,355,174,14,0,-3,6,0
2020-05-24,547,10,353,180,14,0,-3,6,0
2020-05-25,551,10,350,186,15,0,-3,6,0
2020-05-26,554,10,347,192,15,0,-3,6,0
2020-05-27,558,10,345,197,16,0,-3,6,0
2020-05-28,561,9,342,203,16,0,-3,6,0
2020-05-29,565,9,340,209,16,0,-3,6,0
2020-05-30,568,9,337,214,17,0,-3,6,0
2020-05-31,572,9,335,220,17,0,-3,5,0
2020-06-01,575,9,332,225,18,0,-2,5,0
2020-06-02,579,9,330,231,18,0,-2,5,0
2020-06-03,582,9,327,236,19,0,-2,5,0
2020-06-04,585,9,325,241,19,0,-2,5,0
2020-06-05,588,9,322,247,19,0,-2,5,0
2020-06-06,592,9,320,252,20,0,-2,5,0
2020-06-07,594,9,317,257,20,0,-2,5,0
2020-06-08,599,9,315,263,21,0,-2,5,0
2020-06-09,602,9,313,268,21,0,-2,5,0
2020-06-10,605,9,310,273,22,0,-2,5,0
2020-06-11,608,9,308,278,22,0,-2,5,0
2020-06-12,611,8,306,283,22,0,-2,5,0
2020-06-13,614,8,303,288,23,0,-2,5,0
2020-06-14,617,8,301,293,23,0,-2,5,0
2020-06-15,621,8,299,298,24,0,-2,5,0
2020-06-16,623,8,296,303,24,0,-2,5,0
2020-06-17,626,8,294,308,24,0,-2,5,0
2020-06-18,630,8,292,313,25,0,-2,5,0
2020-06-19,632,8,290,317,25,0,-2,5,0
2020-06-20,635,8,288,322,25,0,-2,5,0
2020-06-21,638,8,285,327,26,0,-2,5,0
2020-06-22,641,8,283,332,26,0,-2,5,0
2020-06-23,644,8,281,336,27,0,-2,5,0
2020-06-24,647,8,279,341,27,0,-2,5,0
2020-06-25,649,8,277,345,27,0,-2,5,0
2020-06-26,653,8,275,350,28,0,-2,5,0
2020-06-27,656,8,273,355,28,0,-2,4,0
2020-06-28,658,7,271,359,28,0,-2,4,0
2020-06-29,661,7,269,363,29,0,-2,4,0
2020-06-30,664,7,267,368,29,0,-2,4,0
2020-07-01,666,7,265,372,29,0,-2,4,0
2020-07-02,670,7,263,377,30,0,-2,4,0
2020-07-03,672,7,261,381,30,0,-2,4,0
2020-07-04,674,7,259,385,30,0,-2,4,0
2020-07-05,677,7,257,389,31,0,-2,4,0
2020-07-06,680,7,255,394,31,0,-2,4,0
2020-07-07,682,7,253,398,31,0,-2,4,0
2020-07-08,685,7,251,402,32,0,-2,4,0
2020-07-09,687,7,249,406,32,0,-2,4,0
2020-07-10,689,7,247,410,32,0,-2,4,0
2020-07-11,692,7,245,414,33,0,-2,4,0
2020-07-12,695,7,244,418,33,0,-2,4,0
2020-07-13,697,7,242,422,33,0,-2,4,0
2020-07-14,700,7,240,426,34,0,-2,4,0
2020-07-15,702,7,238,430,34,0,-2,4,0
2020-07-16,704,7,236,434,34,0,-2,4,0
2020-07-17,708,6,235,438,35,0,-2,4,0
2020-07-18,710,6,233,442,35,0,-2,4,0
2020-07-19,712,6,231,446,35,0,-2,4,0
2020-07-20,714,6,229,450,35,0,-2,4,0
2020-07-21,717,6,228,453,36,0,-2,4,0
2020-07-22,719,6,226,457,36,0,-2,4,0
2020-07-23,721,6,224,461,36,0,-2,4,0
2020-07-24,723,6,222,464,37,0,-2,4,0
2020-07-25,726,6,221,468,37,0,-2,4,0
2020-07-26,728,6,219,472,37,0,-2,4,0
2020-07-27,730,6,217,475,38,0,-2,4,0
2020-07-28,733,6,216,479,38,0,-2,4,0
2020-07-29,734,6,214,482,38,0,-2,4,0
2020-07-30,737,6,213,486,38,0,-2,3,0
2020-07-31,739,6,211,489,39,0,-2,3,0
2020-08-01,741,6,209,493,39,0,-2,3,0
2020-08-02,743,6,208,496,39,0,-2,3,0
2020-08-03,745,6,206,500,39,0,-2,3,0
2020-08-04,748,6,205,503,40,0,-2,3,0
2020-08-05,750,6,203,507,40,0,-2,3,0
2020-08-06,752,6,202,510,40,0,-2,3,0
2020-08-07,753,6,200,513,40,0,-2,3,0
2020-08-08,757,5,199,517,41,0,-1,3,0
2020-08-09,758,5,197,520,41,0,-1,3,0
2020-08-10,760,5,196,523,41,0,-1,3,0
2020-08-11,762,5,194,526,42,0,-1,3,0
2020-08-12,764,5,193,529,42,0,-1,3,0
2020-08-13,766,5,191,533,42,0,-1,3,0
2020-08-14,768,5,190,536,42,0,-1,3,0
2020-08-15,770,5,188,539,43,0,-1,3,0
2020-08-16,772,5,187,542,43,0,-1,3,0
2020-08-17,774,5,186,545,43,0,-1,3,0
2020-08-18,775,5,184,548,43,0,-1,3,0
2020-08-19,777,5,183,551,43,0,-1,3,0
2020-08-20,779,5,181,554,44,0,-1,3,0
2020-08-21,781,5,180,557,44,0,-1,3,0
2020-08-22,783,5,179,560,44,0,-1,3,0
2020-08-23,784,5,177,563,44,0,-1,3,0
2020-08-24,787,5,176,566,45,0,-1,3,0
2020-08-25,789,5,175,569,45,0,-1,3,0
2020-08-26,790,5,173,572,45,0,-1,3,0
2020-08-27,792,5,172,575,45,0,-1,3,0
2020-08-28,794,5,171,577,46,0,-1,3,0
2020-08-29,795,5,169,580,46,0,-1,3,0
2020-08-30,797,5,168,583,46,0,-1,3,0
2020-08-31,799,5,167,586,46,0,-1,3,0
2020-09-01,800,5,166,588,46,0,-1,3,0
2020-09-02,802,5,164,591,47,0,-1,3,0
2020-09-03,804,5,163,594,47,0,-1,3,0
2020-09-04,806,4,162,597,47,0,-1,3,0
2020-09-05,807,4,161,599,47,0,-1,3,0
2020-09-06,809,4,160,602,47,0,-1,3,0
2020-09-07,810,4,158,604,48,0,-1,3,0
2020-09-08,812,4,157,607,48,0,-1,3,0
2020-09-09,814,4,156,610,48,0,-1,3,0
2020-09-10,815,4,155,612,48,0,-1,3,0
2020-09-11,818,4,154,615,49,0,-1,3,0
2020-09-12,818,4,152,617,49,0,-1,3,0
2020-09-13,820,4,151,620,49,0,-1,2,0
2020-09-14,821,4,150,622,49,0,-1,2,0
2020-09-15,823,4,149,625,49,0,-1,2,0
2020-09-16,824,4,148,627,49,0,-1,2,0
2020-09-17,827,4,147,630,50,0,-1,2,0
2020-09-18,828,4,146,632,50,0,-1,2,0
2020-09-19,829,4,145,634,50,0,-1,2,0
2020-09-20,831,4,144,637,50,0,-1,2,0
2020-09-21,831,4,142,639,50,0,-1,2,0
2020-09-22,834,4,141,642,51,0,-1,2,0
2020-09-23,835,4,140,644,51,0,-1,2,0
2020-09-24,836,4,139,646,51,0,-1,2,0
2020-09-25,837,4,138,648,51,0,-1,2,0
2020-09-26,839,4,137,651,51,0,-1,2,0
2020-09-27,841,4,136,653,52,0,-1,2,0
2020-09-28,842,4,135,655,52,0,-1,2,0
2020-09-29,843,4,134,657,52,0,-1,2,0
2020-09-30,845,4,133,660,52,0,-1,2,0
2020-10-01,846,4,132,662,52,0,-1,2,0
2020-10-02,847,4,131,664,52,0,-1,2,0
2020-10-03,849,4,130,666,53,0,-1,2,0
2020-10-04,850,4,129,668,53,0,-1,2,0
2020-10-05,851,4,128,670,53,0,-1,2,0
2020-10-06,853,4,127,673,53,0,-1,2,0
2020-10-07,854,3,126,675,53,0,-1,2,0
2020-10-08,855,3,125,677,53,0,-1,2,0
2020-10-09,857,3,124,679,54,0,-1,2,0
2020-10-10,858,3,123,681,54,0,-1,2,0
2020-10-11,859,3,122,683,54,0,-1,2,0
2020-10-12,861,3,122,685,54,0,-1,2,0
2020-10-13,862,3,121,687,54,0,-1,2,0
2020-10-14,863,3,120,689,54,0,-1,2,0
2020-10-15,865,3,119,691,55,0,-1,2,0
2020-10-16,866,3,118,693,55,0,-1,2,0
2020-10-17,867,3,117,695,55,0,-1,2,0
2020-10-18,868,3,116,697,55,0,-1,2,0
2020-10-19,868,3,115,698,55,0,-1,2,0
2020-10-20,869,3,114,700,55,0,-1,2,0
2020-10-21,871,3,114,702,55,0,-1,2,0
2020-10-22,873,3,113,704,56,0,-1,2,0
2020-10-23,874,3,112,706,56,0,-1,2,0
2020-10-24,875,3,111,708,56,0,-1,2,0
2020-10-25,876,3,110,710,56,0,-1,2,0
2020-10-26,876,3,109,711,56,0,-1,2,0
2020-10-27,878,3,109,713,56,0,-1,2,0
2020-10-28,879,3,108,715,56,0,-1,2,0
2020-10-29,881,3,107,717,57,0,-1,2,0
2020-10-30,882,3,106,719,57,0,-1,2,0
2020-10-31,882,3,105,720,57,0,-1,2,0
2020-11-01,883,3,104,722,57,0,-1,2,0
2020-11-02,885,3,104,724,57,0,-1,2,0
2020-11-03,885,3,103,725,57,0,-1,2,0
2020-11-04,886,3,102,727,57,0,-1,2,0
2020-11-05,888,3,101,729,58,0,-1,2,0
2020-11-06,890,3,101,731,58,0,-1,2,0
2020-11-07,890,3,100,732,58,0,-1,2,0
2020-11-08,891,3,99,734,58,0,-1,2,0
2020-11-09,891,3,98,735,58,0,-1,2,0
2020-11-10,893,3,98,737,58,0,-1,2,0
2020-11-11,894,3,97,739,58,0,-1,2,0
2020-11-12,894,3,96,740,58,0,-1,2,0
2020-11-13,896,3,95,742,59,0,-1,2,0
2020-11-14,897,3,95,743,59,0,-1,2,0
2020-11-15,898,3,94,745,59,0,-1,2,0
2020-11-16,899,3,93,747,59,0,-1,2,0
2020-11-17,900,3,93,748,59,0,-1,2,0
2020-11-18,901,3,92,750,59,0,-1,2,0
2020-11-19,901,3,91,751,59,0,-1,1,0
2020-11-20,903,3,91,753,59,0,-1,1,0
2020-11-21,903,2,90,754,59,0,-1,1,0
2020-11-22,905,2,89,756,60,0,-1,1,0
2020-11-23,905,2,88,757,60,0,-1,1,0
2020-11-24,906,2,88,758,60,0,-1,1,0
2020-11-25,907,2,87,760,60,0,-1,1,0
2020-11-26,908,2,87,761,60,0,-1,1,0
2020-11-27,909,2,86,763,60,0,-1,1,0
2020-11-28,909,2,85,764,60,0,-1,1,0
2020-11-29,911,2,85,766,60,0,-1,1,0
2020-11-30,912,2,84,767,61,0,-1,1,0
2020-12-01,912,2,83,768,61,0,-1,1,0
2020-12-02,914,2,83,770,61,0,-1,1,0
2020-12-03,914,2,82,771,61,0,-1,1,0
2020-12-04,914,2,81,772,61,0,-1,1,0
2020-12-05,916,2,81,774,61,0,-1,1,0
2020-12-06,916,2,80,775,61,0,-1,1,0
2020-12-07,917,2,80,776,61,0,-1,1,0
2020-12-08,918,2,79,778,61,0,-1,1,0
2020-12-09,918,2,78,779,61,0,-1,1,0
2020-12-10,920,2,78,780,62,0,-1,1,0
2020-12-11,921,2,77,782,62,0,-1,1,0
2020-12-12,922,2,77,783,62,0,-1,1,0
2020-12-13,922,2,76,784,62,0,-1,1,0
2020-12-14,923,2,76,785,62,0,-1,1,0
2020-12-15,924,2,75,787,62,0,-1,1,0
2020-12-16,924,2,74,788,62,0,-1,1,0
2020-12-17,925,2,74,789,62,0,-1,1,0
2020-12-18,925,2,73,790,62,0,-1,1,0
2020-12-19,926,2,73,791,62,0,-1,1,0
2020-12-20,928,2,72,793,63,0,-1,1,0
2020-12-21,929,2,72,794,63,0,-1,1,0
2020-12-22,929,2,71,795,63,0,-1,1,0
2020-12-23,930,2,71,796,63,0,-1,1,0
2020-12-24,930,2,70,797,63,0,-1,1,0
2020-12-25,930,2,69,798,63,0,-1,1,0
2020-12-26,932,2,69,800,63,0,-1,1,0
2020-12-27,932,2,68,801,63,0,-1,1,0
2020-12-28,933,2,68,802,63,0,-1,1,0
2020-12-29,933,2,67,803,63,0,-1,1,0
2020-12-30,934,2,67,804,63,0,-1,1,0
2020-12-31,935,2,66,805,64,0,0,1,0
2021-01-01,936,2,66,806,64,0,0,1,0
2021-01-02,936,2,65,807,64,0,0,1,0
2021-01-03,937,2,65,808,64,0,0,1,0
2021-01-04,938,2,64,810,64,0,0,1,0
2021-01-05,939,2,64,811,64,0,0,1,0
2021-01-06,939,2,63,812,64,0,0,1,0
2021-01-07,940,2,63,813,64,0,0,1,0
2021-01-08,941,2,63,814,64,0,0,1,0
2021-01-09,941,2,62,815,64,0,0,1,0
2021-01-10,942,2,62,816,64,0,0,1,0
2021-01-11,942,2,61,817,64,0,0,1,0
2021-01-12,944,2,61,818,65,0,0,1,0
2021-01-13,944,2,60,819,65,0,0,1,0
2021-01-14,945,2,60,820,65,0,0,1,0
2021-01-15,945,2,59,821,65,0,0,1,0
2021-01-16,946,2,59,822,65,0,0,1,0
2021-01-17,946,2,58,823,65,0,0,1,0
2021-01-18,947,2,58,824,65,0,0,1,0
2021-01-19,948,2,58,825,65,0,0,1,0
2021-01-20,948,2,57,826,65,0,0,1,0
2021-01-21,948,2,57,826,65,0,0,1,0
2021-01-22,948,2,56,827,65,0,0,1,0
2021-01-23,949,2,56,828,65,0,0,1,0
2021-01-24,949,2,55,829,65,0,0,1,0
2021-01-25,951,2,55,830,66,0,0,1,0
2021-01-26,952,2,55,831,66,0,0,1,0
2021-01-27,952,1,54,832,66,0,0,1,0
2021-01-28,953,1,54,833,66,0,0,1,0
2021-01-29,953,1,53,834,66,0,0,1,0
2021-01-30,954,1,53,835,66,0,0,1,0
2021-01-31,954,1,53,835,66,0,0,1,0
2021-02-01,954,1,52,836,66,0,0,1,0
2021-02-02,955,1,52,837,66,0,0,1,0
2021-02-03,955,1,51,838,66,0,0,1,0
2021-02-04,956,1,51,839,66,0,0,1,0
2021-02-05,957,1,51,840,66,0,0,1,0
2021-02-06,957,1,50,841,66,0,0,1,0
2021-02-07,957,1,50,841,66,0,0,1,0
2021-02-08,957,1,49,842,66,0,0,1,0
2021-02-09,959,1,49,843,67,0,0,1,0
2021-02-10,960,1,49,844,67,0,0,1,0
2021-02-11,960,1,48,845,67,0,0,1,0
2021-02-12,960,1,48,845,67,0,0,1,0
2021-02-13,961,1,48,846,67,0,0,1,0
2021-02-14,961,1,47,847,67,0,0,1,0
2021-02-15,962,1,47,848,67,0,0,1,0
2021-02-16,963,1,47,849,67,0,0,1,0
2021-02-17,962,1,46,849,67,0,0,1,0
2021-02-18,963,1,46,850,67,0,0,1,0
2021-02-19,964,1,46,851,67,0,0,1,0
2021-02-20,964,1,45,852,67,0,0,1,0
2021-02-21,964,1,45,852,67,0,0,1,0
2021-02-22,964,1,44,853,67,0,0,1,0
2021-02-23,965,1,44,854,67,0,0,1,0
2021-02-24,966,1,44,855,67,0,0,1,0
2021-02-25,965,1,43,855,67,0,0,1,0
2021-02-26,967,1,43,856,68,0,0,1,0
2021-02-27,968,1,43,857,68,0,0,1,0
2021-02-28,968,1,43,857,68,0,0,1,0
2021-03-01,968,1,42,858,68,0,0,1,0
2021-03-02,969,1,42,859,68,0,0,1,0
2021-03-03,969,1,42,859,68,0,0,1,0
2021-03-04,969,1,41,860,68,0,0,1,0
2021-03-05,970,1,41,861,68,0,0,1,0
2021-03-06,970,1,41,861,68,0,0,1,0
2021-03-07,970,1,40,862,68,0,0,1,0
2021-03-08,971,1,40,863,68,0,0,1,0
2021-03-09,971,1,40,863,68,0,0,1,0
2021-03-10,971,1,39,864,68,0,0,1,0
2021-03-11,972,1,39,865,68,0,0,1,0
2021-03-12,972,1,39,865,68,0,0,1,0
2021-03-13,973,1,39,866,68,0,0,1,0
2021-03-14,973,1,38,867,68,0,0,1,0
2021-03-15,973,1,38,867,68,0,0,1,0
2021-03-16,974,1,38,868,68,0,0,1,0
2021-03-17,975,1,37,869,69,0,0,1,0
2021-03-18,975,1,37,869,69,0,0,1,0
2021-03-19,976,1,37,870,69,0,0,1,0
2021-03-20,976,1,37,870,69,0,0,1,0
2021-03-21,976,1,36,871,69,0,0,1,0
2021-03-22,977,1,36,872,69,0,0,1,0
2021-03-23,977,1,36,872,69,0,0,1,0
2021-03-24,977,1,35,873,69,0,0,1,0
2021-03-25,977,1,35,873,69,0,0,1,0
2021-03-26,978,1,35,874,69,0,0,1,0
2021-03-27,979,1,35,875,69,0,0,1,0
2021-03-28,978,1,34,875,69,0,0,1,0
2021-03-29,979,1,34,876,69,0,0,1,0
2021-03-30,979,1,34,876,69,0,0,1,0
2021-03-31,980,1,34,877,69,0,0,1,0
2021-04-01,979,1,33,877,69,0,0,1,0
2021-04-02,980,1,33,878,69,0,0,1,0
2021-04-03,980,1,33,878,69,0,0,1,0
2021-04-04,981,1,33,879,69,0,0,1,0
2021-04-05,980,1,32,879,69,0,0,1,0
2021-04-06,981,1,32,880,69,0,0,1,0
2021-04-07,982,1,32,881,69,0,0,1,0
2021-04-08,983,1,32,881,70,0,0,1,0
2021-04-09,983,1,31,882,70,0,0,1,0
2021-04-10,983,1,31,882,70,0,0,1,0
2021-04-11,984,1,31,883,70,0,0,1,0
2021-04-12,984,1,31,883,70,0,0,1,0
2021-04-13,984,1,30,884,70,0,0,1,0
2021-04-14,984,1,30,884,70,0,0,0,0
2021-04-15,985,1,30,885,70,0,0,0,0
2021-04-16,985,1,30,885,70,0,0,0,0
2021-04-17,986,1,30,886,70,0,0,0,0
2021-04-18,985,1,29,886,70,0,0,0,0
2021-04-19,986,1,29,887,70,0,0,0,0
2021-04-20,986,1,29,887,70,0,0,0,0
2021-04-21,987,1,29,888,70,0,0,0,0
2021-04-22,986,1,28,888,70,0,0,0,0
2021-04-23,986,1,28,888,70,0,0,0,0
2021-04-24,987,1,28,889,70,0,0,0,0
2021-04-25,987,1,28,889,70,0,0,0,0
2021-04-26,988,1,28,890,70,0,0,0,0
2021-04-27,987,1,27,890,70,0,0,0,0
2021-04-28,988,1,27,891,70,0,0,0,0
2021-04-29,988,1,27,891,70,0,0,0,0
2021-04-30,989,1,27,892,70,0,0,0,0
2021-05-01,989,1,27,892,70,0,0,0,0
2021-05-02,989,1,26,893,70,0,0,0,0
2021-05-03,989,1,26,893,70,0,0,0,0
2021-05-04,989,1,26,893,70,0,0,0,0
2021-05-05,991,1,26,894,71,0,0,0,0
2021-05-06,991,1,26,894,71,0,0,0,0
2021-05-07,991,1,25,895,71,0,0,0,0
2021-05-08,991,1,25,895,71,0,0,0,0
