Date,Confirmed,Exposed,Active,Recovered,Deaths,Diff Exposed,Diff Active,Diff Recovered,Diff Deaths
2020-05-04,303,5169,168,130,5,-52,27,23,1
2020-05-05,354,5117,195,154,5,-51,23,27,1
2020-05-06,405,5066,218,181,6,-51,19,30,1
2020-05-07,456,5015,237,212,7,-50,16,33,1
2020-05-08,507,4965,253,245,9,-50,13,35,1
2020-05-09,556,4916,266,280,10,-49,11,37,1
2020-05-10,605,4867,277,317,11,-49,9,39,1
2020-05-11,655,4818,286,356,13,-48,7,40,1
2020-05-12,702,4770,292,396,14,-48,5,41,1
2020-05-13,750,4722,298,437,15,-47,4,42,1
2020-05-14,797,4675,302,478,17,-47,3,42,1
2020-05-15,844,4628,305,521,18,-46,2,43,1
2020-05-16,890,4582,307,563,20,-46,1,43,2
2020-05-17,936,4536,309,606,21,-45,1,43,2
2020-05-18,981,4491,309,649,23,-45,0,43,2
2020-05-19,1026,4446,310,692,24,-44,0,43,2
2020-05-20,1071,4401,309,736,26,-44,-1,43,2
2020-05-21,1115,4357,309,779,27,-44,-1,43,2
2020-05-22,1159,4314,308,822,29,-43,-1,43,2
2020-05-23,1201,4270,306,865,30,-43,-2,43,2
2020-05-24,1245,4228,305,908,32,-42,-2,43,1
2020-05-25,1286,4185,303,950,33,-42,-2,42,1
2020-05-26,1328,4144,301,992,35,-41,-2,42,1
2020-05-27,1370,4102,299,1035,36,-41,-2,42,1
2020-05-28,1411,4061,297,1076,38,-41,-2,41,1
2020-05-29,1451,4021,294,1118,39,-40,-2,41,1
2020-05-30,1492,3980,292,1159,41,-40,-2,41,1
2020-05-31,1532,3941,290,1200,42,-39,-2,40,1
2020-06-01,1571,3901,287,1240,44,-39,-3,40,1
2020-06-02,1610,3862,285,1280,45,-39,-3,40,1
2020-06-03,1648,3824,282,1320,46,-38,-3,39,1
2020-06-04,1687,3785,280,1359,48,-38,-3,39,1
2020-06-05,1724,3747,277,1398,49,-37,-3,39,1
2020-06-06,1762,3710,274,1437,51,-37,-3,38,1
2020-06-07,1799,3673,272,1475,52,-37,-3,38,1
2020-06-08,1835,3636,269,1513,53,-36,-3,38,1
2020-06-09,1873,3600,267,1551,55,-36,-3,37,1
2020-06-10,1908,3564,264,1588,56,-36,-3,37,1
2020-06-11,1944,3528,262,1625,57,-35,-3,37,1
2020-06-12,1979,3493,259,1662,58,-35,-3,36,1
2020-06-13,2015,3458,257,1698,60,-35,-3,36,1
2020-06-14,2049,3423,254,1734,61,-34,-2,35,1
2020-06-15,2083,3389,252,1769,62,-34,-2,35,1
2020-06-16,2117,3355,249,1804,64,-34,-2,35,1
2020-06-17,2151,3322,247,1839,65,-33,-2,34,1
2020-06-18,2183,3288,244,1873,66,-33,-2,34,1
2020-06-19,2217,3256,242,1908,67,-33,-2,34,1
2020-06-20,2248,3223,239,1941,68,-32,-2,33,1
2020-06-21,2282,3191,237,1975,70,-32,-2,33,1
2020-06-22,2314,3159,235,2008,71,-32,-2,33,1
2020-06-23,2345,3127,232,2041,72,-31,-2,32,1
2020-06-24,2376,3096,230,2073,73,-31,-2,32,1
2020-06-25,2407,3065,228,2105,74,-31,-2,32,1
2020-06-26,2437,3034,225,2137,75,-30,-2,31,1
2020-06-27,2467,3004,223,2168,76,-30,-2,31,1
2020-06-28,2498,2974,221,2200,77,-30,-2,31,1
2020-06-29,2528,2944,219,2230,79,-29,-2,31,1
2020-06-30,2558,2915,217,2261,80,-29,-2,30,1
2020-07-01,2586,2886,214,2291,81,-29,-2,30,1
2020-07-02,2615,2857,212,2321,82,-29,-2,30,1
2020-07-03,2644,2828,210,2351,83,-28,-2,29,1
2020-07-04,2672,2800,208,2380,84,-28,-2,29,1
2020-07-05,2700,2772,206,2409,85,-28,-2,29,1
2020-07-06,2728,2744,204,2438,86,-27,-2,28,1
2020-07-07,2755,2717,202,2466,87,-27,-2,28,1
2020-07-08,2783,2690,200,2495,88,-27,-2,28,1
2020-07-09,2810,2663,198,2523,89,-27,-2,28,1
2020-07-10,2836,2636,196,2550,90,-26,-2,27,1
2020-07-11,2863,2610,194,2578,91,-26,-2,27,1
2020-07-12,2889,2584,192,2605,92,-26,-2,27,1
2020-07-13,2914,2558,190,2631,93,-26,-2,27,1
2020-07-14,2940,2532,188,2658,94,-25,-2,26,1
2020-07-15,2964,2507,186,2684,94,-25,-2,26,1
2020-07-16,2989,2482,184,2710,95,-25,-2,26,1
2020-07-17,3015,2457,183,2736,96,-25,-2,25,1
2020-07-18,3040,2432,181,2762,97,-24,-2,25,1
2020-07-19,3064,2408,179,2787,98,-24,-2,25,1
2020-07-20,3088,2384,177,2812,99,-24,-2,25,1
2020-07-21,3112,2360,175,2837,100,-24,-2,24,1
2020-07-22,3136,2337,174,2861,101,-23,-2,24,1
2020-07-23,3159,2313,172,2885,102,-23,-2,24,1
2020-07-24,3181,2290,170,2909,102,-23,-2,24,1
2020-07-25,3204,2267,168,2933,103,-23,-2,24,1
2020-07-26,3228,2245,167,2957,104,-22,-2,23,1
2020-07-27,3250,2222,165,2980,105,-22,-2,23,1
2020-07-28,3272,2200,163,3003,106,-22,-2,23,1
2020-07-29,3294,2178,162,3026,106,-22,-2,23,1
2020-07-30,3315,2156,160,3048,107,-22,-2,22,1
2020-07-31,3338,2135,159,3071,108,-21,-2,22,1
2020-08-01,3359,2113,157,3093,109,-21,-2,22,1
2020-08-02,3380,2092,155,3115,110,-21,-2,22,1
2020-08-03,3401,2071,154,3137,110,-21,-2,21,1
2020-08-04,3421,2050,152,3158,111,-21,-2,21,1
2020-08-05,3442,2030,151,3179,112,-20,-2,21,1
2020-08-06,3462,2010,149,3200,113,-20,-1,21,1
2020-08-07,3482,1990,148,3221,113,-20,-1,21,1
2020-08-08,3502,1970,146,3242,114,-20,-1,20,1
2020-08-09,3522,1950,145,3262,115,-19,-1,20,1
2020-08-10,3542,1930,143,3283,116,-19,-1,20,1
2020-08-11,3561,1911,142,3303,116,-19,-1,20,1
2020-08-12,3580,1892,141,3322,117,-19,-1,20,1
2020-08-13,3599,1873,139,3342,118,-19,-1,19,1
2020-08-14,3618,1854,138,3362,118,-19,-1,19,1
2020-08-15,3636,1836,136,3381,119,-18,-1,19,1
2020-08-16,3655,1817,135,3400,120,-18,-1,19,1
2020-08-17,3673,1799,134,3419,120,-18,-1,19,1
2020-08-18,3690,1781,132,3437,121,-18,-1,18,1
2020-08-19,3709,1763,131,3456,122,-18,-1,18,1
2020-08-20,3726,1746,130,3474,122,-17,-1,18,1
2020-08-21,3743,1728,128,3492,123,-17,-1,18,1
2020-08-22,3761,1711,127,3510,124,-17,-1,18,1
2020-08-23,3778,1694,126,3528,124,-17,-1,18,1
2020-08-24,3796,1677,125,3546,125,-17,-1,17,1
2020-08-25,3811,1660,123,3563,125,-17,-1,17,1
2020-08-26,3828,1644,122,3580,126,-16,-1,17,1
2020-08-27,3845,1627,121,3597,127,-16,-1,17,1
2020-08-28,3861,1611,120,3614,127,-16,-1,17,1
2020-08-29,3878,1595,119,3631,128,-16,-1,17,1
2020-08-30,3892,1579,117,3647,128,-16,-1,16,1
2020-08-31,3909,1563,116,3664,129,-16,-1,16,1
2020-09-01,3925,1547,115,3680,130,-15,-1,16,1
2020-09-02,3940,1532,114,3696,130,-15,-1,16,1
2020-09-03,3956,1517,113,3712,131,-15,-1,16,1
2020-09-04,3971,1502,112,3728,131,-15,-1,16,1
2020-09-05,3985,1487,110,3743,132,-15,-1,15,1
2020-09-06,4000,1472,109,3759,132,-15,-1,15,1
2020-09-07,4015,1457,108,3774,133,-15,-1,15,1
2020-09-08,4029,1442,107,3789,133,-14,-1,15,1
2020-09-09,4044,1428,106,3804,134,-14,-1,15,1
2020-09-10,4058,1414,105,3819,134,-14,-1,15,1
2020-09-11,4073,1400,104,3834,135,-14,-1,15,1
2020-09-12,4086,1386,103,3848,135,-14,-1,14,1
2020-09-13,4100,1372,102,3862,136,-14,-1,14,1
2020-09-14,4114,1358,101,3877,136,-14,-1,14,0
2020-09-15,4128,1344,100,3891,137,-13,-1,14,0
2020-09-16,4141,1331,99,3905,137,-13,-1,14,0
2020-09-17,4155,1318,98,3919,138,-13,-1,14,0
2020-09-18,4167,1304,97,3932,138,-13,-1,14,0
2020-09-19,4181,1291,96,3946,139,-13,-1,13,0
2020-09-20,4193,1278,95,3959,139,-13,-1,13,0
2020-09-21,4206,1266,94,3972,140,-13,-1,13,0
2020-09-22,4219,1253,93,3986,140,-13,-1,13,0
2020-09-23,4232,1241,92,3999,141,-12,-1,13,0
2020-09-24,4243,1228,91,4011,141,-12,-1,13,0
2020-09-25,4256,1216,90,4024,142,-12,-1,13,0
2020-09-26,4268,1204,89,4037,142,-12,-1,12,0
2020-09-27,4281,1192,89,4049,143,-12,-1,12,0
2020-09-28,4293,1180,88,4062,143,-12,-1,12,0
2020-09-29,4304,1168,87,4074,143,-12,-1,12,0
2020-09-30,4316,1156,86,4086,144,-12,-1,12,0
2020-10-01,4327,1145,85,4098,144,-11,-1,12,0
2020-10-02,4339,1133,84,4110,145,-11,-1,12,0
2020-10-03,4350,1122,83,4122,145,-11,-1,12,0
2020-10-04,4361,1111,83,4133,145,-11,-1,12,0
2020-10-05,4373,1100,82,4145,146,-11,-1,11,0
2020-10-06,4383,1089,81,4156,146,-11,-1,11,0
2020-10-07,4395,1078,80,4168,147,-11,-1,11,0
2020-10-08,4405,1067,79,4179,147,-11,-1,11,0
2020-10-09,4415,1056,78,4190,147,-11,-1,11,0
2020-10-10,4427,1046,78,4201,148,-10,-1,11,0
2020-10-11,4437,1035,77,4212,148,-10,-1,11,0
2020-10-12,4447,1025,76,4222,149,-10,-1,11,0
2020-10-13,4457,1015,75,4233,149,-10,-1,11,0
2020-10-14,4468,1004,75,4244,149,-10,-1,10,0
2020-10-15,4478,994,74,4254,150,-10,-1,10,0
2020-10-16,4487,984,73,4264,150,-10,-1,10,0
2020-10-17,4496,975,72,4274,150,-10,-1,10,0
2020-10-18,4508,965,72,4285,151,-10,-1,10,0
2020-10-19,4517,955,71,4295,151,-10,-1,10,0
2020-10-20,4527,946,70,4305,152,-9,-1,10,0
2020-10-21,4536,936,70,4314,152,-9,-1,10,0
2020-10-22,4545,927,69,4324,152,-9,-1,10,0
2020-10-23,4555,918,68,4334,153,-9,-1,10,0
2020-10-24,4564,908,68,4343,153,-9,-1,9,0
2020-10-25,4573,899,67,4353,153,-9,-1,9,0
2020-10-26,4582,890,66,4362,154,-9,-1,9,0
2020-10-27,4591,881,66,4371,154,-9,-1,9,0
2020-10-28,4599,873,65,4380,154,-9,-1,9,0
2020-10-29,4607,864,64,4389,154,-9,-1,9,0
2020-10-30,4617,855,64,4398,155,-9,-1,9,0
2020-10-31,4625,847,63,4407,155,-8,-1,9,0
2020-11-01,4633,838,62,4416,155,-8,-1,9,0
2020-11-02,4643,830,62,4425,156,-8,-1,9,0
2020-11-03,4650,822,61,4433,156,-8,-1,9,0
2020-11-04,4658,813,60,4442,156,-8,-1,8,0
2020-11-05,4667,805,60,4450,157,-8,-1,8,0
2020-11-06,4675,797,59,4459,157,-8,-1,8,0
2020-11-07,4683,789,59,4467,157,-8,-1,8,0
2020-11-08,4691,781,58,4475,158,-8,-1,8,0
2020-11-09,4698,773,57,4483,158,-8,-1,8,0
2020-11-10,4706,766,57,4491,158,-8,-1,8,0
2020-11-11,4713,758,56,4499,158,-8,-1,8,0
2020-11-12,4722,751,56,4507,159,-8,-1,8,0
2020-11-13,4729,743,55,4515,159,-7,-1,8,0
2020-11-14,4737,736,55,4523,159,-7,-1,8,0
2020-11-15,4743,728,54,4530,159,-7,-1,8,0
2020-11-16,4752,721,54,4538,160,-7,-1,7,0
2020-11-17,4758,714,53,4545,160,-7,-1,7,0
2020-11-18,4766,707,53,4553,160,-7,-1,7,0
2020-11-19,4772,700,52,4560,160,-7,-1,7,0
2020-11-20,4779,693,51,4567,161,-7,-1,7,0
2020-11-21,4786,686,51,4574,161,-7,-1,7,0
2020-11-22,4793,679,50,4582,161,-7,-1,7,0
2020-11-23,4801,672,50,4589,162,-7,0,7,0
2020-11-24,4807,665,49,4596,162,-7,0,7,0
2020-11-25,4813,659,49,4602,162,-7,0,7,0
2020-11-26,4819,652,48,4609,162,-7,0,7,0
2020-11-27,4826,645,48,4616,162,-6,0,7,0
2020-11-28,4833,639,47,4623,163,-6,0,7,0
2020-11-29,4839,633,47,4629,163,-6,0,7,0
2020-11-30,4846,626,47,4636,163,-6,0,6,0
2020-12-01,4851,620,46,4642,163,-6,0,6,0
2020-12-02,4859,614,46,4649,164,-6,0,6,0
2020-12-03,4864,608,45,4655,164,-6,0,6,0
2020-12-04,4871,602,45,4662,164,-6,0,6,0
2020-12-05,4876,596,44,4668,164,-6,0,6,0
2020-12-06,4883,590,44,4674,165,-6,0,6,0
2020-12-07,4888,584,43,4680,165,-6,0,6,0
2020-12-08,4894,578,43,4686,165,-6,0,6,0
2020-12-09,4900,572,43,4692,165,-6,0,6,0
2020-12-10,4905,566,42,4698,165,-6,0,6,0
2020-12-11,4912,561,42,4704,166,-6,0,6,0
2020-12-12,4917,555,41,4710,166,-6,0,6,0
2020-12-13,4923,550,41,4716,166,-5,0,6,0
2020-12-14,4927,544,40,4721,166,-5,0,6,0
2020-12-15,4933,539,40,4727,166,-5,0,6,0
2020-12-16,4940,533,40,4733,167,-5,0,6,0
2020-12-17,4944,528,39,4738,167,-5,0,5,0
2020-12-18,4950,523,39,4744,167,-5,0,5,0
2020-12-19,4954,517,38,4749,167,-5,0,5,0
2020-12-20,4959,512,38,4754,167,-5,0,5,0
2020-12-21,4966,507,38,4760,168,-5,0,5,0
2020-12-22,4970,502,37,4765,168,-5,0,5,0
2020-12-23,4975,497,37,4770,168,-5,0,5,0
2020-12-24,4980,492,37,4775,168,-5,0,5,0
2020-12-25,4984,487,36,4780,168,-5,0,5,0
2020-12-26,4989,482,36,4785,168,-5,0,5,0
2020-12-27,4994,477,35,4790,169,-5,0,5,0
2020-12-28,4999,473,35,4795,169,-5,0,5,0
2020-12-29,5004,468,35,4800,169,-5,0,5,0
2020-12-30,5008,463,34,4805,169,-5,0,5,0
2020-12-31,5013,459,34,4810,169,-5,0,5,0
2021-01-01,5018,454,34,4815,169,-5,0,5,0
2021-01-02,5022,450,33,4819,170,-4,0,5,0
2021-01-03,5027,445,33,4824,170,-4,0,5,0
2021-01-04,5032,441,33,4829,170,-4,0,5,0
2021-01-05,5035,436,32,4833,170,-4,0,5,0
2021-01-06,5040,432,32,4838,170,-4,0,4,0
2021-01-07,5044,427,32,4842,170,-4,0,4,0
2021-01-08,5049,423,31,4847,171,-4,0,4,0
2021-01-09,5053,419,31,4851,171,-4,0,4,0
2021-01-10,5057,415,31,4855,171,-4,0,4,0
2021-01-11,5062,411,31,4860,171,-4,0,4,0
2021-01-12,5065,407,30,4864,171,-4,0,4,0
2021-01-13,5069,402,30,4868,171,-4,0,4,0
2021-01-14,5073,398,30,4872,171,-4,0,4,0
2021-01-15,5078,394,29,4877,172,-4,0,4,0
2021-01-16,5082,391,29,4881,172,-4,0,4,0
2021-01-17,5086,387,29,4885,172,-4,0,4,0
2021-01-18,5089,383,28,4889,172,-4,0,4,0
2021-01-19,5093,379,28,4893,172,-4,0,4,0
2021-01-20,5097,375,28,4897,172,-4,0,4,0
2021-01-21,5101,371,28,4901,172,-4,0,4,0
2021-01-22,5104,368,27,4904,173,-4,0,4,0
2021-01-23,5108,364,27,4908,173,-4,0,4,0
2021-01-24,5112,360,27,4912,173,-4,0,4,0
2021-01-25,5116,357,27,4916,173,-4,0,4,0
2021-01-26,5118,353,26,4919,173,-4,0,4,0
2021-01-27,5122,350,26,4923,173,-3,0,4,0
2021-01-28,5126,346,26,4927,173,-3,0,4,0
2021-01-29,5129,343,25,4930,174,-3,0,4,0
2021-01-30,5133,339,25,4934,174,-3,0,4,0
2021-01-31,5136,336,25,4937,174,-3,0,3,0
2021-02-01,5140,333,25,4941,174,-3,0,3,0
2021-02-02,5142,329,24,4944,174,-3,0,3,0
2021-02-03,5146,326,24,4948,174,-3,0,3,0
2021-02-04,5149,323,24,4951,174,-3,0,3,0
2021-02-05,5152,319,24,4954,174,-3,0,3,0
2021-02-06,5155,316,23,4958,174,-3,0,3,0
2021-02-07,5159,313,23,4961,175,-3,0,3,0
2021-02-08,5162,310,23,4964,175,-3,0,3,0
2021-02-09,5166,307,23,4968,175,-3,0,3,0
2021-02-10,5169,304,23,4971,175,-3,0,3,0
2021-02-11,5171,301,22,4974,175,-3,0,3,0
2021-02-12,5174,298,22,4977,175,-3,0,3,0
2021-02-13,5177,295,22,4980,175,-3,0,3,0
2021-02-14,5180,292,22,4983,175,-3,0,3,0
2021-02-15,5182,289,21,4986,175,-3,0,3,0
2021-02-16,5186,286,21,4989,176,-3,0,3,0
2021-02-17,5189,283,21,4992,176,-3,0,3,0
2021-02-18,5192,280,21,4995,176,-3,0,3,0
2021-02-19,5195,277,21,4998,176,-3,0,3,0
2021-02-20,5197,275,20,5001,176,-3,0,3,0
2021-02-21,5200,272,20,5004,176,-3,0,3,0
2021-02-22,5203,269,20,5007,176,-3,0,3,0
2021-02-23,5205,267,20,5009,176,-3,0,3,0
2021-02-24,5208,264,20,5012,176,-3,0,3,0
2021-02-25,5211,261,19,5015,177,-3,0,3,0
2021-02-26,5214,259,19,5018,177,-3,0,3,0
2021-02-27,5216,256,19,5020,177,-3,0,3,0
2021-02-28,5219,253,19,5023,177,-3,0,3,0
2021-03-01,5222,251,19,5026,177,-3,0,3,0
2021-03-02,5223,248,18,5028,177,-2,0,3,0
2021-03-03,5226,246,18,5031,177,-2,0,3,0
2021-03-04,5228,244,18,5033,177,-2,0,3,0
2021-03-05,5231,241,18,5036,177,-2,0,3,0
2021-03-06,5233,239,18,5038,177,-2,0,2,0
2021-03-07,5236,236,18,5041,177,-2,0,2,0
2021-03-08,5238,234,17,5043,178,-2,0,2,0
2021-03-09,5241,232,17,5046,178,-2,0,2,0
2021-03-10,5243,229,17,5048,178,-2,0,2,0
2021-03-11,5245,227,17,5050,178,-2,0,2,0
2021-03-12,5248,225,17,5053,178,-2,0,2,0
2021-03-13,5250,222,17,5055,178,-2,0,2,0
2021-03-14,5251,220,16,5057,178,-2,0,2,0
2021-03-15,5254,218,16,5060,178,-2,0,2,0
2021-03-16,5256,216,16,5062,178,-2,0,2,0
2021-03-17,5258,214,16,5064,178,-2,0,2,0
2021-03-18,5260,212,16,5066,178,-2,0,2,0
2021-03-19,5263,209,16,5069,178,-2,0,2,0
2021-03-20,5264,207,15,5071,178,-2,0,2,0
2021-03-21,5267,205,15,5073,179,-2,0,2,0
2021-03-22,5269,203,15,5075,179,-2,0,2,0
2021-03-23,5271,201,15,5077,179,-2,0,2,0
2021-03-24,5273,199,15,5079,179,-2,0,2,0
2021-03-25,5275,197,15,5081,179,-2,0,2,0
2021-03-26,5277,195,15,5083,179,-2,0,2,0
2021-03-27,5278,193,14,5085,179,-2,0,2,0
2021-03-28,5280,191,14,5087,179,-2,0,2,0
2021-03-29,5282,189,14,5089,179,-2,0,2,0
2021-03-30,5284,188,14,5091,179,-2,0,2,0
2021-03-31,5286,186,14,5093,179,-2,0,2,0
2021-04-01,5288,184,14,5095,179,-2,0,2,0
2021-04-02,5290,182,14,5097,179,-2,0,2,0
2021-04-03,5291,180,13,5099,179,-2,0,2,0
2021-04-04,5294,178,13,5101,180,-2,0,2,0
2021-04-05,5296,177,13,5103,180,-2,0,2,0
2021-04-06,5298,175,13,5105,180,-2,0,2,0
2021-04-07,5299,173,13,5106,180,-2,0,2,0
2021-04-08,5301,171,13,5108,180,-2,0,2,0
2021-04-09,5303,170,13,5110,180,-2,0,2,0
2021-04-10,5304,168,12,5112,180,-2,0,2,0
2021-04-11,5305,166,12,5113,180,-2,0,2,0
2021-04-12,5307,165,12,5115,180,-2,0,2,0
2021-04-13,5309,163,12,5117,180,-2,0,2,0
2021-04-14,5311,161,12,5119,180,-2,0,2,0
2021-04-15,5312,160,12,5120,180,-2,0,2,0
2021-04-16,5314,158,12,5122,180,-2,0,2,0
2021-04-17,5316,156,12,5124,180,-2,0,2,0
2021-04-18,5317,155,12,5125,180,-2,0,2,0
2021-04-19,5318,153,11,5127,180,-2,0,2,0
2021-04-20,5320,152,11,5128,181,-2,0,2,0
2021-04-21,5322,150,11,5130,181,-2,0,2,0
2021-04-22,5324,149,11,5132,181,-1,0,2,0
2021-04-23,5325,147,11,5133,181,-1,0,2,0
2021-04-24,5327,146,11,5135,181,-1,0,2,0
2021-04-25,5328,144,11,5136,181,-1,0,1,0
2021-04-26,5330,143,11,5138,181,-1,0,1,0
2021-04-27,5331,142,11,5139,181,-1,0,1,0
2021-04-28,5332,140,10,5141,181,-1,0,1,0
2021-04-29,5333,139,10,5142,181,-1,0,1,0
