Date,Infected,Exposed,Active,Recovered,Deaths,Diff Exposed,Diff Active,Diff Recovered,Diff Deaths
2020-05-10,707,8,171,495,41,6,-4,9,1
2020-05-11,713,14,167,504,42,1,1,9,1
2020-05-12,724,15,168,513,43,0,1,9,1
2020-05-13,735,15,169,522,44,0,1,9,1
2020-05-14,745,15,170,531,44,0,1,9,1
2020-05-15,757,15,172,540,45,0,2,9,1
2020-05-16,769,15,173,550,46,0,2,9,1
2020-05-17,781,16,175,559,47,0,2,9,1
2020-05-18,792,16,176,569,47,0,2,10,1
2020-05-19,804,16,178,578,48,0,2,10,1
2020-05-20,816,16,179,588,49,0,2,10,1
2020-05-21,828,16,181,597,50,0,2,10,1
2020-05-22,841,16,183,607,51,0,2,10,1
2020-05-23,852,16,184,617,51,0,2,10,1
2020-05-24,865,17,186,627,52,0,2,10,1
2020-05-25,877,17,187,637,53,0,2,10,1
2020-05-26,890,17,189,647,54,0,2,10,1
2020-05-27,904,17,191,658,55,0,2,10,1
2020-05-28,916,17,192,668,56,0,2,10,1
2020-05-29,929,17,194,678,57,0,2,11,1
2020-05-30,942,17,196,689,57,0,2,11,1
2020-05-31,955,18,198,699,58,0,2,11,1
2020-06-01,968,18,199,710,59,0,2,11,1
2020-06-02,982,18,201,721,60,0,2,11,1
2020-06-03,996,18,203,732,61,0,2,11,1
2020-06-04,1010,18,205,743,62,0,2,11,1
2020-06-05,1023,18,206,754,63,0,2,11,1
2020-06-06,1037,18,208,765,64,0,2,11,1
2020-06-07,1051,19,210,776,65,0,2,11,1
2020-06-08,1066,19,212,788,66,0,2,11,1
2020-06-09,1080,19,214,799,67,0,2,12,1
2020-06-10,1095,19,216,811,68,0,2,12,1
2020-06-11,1108,19,217,822,69,0,2,12,1
2020-06-12,1123,19,219,834,70,0,2,12,1
2020-06-13,1138,20,221,846,71,0,2,12,1
2020-06-14,1153,20,223,858,72,0,2,12,1
2020-06-15,1168,20,225,870,73,0,2,12,1
2020-06-16,1183,20,227,882,74,0,2,12,1
2020-06-17,1198,20,229,894,75,0,2,12,1
2020-06-18,1214,21,231,907,76,0,2,13,1
2020-06-19,1229,21,233,919,77,0,2,13,1
2020-06-20,1245,21,235,932,78,0,2,13,1
2020-06-21,1261,21,237,945,79,0,2,13,1
2020-06-22,1276,21,239,957,80,0,2,13,1
2020-06-23,1292,21,241,970,81,0,2,13,1
2020-06-24,1309,22,244,983,82,0,2,13,1
2020-06-25,1326,22,246,997,83,0,2,13,1
2020-06-26,1342,22,248,1010,84,0,2,13,1
2020-06-27,1358,22,250,1023,85,0,2,14,1
2020-06-28,1375,22,252,1037,86,0,2,14,1
2020-06-29,1392,23,254,1050,88,0,2,14,1
2020-06-30,1410,23,257,1064,89,0,2,14,1
2020-07-01,1427,23,259,1078,90,0,2,14,1
2020-07-02,1444,23,261,1092,91,0,2,14,1
2020-07-03,1461,23,263,1106,92,0,2,14,1
2020-07-04,1480,24,266,1121,93,0,2,14,1
2020-07-05,1498,24,268,1135,95,0,2,15,1
2020-07-06,1515,24,270,1149,96,0,2,15,1
2020-07-07,1534,24,273,1164,97,0,2,15,1
2020-07-08,1552,24,275,1179,98,0,2,15,1
2020-07-09,1572,25,278,1194,100,0,2,15,1
2020-07-10,1590,25,280,1209,101,0,2,15,1
2020-07-11,1608,25,282,1224,102,0,2,15,1
2020-07-12,1627,25,285,1239,103,0,2,15,1
2020-07-13,1647,26,287,1255,105,0,3,16,1
2020-07-14,1666,26,290,1270,106,0,3,16,1
2020-07-15,1685,26,292,1286,107,0,3,16,1
2020-07-16,1706,26,295,1302,109,0,3,16,1
2020-07-17,1726,26,298,1318,110,0,3,16,1
2020-07-18,1745,27,300,1334,111,0,3,16,1
2020-07-19,1766,27,303,1350,113,0,3,16,1
2020-07-20,1785,27,305,1366,114,0,3,17,1
2020-07-21,1806,27,308,1383,115,0,3,17,1
2020-07-22,1828,28,311,1400,117,0,3,17,1
2020-07-23,1848,28,314,1416,118,0,3,17,1
2020-07-24,1868,28,316,1433,119,0,3,17,1
2020-07-25,1890,28,319,1450,121,0,3,17,1
2020-07-26,1912,29,322,1468,122,0,3,17,1
2020-07-27,1934,29,325,1485,124,0,3,18,1
2020-07-28,1956,29,328,1503,125,0,3,18,1
2020-07-29,1977,29,330,1520,127,0,3,18,1
2020-07-30,1999,30,333,1538,128,0,3,18,2
2020-07-31,2022,30,336,1556,130,0,3,18,2
2020-08-01,2044,30,339,1574,131,0,3,18,2
2020-08-02,2068,30,342,1593,133,0,3,19,2
2020-08-03,2090,31,345,1611,134,0,3,19,2
2020-08-04,2114,31,348,1630,136,0,3,19,2
2020-08-05,2137,31,351,1649,137,0,3,19,2
2020-08-06,2161,31,354,1668,139,0,3,19,2
2020-08-07,2185,32,357,1687,141,0,3,19,2
2020-08-08,2209,32,361,1706,142,0,3,20,2
2020-08-09,2234,32,364,1726,144,0,3,20,2
2020-08-10,2259,33,367,1746,146,0,3,20,2
2020-08-11,2282,33,370,1765,147,0,3,20,2
2020-08-12,2307,33,373,1785,149,0,3,20,2
2020-08-13,2334,33,377,1806,151,0,3,20,2
2020-08-14,2358,34,380,1826,152,0,3,21,2
2020-08-15,2384,34,383,1847,154,0,3,21,2
2020-08-16,2410,34,387,1867,156,0,3,21,2
2020-08-17,2435,35,390,1888,157,0,3,21,2
2020-08-18,2461,35,393,1909,159,0,3,21,2
2020-08-19,2489,35,397,1931,161,0,3,21,2
2020-08-20,2515,36,400,1952,163,0,4,22,2
2020-08-21,2543,36,404,1974,165,0,4,22,2
2020-08-22,2569,36,407,1996,166,0,4,22,2
2020-08-23,2597,37,411,2018,168,0,4,22,2
2020-08-24,2625,37,415,2040,170,0,4,22,2
2020-08-25,2652,37,418,2062,172,0,4,23,2
2020-08-26,2681,37,422,2085,174,0,4,23,2
2020-08-27,2710,38,426,2108,176,0,4,23,2
2020-08-28,2738,38,429,2131,178,0,4,23,2
2020-08-29,2767,38,433,2154,180,0,4,23,2
2020-08-30,2796,39,437,2177,182,0,4,24,2
2020-08-31,2825,39,441,2201,183,0,4,24,2
2020-09-01,2854,40,444,2225,185,0,4,24,2
2020-09-02,2884,40,448,2249,187,0,4,24,2
2020-09-03,2915,40,452,2273,190,0,4,24,2
2020-09-04,2946,41,456,2298,192,0,4,25,2
2020-09-05,2976,41,460,2322,194,0,4,25,2
2020-09-06,3007,41,464,2347,196,0,4,25,2
2020-09-07,3038,42,468,2372,198,0,4,25,2
2020-09-08,3070,42,472,2398,200,0,4,26,2
2020-09-09,3102,42,477,2423,202,0,4,26,2
2020-09-10,3134,43,481,2449,204,0,4,26,2
2020-09-11,3166,43,485,2475,206,0,4,26,2
2020-09-12,3199,43,489,2501,209,0,4,26,2
2020-09-13,3233,44,494,2528,211,0,4,27,2
2020-09-14,3266,44,498,2555,213,0,4,27,2
2020-09-15,3298,45,502,2581,215,0,4,27,2
2020-09-16,3333,45,507,2609,217,0,4,27,2
2020-09-17,3367,45,511,2636,220,0,4,28,2
2020-09-18,3401,46,515,2664,222,0,5,28,2
2020-09-19,3436,46,520,2692,224,0,5,28,2
2020-09-20,3472,47,525,2720,227,0,5,28,2
2020-09-21,3506,47,529,2748,229,0,5,29,2
2020-09-22,3542,47,534,2777,231,0,5,29,2
2020-09-23,3578,48,538,2806,234,0,5,29,2
2020-09-24,3614,48,543,2835,236,0,5,29,2
2020-09-25,3651,49,548,2864,239,0,5,30,2
2020-09-26,3688,49,553,2894,241,0,5,30,2
2020-09-27,3726,50,558,2924,244,0,5,30,3
2020-09-28,3762,50,562,2954,246,0,5,30,3
2020-09-29,3800,50,567,2984,249,0,5,31,3
2020-09-30,3838,51,572,3015,251,0,5,31,3
2020-10-01,3877,51,577,3046,254,0,5,31,3
2020-10-02,3916,52,582,3077,257,0,5,32,3
2020-10-03,3956,52,588,3109,259,0,5,32,3
2020-10-04,3996,53,593,3141,262,0,5,32,3
2020-10-05,4035,53,598,3173,264,0,5,32,3
2020-10-06,4075,54,603,3205,267,0,5,33,3
2020-10-07,4116,54,608,3238,270,0,5,33,3
2020-10-08,4158,55,614,3271,273,0,5,33,3
2020-10-09,4198,55,619,3304,275,0,5,33,3
2020-10-10,4239,55,624,3337,278,0,5,34,3
2020-10-11,4282,56,630,3371,281,0,6,34,3
2020-10-12,4324,56,635,3405,284,0,6,34,3
2020-10-13,4367,57,641,3439,287,0,6,35,3
2020-10-14,4411,57,647,3474,290,1,6,35,3
2020-10-15,4454,58,652,3509,293,1,6,35,3
2020-10-16,4497,58,658,3544,295,1,6,36,3
2020-10-17,4542,59,664,3580,298,1,6,36,3
2020-10-18,4587,60,670,3616,301,1,6,36,3
2020-10-19,4631,60,675,3652,304,1,6,37,3
2020-10-20,4678,61,681,3689,308,1,6,37,3
2020-10-21,4724,61,687,3726,311,1,6,37,3
2020-10-22,4770,62,693,3763,314,1,6,38,3
2020-10-23,4816,62,699,3800,317,1,6,38,3
2020-10-24,4864,63,706,3838,320,1,6,38,3
2020-10-25,4911,63,712,3876,323,1,6,39,3
2020-10-26,4959,64,718,3915,326,1,6,39,3
2020-10-27,5008,64,724,3954,330,1,6,39,3
2020-10-28,5057,65,731,3993,333,1,6,40,3
2020-10-29,5105,65,737,4032,336,1,6,40,3
2020-10-30,5154,66,743,4072,339,1,7,40,3
2020-10-31,5206,67,750,4113,343,1,7,41,3
2020-11-01,5255,67,756,4153,346,1,7,41,3
2020-11-02,5307,68,763,4194,350,1,7,41,3
2020-11-03,5358,68,770,4235,353,1,7,42,3
2020-11-04,5411,69,777,4277,357,1,7,42,4
2020-11-05,5462,70,783,4319,360,1,7,42,4
2020-11-06,5515,70,790,4361,364,1,7,43,4
2020-11-07,5568,71,797,4404,367,1,7,43,4
2020-11-08,5622,71,804,4447,371,1,7,44,4
2020-11-09,5676,72,811,4491,374,1,7,44,4
2020-11-10,5731,73,818,4535,378,1,7,44,4
2020-11-11,5786,73,825,4579,382,1,7,45,4
2020-11-12,5842,74,833,4624,385,1,7,45,4
2020-11-13,5898,75,840,4669,389,1,7,45,4
2020-11-14,5954,75,847,4714,393,1,7,46,4
2020-11-15,6012,76,855,4760,397,1,7,46,4
2020-11-16,6069,77,862,4806,401,1,8,47,4
2020-11-17,6128,77,870,4853,405,1,8,47,4
2020-11-18,6185,78,877,4900,408,1,8,47,4
2020-11-19,6244,79,885,4947,412,1,8,48,4
2020-11-20,6304,79,893,4995,416,1,8,48,4
2020-11-21,6365,80,901,5044,420,1,8,49,4
2020-11-22,6425,81,908,5092,425,1,8,49,4
2020-11-23,6486,81,916,5141,429,1,8,50,4
2020-11-24,6548,82,924,5191,433,1,8,50,4
2020-11-25,6610,83,932,5241,437,1,8,50,4
2020-11-26,6673,84,941,5291,441,1,8,51,4
2020-11-27,6736,84,949,5342,445,1,8,51,4
2020-11-28,6801,85,957,5394,450,1,8,52,4
2020-11-29,6865,86,966,5445,454,1,8,52,4
2020-11-30,6930,87,974,5498,458,1,9,53,4
2020-12-01,6996,87,983,5550,463,1,9,53,4
2020-12-02,7062,88,991,5604,467,1,9,54,4
2020-12-03,7129,89,1000,5657,472,1,9,54,5
2020-12-04,7196,90,1009,5711,476,1,9,55,5
2020-12-05,7264,90,1017,5766,481,1,9,55,5
2020-12-06,7332,91,1026,5821,485,1,9,56,5
2020-12-07,7401,92,1035,5876,490,1,9,56,5
2020-12-08,7471,93,1044,5932,495,1,9,57,5
2020-12-09,7541,94,1053,5989,499,1,9,57,5
2020-12-10,7613,94,1063,6046,504,1,9,57,5
2020-12-11,7684,95,1072,6103,509,1,9,58,5
2020-12-12,7756,96,1081,6161,514,1,9,59,5
2020-12-13,7830,97,1091,6220,519,1,10,59,5
2020-12-14,7902,98,1100,6279,523,1,10,60,5
2020-12-15,7977,99,1110,6339,528,1,10,60,5
2020-12-16,8052,99,1120,6399,533,1,10,61,5
2020-12-17,8127,100,1130,6459,538,1,10,61,5
2020-12-18,8203,101,1139,6520,544,1,10,62,5
2020-12-19,8280,102,1149,6582,549,1,10,62,5
2020-12-20,8357,103,1159,6644,554,1,10,63,5
2020-12-21,8436,104,1170,6707,559,1,10,63,5
2020-12-22,8514,105,1180,6770,564,1,10,64,5
2020-12-23,8594,106,1190,6834,570,1,10,64,5
2020-12-24,8674,107,1201,6898,575,1,11,65,5
2020-12-25,8754,108,1211,6963,580,1,11,66,5
2020-12-26,8837,109,1222,7029,586,1,11,66,6
2020-12-27,8918,110,1232,7095,591,1,11,67,6
2020-12-28,9002,110,1243,7162,597,1,11,67,6
2020-12-29,9086,111,1254,7229,603,1,11,68,6
2020-12-30,9170,112,1265,7297,608,1,11,68,6
2020-12-31,9255,113,1276,7365,614,1,11,69,6
2021-01-01,9341,114,1287,7434,620,1,11,70,6
2021-01-02,9428,115,1298,7504,626,1,11,70,6
2021-01-03,9515,116,1310,7574,631,1,11,71,6
2021-01-04,9603,117,1321,7645,637,1,12,71,6
2021-01-05,9693,118,1333,7717,643,1,12,72,6
2021-01-06,9782,119,1344,7789,649,1,12,73,6
2021-01-07,9872,121,1356,7861,655,1,12,73,6
2021-01-08,9964,122,1368,7935,661,1,12,74,6
2021-01-09,10057,123,1380,8009,668,1,12,75,6
2021-01-10,10149,124,1392,8083,674,1,12,75,6
2021-01-11,10243,125,1404,8159,680,1,12,76,6
2021-01-12,10338,126,1417,8235,686,1,12,77,6
2021-01-13,10433,127,1429,8311,693,1,12,77,6
2021-01-14,10529,128,1441,8389,699,1,13,78,7
2021-01-15,10627,129,1454,8467,706,1,13,79,7
2021-01-16,10724,130,1467,8545,712,1,13,79,7
2021-01-17,10824,131,1480,8625,719,1,13,80,7
2021-01-18,10924,133,1493,8705,726,1,13,81,7
2021-01-19,11024,134,1506,8786,732,1,13,81,7
2021-01-20,11125,135,1519,8867,739,1,13,82,7
2021-01-21,11227,136,1532,8949,746,1,13,83,7
2021-01-22,11330,137,1545,9032,753,1,14,84,7
2021-01-23,11435,139,1559,9116,760,1,14,84,7
2021-01-24,11540,140,1573,9200,767,1,14,85,7
2021-01-25,11645,141,1586,9285,774,1,14,86,7
2021-01-26,11752,142,1600,9371,781,1,14,87,7
2021-01-27,11860,143,1614,9458,788,1,14,87,7
2021-01-28,11969,145,1628,9545,796,1,14,88,7
2021-01-29,12079,146,1643,9633,803,1,14,89,7
2021-01-30,12189,147,1657,9722,810,1,14,90,7
2021-01-31,12301,149,1671,9812,818,1,15,90,8
2021-02-01,12413,150,1686,9902,825,1,15,91,8
2021-02-02,12527,151,1701,9993,833,1,15,92,8
2021-02-03,12642,152,1716,10085,841,1,15,93,8
2021-02-04,12757,154,1731,10178,848,1,15,94,8
2021-02-05,12874,155,1746,10272,856,1,15,94,8
2021-02-06,12991,156,1761,10366,864,1,15,95,8
2021-02-07,13109,158,1776,10461,872,1,16,96,8
2021-02-08,13230,159,1792,10558,880,1,16,97,8
2021-02-09,13351,161,1808,10655,888,1,16,98,8
2021-02-10,13471,162,1823,10752,896,1,16,99,8
2021-02-11,13595,163,1839,10851,905,1,16,100,8
2021-02-12,13719,165,1855,10951,913,1,16,100,8
2021-02-13,13844,166,1872,11051,921,1,16,101,8
2021-02-14,13970,168,1888,11152,930,1,17,102,9
2021-02-15,14096,169,1904,11254,938,1,17,103,9
2021-02-16,14225,171,1921,11357,947,1,17,104,9
2021-02-17,14354,172,1938,11461,955,2,17,105,9
2021-02-18,14485,174,1955,11566,964,2,17,106,9
2021-02-19,14617,175,1972,11672,973,2,17,107,9
2021-02-20,14750,177,1989,11779,982,2,17,108,9
2021-02-21,14884,178,2007,11886,991,2,18,109,9
2021-02-22,15019,180,2024,11995,1000,2,18,110,9
2021-02-23,15155,181,2042,12104,1009,2,18,110,9
2021-02-24,15293,183,2060,12215,1018,2,18,111,9
2021-02-25,15432,185,2078,12326,1028,2,18,112,9
2021-02-26,15572,186,2096,12439,1037,2,18,113,9
2021-02-27,15712,188,2114,12552,1046,2,18,114,10
2021-02-28,15855,189,2133,12666,1056,2,19,115,10
2021-03-01,15999,191,2151,12782,1066,2,19,116,10
2021-03-02,16143,193,2170,12898,1075,2,19,117,10
2021-03-03,16290,194,2189,13016,1085,2,19,118,10
2021-03-04,16437,196,2208,13134,1095,2,19,119,10
2021-03-05,16586,198,2227,13254,1105,2,19,121,10
2021-03-06,16736,200,2247,13374,1115,2,20,122,10
2021-03-07,16887,201,2266,13496,1125,2,20,123,10
2021-03-08,17039,203,2286,13618,1135,2,20,124,10
2021-03-09,17194,205,2306,13742,1146,2,20,125,10
2021-03-10,17349,207,2326,13867,1156,2,20,126,10
2021-03-11,17506,208,2347,13993,1166,2,20,127,11
2021-03-12,17664,210,2367,14120,1177,2,21,128,11
2021-03-13,17824,212,2388,14248,1188,2,21,129,11
2021-03-14,17984,214,2409,14377,1198,2,21,130,11
2021-03-15,18146,216,2430,14507,1209,2,21,131,11
2021-03-16,18310,218,2451,14639,1220,2,21,133,11
2021-03-17,18474,220,2472,14771,1231,2,22,134,11
2021-03-18,18642,222,2494,14905,1243,2,22,135,11
2021-03-19,18810,223,2516,15040,1254,2,22,136,11
2021-03-20,18979,225,2538,15176,1265,2,22,137,11
2021-03-21,19151,227,2560,15314,1277,2,22,139,12
2021-03-22,19322,229,2582,15452,1288,2,23,140,12
2021-03-23,19497,231,2605,15592,1300,2,23,141,12
2021-03-24,19673,233,2628,15733,1312,2,23,142,12
2021-03-25,19848,235,2650,15875,1323,2,23,143,12
2021-03-26,20027,238,2674,16018,1335,2,23,145,12
2021-03-27,20207,240,2697,16163,1347,2,24,146,12
2021-03-28,20389,242,2720,16309,1360,2,24,147,12
2021-03-29,20572,244,2744,16456,1372,2,24,148,12
2021-03-30,20757,246,2768,16605,1384,2,24,150,12
2021-03-31,20943,248,2792,16754,1397,2,24,151,13
2021-04-01,21131,250,2817,16905,1409,2,25,152,13
2021-04-02,21321,252,2841,17058,1422,2,25,154,13
2021-04-03,21513,255,2866,17212,1435,2,25,155,13
2021-04-04,21706,257,2891,17367,1448,2,25,156,13
2021-04-05,21900,259,2916,17523,1461,2,25,158,13
2021-04-06,22097,261,2942,17681,1474,2,26,159,13
2021-04-07,22295,264,2968,17840,1487,2,26,161,13
2021-04-08,22495,266,2993,18001,1501,2,26,162,14
2021-04-09,22697,268,3020,18163,1514,2,26,163,14
2021-04-10,22900,271,3046,18326,1528,2,27,165,14
2021-04-11,23104,273,3072,18491,1541,2,27,166,14
2021-04-12,23311,275,3099,18657,1555,2,27,168,14
2021-04-13,23520,278,3126,18825,1569,2,27,169,14
2021-04-14,23731,280,3154,18994,1583,2,28,171,14
2021-04-15,23943,283,3181,19164,1598,2,28,172,14
2021-04-16,24158,285,3209,19337,1612,2,28,174,14
2021-04-17,24373,288,3237,19510,1626,3,28,175,15
2021-04-18,24591,290,3265,19685,1641,3,28,177,15
2021-04-19,24812,293,3294,19862,1656,3,29,178,15
2021-04-20,25033,295,3322,20040,1671,3,29,180,15
2021-04-21,25257,298,3351,20220,1686,3,29,181,15
2021-04-22,25483,300,3381,20401,1701,3,29,183,15
2021-04-23,25710,303,3410,20584,1716,3,30,185,15
2021-04-24,25940,306,3440,20769,1731,3,30,186,16
2021-04-25,26172,308,3470,20955,1747,3,30,188,16
2021-04-26,26406,311,3500,21143,1763,3,31,189,16
2021-04-27,26641,314,3531,21332,1778,3,31,191,16
2021-04-28,26878,316,3561,21523,1794,3,31,193,16
2021-04-29,27118,319,3592,21716,1810,3,31,194,16
2021-04-30,27360,322,3624,21910,1826,3,32,196,16
2021-05-01,27604,325,3655,22106,1843,3,32,198,16
2021-05-02,27850,327,3687,22304,1859,3,32,200,17
2021-05-03,28098,330,3719,22503,1876,3,32,201,17
2021-05-04,28350,333,3752,22705,1893,3,33,203,17
2021-05-05,28602,336,3784,22908,1910,3,33,205,17
