Date,Confirmed,Exposed,Active,Recovered,Deaths,Diff Exposed,Diff Active,Diff Recovered,Diff Deaths
2020-04-23,1758,201,1190,453,115,-8,-37,62,16
2020-04-24,1798,193,1153,514,131,-7,-36,60,15
2020-04-25,1838,186,1118,574,146,-7,-35,58,15
2020-04-26,1875,179,1082,632,161,-6,-34,56,14
2020-04-27,1911,172,1048,688,175,-6,-33,54,14
2020-04-28,1946,166,1015,742,189,-6,-32,53,13
2020-04-29,1981,160,983,795,203,-5,-31,51,13
2020-04-30,2012,155,951,845,216,-5,-30,49,13
2020-05-01,2044,150,921,895,228,-5,-30,48,12
2020-05-02,2073,145,891,942,240,-5,-29,46,12
2020-05-03,2104,140,863,989,252,-5,-28,45,11
2020-05-04,2132,135,835,1033,264,-4,-27,43,11
2020-05-05,2159,131,808,1076,275,-4,-26,42,11
2020-05-06,2185,126,782,1118,285,-4,-25,40,10
2020-05-07,2212,122,757,1159,296,-4,-24,39,10
2020-05-08,2236,118,732,1198,306,-4,-24,38,10
2020-05-09,2260,114,709,1236,315,-4,-23,37,9
2020-05-10,2284,111,686,1273,325,-4,-22,36,9
2020-05-11,2306,107,664,1308,334,-3,-21,34,9
2020-05-12,2328,104,642,1343,343,-3,-21,33,8
2020-05-13,2349,100,622,1376,351,-3,-20,32,8
2020-05-14,2369,97,602,1408,359,-3,-19,31,8
2020-05-15,2388,94,582,1439,367,-3,-19,30,8
2020-05-16,2407,91,563,1469,375,-3,-18,29,7
2020-05-17,2425,88,545,1498,382,-3,-18,28,7
2020-05-18,2445,85,528,1527,390,-3,-17,27,7
2020-05-19,2461,82,511,1554,396,-3,-16,26,7
2020-05-20,2477,80,494,1580,403,-3,-16,26,7
2020-05-21,2494,77,478,1606,410,-2,-15,25,6
2020-05-22,2510,75,463,1631,416,-2,-15,24,6
2020-05-23,2525,72,448,1655,422,-2,-14,23,6
2020-05-24,2539,70,433,1678,428,-2,-14,22,6
2020-05-25,2553,68,419,1700,434,-2,-14,22,6
2020-05-26,2567,65,406,1722,439,-2,-13,21,5
2020-05-27,2581,63,393,1743,445,-2,-13,20,5
2020-05-28,2593,61,380,1763,450,-2,-12,20,5
2020-05-29,2606,59,368,1783,455,-2,-12,19,5
2020-05-30,2618,57,356,1802,460,-2,-11,18,5
2020-05-31,2628,56,344,1820,464,-2,-11,18,5
2020-06-01,2640,54,333,1838,469,-2,-11,17,4
2020-06-02,2650,52,322,1855,473,-2,-10,17,4
2020-06-03,2662,50,312,1872,478,-2,-10,16,4
2020-06-04,2672,49,302,1888,482,-2,-10,16,4
2020-06-05,2682,47,292,1904,486,-2,-9,15,4
2020-06-06,2692,46,283,1919,490,-1,-9,15,4
2020-06-07,2701,44,274,1934,493,-1,-9,14,4
2020-06-08,2710,43,265,1948,497,-1,-9,14,3
2020-06-09,2718,41,256,1962,500,-1,-8,13,3
2020-06-10,2727,40,248,1975,504,-1,-8,13,3
2020-06-11,2735,39,240,1988,507,-1,-8,12,3
2020-06-12,2742,37,232,2000,510,-1,-7,12,3
2020-06-13,2750,36,225,2012,513,-1,-7,12,3
2020-06-14,2757,35,217,2024,516,-1,-7,11,3
2020-06-15,2764,34,210,2035,519,-1,-7,11,3
2020-06-16,2772,33,204,2046,522,-1,-7,11,3
2020-06-17,2778,32,197,2056,525,-1,-6,10,3
2020-06-18,2785,31,191,2067,527,-1,-6,10,3
2020-06-19,2791,30,184,2077,530,-1,-6,10,2
2020-06-20,2797,29,179,2086,532,-1,-6,9,2
2020-06-21,2803,28,173,2095,535,-1,-6,9,2
2020-06-22,2808,27,167,2104,537,-1,-5,9,2
2020-06-23,2814,26,162,2113,539,-1,-5,8,2
2020-06-24,2819,25,157,2121,541,-1,-5,8,2
2020-06-25,2823,24,151,2129,543,-1,-5,8,2
2020-06-26,2829,24,147,2137,545,-1,-5,8,2
2020-06-27,2834,23,142,2145,547,-1,-5,7,2
2020-06-28,2838,22,137,2152,549,-1,-4,7,2
2020-06-29,2843,21,133,2159,551,-1,-4,7,2
2020-06-30,2848,21,129,2166,553,-1,-4,7,2
2020-07-01,2851,20,124,2173,554,-1,-4,6,2
2020-07-02,2855,19,120,2179,556,-1,-4,6,2
2020-07-03,2859,19,116,2185,558,-1,-4,6,2
2020-07-04,2863,18,113,2191,559,-1,-4,6,1
2020-07-05,2867,18,109,2197,561,-1,-4,6,1
2020-07-06,2871,17,106,2203,562,-1,-3,5,1
2020-07-07,2873,16,102,2208,563,-1,-3,5,1
2020-07-08,2878,16,99,2214,565,-1,-3,5,1
2020-07-09,2881,15,96,2219,566,0,-3,5,1
2020-07-10,2884,15,93,2224,567,0,-3,5,1
2020-07-11,2888,14,90,2229,569,0,-3,5,1
2020-07-12,2890,14,87,2233,570,0,-3,4,1
2020-07-13,2893,14,84,2238,571,0,-3,4,1
2020-07-14,2895,13,81,2242,572,0,-3,4,1
2020-07-15,2898,13,79,2246,573,0,-3,4,1
2020-07-16,2900,12,76,2250,574,0,-2,4,1
2020-07-17,2903,12,74,2254,575,0,-2,4,1
2020-07-18,2905,11,71,2258,576,0,-2,4,1
2020-07-19,2908,11,69,2262,577,0,-2,4,1
2020-07-20,2910,11,67,2265,578,0,-2,3,1
2020-07-21,2912,10,64,2269,579,0,-2,3,1
2020-07-22,2914,10,62,2272,580,0,-2,3,1
2020-07-23,2916,10,60,2275,581,0,-2,3,1
2020-07-24,2917,9,58,2278,581,0,-2,3,1
2020-07-25,2920,9,57,2281,582,0,-2,3,1
2020-07-26,2922,9,55,2284,583,0,-2,3,1
2020-07-27,2924,9,53,2287,584,0,-2,3,1
2020-07-28,2925,8,51,2290,584,0,-2,3,1
2020-07-29,2928,8,50,2293,585,0,-2,3,1
2020-07-30,2929,8,48,2295,586,0,-2,2,1
2020-07-31,2930,7,46,2298,586,0,-2,2,1
2020-08-01,2932,7,45,2300,587,0,-1,2,1
2020-08-02,2932,7,43,2302,587,0,-1,2,1
2020-08-03,2935,7,42,2305,588,0,-1,2,1
2020-08-04,2937,7,41,2307,589,0,-1,2,1
2020-08-05,2937,6,39,2309,589,0,-1,2,1
2020-08-06,2939,6,38,2311,590,0,-1,2,1
2020-08-07,2940,6,37,2313,590,0,-1,2,0
2020-08-08,2942,6,36,2315,591,0,-1,2,0
2020-08-09,2943,6,35,2317,591,0,-1,2,0
2020-08-10,2944,5,33,2319,592,0,-1,2,0
2020-08-11,2944,5,32,2320,592,0,-1,2,0
2020-08-12,2945,5,31,2322,592,0,-1,2,0
2020-08-13,2947,5,30,2324,593,0,-1,2,0
2020-08-14,2947,5,29,2325,593,0,-1,2,0
2020-08-15,2949,5,28,2327,594,0,-1,1,0
2020-08-16,2949,4,27,2328,594,0,-1,1,0
2020-08-17,2951,4,27,2330,594,0,-1,1,0
2020-08-18,2952,4,26,2331,595,0,-1,1,0
2020-08-19,2952,4,25,2332,595,0,-1,1,0
2020-08-20,2953,4,24,2334,595,0,-1,1,0
2020-08-21,2954,4,23,2335,596,0,-1,1,0
2020-08-22,2955,4,23,2336,596,0,-1,1,0
2020-08-23,2955,4,22,2337,596,0,-1,1,0
2020-08-24,2956,3,21,2338,597,0,-1,1,0
2020-08-25,2956,3,20,2339,597,0,-1,1,0
2020-08-26,2957,3,20,2340,597,0,-1,1,0
2020-08-27,2957,3,19,2341,597,0,-1,1,0
2020-08-28,2959,3,19,2342,598,0,-1,1,0
2020-08-29,2959,3,18,2343,598,0,-1,1,0
2020-08-30,2959,3,17,2344,598,0,-1,1,0
2020-08-31,2960,3,17,2345,598,0,-1,1,0
2020-09-01,2961,3,16,2346,599,0,-1,1,0
2020-09-02,2962,3,16,2347,599,0,-1,1,0
2020-09-03,2962,2,15,2348,599,0,0,1,0
2020-09-04,2963,2,15,2349,599,0,0,1,0
2020-09-05,2962,2,14,2349,599,0,0,1,0
2020-09-06,2964,2,14,2350,600,0,0,1,0
2020-09-07,2964,2,13,2351,600,0,0,1,0
2020-09-08,2964,2,13,2351,600,0,0,1,0
2020-09-09,2964,2,12,2352,600,0,0,1,0
2020-09-10,2965,2,12,2353,600,0,0,1,0
2020-09-11,2965,2,12,2353,600,0,0,1,0
2020-09-12,2966,2,11,2354,601,0,0,1,0
2020-09-13,2967,2,11,2355,601,0,0,1,0
2020-09-14,2967,2,11,2355,601,0,0,1,0
2020-09-15,2967,2,10,2356,601,0,0,1,0
2020-09-16,2967,2,10,2356,601,0,0,1,0
2020-09-17,2968,2,10,2357,601,0,0,0,0
2020-09-18,2967,1,9,2357,601,0,0,0,0
2020-09-19,2969,1,9,2358,602,0,0,0,0
2020-09-20,2969,1,9,2358,602,0,0,0,0
2020-09-21,2969,1,8,2359,602,0,0,0,0
2020-09-22,2969,1,8,2359,602,0,0,0,0
2020-09-23,2969,1,8,2359,602,0,0,0,0
2020-09-24,2970,1,8,2360,602,0,0,0,0
2020-09-25,2969,1,7,2360,602,0,0,0,0
2020-09-26,2970,1,7,2361,602,0,0,0,0
2020-09-27,2970,1,7,2361,602,0,0,0,0
2020-09-28,2970,1,7,2361,602,0,0,0,0
2020-09-29,2971,1,6,2362,603,0,0,0,0
2020-09-30,2971,1,6,2362,603,0,0,0,0
2020-10-01,2971,1,6,2362,603,0,0,0,0
2020-10-02,2972,1,6,2363,603,0,0,0,0
2020-10-03,2972,1,6,2363,603,0,0,0,0
2020-10-04,2971,1,5,2363,603,0,0,0,0
2020-10-05,2972,1,5,2364,603,0,0,0,0
2020-10-06,2972,1,5,2364,603,0,0,0,0
2020-10-07,2972,1,5,2364,603,0,0,0,0
2020-10-08,2972,1,5,2364,603,0,0,0,0
2020-10-09,2973,1,5,2365,603,0,0,0,0
2020-10-10,2973,1,5,2365,603,0,0,0,0
2020-10-11,2972,1,4,2365,603,0,0,0,0
2020-10-12,2973,1,4,2365,604,0,0,0,0
2020-10-13,2974,1,4,2366,604,0,0,0,0
2020-10-14,2974,1,4,2366,604,0,0,0,0
2020-10-15,2974,1,4,2366,604,0,0,0,0
2020-10-16,2974,1,4,2366,604,0,0,0,0
2020-10-17,2974,1,4,2366,604,0,0,0,0
2020-10-18,2974,1,3,2367,604,0,0,0,0
2020-10-19,2974,1,3,2367,604,0,0,0,0
2020-10-20,2974,1,3,2367,604,0,0,0,0
2020-10-21,2974,1,3,2367,604,0,0,0,0
2020-10-22,2974,0,3,2367,604,0,0,0,0
2020-10-23,2974,0,3,2367,604,0,0,0,0
2020-10-24,2975,0,3,2368,604,0,0,0,0
2020-10-25,2975,0,3,2368,604,0,0,0,0
2020-10-26,2975,0,3,2368,604,0,0,0,0
2020-10-27,2975,0,3,2368,604,0,0,0,0
2020-10-28,2974,0,2,2368,604,0,0,0,0
2020-10-29,2974,0,2,2368,604,0,0,0,0
2020-10-30,2974,0,2,2368,604,0,0,0,0
2020-10-31,2975,0,2,2369,604,0,0,0,0
2020-11-01,2975,0,2,2369,604,0,0,0,0
2020-11-02,2975,0,2,2369,604,0,0,0,0
2020-11-03,2975,0,2,2369,604,0,0,0,0
2020-11-04,2975,0,2,2369,604,0,0,0,0
2020-11-05,2975,0,2,2369,604,0,0,0,0
2020-11-06,2975,0,2,2369,604,0,0,0,0
2020-11-07,2975,0,2,2369,604,0,0,0,0
2020-11-08,2976,0,2,2369,605,0,0,0,0
2020-11-09,2976,0,2,2369,605,0,0,0,0
2020-11-10,2977,0,2,2370,605,0,0,0,0
2020-11-11,2977,0,2,2370,605,0,0,0,0
2020-11-12,2977,0,2,2370,605,0,0,0,0
2020-11-13,2976,0,1,2370,605,0,0,0,0
2020-11-14,2976,0,1,2370,605,0,0,0,0
2020-11-15,2976,0,1,2370,605,0,0,0,0
2020-11-16,2976,0,1,2370,605,0,0,0,0
2020-11-17,2976,0,1,2370,605,0,0,0,0
2020-11-18,2976,0,1,2370,605,0,0,0,0
2020-11-19,2976,0,1,2370,605,0,0,0,0
2020-11-20,2976,0,1,2370,605,0,0,0,0
2020-11-21,2976,0,1,2370,605,0,0,0,0
2020-11-22,2976,0,1,2370,605,0,0,0,0
2020-11-23,2976,0,1,2370,605,0,0,0,0
2020-11-24,2976,0,1,2370,605,0,0,0,0
2020-11-25,2977,0,1,2371,605,0,0,0,0
2020-11-26,2977,0,1,2371,605,0,0,0,0
2020-11-27,2977,0,1,2371,605,0,0,0,0
2020-11-28,2977,0,1,2371,605,0,0,0,0
2020-11-29,2977,0,1,2371,605,0,0,0,0
2020-11-30,2977,0,1,2371,605,0,0,0,0
2020-12-01,2977,0,1,2371,605,0,0,0,0
2020-12-02,2977,0,1,2371,605,0,0,0,0
2020-12-03,2977,0,1,2371,605,0,0,0,0
2020-12-04,2977,0,1,2371,605,0,0,0,0
2020-12-05,2977,0,1,2371,605,0,0,0,0
2020-12-06,2977,0,1,2371,605,0,0,0,0
2020-12-07,2977,0,1,2371,605,0,0,0,0
2020-12-08,2977,0,1,2371,605,0,0,0,0
2020-12-09,2977,0,1,2371,605,0,0,0,0
2020-12-10,2977,0,1,2371,605,0,0,0,0
2020-12-11,2977,0,1,2371,605,0,0,0,0
2020-12-12,2977,0,1,2371,605,0,0,0,0
2020-12-13,2977,0,1,2371,605,0,0,0,0
2020-12-14,2977,0,1,2371,605,0,0,0,0
2020-12-15,2977,0,1,2371,605,0,0,0,0
2020-12-16,2976,0,0,2371,605,0,0,0,0
2020-12-17,2976,0,0,2371,605,0,0,0,0
2020-12-18,2976,0,0,2371,605,0,0,0,0
2020-12-19,2976,0,0,2371,605,0,0,0,0
2020-12-20,2976,0,0,2371,605,0,0,0,0
2020-12-21,2976,0,0,2371,605,0,0,0,0
2020-12-22,2976,0,0,2371,605,0,0,0,0
2020-12-23,2976,0,0,2371,605,0,0,0,0
2020-12-24,2977,0,0,2372,605,0,0,0,0
2020-12-25,2977,0,0,2372,605,0,0,0,0
2020-12-26,2977,0,0,2372,605,0,0,0,0
2020-12-27,2977,0,0,2372,605,0,0,0,0
2020-12-28,2977,0,0,2372,605,0,0,0,0
2020-12-29,2977,0,0,2372,605,0,0,0,0
2020-12-30,2977,0,0,2372,605,0,0,0,0
2020-12-31,2977,0,0,2372,605,0,0,0,0
2021-01-01,2977,0,0,2372,605,0,0,0,0
2021-01-02,2977,0,0,2372,605,0,0,0,0
2021-01-03,2977,0,0,2372,605,0,0,0,0
2021-01-04,2977,0,0,2372,605,0,0,0,0
2021-01-05,2977,0,0,2372,605,0,0,0,0
2021-01-06,2977,0,0,2372,605,0,0,0,0
2021-01-07,2977,0,0,2372,605,0,0,0,0
2021-01-08,2977,0,0,2372,605,0,0,0,0
2021-01-09,2977,0,0,2372,605,0,0,0,0
2021-01-10,2977,0,0,2372,605,0,0,0,0
2021-01-11,2977,0,0,2372,605,0,0,0,0
2021-01-12,2977,0,0,2372,605,0,0,0,0
2021-01-13,2977,0,0,2372,605,0,0,0,0
2021-01-14,2977,0,0,2372,605,0,0,0,0
2021-01-15,2977,0,0,2372,605,0,0,0,0
2021-01-16,2977,0,0,2372,605,0,0,0,0
2021-01-17,2977,0,0,2372,605,0,0,0,0
2021-01-18,2977,0,0,2372,605,0,0,0,0
2021-01-19,2977,0,0,2372,605,0,0,0,0
2021-01-20,2977,0,0,2372,605,0,0,0,0
2021-01-21,2977,0,0,2372,605,0,0,0,0
2021-01-22,2977,0,0,2372,605,0,0,0,0
2021-01-23,2977,0,0,2372,605,0,0,0,0
2021-01-24,2977,0,0,2372,605,0,0,0,0
2021-01-25,2977,0,0,2372,605,0,0,0,0
2021-01-26,2977,0,0,2372,605,0,0,0,0
2021-01-27,2977,0,0,2372,605,0,0,0,0
2021-01-28,2977,0,0,2372,605,0,0,0,0
2021-01-29,2977,0,0,2372,605,0,0,0,0
2021-01-30,2977,0,0,2372,605,0,0,0,0
2021-01-31,2977,0,0,2372,605,0,0,0,0
2021-02-01,2977,0,0,2372,605,0,0,0,0
2021-02-02,2977,0,0,2372,605,0,0,0,0
2021-02-03,2977,0,0,2372,605,0,0,0,0
2021-02-04,2977,0,0,2372,605,0,0,0,0
2021-02-05,2977,0,0,2372,605,0,0,0,0
2021-02-06,2977,0,0,2372,605,0,0,0,0
2021-02-07,2977,0,0,2372,605,0,0,0,0
2021-02-08,2977,0,0,2372,605,0,0,0,0
2021-02-09,2977,0,0,2372,605,0,0,0,0
2021-02-10,2977,0,0,2372,605,0,0,0,0
2021-02-11,2977,0,0,2372,605,0,0,0,0
2021-02-12,2977,0,0,2372,605,0,0,0,0
2021-02-13,2977,0,0,2372,605,0,0,0,0
2021-02-14,2977,0,0,2372,605,0,0,0,0
2021-02-15,2977,0,0,2372,605,0,0,0,0
2021-02-16,2977,0,0,2372,605,0,0,0,0
2021-02-17,2977,0,0,2372,605,0,0,0,0
2021-02-18,2977,0,0,2372,605,0,0,0,0
2021-02-19,2977,0,0,2372,605,0,0,0,0
2021-02-20,2977,0,0,2372,605,0,0,0,0
2021-02-21,2977,0,0,2372,605,0,0,0,0
2021-02-22,2977,0,0,2372,605,0,0,0,0
2021-02-23,2977,0,0,2372,605,0,0,0,0
2021-02-24,2977,0,0,2372,605,0,0,0,0
2021-02-25,2977,0,0,2372,605,0,0,0,0
2021-02-26,2977,0,0,2372,605,0,0,0,0
2021-02-27,2977,0,0,2372,605,0,0,0,0
2021-02-28,2977,0,0,2372,605,0,0,0,0
2021-03-01,2977,0,0,2372,605,0,0,0,0
2021-03-02,2977,0,0,2372,605,0,0,0,0
2021-03-03,2977,0,0,2372,605,0,0,0,0
2021-03-04,2977,0,0,2372,605,0,0,0,0
2021-03-05,2977,0,0,2372,605,0,0,0,0
2021-03-06,2977,0,0,2372,605,0,0,0,0
2021-03-07,2977,0,0,2372,605,0,0,0,0
2021-03-08,2977,0,0,2372,605,0,0,0,0
2021-03-09,2977,0,0,2372,605,0,0,0,0
2021-03-10,2977,0,0,2372,605,0,0,0,0
2021-03-11,2977,0,0,2372,605,0,0,0,0
2021-03-12,2977,0,0,2372,605,0,0,0,0
2021-03-13,2977,0,0,2372,605,0,0,0,0
2021-03-14,2977,0,0,2372,605,0,0,0,0
2021-03-15,2977,0,0,2372,605,0,0,0,0
2021-03-16,2977,0,0,2372,605,0,0,0,0
2021-03-17,2977,0,0,2372,605,0,0,0,0
2021-03-18,2977,0,0,2372,605,0,0,0,0
2021-03-19,2977,0,0,2372,605,0,0,0,0
2021-03-20,2977,0,0,2372,605,0,0,0,0
2021-03-21,2977,0,0,2372,605,0,0,0,0
2021-03-22,2977,0,0,2372,605,0,0,0,0
2021-03-23,2977,0,0,2372,605,0,0,0,0
2021-03-24,2977,0,0,2372,605,0,0,0,0
2021-03-25,2977,0,0,2372,605,0,0,0,0
2021-03-26,2977,0,0,2372,605,0,0,0,0
2021-03-27,2977,0,0,2372,605,0,0,0,0
2021-03-28,2977,0,0,2372,605,0,0,0,0
2021-03-29,2977,0,0,2372,605,0,0,0,0
2021-03-30,2977,0,0,2372,605,0,0,0,0
2021-03-31,2977,0,0,2372,605,0,0,0,0
2021-04-01,2977,0,0,2372,605,0,0,0,0
2021-04-02,2977,0,0,2372,605,0,0,0,0
2021-04-03,2977,0,0,2372,605,0,0,0,0
2021-04-04,2977,0,0,2372,605,0,0,0,0
2021-04-05,2977,0,0,2372,605,0,0,0,0
2021-04-06,2977,0,0,2372,605,0,0,0,0
2021-04-07,2977,0,0,2372,605,0,0,0,0
2021-04-08,2977,0,0,2372,605,0,0,0,0
2021-04-09,2977,0,0,2372,605,0,0,0,0
2021-04-10,2977,0,0,2372,605,0,0,0,0
2021-04-11,2977,0,0,2372,605,0,0,0,0
2021-04-12,2977,0,0,2372,605,0,0,0,0
2021-04-13,2977,0,0,2372,605,0,0,0,0
2021-04-14,2977,0,0,2372,605,0,0,0,0
2021-04-15,2977,0,0,2372,605,0,0,0,0
2021-04-16,2977,0,0,2372,605,0,0,0,0
2021-04-17,2977,0,0,2372,605,0,0,0,0
2021-04-18,2977,0,0,2372,605,0,0,0,0
