Date,Infected,Exposed,Active,Recovered,Deaths,Diff Exposed,Diff Active,Diff Recovered,Diff Deaths
2020-07-14,1037,18,55,931,51,2,0,5,0
2020-07-15,1041,20,54,936,51,2,0,5,0
2020-07-16,1045,21,53,941,51,1,0,5,0
2020-07-17,1048,22,52,945,51,1,0,5,0
2020-07-18,1054,23,52,950,52,1,0,4,0
2020-07-19,1058,24,52,954,52,1,0,4,0
2020-07-20,1063,24,52,959,52,0,0,4,0
2020-07-21,1067,25,52,963,52,0,0,4,0
2020-07-22,1073,25,52,968,53,0,0,5,0
2020-07-23,1077,26,52,972,53,0,0,5,0
2020-07-24,1083,26,53,977,53,0,0,5,0
2020-07-25,1087,26,53,981,53,0,0,5,0
2020-07-26,1092,26,53,986,53,0,0,5,0
2020-07-27,1099,27,54,991,54,0,0,5,0
2020-07-28,1103,27,54,995,54,0,0,5,0
2020-07-29,1108,27,54,1000,54,0,0,5,0
2020-07-30,1115,27,55,1005,55,0,0,5,0
2020-07-31,1119,28,55,1009,55,0,0,5,0
2020-08-01,1125,28,56,1014,55,0,0,5,0
2020-08-02,1130,28,56,1019,55,0,0,5,0
2020-08-03,1136,28,56,1024,56,0,0,5,0
2020-08-04,1142,28,57,1029,56,0,0,5,0
2020-08-05,1146,29,57,1033,56,0,0,5,0
2020-08-06,1152,29,58,1038,56,0,0,5,0
2020-08-07,1158,29,58,1043,57,0,0,5,0
2020-08-08,1163,29,58,1048,57,0,0,5,0
2020-08-09,1169,29,59,1053,57,0,0,5,0
2020-08-10,1174,30,59,1058,57,0,0,5,0
2020-08-11,1182,30,60,1064,58,0,0,5,0
2020-08-12,1187,30,60,1069,58,0,0,5,0
2020-08-13,1192,30,60,1074,58,0,0,5,0
2020-08-14,1199,30,61,1079,59,0,0,5,0
2020-08-15,1204,31,61,1084,59,0,0,5,0
2020-08-16,1211,31,62,1090,59,0,0,5,0
2020-08-17,1216,31,62,1095,59,0,0,5,0
2020-08-18,1223,31,63,1100,60,0,0,5,0
2020-08-19,1229,32,63,1106,60,0,0,5,0
2020-08-20,1235,32,64,1111,60,0,0,5,0
2020-08-21,1242,32,64,1117,61,0,0,6,0
2020-08-22,1247,32,64,1122,61,0,0,6,0
2020-08-23,1254,32,65,1128,61,0,0,6,0
2020-08-24,1261,33,65,1134,62,0,0,6,0
2020-08-25,1267,33,66,1139,62,0,0,6,0
2020-08-26,1273,33,66,1145,62,0,0,6,0
2020-08-27,1280,33,67,1151,62,0,0,6,0
2020-08-28,1286,34,67,1156,63,0,0,6,0
2020-08-29,1293,34,68,1162,63,0,0,6,0
2020-08-30,1299,34,68,1168,63,0,0,6,0
2020-08-31,1307,34,69,1174,64,0,0,6,0
2020-09-01,1313,35,69,1180,64,0,0,6,0
2020-09-02,1320,35,70,1186,64,0,0,6,0
2020-09-03,1327,35,70,1192,65,0,1,6,0
2020-09-04,1334,35,71,1198,65,0,1,6,0
2020-09-05,1340,36,71,1204,65,0,1,6,0
2020-09-06,1348,36,72,1210,66,0,1,6,0
2020-09-07,1355,36,72,1217,66,0,1,6,0
2020-09-08,1362,36,73,1223,66,0,1,6,0
2020-09-09,1369,37,73,1229,67,0,1,6,0
2020-09-10,1376,37,74,1235,67,0,1,6,0
2020-09-11,1383,37,74,1242,67,0,1,6,0
2020-09-12,1391,37,75,1248,68,0,1,6,0
2020-09-13,1398,38,75,1255,68,0,1,7,0
2020-09-14,1405,38,76,1261,68,0,1,7,0
2020-09-15,1414,38,77,1268,69,0,1,7,0
2020-09-16,1420,39,77,1274,69,0,1,7,0
2020-09-17,1429,39,78,1281,70,0,1,7,0
2020-09-18,1436,39,78,1288,70,0,1,7,0
2020-09-19,1444,39,79,1295,70,0,1,7,0
2020-09-20,1451,40,79,1301,71,0,1,7,0
2020-09-21,1459,40,80,1308,71,0,1,7,0
2020-09-22,1466,40,80,1315,71,0,1,7,0
2020-09-23,1475,41,81,1322,72,0,1,7,0
2020-09-24,1483,41,82,1329,72,0,1,7,0
2020-09-25,1490,41,82,1336,72,0,1,7,0
2020-09-26,1499,41,83,1343,73,0,1,7,0
2020-09-27,1506,42,83,1350,73,0,1,7,0
2020-09-28,1516,42,84,1358,74,0,1,7,0
2020-09-29,1524,42,85,1365,74,0,1,7,0
2020-09-30,1531,43,85,1372,74,0,1,7,0
2020-10-01,1541,43,86,1380,75,0,1,7,0
2020-10-02,1548,43,86,1387,75,0,1,7,0
2020-10-03,1557,44,87,1394,76,0,1,8,0
2020-10-04,1566,44,88,1402,76,0,1,8,0
2020-10-05,1574,44,88,1410,76,0,1,8,0
2020-10-06,1583,44,89,1417,77,0,1,8,0
2020-10-07,1592,45,90,1425,77,0,1,8,0
2020-10-08,1601,45,90,1433,78,0,1,8,0
2020-10-09,1609,45,91,1440,78,0,1,8,0
2020-10-10,1618,46,91,1448,79,0,1,8,0
2020-10-11,1627,46,92,1456,79,0,1,8,0
2020-10-12,1636,46,93,1464,79,0,1,8,0
2020-10-13,1645,47,93,1472,80,0,1,8,0
2020-10-14,1654,47,94,1480,80,0,1,8,0
2020-10-15,1664,47,95,1488,81,0,1,8,0
2020-10-16,1673,48,95,1497,81,0,1,8,0
2020-10-17,1683,48,96,1505,82,0,1,8,0
2020-10-18,1692,48,97,1513,82,0,1,8,0
2020-10-19,1702,49,98,1521,83,0,1,8,0
2020-10-20,1711,49,98,1530,83,0,1,8,0
2020-10-21,1720,49,99,1538,83,0,1,9,0
2020-10-22,1731,50,100,1547,84,0,1,9,0
2020-10-23,1740,50,100,1556,84,0,1,9,0
2020-10-24,1750,51,101,1564,85,0,1,9,0
2020-10-25,1760,51,102,1573,85,0,1,9,0
2020-10-26,1771,51,103,1582,86,0,1,9,0
2020-10-27,1780,52,103,1591,86,0,1,9,0
2020-10-28,1791,52,104,1600,87,0,1,9,0
2020-10-29,1801,52,105,1609,87,0,1,9,0
2020-10-30,1811,53,105,1618,88,0,1,9,0
2020-10-31,1821,53,106,1627,88,0,1,9,0
2020-11-01,1832,54,107,1636,89,0,1,9,1
2020-11-02,1842,54,108,1645,89,0,1,9,1
2020-11-03,1853,54,109,1654,90,0,1,9,1
2020-11-04,1863,55,109,1664,90,0,1,9,1
2020-11-05,1874,55,110,1673,91,0,1,9,1
2020-11-06,1885,55,111,1683,91,0,1,10,1
2020-11-07,1896,56,112,1692,92,0,1,10,1
2020-11-08,1906,56,112,1702,92,0,1,10,1
2020-11-09,1918,57,113,1712,93,0,1,10,1
2020-11-10,1929,57,114,1722,93,0,1,10,1
2020-11-11,1940,57,115,1731,94,0,1,10,1
2020-11-12,1951,58,116,1741,94,0,1,10,1
2020-11-13,1963,58,117,1751,95,0,1,10,1
2020-11-14,1974,59,117,1761,96,0,1,10,1
2020-11-15,1986,59,118,1772,96,0,1,10,1
2020-11-16,1998,60,119,1782,97,0,1,10,1
2020-11-17,2009,60,120,1792,97,0,1,10,1
2020-11-18,2021,60,121,1802,98,0,1,10,1
2020-11-19,2033,61,122,1813,98,0,1,10,1
2020-11-20,2045,61,123,1823,99,0,1,11,1
2020-11-21,2057,62,123,1834,100,0,1,11,1
2020-11-22,2069,62,124,1845,100,0,1,11,1
2020-11-23,2081,63,125,1855,101,0,1,11,1
2020-11-24,2093,63,126,1866,101,0,1,11,1
2020-11-25,2106,63,127,1877,102,0,1,11,1
2020-11-26,2118,64,128,1888,102,0,1,11,1
2020-11-27,2131,64,129,1899,103,0,1,11,1
2020-11-28,2144,65,130,1910,104,0,1,11,1
2020-11-29,2157,65,131,1922,104,0,1,11,1
2020-11-30,2170,66,132,1933,105,0,1,11,1
2020-12-01,2182,66,133,1944,105,0,1,11,1
2020-12-02,2195,67,133,1956,106,0,1,12,1
2020-12-03,2208,67,134,1967,107,0,1,12,1
2020-12-04,2221,68,135,1979,107,0,1,12,1
2020-12-05,2235,68,136,1991,108,0,1,12,1
2020-12-06,2248,69,137,2002,109,0,1,12,1
2020-12-07,2261,69,138,2014,109,0,1,12,1
2020-12-08,2275,70,139,2026,110,0,1,12,1
2020-12-09,2289,70,140,2038,111,1,1,12,1
2020-12-10,2302,71,141,2050,111,1,1,12,1
2020-12-11,2317,71,142,2063,112,1,1,12,1
2020-12-12,2331,72,143,2075,113,1,1,12,1
2020-12-13,2344,72,144,2087,113,1,1,12,1
2020-12-14,2359,73,145,2100,114,1,1,13,1
2020-12-15,2373,73,146,2112,115,1,1,13,1
2020-12-16,2387,74,147,2125,115,1,1,13,1
2020-12-17,2403,74,149,2138,116,1,1,13,1
2020-12-18,2418,75,150,2151,117,1,1,13,1
2020-12-19,2432,75,151,2164,117,1,1,13,1
2020-12-20,2447,76,152,2177,118,1,1,13,1
2020-12-21,2462,76,153,2190,119,1,1,13,1
2020-12-22,2477,77,154,2203,120,1,1,13,1
2020-12-23,2491,78,155,2216,120,1,1,13,1
2020-12-24,2507,78,156,2230,121,1,1,13,1
2020-12-25,2522,79,157,2243,122,1,1,14,1
2020-12-26,2537,79,158,2257,122,1,1,14,1
2020-12-27,2553,80,160,2270,123,1,1,14,1
2020-12-28,2569,80,161,2284,124,1,1,14,1
2020-12-29,2585,81,162,2298,125,1,1,14,1
2020-12-30,2600,81,163,2312,125,1,1,14,1
2020-12-31,2616,82,164,2326,126,1,1,14,1
2021-01-01,2632,83,165,2340,127,1,1,14,1
2021-01-02,2649,83,166,2355,128,1,1,14,1
2021-01-03,2666,84,168,2369,129,1,1,14,1
2021-01-04,2682,84,169,2384,129,1,1,15,1
2021-01-05,2698,85,170,2398,130,1,1,15,1
2021-01-06,2715,86,171,2413,131,1,1,15,1
2021-01-07,2733,86,173,2428,132,1,1,15,1
2021-01-08,2750,87,174,2443,133,1,1,15,1
2021-01-09,2766,88,175,2458,133,1,1,15,1
2021-01-10,2783,88,176,2473,134,1,1,15,1
2021-01-11,2801,89,178,2488,135,1,1,15,1
2021-01-12,2818,89,179,2503,136,1,1,15,1
2021-01-13,2836,90,180,2519,137,1,1,16,1
2021-01-14,2853,91,181,2534,138,1,1,16,1
2021-01-15,2871,91,183,2550,138,1,1,16,1
2021-01-16,2889,92,184,2566,139,1,1,16,1
2021-01-17,2907,93,185,2582,140,1,1,16,1
2021-01-18,2926,93,187,2598,141,1,1,16,1
2021-01-19,2944,94,188,2614,142,1,1,16,1
2021-01-20,2962,95,189,2630,143,1,1,16,1
2021-01-21,2981,95,191,2646,144,1,1,16,1
2021-01-22,2999,96,192,2663,144,1,1,17,1
2021-01-23,3018,97,193,2680,145,1,1,17,1
2021-01-24,3037,97,195,2696,146,1,1,17,1
2021-01-25,3056,98,196,2713,147,1,1,17,1
2021-01-26,3076,99,198,2730,148,1,1,17,1
2021-01-27,3095,99,199,2747,149,1,1,17,1
2021-01-28,3114,100,200,2764,150,1,1,17,1
2021-01-29,3135,101,202,2782,151,1,1,17,1
2021-01-30,3154,102,203,2799,152,1,1,18,1
2021-01-31,3175,102,205,2817,153,1,1,18,1
2021-02-01,3194,103,206,2834,154,1,1,18,1
2021-02-02,3215,104,208,2852,155,1,1,18,1
2021-02-03,3235,105,209,2870,156,1,1,18,1
2021-02-04,3256,105,211,2888,157,1,2,18,1
2021-02-05,3276,106,212,2906,158,1,2,18,1
2021-02-06,3298,107,214,2925,159,1,2,18,1
2021-02-07,3318,108,215,2943,160,1,2,19,1
2021-02-08,3340,108,217,2962,161,1,2,19,1
2021-02-09,3361,109,218,2981,162,1,2,19,1
2021-02-10,3383,110,220,3000,163,1,2,19,1
2021-02-11,3404,111,221,3019,164,1,2,19,1
2021-02-12,3426,112,223,3038,165,1,2,19,1
2021-02-13,3448,112,225,3057,166,1,2,19,1
2021-02-14,3469,113,226,3076,167,1,2,20,1
2021-02-15,3492,114,228,3096,168,1,2,20,1
2021-02-16,3514,115,229,3116,169,1,2,20,1
2021-02-17,3536,116,231,3135,170,1,2,20,1
2021-02-18,3559,116,233,3155,171,1,2,20,1
2021-02-19,3582,117,234,3176,172,1,2,20,1
2021-02-20,3605,118,236,3196,173,1,2,20,1
2021-02-21,3629,119,238,3216,175,1,2,21,1
2021-02-22,3652,120,239,3237,176,1,2,21,1
2021-02-23,3676,121,241,3258,177,1,2,21,1
2021-02-24,3699,121,243,3278,178,1,2,21,1
2021-02-25,3723,122,245,3299,179,1,2,21,1
2021-02-26,3747,123,246,3321,180,1,2,21,1
2021-02-27,3771,124,248,3342,181,1,2,21,1
2021-02-28,3795,125,250,3363,182,1,2,22,1
2021-03-01,3821,126,252,3385,184,1,2,22,1
2021-03-02,3846,127,254,3407,185,1,2,22,1
2021-03-03,3870,128,255,3429,186,1,2,22,1
2021-03-04,3895,129,257,3451,187,1,2,22,1
2021-03-05,3920,130,259,3473,188,1,2,22,1
2021-03-06,3946,130,261,3495,190,1,2,22,1
2021-03-07,3972,131,263,3518,191,1,2,23,1
2021-03-08,3998,132,265,3541,192,1,2,23,1
2021-03-09,4022,133,266,3563,193,1,2,23,1
2021-03-10,4049,134,268,3586,195,1,2,23,1
2021-03-11,4076,135,270,3610,196,1,2,23,1
2021-03-12,4102,136,272,3633,197,1,2,23,1
2021-03-13,4129,137,274,3657,198,1,2,24,1
2021-03-14,4156,138,276,3680,200,1,2,24,1
2021-03-15,4183,139,278,3704,201,1,2,24,1
2021-03-16,4210,140,280,3728,202,1,2,24,1
2021-03-17,4238,141,282,3752,204,1,2,24,1
2021-03-18,4266,142,284,3777,205,1,2,25,1
2021-03-19,4293,143,286,3801,206,1,2,25,1
2021-03-20,4322,144,288,3826,208,1,2,25,1
2021-03-21,4350,145,290,3851,209,1,2,25,1
2021-03-22,4378,146,292,3876,210,1,2,25,1
2021-03-23,4407,147,294,3901,212,1,2,25,1
2021-03-24,4437,148,297,3927,213,1,2,26,1
2021-03-25,4466,149,299,3953,214,1,2,26,1
2021-03-26,4495,150,301,3978,216,1,2,26,1
2021-03-27,4524,151,303,4004,217,1,2,26,1
2021-03-28,4555,153,305,4031,219,1,2,26,1
2021-03-29,4584,154,307,4057,220,1,2,26,1
2021-03-30,4616,155,310,4084,222,1,2,27,1
2021-03-31,4645,156,312,4110,223,1,2,27,1
2021-04-01,4675,157,314,4137,224,1,2,27,1
2021-04-02,4706,158,316,4164,226,1,2,27,1
2021-04-03,4737,159,318,4192,227,1,2,27,1
2021-04-04,4769,160,321,4219,229,1,2,28,2
2021-04-05,4800,162,323,4247,230,1,2,28,2
2021-04-06,4832,163,325,4275,232,1,2,28,2
2021-04-07,4864,164,328,4303,233,1,2,28,2
2021-04-08,4896,165,330,4331,235,1,2,28,2
2021-04-09,4929,166,332,4360,237,1,2,29,2
2021-04-10,4962,167,335,4389,238,1,2,29,2
2021-04-11,4995,169,337,4418,240,1,2,29,2
2021-04-12,5028,170,340,4447,241,1,2,29,2
2021-04-13,5061,171,342,4476,243,1,2,29,2
2021-04-14,5094,172,344,4506,244,1,2,30,2
2021-04-15,5128,173,347,4535,246,1,2,30,2
2021-04-16,5162,175,349,4565,248,1,2,30,2
2021-04-17,5197,176,352,4596,249,1,3,30,2
2021-04-18,5231,177,354,4626,251,1,3,31,2
2021-04-19,5267,178,357,4657,253,1,3,31,2
2021-04-20,5301,180,359,4688,254,1,3,31,2
2021-04-21,5337,181,362,4719,256,1,3,31,2
2021-04-22,5373,182,365,4750,258,1,3,31,2
2021-04-23,5407,184,367,4781,259,1,3,32,2
2021-04-24,5444,185,370,4813,261,1,3,32,2
2021-04-25,5480,186,372,4845,263,1,3,32,2
2021-04-26,5517,188,375,4877,265,1,3,32,2
2021-04-27,5554,189,378,4910,266,1,3,33,2
2021-04-28,5591,190,381,4942,268,1,3,33,2
2021-04-29,5628,192,383,4975,270,1,3,33,2
2021-04-30,5666,193,386,5008,272,1,3,33,2
2021-05-01,5705,194,389,5042,274,1,3,34,2
2021-05-02,5741,196,391,5075,275,1,3,34,2
2021-05-03,5780,197,394,5109,277,1,3,34,2
2021-05-04,5819,199,397,5143,279,1,3,34,2
2021-05-05,5859,200,400,5178,281,1,3,34,2
2021-05-06,5898,201,403,5212,283,1,3,35,2
2021-05-07,5938,203,406,5247,285,1,3,35,2
2021-05-08,5978,204,409,5282,287,1,3,35,2
2021-05-09,6019,206,412,5318,289,1,3,35,2
2021-05-10,6057,207,414,5353,290,1,3,36,2
2021-05-11,6098,209,417,5389,292,1,3,36,2
2021-05-12,6139,210,420,5425,294,1,3,36,2
2021-05-13,6180,212,423,5461,296,2,3,37,2
2021-05-14,6222,213,426,5498,298,2,3,37,2
2021-05-15,6264,215,429,5535,300,2,3,37,2
2021-05-16,6307,216,433,5572,302,2,3,37,2
2021-05-17,6349,218,436,5609,304,2,3,38,2
2021-05-18,6392,219,439,5647,306,2,3,38,2
2021-05-19,6435,221,442,5685,308,2,3,38,2
2021-05-20,6479,222,445,5723,311,2,3,38,2
2021-05-21,6523,224,448,5762,313,2,3,39,2
2021-05-22,6566,226,451,5800,315,2,3,39,2
2021-05-23,6611,227,455,5839,317,2,3,39,2
2021-05-24,6656,229,458,5879,319,2,3,39,2
2021-05-25,6700,231,461,5918,321,2,3,40,2
2021-05-26,6745,232,464,5958,323,2,3,40,2
2021-05-27,6791,234,468,5998,325,2,3,40,2
2021-05-28,6838,236,471,6039,328,2,3,41,2
2021-05-29,6884,237,474,6080,330,2,3,41,2
2021-05-30,6931,239,478,6121,332,2,3,41,2
2021-05-31,6977,241,481,6162,334,2,3,41,2
2021-06-01,7025,242,485,6203,337,2,3,42,2
2021-06-02,7072,244,488,6245,339,2,3,42,2
2021-06-03,7121,246,492,6288,341,2,4,42,2
2021-06-04,7168,248,495,6330,343,2,4,43,2
2021-06-05,7218,249,499,6373,346,2,4,43,2
2021-06-06,7266,251,502,6416,348,2,4,43,2
2021-06-07,7315,253,506,6459,350,2,4,44,2
2021-06-08,7365,255,509,6503,353,2,4,44,2
2021-06-09,7415,257,513,6547,355,2,4,44,2
2021-06-10,7467,258,517,6592,358,2,4,45,2
2021-06-11,7516,260,520,6636,360,2,4,45,2
2021-06-12,7568,262,524,6681,363,2,4,45,2
2021-06-13,7620,264,528,6727,365,2,4,46,2
2021-06-14,7671,266,532,6772,367,2,4,46,2
2021-06-15,7723,268,535,6818,370,2,4,46,3
2021-06-16,7776,270,539,6865,372,2,4,47,3
2021-06-17,7829,272,543,6911,375,2,4,47,3
2021-06-18,7883,273,547,6958,378,2,4,47,3
2021-06-19,7936,275,551,7005,380,2,4,48,3
2021-06-20,7991,277,555,7053,383,2,4,48,3
2021-06-21,8045,279,559,7101,385,2,4,48,3
2021-06-22,8100,281,563,7149,388,2,4,49,3
2021-06-23,8156,283,567,7198,391,2,4,49,3
2021-06-24,8211,285,571,7247,393,2,4,49,3
2021-06-25,8267,287,575,7296,396,2,4,50,3
2021-06-26,8324,289,579,7346,399,2,4,50,3
2021-06-27,8380,292,583,7396,401,2,4,50,3
2021-06-28,8438,294,587,7447,404,2,4,51,3
2021-06-29,8496,296,592,7497,407,2,4,51,3
2021-06-30,8554,298,596,7548,410,2,4,51,3
2021-07-01,8612,300,600,7600,412,2,4,52,3
2021-07-02,8671,302,604,7652,415,2,4,52,3
2021-07-03,8731,304,609,7704,418,2,4,52,3
2021-07-04,8791,306,613,7757,421,2,4,53,3
2021-07-05,8851,309,617,7810,424,2,4,53,3
2021-07-06,8912,311,622,7863,427,2,4,54,3
2021-07-07,8973,313,626,7917,430,2,4,54,3
2021-07-08,9035,315,631,7971,433,2,4,54,3
2021-07-09,9095,318,635,8025,435,2,5,55,3
