Date,Infected,Exposed,Active,Recovered,Deaths,Diff Exposed,Diff Active,Diff Recovered,Diff Deaths
2020-06-23,3292,937,1439,1780,73,0,53,126,5
2020-06-24,3470,852,1484,1907,79,0,32,130,5
2020-06-25,3631,785,1510,2037,84,0,17,132,5
2020-06-26,3781,732,1522,2170,89,0,5,133,5
2020-06-27,3922,688,1524,2303,95,0,0,133,5
2020-06-28,4054,653,1518,2436,100,0,0,132,5
2020-06-29,4180,623,1506,2568,106,0,0,131,5
2020-06-30,4300,598,1490,2699,111,0,0,130,5
2020-07-01,4416,577,1471,2828,117,0,0,128,5
2020-07-02,4527,558,1449,2956,122,0,0,127,5
2020-07-03,4636,541,1427,3082,127,0,0,125,5
2020-07-04,4740,527,1403,3205,132,0,0,122,5
2020-07-05,4842,513,1378,3327,137,0,0,120,5
2020-07-06,4942,500,1353,3447,142,0,0,118,5
2020-07-07,5039,488,1328,3564,147,0,0,116,5
2020-07-08,5134,477,1303,3679,152,0,0,114,5
2020-07-09,5227,467,1279,3792,156,0,0,112,5
2020-07-10,5318,457,1254,3903,161,0,0,109,5
2020-07-11,5407,447,1230,4012,165,0,0,107,4
2020-07-12,5494,437,1206,4118,170,0,0,105,4
2020-07-13,5579,428,1182,4223,174,0,0,103,4
2020-07-14,5662,420,1159,4325,178,0,0,101,4
2020-07-15,5744,411,1136,4425,183,0,0,99,4
2020-07-16,5824,403,1113,4524,187,0,0,97,4
2020-07-17,5902,394,1091,4620,191,0,0,95,4
2020-07-18,5978,387,1069,4715,194,0,0,93,4
2020-07-19,6053,379,1048,4807,198,0,0,92,4
2020-07-20,6127,371,1027,4898,202,0,0,90,4
2020-07-21,6200,364,1007,4987,206,0,0,88,4
2020-07-22,6271,356,987,5075,209,0,0,86,4
2020-07-23,6340,349,967,5160,213,0,0,84,3
2020-07-24,6408,342,948,5244,216,0,0,83,3
2020-07-25,6475,335,929,5326,220,0,0,81,3
2020-07-26,6539,329,910,5406,223,0,0,79,3
2020-07-27,6603,322,892,5485,226,0,0,78,3
2020-07-28,6666,316,874,5563,229,0,0,76,3
2020-07-29,6728,309,857,5638,233,0,0,75,3
2020-07-30,6789,303,840,5713,236,0,0,73,3
2020-07-31,6847,297,823,5785,239,0,0,72,3
2020-08-01,6906,291,807,5857,242,0,0,70,3
2020-08-02,6961,285,790,5927,244,0,0,69,3
2020-08-03,7017,280,775,5995,247,0,0,68,3
2020-08-04,7071,274,759,6062,250,0,0,66,3
2020-08-05,7125,269,744,6128,253,0,0,65,3
2020-08-06,7176,263,729,6192,255,0,0,64,3
2020-08-07,7229,258,715,6256,258,0,0,62,3
2020-08-08,7279,253,700,6318,261,0,0,61,3
2020-08-09,7327,248,686,6378,263,0,0,60,2
2020-08-10,7377,243,673,6438,266,0,0,59,2
2020-08-11,7423,238,659,6496,268,0,0,58,2
2020-08-12,7469,233,646,6553,270,0,0,56,2
2020-08-13,7515,229,633,6609,273,0,0,55,2
2020-08-14,7559,224,620,6664,275,0,0,54,2
2020-08-15,7603,219,608,6718,277,0,0,53,2
2020-08-16,7645,215,596,6770,279,0,0,52,2
2020-08-17,7687,211,584,6822,281,0,0,51,2
2020-08-18,7728,207,572,6873,283,0,0,50,2
2020-08-19,7769,202,561,6922,286,0,0,49,2
2020-08-20,7809,198,550,6971,288,0,0,48,2
2020-08-21,7846,194,539,7018,289,0,0,47,2
2020-08-22,7884,191,528,7065,291,0,0,46,2
2020-08-23,7921,187,517,7111,293,0,0,45,2
2020-08-24,7958,183,507,7156,295,0,0,44,2
2020-08-25,7994,179,497,7200,297,0,0,43,2
2020-08-26,8029,176,487,7243,299,0,0,43,2
2020-08-27,8062,172,477,7285,300,0,0,42,2
2020-08-28,8096,169,468,7326,302,0,0,41,2
2020-08-29,8129,165,458,7367,304,0,0,40,2
2020-08-30,8160,162,449,7406,305,0,0,39,2
2020-08-31,8192,159,440,7445,307,0,0,38,2
2020-09-01,8224,156,431,7484,309,0,0,38,2
2020-09-02,8254,153,423,7521,310,0,0,37,2
2020-09-03,8284,150,414,7558,312,0,0,36,1
2020-09-04,8312,147,406,7593,313,0,0,35,1
2020-09-05,8342,144,398,7629,315,0,0,35,1
2020-09-06,8369,141,390,7663,316,0,0,34,1
2020-09-07,8396,138,382,7697,317,0,0,33,1
2020-09-08,8424,135,375,7730,319,0,0,33,1
2020-09-09,8450,132,367,7763,320,0,0,32,1
2020-09-10,8475,130,360,7794,321,0,0,31,1
2020-09-11,8501,127,353,7825,323,0,0,31,1
2020-09-12,8525,125,345,7856,324,0,0,30,1
2020-09-13,8550,122,339,7886,325,0,0,30,1
2020-09-14,8573,120,332,7915,326,0,0,29,1
2020-09-15,8597,117,325,7944,328,0,0,28,1
2020-09-16,8620,115,319,7972,329,0,0,28,1
2020-09-17,8642,113,312,8000,330,0,0,27,1
2020-09-18,8664,110,306,8027,331,0,0,27,1
2020-09-19,8685,108,300,8053,332,0,0,26,1
2020-09-20,8706,106,294,8079,333,0,0,26,1
2020-09-21,8727,104,288,8105,334,0,0,25,1
2020-09-22,8747,102,282,8130,335,0,0,25,1
2020-09-23,8767,100,277,8154,336,0,0,24,1
2020-09-24,8786,98,271,8178,337,0,0,24,1
2020-09-25,8806,96,266,8202,338,0,0,23,1
2020-09-26,8824,94,260,8225,339,0,0,23,1
2020-09-27,8842,92,255,8247,340,0,0,22,1
2020-09-28,8860,90,250,8269,341,0,0,22,1
2020-09-29,8878,88,245,8291,342,0,0,21,1
2020-09-30,8895,87,240,8312,343,0,0,21,1
2020-10-01,8912,85,235,8333,344,0,0,21,1
2020-10-02,8930,83,231,8354,345,0,0,20,1
2020-10-03,8945,82,226,8374,345,0,0,20,1
2020-10-04,8961,80,222,8393,346,0,0,19,1
2020-10-05,8976,78,217,8412,347,0,0,19,1
2020-10-06,8992,77,213,8431,348,0,0,19,1
2020-10-07,9008,75,209,8450,349,0,0,18,1
2020-10-08,9021,74,204,8468,349,0,0,18,1
2020-10-09,9035,72,200,8485,350,0,0,17,1
2020-10-10,9050,71,196,8503,351,0,0,17,1
2020-10-11,9063,69,192,8520,351,0,0,17,1
2020-10-12,9076,68,188,8536,352,0,0,16,1
2020-10-13,9091,67,185,8553,353,0,0,16,1
2020-10-14,9103,65,181,8569,353,0,0,16,1
2020-10-15,9115,64,177,8584,354,0,0,15,1
2020-10-16,9129,63,174,8600,355,0,0,15,1
2020-10-17,9140,61,170,8615,355,0,0,15,1
2020-10-18,9153,60,167,8630,356,0,0,15,1
2020-10-19,9165,59,164,8644,357,0,0,14,1
2020-10-20,9175,58,160,8658,357,0,0,14,1
2020-10-21,9187,57,157,8672,358,0,0,14,1
2020-10-22,9198,56,154,8686,358,0,0,13,1
2020-10-23,9209,54,151,8699,359,0,0,13,1
2020-10-24,9219,53,148,8712,359,0,0,13,1
2020-10-25,9230,52,145,8725,360,0,0,13,1
2020-10-26,9240,51,142,8738,360,0,0,12,1
2020-10-27,9250,50,139,8750,361,0,0,12,1
2020-10-28,9259,49,136,8762,361,0,0,12,0
2020-10-29,9270,48,134,8774,362,0,0,12,0
2020-10-30,9278,47,131,8785,362,0,0,11,0
2020-10-31,9288,46,128,8797,363,0,0,11,0
2020-11-01,9297,45,126,8808,363,0,0,11,0
2020-11-02,9306,45,123,8819,364,0,0,11,0
2020-11-03,9314,44,121,8829,364,0,0,11,0
2020-11-04,9323,43,118,8840,365,0,0,10,0
2020-11-05,9331,42,116,8850,365,0,0,10,0
2020-11-06,9339,41,114,8860,365,0,0,10,0
2020-11-07,9347,40,111,8870,366,0,0,10,0
2020-11-08,9355,39,109,8880,366,0,0,10,0
2020-11-09,9363,39,107,8889,367,0,0,9,0
2020-11-10,9370,38,105,8898,367,0,0,9,0
2020-11-11,9378,37,103,8908,367,0,0,9,0
2020-11-12,9385,36,101,8916,368,0,0,9,0
2020-11-13,9392,36,99,8925,368,0,0,9,0
2020-11-14,9399,35,97,8934,368,0,0,8,0
2020-11-15,9406,34,95,8942,369,0,0,8,0
2020-11-16,9412,34,93,8950,369,0,0,8,0
2020-11-17,9418,33,91,8958,369,0,0,8,0
2020-11-18,9425,32,89,8966,370,0,0,8,0
2020-11-19,9431,32,87,8974,370,0,0,8,0
2020-11-20,9438,31,86,8982,370,0,0,7,0
2020-11-21,9444,30,84,8989,371,0,0,7,0
2020-11-22,9449,30,82,8996,371,0,0,7,0
2020-11-23,9455,29,81,9003,371,0,0,7,0
2020-11-24,9461,29,79,9010,372,0,0,7,0
2020-11-25,9466,28,77,9017,372,0,0,7,0
2020-11-26,9472,27,76,9024,372,0,0,7,0
2020-11-27,9477,27,74,9031,372,0,0,6,0
2020-11-28,9483,26,73,9037,373,0,0,6,0
2020-11-29,9487,26,71,9043,373,0,0,6,0
2020-11-30,9493,25,70,9050,373,0,0,6,0
2020-12-01,9499,25,69,9056,374,0,0,6,0
2020-12-02,9503,24,67,9062,374,0,0,6,0
2020-12-03,9507,24,66,9067,374,0,0,6,0
2020-12-04,9512,23,65,9073,374,0,0,6,0
2020-12-05,9516,23,63,9079,374,0,0,6,0
2020-12-06,9521,22,62,9084,375,0,0,5,0
2020-12-07,9526,22,61,9090,375,0,0,5,0
2020-12-08,9530,22,60,9095,375,0,0,5,0
2020-12-09,9533,21,58,9100,375,0,0,5,0
2020-12-10,9538,21,57,9105,376,0,0,5,0
2020-12-11,9542,20,56,9110,376,0,0,5,0
2020-12-12,9546,20,55,9115,376,0,0,5,0
2020-12-13,9550,19,54,9120,376,0,0,5,0
2020-12-14,9553,19,53,9124,376,0,0,5,0
2020-12-15,9558,19,52,9129,377,0,0,5,0
2020-12-16,9561,18,51,9133,377,0,0,4,0
2020-12-17,9565,18,50,9138,377,0,0,4,0
2020-12-18,9568,18,49,9142,377,0,0,4,0
2020-12-19,9571,17,48,9146,377,0,0,4,0
2020-12-20,9574,17,47,9150,377,0,0,4,0
2020-12-21,9579,17,46,9155,378,0,0,4,0
2020-12-22,9581,16,45,9158,378,0,0,4,0
2020-12-23,9584,16,44,9162,378,0,0,4,0
2020-12-24,9587,16,43,9166,378,0,0,4,0
2020-12-25,9590,15,42,9170,378,0,0,4,0
2020-12-26,9593,15,41,9174,378,0,0,4,0
2020-12-27,9597,15,41,9177,379,0,0,4,0
2020-12-28,9600,14,40,9181,379,0,0,3,0
2020-12-29,9602,14,39,9184,379,0,0,3,0
2020-12-30,9605,14,38,9188,379,0,0,3,0
2020-12-31,9607,14,37,9191,379,0,0,3,0
2021-01-01,9610,13,37,9194,379,0,0,3,0
2021-01-02,9612,13,36,9197,379,0,0,3,0
2021-01-03,9614,13,35,9200,379,0,0,3,0
2021-01-04,9618,12,35,9203,380,0,0,3,0
2021-01-05,9620,12,34,9206,380,0,0,3,0
2021-01-06,9622,12,33,9209,380,0,0,3,0
2021-01-07,9625,12,33,9212,380,0,0,3,0
2021-01-08,9627,11,32,9215,380,0,0,3,0
2021-01-09,9629,11,31,9218,380,0,0,3,0
2021-01-10,9631,11,31,9220,380,0,0,3,0
2021-01-11,9633,11,30,9223,380,0,0,3,0
2021-01-12,9636,11,29,9226,381,0,0,3,0
2021-01-13,9638,10,29,9228,381,0,0,3,0
2021-01-14,9640,10,28,9231,381,0,0,2,0
2021-01-15,9642,10,28,9233,381,0,0,2,0
2021-01-16,9644,10,27,9236,381,0,0,2,0
2021-01-17,9646,10,27,9238,381,0,0,2,0
2021-01-18,9647,9,26,9240,381,0,0,2,0
2021-01-19,9650,9,26,9243,381,0,0,2,0
2021-01-20,9651,9,25,9245,381,0,0,2,0
2021-01-21,9652,9,24,9247,381,0,0,2,0
2021-01-22,9654,9,24,9249,381,0,0,2,0
2021-01-23,9657,8,24,9251,382,0,0,2,0
2021-01-24,9658,8,23,9253,382,0,0,2,0
2021-01-25,9660,8,23,9255,382,0,0,2,0
2021-01-26,9661,8,22,9257,382,0,0,2,0
2021-01-27,9663,8,22,9259,382,0,0,2,0
2021-01-28,9664,8,21,9261,382,0,0,2,0
2021-01-29,9666,8,21,9263,382,0,0,2,0
2021-01-30,9667,7,20,9265,382,0,0,2,0
2021-01-31,9668,7,20,9266,382,0,0,2,0
2021-02-01,9670,7,20,9268,382,0,0,2,0
2021-02-02,9671,7,19,9270,382,0,0,2,0
2021-02-03,9672,7,19,9271,382,0,0,2,0
2021-02-04,9673,7,18,9273,382,0,0,2,0
2021-02-05,9676,7,18,9275,383,0,0,2,0
2021-02-06,9677,6,18,9276,383,0,0,2,0
2021-02-07,9678,6,17,9278,383,0,0,2,0
2021-02-08,9679,6,17,9279,383,0,0,1,0
2021-02-09,9681,6,17,9281,383,0,0,1,0
2021-02-10,9681,6,16,9282,383,0,0,1,0
2021-02-11,9683,6,16,9284,383,0,0,1,0
2021-02-12,9684,6,16,9285,383,0,0,1,0
2021-02-13,9684,6,15,9286,383,0,0,1,0
2021-02-14,9686,5,15,9288,383,0,0,1,0
2021-02-15,9687,5,15,9289,383,0,0,1,0
2021-02-16,9687,5,14,9290,383,0,0,1,0
2021-02-17,9689,5,14,9292,383,0,0,1,0
2021-02-18,9690,5,14,9293,383,0,0,1,0
2021-02-19,9691,5,14,9294,383,0,0,1,0
2021-02-20,9691,5,13,9295,383,0,0,1,0
2021-02-21,9692,5,13,9296,383,0,0,1,0
2021-02-22,9693,5,13,9297,383,0,0,1,0
2021-02-23,9696,5,13,9299,384,0,0,1,0
2021-02-24,9696,4,12,9300,384,0,0,1,0
2021-02-25,9697,4,12,9301,384,0,0,1,0
2021-02-26,9698,4,12,9302,384,0,0,1,0
2021-02-27,9699,4,12,9303,384,0,0,1,0
2021-02-28,9699,4,11,9304,384,0,0,1,0
2021-03-01,9700,4,11,9305,384,0,0,1,0
2021-03-02,9701,4,11,9306,384,0,0,1,0
2021-03-03,9702,4,11,9307,384,0,0,1,0
2021-03-04,9702,4,10,9308,384,0,0,1,0
2021-03-05,9703,4,10,9309,384,0,0,1,0
2021-03-06,9703,4,10,9309,384,0,0,1,0
2021-03-07,9704,4,10,9310,384,0,0,1,0
2021-03-08,9705,3,10,9311,384,0,0,1,0
2021-03-09,9705,3,9,9312,384,0,0,1,0
2021-03-10,9706,3,9,9313,384,0,0,1,0
2021-03-11,9707,3,9,9314,384,0,0,1,0
2021-03-12,9707,3,9,9314,384,0,0,1,0
2021-03-13,9708,3,9,9315,384,0,0,1,0
2021-03-14,9709,3,9,9316,384,0,0,1,0
2021-03-15,9709,3,8,9317,384,0,0,1,0
2021-03-16,9709,3,8,9317,384,0,0,1,0
2021-03-17,9710,3,8,9318,384,0,0,1,0
2021-03-18,9711,3,8,9319,384,0,0,1,0
2021-03-19,9711,3,8,9319,384,0,0,1,0
2021-03-20,9712,3,8,9320,384,0,0,1,0
2021-03-21,9712,3,7,9321,384,0,0,1,0
2021-03-22,9712,3,7,9321,384,0,0,1,0
2021-03-23,9713,3,7,9322,384,0,0,1,0
2021-03-24,9715,3,7,9323,385,0,0,1,0
2021-03-25,9715,2,7,9323,385,0,0,1,0
2021-03-26,9716,2,7,9324,385,0,0,1,0
2021-03-27,9716,2,7,9324,385,0,0,1,0
2021-03-28,9716,2,6,9325,385,0,0,1,0
2021-03-29,9717,2,6,9326,385,0,0,1,0
2021-03-30,9717,2,6,9326,385,0,0,1,0
2021-03-31,9718,2,6,9327,385,0,0,1,0
2021-04-01,9718,2,6,9327,385,0,0,1,0
2021-04-02,9719,2,6,9328,385,0,0,1,0
2021-04-03,9719,2,6,9328,385,0,0,0,0
2021-04-04,9720,2,6,9329,385,0,0,0,0
2021-04-05,9719,2,5,9329,385,0,0,0,0
2021-04-06,9720,2,5,9330,385,0,0,0,0
2021-04-07,9720,2,5,9330,385,0,0,0,0
2021-04-08,9721,2,5,9331,385,0,0,0,0
2021-04-09,9721,2,5,9331,385,0,0,0,0
2021-04-10,9722,2,5,9332,385,0,0,0,0
2021-04-11,9722,2,5,9332,385,0,0,0,0
2021-04-12,9722,2,5,9332,385,0,0,0,0
2021-04-13,9723,2,5,9333,385,0,0,0,0
2021-04-14,9723,2,5,9333,385,0,0,0,0
2021-04-15,9723,2,4,9334,385,0,0,0,0
2021-04-16,9723,2,4,9334,385,0,0,0,0
2021-04-17,9723,2,4,9334,385,0,0,0,0
2021-04-18,9724,2,4,9335,385,0,0,0,0
2021-04-19,9724,1,4,9335,385,0,0,0,0
2021-04-20,9724,1,4,9335,385,0,0,0,0
2021-04-21,9725,1,4,9336,385,0,0,0,0
2021-04-22,9725,1,4,9336,385,0,0,0,0
2021-04-23,9725,1,4,9336,385,0,0,0,0
2021-04-24,9726,1,4,9337,385,0,0,0,0
2021-04-25,9726,1,4,9337,385,0,0,0,0
2021-04-26,9726,1,4,9337,385,0,0,0,0
2021-04-27,9727,1,4,9338,385,0,0,0,0
2021-04-28,9726,1,3,9338,385,0,0,0,0
2021-04-29,9726,1,3,9338,385,0,0,0,0
2021-04-30,9727,1,3,9339,385,0,0,0,0
2021-05-01,9727,1,3,9339,385,0,0,0,0
2021-05-02,9727,1,3,9339,385,0,0,0,0
2021-05-03,9727,1,3,9339,385,0,0,0,0
2021-05-04,9728,1,3,9340,385,0,0,0,0
2021-05-05,9728,1,3,9340,385,0,0,0,0
2021-05-06,9728,1,3,9340,385,0,0,0,0
2021-05-07,9729,1,3,9341,385,0,0,0,0
2021-05-08,9729,1,3,9341,385,0,0,0,0
2021-05-09,9729,1,3,9341,385,0,0,0,0
2021-05-10,9729,1,3,9341,385,0,0,0,0
2021-05-11,9730,1,3,9342,385,0,0,0,0
2021-05-12,9730,1,3,9342,385,0,0,0,0
2021-05-13,9730,1,3,9342,385,0,0,0,0
2021-05-14,9729,1,2,9342,385,0,0,0,0
2021-05-15,9729,1,2,9342,385,0,0,0,0
2021-05-16,9730,1,2,9343,385,0,0,0,0
2021-05-17,9730,1,2,9343,385,0,0,0,0
2021-05-18,9730,1,2,9343,385,0,0,0,0
2021-05-19,9730,1,2,9343,385,0,0,0,0
2021-05-20,9730,1,2,9343,385,0,0,0,0
2021-05-21,9731,1,2,9344,385,0,0,0,0
2021-05-22,9731,1,2,9344,385,0,0,0,0
2021-05-23,9731,1,2,9344,385,0,0,0,0
2021-05-24,9731,1,2,9344,385,0,0,0,0
2021-05-25,9731,1,2,9344,385,0,0,0,0
2021-05-26,9732,1,2,9345,385,0,0,0,0
2021-05-27,9732,1,2,9345,385,0,0,0,0
2021-05-28,9732,1,2,9345,385,0,0,0,0
2021-05-29,9732,1,2,9345,385,0,0,0,0
2021-05-30,9732,1,2,9345,385,0,0,0,0
2021-05-31,9732,1,2,9345,385,0,0,0,0
2021-06-01,9732,1,2,9345,385,0,0,0,0
2021-06-02,9733,1,2,9346,385,0,0,0,0
2021-06-03,9733,1,2,9346,385,0,0,0,0
2021-06-04,9733,1,2,9346,385,0,0,0,0
2021-06-05,9733,1,2,9346,385,0,0,0,0
2021-06-06,9733,1,2,9346,385,0,0,0,0
2021-06-07,9733,1,2,9346,385,0,0,0,0
2021-06-08,9733,1,2,9346,385,0,0,0,0
2021-06-09,9734,1,1,9347,386,0,0,0,0
2021-06-10,9734,1,1,9347,386,0,0,0,0
2021-06-11,9734,1,1,9347,386,0,0,0,0
2021-06-12,9734,1,1,9347,386,0,0,0,0
2021-06-13,9734,0,1,9347,386,0,0,0,0
2021-06-14,9734,0,1,9347,386,0,0,0,0
2021-06-15,9734,0,1,9347,386,0,0,0,0
2021-06-16,9734,0,1,9347,386,0,0,0,0
2021-06-17,9735,0,1,9348,386,0,0,0,0
2021-06-18,9735,0,1,9348,386,0,0,0,0
