Date,Infected,Exposed,Active,Recovered,Deaths,Diff Exposed,Diff Active,Diff Recovered,Diff Deaths
2020-07-20,8948,572,1192,7579,177,0,4,106,2
2020-07-21,9060,567,1195,7685,180,0,3,106,2
2020-07-22,9170,564,1197,7791,182,0,2,106,2
2020-07-23,9281,561,1199,7897,185,0,1,106,2
2020-07-24,9391,558,1200,8004,187,0,0,107,2
2020-07-25,9500,557,1200,8110,190,0,0,107,2
2020-07-26,9609,555,1200,8217,192,0,0,107,2
2020-07-27,9719,554,1200,8324,195,0,0,107,2
2020-07-28,9826,553,1199,8430,197,0,0,107,2
2020-07-29,9936,552,1199,8537,200,0,0,106,2
2020-07-30,10043,551,1198,8643,202,0,0,106,2
2020-07-31,10151,551,1197,8749,205,0,0,106,2
2020-08-01,10259,550,1196,8856,207,0,0,106,2
2020-08-02,10367,550,1195,8962,210,0,0,106,2
2020-08-03,10474,549,1194,9068,212,0,0,106,2
2020-08-04,10582,548,1193,9174,215,0,0,106,2
2020-08-05,10689,548,1192,9280,217,0,0,106,2
2020-08-06,10798,547,1192,9386,220,0,0,106,2
2020-08-07,10905,547,1191,9492,222,0,0,106,2
2020-08-08,11013,546,1190,9598,225,0,0,106,2
2020-08-09,11119,546,1189,9703,227,0,0,106,2
2020-08-10,11227,546,1188,9809,230,0,0,105,2
2020-08-11,11333,545,1187,9914,232,0,0,105,2
2020-08-12,11440,545,1186,10020,234,0,0,105,2
2020-08-13,11547,544,1185,10125,237,0,0,105,2
2020-08-14,11653,544,1184,10230,239,0,0,105,2
2020-08-15,11760,543,1183,10335,242,0,0,105,2
2020-08-16,11866,543,1182,10440,244,0,0,105,2
2020-08-17,11973,542,1181,10545,247,0,0,105,2
2020-08-18,12079,542,1180,10650,249,0,0,105,2
2020-08-19,12186,541,1179,10755,252,0,0,105,2
2020-08-20,12291,541,1178,10859,254,0,0,105,2
2020-08-21,12398,540,1177,10964,257,0,0,105,2
2020-08-22,12503,540,1176,11068,259,0,0,104,2
2020-08-23,12609,539,1175,11173,261,0,0,104,2
2020-08-24,12715,539,1174,11277,264,0,0,104,2
2020-08-25,12820,539,1173,11381,266,0,0,104,2
2020-08-26,12926,538,1172,11485,269,0,0,104,2
2020-08-27,13031,538,1171,11589,271,0,0,104,2
2020-08-28,13137,537,1170,11693,274,0,0,104,2
2020-08-29,13242,537,1169,11797,276,0,0,104,2
2020-08-30,13347,536,1168,11901,278,0,0,104,2
2020-08-31,13453,536,1167,12005,281,0,0,104,2
2020-09-01,13557,535,1166,12108,283,0,0,104,2
2020-09-02,13663,535,1165,12212,286,0,0,103,2
2020-09-03,13767,534,1164,12315,288,0,0,103,2
2020-09-04,13873,534,1163,12419,291,0,0,103,2
2020-09-05,13977,533,1162,12522,293,0,0,103,2
2020-09-06,14081,533,1161,12625,295,0,0,103,2
2020-09-07,14186,533,1160,12728,298,0,0,103,2
2020-09-08,14290,532,1159,12831,300,0,0,103,2
2020-09-09,14395,532,1158,12934,303,0,0,103,2
2020-09-10,14499,531,1157,13037,305,0,0,103,2
2020-09-11,14602,531,1156,13139,307,0,0,103,2
2020-09-12,14707,530,1155,13242,310,0,0,103,2
2020-09-13,14810,530,1154,13344,312,0,0,102,2
2020-09-14,14915,529,1153,13447,315,0,0,102,2
2020-09-15,15018,529,1152,13549,317,0,0,102,2
2020-09-16,15122,528,1151,13652,319,0,0,102,2
2020-09-17,15226,528,1150,13754,322,0,0,102,2
2020-09-18,15329,527,1149,13856,324,0,0,102,2
2020-09-19,15433,527,1148,13958,327,0,0,102,2
2020-09-20,15536,527,1147,14060,329,0,0,102,2
2020-09-21,15639,526,1146,14162,331,0,0,102,2
2020-09-22,15742,526,1145,14263,334,0,0,102,2
2020-09-23,15845,525,1144,14365,336,0,0,102,2
2020-09-24,15948,525,1143,14466,339,0,0,102,2
2020-09-25,16051,524,1142,14568,341,0,0,101,2
2020-09-26,16153,524,1141,14669,343,0,0,101,2
2020-09-27,16257,523,1140,14771,346,0,0,101,2
2020-09-28,16359,523,1139,14872,348,0,0,101,2
2020-09-29,16461,522,1138,14973,350,0,0,101,2
2020-09-30,16564,522,1137,15074,353,0,0,101,2
2020-10-01,16666,522,1136,15175,355,0,0,101,2
2020-10-02,16768,521,1135,15276,357,0,0,101,2
2020-10-03,16871,521,1134,15377,360,0,0,101,2
2020-10-04,16972,520,1133,15477,362,0,0,101,2
2020-10-05,17075,520,1132,15578,365,0,0,101,2
2020-10-06,17176,519,1131,15678,367,0,0,100,2
2020-10-07,17278,519,1130,15779,369,0,0,100,2
2020-10-08,17380,518,1129,15879,372,0,0,100,2
2020-10-09,17481,518,1128,15979,374,0,0,100,2
2020-10-10,17583,517,1127,16080,376,0,0,100,2
2020-10-11,17685,517,1126,16180,379,0,0,100,2
2020-10-12,17786,517,1125,16280,381,0,0,100,2
2020-10-13,17886,516,1124,16379,383,0,0,100,2
2020-10-14,17988,516,1123,16479,386,0,0,100,2
2020-10-15,18089,515,1122,16579,388,0,0,100,2
2020-10-16,18190,515,1121,16679,390,0,0,100,2
2020-10-17,18291,514,1120,16778,393,0,0,99,2
2020-10-18,18392,514,1119,16878,395,0,0,99,2
2020-10-19,18492,513,1118,16977,397,0,0,99,2
2020-10-20,18593,513,1117,17076,400,0,0,99,2
2020-10-21,18694,513,1116,17176,402,0,0,99,2
2020-10-22,18794,512,1115,17275,404,0,0,99,2
2020-10-23,18895,512,1114,17374,407,0,0,99,2
2020-10-24,18995,511,1113,17473,409,0,0,99,2
2020-10-25,19094,511,1112,17571,411,0,0,99,2
2020-10-26,19194,510,1111,17670,413,0,0,99,2
2020-10-27,19295,510,1110,17769,416,0,0,99,2
2020-10-28,19395,509,1109,17868,418,0,0,99,2
2020-10-29,19494,509,1108,17966,420,0,0,98,2
2020-10-30,19594,508,1107,18064,423,0,0,98,2
2020-10-31,19694,508,1106,18163,425,0,0,98,2
2020-11-01,19793,508,1105,18261,427,0,0,98,2
2020-11-02,19893,507,1104,18359,430,0,0,98,2
2020-11-03,19992,507,1103,18457,432,0,0,98,2
2020-11-04,20092,506,1103,18555,434,0,0,98,2
2020-11-05,20191,506,1102,18653,436,0,0,98,2
2020-11-06,20291,505,1101,18751,439,0,0,98,2
2020-11-07,20390,505,1100,18849,441,0,0,98,2
2020-11-08,20488,504,1099,18946,443,0,0,98,2
2020-11-09,20588,504,1098,19044,446,0,0,98,2
2020-11-10,20686,504,1097,19141,448,0,0,97,2
2020-11-11,20785,503,1096,19239,450,0,0,97,2
2020-11-12,20883,503,1095,19336,452,0,0,97,2
2020-11-13,20982,502,1094,19433,455,0,0,97,2
2020-11-14,21080,502,1093,19530,457,0,0,97,2
2020-11-15,21179,501,1092,19628,459,0,0,97,2
2020-11-16,21277,501,1091,19724,462,0,0,97,2
2020-11-17,21375,500,1090,19821,464,0,0,97,2
2020-11-18,21473,500,1089,19918,466,0,0,97,2
2020-11-19,21571,500,1088,20015,468,0,0,97,2
2020-11-20,21669,499,1087,20111,471,0,0,97,2
2020-11-21,21767,499,1086,20208,473,0,0,96,2
2020-11-22,21864,498,1085,20304,475,0,0,96,2
2020-11-23,21962,498,1084,20401,477,0,0,96,2
2020-11-24,22060,497,1083,20497,480,0,0,96,2
2020-11-25,22157,497,1082,20593,482,0,0,96,2
2020-11-26,22254,496,1081,20689,484,0,0,96,2
2020-11-27,22351,496,1080,20785,486,0,0,96,2
2020-11-28,22449,496,1079,20881,489,0,0,96,2
2020-11-29,22546,495,1078,20977,491,0,0,96,2
2020-11-30,22643,495,1077,21073,493,0,0,96,2
2020-12-01,22740,494,1076,21169,495,0,0,96,2
2020-12-02,22838,494,1076,21264,498,0,0,96,2
2020-12-03,22935,493,1075,21360,500,0,0,95,2
2020-12-04,23031,493,1074,21455,502,0,0,95,2
2020-12-05,23127,492,1073,21550,504,0,0,95,2
2020-12-06,23225,492,1072,21646,507,0,0,95,2
2020-12-07,23321,492,1071,21741,509,0,0,95,2
2020-12-08,23417,491,1070,21836,511,0,0,95,2
2020-12-09,23513,491,1069,21931,513,0,0,95,2
2020-12-10,23609,490,1068,22026,515,0,0,95,2
2020-12-11,23706,490,1067,22121,518,0,0,95,2
2020-12-12,23801,489,1066,22215,520,0,0,95,2
2020-12-13,23897,489,1065,22310,522,0,0,95,2
2020-12-14,23993,488,1064,22405,524,0,0,95,2
2020-12-15,24088,488,1063,22499,526,0,0,94,2
2020-12-16,24185,488,1062,22594,529,0,0,94,2
2020-12-17,24280,487,1061,22688,531,0,0,94,2
2020-12-18,24375,487,1060,22782,533,0,0,94,2
2020-12-19,24470,486,1059,22876,535,0,0,94,2
2020-12-20,24566,486,1058,22970,538,0,0,94,2
2020-12-21,24661,485,1057,23064,540,0,0,94,2
2020-12-22,24756,485,1056,23158,542,0,0,94,2
2020-12-23,24852,485,1056,23252,544,0,0,94,2
2020-12-24,24947,484,1055,23346,546,0,0,94,2
2020-12-25,25041,484,1054,23439,548,0,0,94,2
2020-12-26,25137,483,1053,23533,551,0,0,94,2
2020-12-27,25231,483,1052,23626,553,0,0,93,2
2020-12-28,25326,482,1051,23720,555,0,0,93,2
2020-12-29,25420,482,1050,23813,557,0,0,93,2
2020-12-30,25514,481,1049,23906,559,0,0,93,2
2020-12-31,25610,481,1048,24000,562,0,0,93,2
2021-01-01,25704,481,1047,24093,564,0,0,93,2
2021-01-02,25798,480,1046,24186,566,0,0,93,2
2021-01-03,25891,480,1045,24278,568,0,0,93,2
2021-01-04,25985,479,1044,24371,570,0,0,93,2
2021-01-05,26079,479,1043,24464,572,0,0,93,2
2021-01-06,26174,478,1042,24557,575,0,0,93,2
2021-01-07,26267,478,1041,24649,577,0,0,93,2
2021-01-08,26361,478,1040,24742,579,0,0,92,2
2021-01-09,26454,477,1039,24834,581,0,0,92,2
2021-01-10,26548,477,1039,24926,583,0,0,92,2
2021-01-11,26642,476,1038,25019,585,0,0,92,2
2021-01-12,26736,476,1037,25111,588,0,0,92,2
2021-01-13,26829,475,1036,25203,590,0,0,92,2
2021-01-14,26922,475,1035,25295,592,0,0,92,2
2021-01-15,27015,475,1034,25387,594,0,0,92,2
2021-01-16,27107,474,1033,25478,596,0,0,92,2
2021-01-17,27200,474,1032,25570,598,0,0,92,2
2021-01-18,27293,473,1031,25662,600,0,0,92,2
2021-01-19,27386,473,1030,25753,603,0,0,92,2
2021-01-20,27479,472,1029,25845,605,0,0,91,2
2021-01-21,27571,472,1028,25936,607,0,0,91,2
2021-01-22,27664,472,1027,26028,609,0,0,91,2
2021-01-23,27756,471,1026,26119,611,0,0,91,2
2021-01-24,27848,471,1025,26210,613,0,0,91,2
2021-01-25,27941,470,1025,26301,615,0,0,91,2
2021-01-26,28034,470,1024,26392,618,0,0,91,2
2021-01-27,28126,469,1023,26483,620,0,0,91,2
2021-01-28,28218,469,1022,26574,622,0,0,91,2
2021-01-29,28309,469,1021,26664,624,0,0,91,2
2021-01-30,28401,468,1020,26755,626,0,0,91,2
2021-01-31,28493,468,1019,26846,628,0,0,91,2
2021-02-01,28584,467,1018,26936,630,0,0,90,2
2021-02-02,28675,467,1017,27026,632,0,0,90,2
2021-02-03,28768,466,1016,27117,635,0,0,90,2
2021-02-04,28859,466,1015,27207,637,0,0,90,2
2021-02-05,28950,466,1014,27297,639,0,0,90,2
2021-02-06,29041,465,1013,27387,641,0,0,90,2
2021-02-07,29132,465,1012,27477,643,0,0,90,2
2021-02-08,29224,464,1012,27567,645,0,0,90,2
2021-02-09,29315,464,1011,27657,647,0,0,90,2
2021-02-10,29406,463,1010,27747,649,0,0,90,2
2021-02-11,29496,463,1009,27836,651,0,0,90,2
2021-02-12,29587,463,1008,27926,653,0,0,90,2
2021-02-13,29678,462,1007,28015,656,0,0,89,2
2021-02-14,29769,462,1006,28105,658,0,0,89,2
2021-02-15,29859,461,1005,28194,660,0,0,89,2
2021-02-16,29949,461,1004,28283,662,0,0,89,2
2021-02-17,30040,460,1003,28373,664,0,0,89,2
2021-02-18,30130,460,1002,28462,666,0,0,89,2
2021-02-19,30220,460,1001,28551,668,0,0,89,2
2021-02-20,30310,459,1000,28640,670,0,0,89,2
2021-02-21,30400,459,1000,28728,672,0,0,89,2
2021-02-22,30490,458,999,28817,674,0,0,89,2
2021-02-23,30580,458,998,28906,676,0,0,89,2
2021-02-24,30670,457,997,28995,678,0,0,89,2
2021-02-25,30760,457,996,29083,681,0,0,88,2
2021-02-26,30849,457,995,29171,683,0,0,88,2
2021-02-27,30939,456,994,29260,685,0,0,88,2
2021-02-28,31028,456,993,29348,687,0,0,88,2
2021-03-01,31117,455,992,29436,689,0,0,88,2
2021-03-02,31206,455,991,29524,691,0,0,88,2
2021-03-03,31295,455,990,29612,693,0,0,88,2
2021-03-04,31384,454,989,29700,695,0,0,88,2
2021-03-05,31474,454,989,29788,697,0,0,88,2
2021-03-06,31563,453,988,29876,699,0,0,88,2
2021-03-07,31652,453,987,29964,701,0,0,88,2
2021-03-08,31740,452,986,30051,703,0,0,88,2
2021-03-09,31829,452,985,30139,705,0,0,87,2
2021-03-10,31917,452,984,30226,707,0,0,87,2
2021-03-11,32006,451,983,30314,709,0,0,87,2
2021-03-12,32094,451,982,30401,711,0,0,87,2
2021-03-13,32182,450,981,30488,713,0,0,87,2
2021-03-14,32270,450,980,30575,715,0,0,87,2
2021-03-15,32359,450,979,30662,718,0,0,87,2
2021-03-16,32448,449,979,30749,720,0,0,87,2
2021-03-17,32536,449,978,30836,722,0,0,87,2
2021-03-18,32624,448,977,30923,724,0,0,87,2
2021-03-19,32712,448,976,31010,726,0,0,87,2
2021-03-20,32800,447,975,31097,728,0,0,87,2
2021-03-21,32887,447,974,31183,730,0,0,87,2
2021-03-22,32975,447,973,31270,732,0,0,86,2
2021-03-23,33062,446,972,31356,734,0,0,86,2
2021-03-24,33149,446,971,31442,736,0,0,86,2
2021-03-25,33237,445,970,31529,738,0,0,86,2
2021-03-26,33325,445,970,31615,740,0,0,86,2
2021-03-27,33412,445,969,31701,742,0,0,86,2
2021-03-28,33499,444,968,31787,744,0,0,86,2
2021-03-29,33586,444,967,31873,746,0,0,86,2
2021-03-30,33673,443,966,31959,748,0,0,86,2
2021-03-31,33759,443,965,32044,750,0,0,86,2
2021-04-01,33846,442,964,32130,752,0,0,86,2
2021-04-02,33933,442,963,32216,754,0,0,86,2
2021-04-03,34019,442,962,32301,756,0,0,85,2
2021-04-04,34106,441,961,32387,758,0,0,85,2
2021-04-05,34193,441,961,32472,760,0,0,85,2
2021-04-06,34279,440,960,32557,762,0,0,85,2
2021-04-07,34366,440,959,32643,764,0,0,85,2
2021-04-08,34452,440,958,32728,766,0,0,85,2
2021-04-09,34538,439,957,32813,768,0,0,85,2
2021-04-10,34624,439,956,32898,770,0,0,85,2
2021-04-11,34710,438,955,32983,772,0,0,85,2
2021-04-12,34796,438,954,33068,774,0,0,85,2
2021-04-13,34881,437,953,33152,776,0,0,85,2
2021-04-14,34968,437,953,33237,778,0,0,85,2
2021-04-15,35054,437,952,33322,780,0,0,85,2
2021-04-16,35139,436,951,33406,782,0,0,84,2
2021-04-17,35224,436,950,33490,784,0,0,84,2
2021-04-18,35310,435,949,33575,786,0,0,84,2
2021-04-19,35395,435,948,33659,788,0,0,84,2
2021-04-20,35480,435,947,33743,790,0,0,84,2
2021-04-21,35565,434,946,33827,792,0,0,84,2
2021-04-22,35650,434,945,33911,794,0,0,84,2
2021-04-23,35736,433,945,33995,796,0,0,84,2
2021-04-24,35820,433,944,34079,797,0,0,84,2
2021-04-25,35905,433,943,34163,799,0,0,84,2
2021-04-26,35990,432,942,34247,801,0,0,84,2
2021-04-27,36074,432,941,34330,803,0,0,84,2
2021-04-28,36159,431,940,34414,805,0,0,84,2
2021-04-29,36243,431,939,34497,807,0,0,83,2
2021-04-30,36328,431,938,34581,809,0,0,83,2
2021-05-01,36412,430,937,34664,811,0,0,83,2
2021-05-02,36497,430,937,34747,813,0,0,83,2
2021-05-03,36582,429,936,34831,815,0,0,83,2
2021-05-04,36666,429,935,34914,817,0,0,83,2
2021-05-05,36750,429,934,34997,819,0,0,83,2
2021-05-06,36834,428,933,35080,821,0,0,83,2
2021-05-07,36917,428,932,35162,823,0,0,83,2
2021-05-08,37001,427,931,35245,825,0,0,83,2
2021-05-09,37085,427,930,35328,827,0,0,83,2
2021-05-10,37170,427,930,35411,829,0,0,83,2
2021-05-11,37253,426,929,35493,831,0,0,82,2
2021-05-12,37336,426,928,35576,832,0,0,82,2
2021-05-13,37419,425,927,35658,834,0,0,82,2
2021-05-14,37502,425,926,35740,836,0,0,82,2
2021-05-15,37586,424,925,35823,838,0,0,82,2
2021-05-16,37669,424,924,35905,840,0,0,82,2
2021-05-17,37752,424,923,35987,842,0,0,82,2
2021-05-18,37836,423,923,36069,844,0,0,82,2
2021-05-19,37919,423,922,36151,846,0,0,82,2
2021-05-20,38002,422,921,36233,848,0,0,82,2
2021-05-21,38084,422,920,36314,850,0,0,82,2
2021-05-22,38167,422,919,36396,852,0,0,82,2
2021-05-23,38250,421,918,36478,854,0,0,82,2
2021-05-24,38331,421,917,36559,855,0,0,81,2
2021-05-25,38414,420,916,36641,857,0,0,81,2
2021-05-26,38497,420,916,36722,859,0,0,81,2
2021-05-27,38579,420,915,36803,861,0,0,81,2
2021-05-28,38661,419,914,36884,863,0,0,81,2
2021-05-29,38744,419,913,36966,865,0,0,81,2
2021-05-30,38826,418,912,37047,867,0,0,81,2
2021-05-31,38908,418,911,37128,869,0,0,81,2
2021-06-01,38990,418,910,37209,871,0,0,81,2
2021-06-02,39072,417,910,37289,873,0,0,81,2
2021-06-03,39153,417,909,37370,874,0,0,81,2
2021-06-04,39235,416,908,37451,876,0,0,81,2
2021-06-05,39317,416,907,37532,878,0,0,81,2
2021-06-06,39398,416,906,37612,880,0,0,80,2
2021-06-07,39480,415,905,37693,882,0,0,80,2
2021-06-08,39561,415,904,37773,884,0,0,80,2
2021-06-09,39642,415,903,37853,886,0,0,80,2
2021-06-10,39724,414,903,37933,888,0,0,80,2
2021-06-11,39806,414,902,38014,890,0,0,80,2
2021-06-12,39886,413,901,38094,891,0,0,80,2
2021-06-13,39967,413,900,38174,893,0,0,80,2
2021-06-14,40048,413,899,38254,895,0,0,80,2
2021-06-15,40128,412,898,38333,897,0,0,80,2
2021-06-16,40209,412,897,38413,899,0,0,80,2
2021-06-17,40291,411,897,38493,901,0,0,80,2
2021-06-18,40372,411,896,38573,903,0,0,80,2
2021-06-19,40451,411,895,38652,904,0,0,79,2
2021-06-20,40532,410,894,38732,906,0,0,79,2
2021-06-21,40612,410,893,38811,908,0,0,79,2
2021-06-22,40692,409,892,38890,910,0,0,79,2
2021-06-23,40773,409,892,38969,912,0,0,79,2
2021-06-24,40854,409,891,39049,914,0,0,79,2
2021-06-25,40934,408,890,39128,916,0,0,79,2
2021-06-26,41013,408,889,39207,917,0,0,79,2
2021-06-27,41093,407,888,39286,919,0,0,79,2
2021-06-28,41173,407,887,39365,921,0,0,79,2
2021-06-29,41252,407,886,39443,923,0,0,79,2
2021-06-30,41333,406,886,39522,925,0,0,79,2
2021-07-01,41413,406,885,39601,927,0,0,79,2
2021-07-02,41492,405,884,39679,929,0,0,79,2
2021-07-03,41571,405,883,39758,930,0,0,78,2
2021-07-04,41650,405,882,39836,932,0,0,78,2
2021-07-05,41729,404,881,39914,934,0,0,78,2
2021-07-06,41809,404,880,39993,936,0,0,78,2
2021-07-07,41889,404,880,40071,938,0,0,78,2
2021-07-08,41967,403,879,40149,939,0,0,78,2
2021-07-09,42046,403,878,40227,941,0,0,78,2
2021-07-10,42125,402,877,40305,943,0,0,78,2
2021-07-11,42204,402,876,40383,945,0,0,78,2
2021-07-12,42283,402,875,40461,947,0,0,78,2
2021-07-13,42362,401,875,40538,949,0,0,78,2
2021-07-14,42440,401,874,40616,950,0,0,78,2
2021-07-15,42519,400,873,40694,952,0,0,78,2
