date,infected,exposed,active,recovered,deaths,diff_exposed,diff_active,diff_recovered,diff_deaths
2020-05-31,NaN,375.0,1172.0,NaN,NaN,74.73,-71.83925,NaN,NaN
2020-06-01,NaN,440.406,1109.385,NaN,NaN,51.656,-49.01432,NaN,NaN
2020-06-02,NaN,485.643,1066.717,NaN,NaN,35.767,-33.31258,NaN,NaN
2020-06-03,NaN,516.987,1037.769,NaN,NaN,24.821,-22.51443,NaN,NaN
2020-06-04,NaN,538.761,1018.255,NaN,NaN,17.278,-15.09216,NaN,NaN
2020-06-05,NaN,553.938,1005.224,NaN,NaN,12.077,-9.99419,NaN,NaN
2020-06-06,NaN,564.565,996.644,NaN,NaN,8.488,-6.49661,NaN,NaN
2020-06-07,NaN,572.052,991.117,NaN,NaN,6.008,-4.10107,NaN,NaN
2020-06-08,NaN,577.368,987.678,NaN,NaN,4.293,-2.46445,NaN,NaN
2020-06-09,NaN,581.181,985.665,NaN,NaN,3.104,-1.3505,NaN,NaN
2020-06-10,NaN,583.952,984.621,NaN,NaN,2.277,-0.59657,NaN,NaN
2020-06-11,NaN,585.995,984.23,NaN,NaN,1.699,-0.09064,NaN,NaN
2020-06-12,NaN,587.531,984.276,NaN,NaN,1.292,0.2444,NaN,NaN
2020-06-13,NaN,588.707,984.609,NaN,NaN,1.004,0.4618,NaN,NaN
2020-06-14,NaN,589.629,985.127,NaN,NaN,0.7975,0.5979,NaN,NaN
2020-06-15,NaN,590.366,985.759,NaN,NaN,0.6468,0.6782,NaN,NaN
2020-06-16,NaN,590.968,986.455,NaN,NaN,0.5347,0.7198,NaN,NaN
2020-06-17,NaN,591.469,987.182,NaN,NaN,0.4491,0.7349,NaN,NaN
2020-06-18,NaN,591.892,987.917,NaN,NaN,0.3818,0.7315,NaN,NaN
2020-06-19,NaN,592.252,988.643,NaN,NaN,0.327,0.7154,NaN,NaN
2020-06-20,NaN,592.562,989.35,NaN,NaN,0.281,0.6906,NaN,NaN
2020-06-21,NaN,592.827,990.03,NaN,NaN,0.2408,0.6596,NaN,NaN
2020-06-22,NaN,593.054,990.676,NaN,NaN,0.2048,0.6245,NaN,NaN
2020-06-23,NaN,593.246,991.287,NaN,NaN,0.1716,0.5864,NaN,NaN
2020-06-24,NaN,593.406,991.858,NaN,NaN,0.1403,0.5462,NaN,NaN
2020-06-25,NaN,593.535,992.389,NaN,NaN,0.1103,0.5046,NaN,NaN
2020-06-26,NaN,593.634,992.877,NaN,NaN,0.08125,0.462,NaN,NaN
2020-06-27,NaN,593.705,993.323,NaN,NaN,0.05283,0.4186,NaN,NaN
2020-06-28,NaN,593.747,993.725,NaN,NaN,0.02485,0.3748,NaN,NaN
2020-06-29,NaN,593.762,994.084,NaN,NaN,-0.00282,0.3306,NaN,NaN
2020-06-30,NaN,593.748,994.397,NaN,NaN,-0.03028,0.2861,NaN,NaN
2020-07-01,NaN,593.708,994.667,NaN,NaN,-0.05759,0.2414,NaN,NaN
2020-07-02,NaN,593.64,994.891,NaN,NaN,-0.08478,0.1966,NaN,NaN
2020-07-03,NaN,593.545,995.071,NaN,NaN,-0.11189,0.1517,NaN,NaN
2020-07-04,NaN,593.423,995.206,NaN,NaN,-0.13892,0.1067,NaN,NaN
2020-07-05,NaN,593.274,995.296,NaN,NaN,-0.16589,0.06171,NaN,NaN
2020-07-06,NaN,593.098,995.341,NaN,NaN,-0.19281,0.01667,NaN,NaN
2020-07-07,NaN,592.895,995.34,NaN,NaN,-0.21967,-0.02839,NaN,NaN
2020-07-08,NaN,592.666,995.295,NaN,NaN,-0.24648,-0.07344,NaN,NaN
2020-07-09,NaN,592.409,995.205,NaN,NaN,-0.27323,-0.11848,NaN,NaN
2020-07-10,NaN,592.126,995.069,NaN,NaN,-0.29992,-0.1635,NaN,NaN
2020-07-11,NaN,591.816,994.889,NaN,NaN,-0.32655,-0.20849,NaN,NaN
2020-07-12,NaN,591.479,994.664,NaN,NaN,-0.35312,-0.25344,NaN,NaN
2020-07-13,NaN,591.116,994.393,NaN,NaN,-0.37962,-0.29833,NaN,NaN
2020-07-14,NaN,590.727,994.078,NaN,NaN,-0.40604,-0.34317,NaN,NaN
2020-07-15,NaN,590.311,993.718,NaN,NaN,-0.43239,-0.38794,NaN,NaN
2020-07-16,NaN,589.869,993.314,NaN,NaN,-0.45865,-0.43263,NaN,NaN
2020-07-17,NaN,589.4,992.864,NaN,NaN,-0.48483,-0.47724,NaN,NaN
2020-07-18,NaN,588.905,992.37,NaN,NaN,-0.51092,-0.52176,NaN,NaN
2020-07-19,NaN,588.385,991.832,NaN,NaN,-0.53691,-0.56618,NaN,NaN
2020-07-20,NaN,587.838,991.249,NaN,NaN,-0.5628,-0.61049,NaN,NaN
2020-07-21,NaN,587.266,990.622,NaN,NaN,-0.58859,-0.65468,NaN,NaN
2020-07-22,NaN,586.667,989.951,NaN,NaN,-0.61426,-0.69875,NaN,NaN
2020-07-23,NaN,586.044,989.236,NaN,NaN,-0.63983,-0.74269,NaN,NaN
2020-07-24,NaN,585.394,988.476,NaN,NaN,-0.66528,-0.78649,NaN,NaN
2020-07-25,NaN,584.719,987.674,NaN,NaN,-0.6906,-0.83014,NaN,NaN
2020-07-26,NaN,584.019,986.827,NaN,NaN,-0.7158,-0.87364,NaN,NaN
2020-07-27,NaN,583.294,985.937,NaN,NaN,-0.74087,-0.91697,NaN,NaN
2020-07-28,NaN,582.544,985.004,NaN,NaN,-0.76581,-0.96014,NaN,NaN
2020-07-29,NaN,581.769,984.028,NaN,NaN,-0.79061,-1.00313,NaN,NaN
2020-07-30,NaN,580.969,983.009,NaN,NaN,-0.81526,-1.04594,NaN,NaN
2020-07-31,NaN,580.144,981.947,NaN,NaN,-0.83977,-1.08855,NaN,NaN
2020-08-01,NaN,579.296,980.842,NaN,NaN,-0.86413,-1.13097,NaN,NaN
2020-08-02,NaN,578.422,979.695,NaN,NaN,-0.88833,-1.17318,NaN,NaN
2020-08-03,NaN,577.525,978.506,NaN,NaN,-0.91238,-1.21517,NaN,NaN
2020-08-04,NaN,576.604,977.276,NaN,NaN,-0.93626,-1.25695,NaN,NaN
2020-08-05,NaN,575.658,976.003,NaN,NaN,-0.95998,-1.2985,NaN,NaN
2020-08-06,NaN,574.69,974.689,NaN,NaN,-0.98352,-1.33982,NaN,NaN
2020-08-07,NaN,573.697,973.334,NaN,NaN,-1.0069,-1.3809,NaN,NaN
2020-08-08,NaN,572.682,971.937,NaN,NaN,-1.0301,-1.42173,NaN,NaN
2020-08-09,NaN,571.643,970.501,NaN,NaN,-1.05312,-1.46231,NaN,NaN
2020-08-10,NaN,570.581,969.023,NaN,NaN,-1.07595,-1.50263,NaN,NaN
2020-08-11,NaN,569.497,967.505,NaN,NaN,-1.0986,-1.54268,NaN,NaN
2020-08-12,NaN,568.39,965.948,NaN,NaN,-1.12106,-1.58246,NaN,NaN
2020-08-13,NaN,567.26,964.35,NaN,NaN,-1.14333,-1.62196,NaN,NaN
2020-08-14,NaN,566.109,962.714,NaN,NaN,-1.1654,-1.66118,NaN,NaN
2020-08-15,NaN,564.935,961.038,NaN,NaN,-1.18727,-1.70011,NaN,NaN
2020-08-16,NaN,563.74,959.323,NaN,NaN,-1.20894,-1.73874,NaN,NaN
2020-08-17,NaN,562.523,957.57,NaN,NaN,-1.2304,-1.77707,NaN,NaN
2020-08-18,NaN,561.284,955.779,NaN,NaN,-1.25166,-1.81509,NaN,NaN
2020-08-19,NaN,560.025,953.95,NaN,NaN,-1.2727,-1.8528,NaN,NaN
2020-08-20,NaN,558.744,952.083,NaN,NaN,-1.29353,-1.89019,NaN,NaN
2020-08-21,NaN,557.443,950.179,NaN,NaN,-1.31415,-1.92726,NaN,NaN
2020-08-22,NaN,556.121,948.238,NaN,NaN,-1.33454,-1.964,NaN,NaN
2020-08-23,NaN,554.779,946.26,NaN,NaN,-1.35472,-2.00041,NaN,NaN
2020-08-24,NaN,553.417,944.246,NaN,NaN,-1.37467,-2.03647,NaN,NaN
2020-08-25,NaN,552.035,942.196,NaN,NaN,-1.39439,-2.0722,NaN,NaN
2020-08-26,NaN,550.633,940.111,NaN,NaN,-1.41389,-2.10757,NaN,NaN
2020-08-27,NaN,549.212,937.99,NaN,NaN,-1.43316,-2.1426,NaN,NaN
2020-08-28,NaN,547.772,935.834,NaN,NaN,-1.45219,-2.17726,NaN,NaN
2020-08-29,NaN,546.312,933.644,NaN,NaN,-1.47099,-2.21156,NaN,NaN
2020-08-30,NaN,544.834,931.42,NaN,NaN,-1.48955,-2.2455,NaN,NaN
2020-08-31,NaN,543.338,929.162,NaN,NaN,-1.50788,-2.27907,NaN,NaN
2020-09-01,NaN,541.823,926.87,NaN,NaN,-1.52596,-2.31227,NaN,NaN
2020-09-02,NaN,540.291,924.545,NaN,NaN,-1.54381,-2.34508,NaN,NaN
2020-09-03,NaN,538.74,922.188,NaN,NaN,-1.5614,-2.37752,NaN,NaN
2020-09-04,NaN,537.172,919.799,NaN,NaN,-1.57876,-2.40957,NaN,NaN
2020-09-05,NaN,535.587,917.377,NaN,NaN,-1.59586,-2.44123,NaN,NaN
2020-09-06,NaN,533.985,914.924,NaN,NaN,-1.61272,-2.4725,NaN,NaN
2020-09-07,NaN,532.366,912.44,NaN,NaN,-1.62933,-2.50338,NaN,NaN
2020-09-08,NaN,530.73,909.925,NaN,NaN,-1.64569,-2.53386,NaN,NaN
2020-09-09,NaN,529.079,907.38,NaN,NaN,-1.6618,-2.56393,NaN,NaN
2020-09-10,NaN,527.411,904.805,NaN,NaN,-1.67765,-2.5936,NaN,NaN
2020-09-11,NaN,525.727,902.2,NaN,NaN,-1.69325,-2.62287,NaN,NaN
2020-09-12,NaN,524.028,899.567,NaN,NaN,-1.7086,-2.65173,NaN,NaN
2020-09-13,NaN,522.314,896.904,NaN,NaN,-1.72369,-2.68017,NaN,NaN
2020-09-14,NaN,520.585,894.213,NaN,NaN,-1.73852,-2.7082,NaN,NaN
2020-09-15,NaN,518.841,891.495,NaN,NaN,-1.75309,-2.73582,NaN,NaN
2020-09-16,NaN,517.082,888.749,NaN,NaN,-1.76741,-2.76302,NaN,NaN
2020-09-17,NaN,515.31,885.976,NaN,NaN,-1.78146,-2.78979,NaN,NaN
2020-09-18,NaN,513.523,883.176,NaN,NaN,-1.79526,-2.81615,NaN,NaN
2020-09-19,NaN,511.723,880.35,NaN,NaN,-1.8088,-2.84208,NaN,NaN
2020-09-20,NaN,509.909,877.498,NaN,NaN,-1.82208,-2.86758,NaN,NaN
2020-09-21,NaN,508.082,874.621,NaN,NaN,-1.83509,-2.89266,NaN,NaN
2020-09-22,NaN,506.242,871.719,NaN,NaN,-1.84785,-2.91731,NaN,NaN
2020-09-23,NaN,504.389,868.793,NaN,NaN,-1.86035,-2.94153,NaN,NaN
2020-09-24,NaN,502.524,865.843,NaN,NaN,-1.87258,-2.96532,NaN,NaN
2020-09-25,NaN,500.647,862.868,NaN,NaN,-1.88455,-2.98868,NaN,NaN
2020-09-26,NaN,498.758,859.871,NaN,NaN,-1.89626,-3.01161,NaN,NaN
2020-09-27,NaN,496.858,856.851,NaN,NaN,-1.90771,-3.0341,NaN,NaN
2020-09-28,NaN,494.946,853.809,NaN,NaN,-1.9189,-3.05616,NaN,NaN
2020-09-29,NaN,493.023,850.744,NaN,NaN,-1.92983,-3.07779,NaN,NaN
2020-09-30,NaN,491.089,847.659,NaN,NaN,-1.9405,-3.09898,NaN,NaN
2020-10-01,NaN,489.144,844.552,NaN,NaN,-1.95091,-3.11973,NaN,NaN
2020-10-02,NaN,487.19,841.424,NaN,NaN,-1.96106,-3.14005,NaN,NaN
2020-10-03,NaN,485.225,838.277,NaN,NaN,-1.97095,-3.15994,NaN,NaN
2020-10-04,NaN,483.25,835.11,NaN,NaN,-1.98058,-3.17939,NaN,NaN
2020-10-05,NaN,481.266,831.923,NaN,NaN,-1.98995,-3.1984,NaN,NaN
2020-10-06,NaN,479.273,828.718,NaN,NaN,-1.99907,-3.21698,NaN,NaN
2020-10-07,NaN,477.27,825.494,NaN,NaN,-2.00792,-3.23513,NaN,NaN
2020-10-08,NaN,475.259,822.252,NaN,NaN,-2.01653,-3.25284,NaN,NaN
2020-10-09,NaN,473.24,818.993,NaN,NaN,-2.02487,-3.27012,NaN,NaN
2020-10-10,NaN,471.212,815.716,NaN,NaN,-2.03297,-3.28697,NaN,NaN
2020-10-11,NaN,469.176,812.423,NaN,NaN,-2.04081,-3.30338,NaN,NaN
2020-10-12,NaN,467.132,809.114,NaN,NaN,-2.04839,-3.31936,NaN,NaN
2020-10-13,NaN,465.081,805.788,NaN,NaN,-2.05573,-3.33492,NaN,NaN
2020-10-14,NaN,463.023,802.448,NaN,NaN,-2.06281,-3.35004,NaN,NaN
2020-10-15,NaN,460.957,799.092,NaN,NaN,-2.06965,-3.36474,NaN,NaN
2020-10-16,NaN,458.885,795.722,NaN,NaN,-2.07624,-3.37901,NaN,NaN
2020-10-17,NaN,456.806,792.338,NaN,NaN,-2.08258,-3.39286,NaN,NaN
2020-10-18,NaN,454.721,788.94,NaN,NaN,-2.08867,-3.40628,NaN,NaN
2020-10-19,NaN,452.631,785.529,NaN,NaN,-2.09452,-3.41928,NaN,NaN
2020-10-20,NaN,450.534,782.105,NaN,NaN,-2.10013,-3.43186,NaN,NaN
2020-10-21,NaN,448.432,778.668,NaN,NaN,-2.1055,-3.44402,NaN,NaN
2020-10-22,NaN,446.324,775.22,NaN,NaN,-2.11063,-3.45577,NaN,NaN
2020-10-23,NaN,444.212,771.76,NaN,NaN,-2.11552,-3.4671,NaN,NaN
2020-10-24,NaN,442.095,768.288,NaN,NaN,-2.12017,-3.47802,NaN,NaN
2020-10-25,NaN,439.973,764.806,NaN,NaN,-2.12458,-3.48852,NaN,NaN
2020-10-26,NaN,437.847,761.314,NaN,NaN,-2.12877,-3.49862,NaN,NaN
2020-10-27,NaN,435.716,757.812,NaN,NaN,-2.13272,-3.50831,NaN,NaN
2020-10-28,NaN,433.582,754.3,NaN,NaN,-2.13644,-3.5176,NaN,NaN
2020-10-29,NaN,431.444,750.779,NaN,NaN,-2.13993,-3.52648,NaN,NaN
2020-10-30,NaN,429.303,747.249,NaN,NaN,-2.14319,-3.53497,NaN,NaN
2020-10-31,NaN,427.159,743.711,NaN,NaN,-2.14623,-3.54305,NaN,NaN
2020-11-01,NaN,425.012,740.165,NaN,NaN,-2.14905,-3.55075,NaN,NaN
2020-11-02,NaN,422.862,736.612,NaN,NaN,-2.15164,-3.55805,NaN,NaN
2020-11-03,NaN,420.709,733.051,NaN,NaN,-2.15402,-3.56496,NaN,NaN
2020-11-04,NaN,418.554,729.484,NaN,NaN,-2.15618,-3.57149,NaN,NaN
2020-11-05,NaN,416.397,725.91,NaN,NaN,-2.15812,-3.57763,NaN,NaN
2020-11-06,NaN,414.238,722.33,NaN,NaN,-2.15985,-3.58339,NaN,NaN
2020-11-07,NaN,412.078,718.745,NaN,NaN,-2.16136,-3.58878,NaN,NaN
2020-11-08,NaN,409.916,715.154,NaN,NaN,-2.16267,-3.59379,NaN,NaN
2020-11-09,NaN,407.753,711.558,NaN,NaN,-2.16377,-3.59842,NaN,NaN
2020-11-10,NaN,405.589,707.958,NaN,NaN,-2.16466,-3.60269,NaN,NaN
2020-11-11,NaN,403.424,704.354,NaN,NaN,-2.16535,-3.6066,NaN,NaN
2020-11-12,NaN,401.258,700.746,NaN,NaN,-2.16584,-3.61014,NaN,NaN
2020-11-13,NaN,399.092,697.135,NaN,NaN,-2.16612,-3.61332,NaN,NaN
2020-11-14,NaN,396.926,693.52,NaN,NaN,-2.16622,-3.61614,NaN,NaN
2020-11-15,NaN,394.76,689.903,NaN,NaN,-2.16611,-3.61862,NaN,NaN
2020-11-16,NaN,392.594,686.284,NaN,NaN,-2.16581,-3.62074,NaN,NaN
2020-11-17,NaN,390.428,682.663,NaN,NaN,-2.16533,-3.62252,NaN,NaN
2020-11-18,NaN,388.263,679.039,NaN,NaN,-2.16465,-3.62395,NaN,NaN
2020-11-19,NaN,386.099,675.415,NaN,NaN,-2.16379,-3.62505,NaN,NaN
2020-11-20,NaN,383.936,671.79,NaN,NaN,-2.16274,-3.62581,NaN,NaN
2020-11-21,NaN,381.773,668.164,NaN,NaN,-2.16151,-3.62624,NaN,NaN
2020-11-22,NaN,379.612,664.537,NaN,NaN,-2.16011,-3.62634,NaN,NaN
2020-11-23,NaN,377.453,660.911,NaN,NaN,-2.15852,-3.62612,NaN,NaN
2020-11-24,NaN,375.295,657.285,NaN,NaN,-2.15676,-3.62557,NaN,NaN
2020-11-25,NaN,373.139,653.66,NaN,NaN,-2.15483,-3.62471,NaN,NaN
2020-11-26,NaN,370.985,650.036,NaN,NaN,-2.15273,-3.62353,NaN,NaN
2020-11-27,NaN,368.833,646.413,NaN,NaN,-2.15045,-3.62204,NaN,NaN
2020-11-28,NaN,366.683,642.791,NaN,NaN,-2.14802,-3.62025,NaN,NaN
2020-11-29,NaN,364.536,639.172,NaN,NaN,-2.14542,-3.61815,NaN,NaN
2020-11-30,NaN,362.392,635.554,NaN,NaN,-2.14265,-3.61576,NaN,NaN
2020-12-01,NaN,360.25,631.94,NaN,NaN,-2.13973,-3.61307,NaN,NaN
2020-12-02,NaN,358.112,628.328,NaN,NaN,-2.13666,-3.61009,NaN,NaN
2020-12-03,NaN,355.976,624.719,NaN,NaN,-2.13343,-3.60682,NaN,NaN
2020-12-04,NaN,353.844,621.113,NaN,NaN,-2.13004,-3.60326,NaN,NaN
2020-12-05,NaN,351.715,617.511,NaN,NaN,-2.12651,-3.59943,NaN,NaN
2020-12-06,NaN,349.59,613.914,NaN,NaN,-2.12283,-3.59532,NaN,NaN
2020-12-07,NaN,347.469,610.32,NaN,NaN,-2.119,-3.59094,NaN,NaN
2020-12-08,NaN,345.351,606.731,NaN,NaN,-2.11504,-3.58629,NaN,NaN
2020-12-09,NaN,343.238,603.146,NaN,NaN,-2.11093,-3.58137,NaN,NaN
2020-12-10,NaN,341.128,599.567,NaN,NaN,-2.10668,-3.5762,NaN,NaN
2020-12-11,NaN,339.023,595.993,NaN,NaN,-2.1023,-3.57077,NaN,NaN
2020-12-12,NaN,336.923,592.424,NaN,NaN,-2.09778,-3.56508,NaN,NaN
2020-12-13,NaN,334.827,588.861,NaN,NaN,-2.09314,-3.55915,NaN,NaN
2020-12-14,NaN,332.735,585.304,NaN,NaN,-2.08836,-3.55297,NaN,NaN
2020-12-15,NaN,330.649,581.754,NaN,NaN,-2.08346,-3.54655,NaN,NaN
2020-12-16,NaN,328.567,578.21,NaN,NaN,-2.07844,-3.53989,NaN,NaN
2020-12-17,NaN,326.491,574.672,NaN,NaN,-2.07329,-3.53299,NaN,NaN
2020-12-18,NaN,324.419,571.142,NaN,NaN,-2.06802,-3.52587,NaN,NaN
2020-12-19,NaN,322.353,567.619,NaN,NaN,-2.06264,-3.51852,NaN,NaN
2020-12-20,NaN,320.293,564.103,NaN,NaN,-2.05714,-3.51095,NaN,NaN
2020-12-21,NaN,318.238,560.595,NaN,NaN,-2.05153,-3.50316,NaN,NaN
2020-12-22,NaN,316.188,557.095,NaN,NaN,-2.0458,-3.49516,NaN,NaN
2020-12-23,NaN,314.145,553.603,NaN,NaN,-2.03997,-3.48695,NaN,NaN
2020-12-24,NaN,312.107,550.119,NaN,NaN,-2.03403,-3.47852,NaN,NaN
2020-12-25,NaN,310.075,546.644,NaN,NaN,-2.02799,-3.4699,NaN,NaN
2020-12-26,NaN,308.05,543.177,NaN,NaN,-2.02185,-3.46108,NaN,NaN
2020-12-27,NaN,306.03,539.719,NaN,NaN,-2.0156,-3.45206,NaN,NaN
2020-12-28,NaN,304.017,536.271,NaN,NaN,-2.00926,-3.44285,NaN,NaN
2020-12-29,NaN,302.01,532.831,NaN,NaN,-2.00283,-3.43345,NaN,NaN
2020-12-30,NaN,300.01,529.401,NaN,NaN,-1.9963,-3.42386,NaN,NaN
2020-12-31,NaN,298.016,525.981,NaN,NaN,-1.98968,-3.4141,NaN,NaN
2021-01-01,NaN,296.029,522.571,NaN,NaN,-1.98297,-3.40416,NaN,NaN
2021-01-02,NaN,294.048,519.17,NaN,NaN,-1.97617,-3.39404,NaN,NaN
2021-01-03,NaN,292.075,515.78,NaN,NaN,-1.96929,-3.38376,NaN,NaN
2021-01-04,NaN,290.108,512.4,NaN,NaN,-1.96232,-3.37331,NaN,NaN
2021-01-05,NaN,288.148,509.031,NaN,NaN,-1.95528,-3.36269,NaN,NaN
2021-01-06,NaN,286.196,505.672,NaN,NaN,-1.94816,-3.35192,NaN,NaN
2021-01-07,NaN,284.25,502.325,NaN,NaN,-1.94096,-3.34099,NaN,NaN
2021-01-08,NaN,282.312,498.988,NaN,NaN,-1.93368,-3.32991,NaN,NaN
2021-01-09,NaN,280.381,495.662,NaN,NaN,-1.92633,-3.31869,NaN,NaN
2021-01-10,NaN,278.457,492.348,NaN,NaN,-1.91892,-3.30731,NaN,NaN
2021-01-11,NaN,276.541,489.045,NaN,NaN,-1.91143,-3.2958,NaN,NaN
2021-01-12,NaN,274.633,485.753,NaN,NaN,-1.90388,-3.28415,NaN,NaN
2021-01-13,NaN,272.732,482.473,NaN,NaN,-1.89626,-3.27236,NaN,NaN
2021-01-14,NaN,270.838,479.206,NaN,NaN,-1.88858,-3.26044,NaN,NaN
2021-01-15,NaN,268.953,475.95,NaN,NaN,-1.88083,-3.2484,NaN,NaN
2021-01-16,NaN,267.075,472.706,NaN,NaN,-1.87303,-3.23623,NaN,NaN
2021-01-17,NaN,265.205,469.474,NaN,NaN,-1.86517,-3.22393,NaN,NaN
2021-01-18,NaN,263.342,466.255,NaN,NaN,-1.85726,-3.21152,NaN,NaN
2021-01-19,NaN,261.488,463.048,NaN,NaN,-1.84929,-3.199,NaN,NaN
2021-01-20,NaN,259.642,459.854,NaN,NaN,-1.84127,-3.18636,NaN,NaN
2021-01-21,NaN,257.804,456.672,NaN,NaN,-1.83319,-3.17362,NaN,NaN
2021-01-22,NaN,255.973,453.503,NaN,NaN,-1.82508,-3.16077,NaN,NaN
2021-01-23,NaN,254.151,450.347,NaN,NaN,-1.81691,-3.14782,NaN,NaN
2021-01-24,NaN,252.338,447.204,NaN,NaN,-1.8087,-3.13477,NaN,NaN
2021-01-25,NaN,250.532,444.075,NaN,NaN,-1.80044,-3.12162,NaN,NaN
2021-01-26,NaN,248.735,440.958,NaN,NaN,-1.79215,-3.10839,NaN,NaN
2021-01-27,NaN,246.946,437.855,NaN,NaN,-1.78381,-3.09506,NaN,NaN
2021-01-28,NaN,245.165,434.765,NaN,NaN,-1.77543,-3.08164,NaN,NaN
2021-01-29,NaN,243.393,431.688,NaN,NaN,-1.76702,-3.06814,NaN,NaN
2021-01-30,NaN,241.629,428.625,NaN,NaN,-1.75857,-3.05456,NaN,NaN
2021-01-31,NaN,239.873,425.575,NaN,NaN,-1.75009,-3.04091,NaN,NaN
2021-02-01,NaN,238.126,422.54,NaN,NaN,-1.74158,-3.02717,NaN,NaN
2021-02-02,NaN,236.388,419.518,NaN,NaN,-1.73304,-3.01337,NaN,NaN
2021-02-03,NaN,234.658,416.509,NaN,NaN,-1.72446,-2.99949,NaN,NaN
2021-02-04,NaN,232.937,413.515,NaN,NaN,-1.71586,-2.98555,NaN,NaN
2021-02-05,NaN,231.224,410.535,NaN,NaN,-1.70724,-2.97154,NaN,NaN
2021-02-06,NaN,229.52,407.569,NaN,NaN,-1.69859,-2.95747,NaN,NaN
2021-02-07,NaN,227.825,404.616,NaN,NaN,-1.68991,-2.94335,NaN,NaN
2021-02-08,NaN,226.138,401.678,NaN,NaN,-1.68122,-2.92916,NaN,NaN
2021-02-09,NaN,224.46,398.755,NaN,NaN,-1.6725,-2.91493,NaN,NaN
2021-02-10,NaN,222.791,395.845,NaN,NaN,-1.66376,-2.90064,NaN,NaN
2021-02-11,NaN,221.131,392.95,NaN,NaN,-1.65501,-2.8863,NaN,NaN
2021-02-12,NaN,219.479,390.069,NaN,NaN,-1.64624,-2.87192,NaN,NaN
2021-02-13,NaN,217.836,387.202,NaN,NaN,-1.63746,-2.85749,NaN,NaN
2021-02-14,NaN,216.202,384.35,NaN,NaN,-1.62866,-2.84302,NaN,NaN
2021-02-15,NaN,214.577,381.513,NaN,NaN,-1.61985,-2.82852,NaN,NaN
2021-02-16,NaN,212.96,378.69,NaN,NaN,-1.61102,-2.81398,NaN,NaN
2021-02-17,NaN,211.352,375.881,NaN,NaN,-1.60219,-2.7994,NaN,NaN
2021-02-18,NaN,209.753,373.087,NaN,NaN,-1.59335,-2.78479,NaN,NaN
2021-02-19,NaN,208.163,370.308,NaN,NaN,-1.5845,-2.77015,NaN,NaN
2021-02-20,NaN,206.582,367.543,NaN,NaN,-1.57565,-2.75549,NaN,NaN
2021-02-21,NaN,205.01,364.793,NaN,NaN,-1.56679,-2.74079,NaN,NaN
2021-02-22,NaN,203.446,362.058,NaN,NaN,-1.55792,-2.72608,NaN,NaN
2021-02-23,NaN,201.892,359.337,NaN,NaN,-1.54906,-2.71135,NaN,NaN
2021-02-24,NaN,200.346,356.632,NaN,NaN,-1.54019,-2.69659,NaN,NaN
2021-02-25,NaN,198.809,353.941,NaN,NaN,-1.53132,-2.68182,NaN,NaN
2021-02-26,NaN,197.281,351.264,NaN,NaN,-1.52245,-2.66704,NaN,NaN
2021-02-27,NaN,195.762,348.603,NaN,NaN,-1.51358,-2.65224,NaN,NaN
2021-02-28,NaN,194.252,345.956,NaN,NaN,-1.50471,-2.63743,NaN,NaN
2021-03-01,NaN,192.751,343.324,NaN,NaN,-1.49585,-2.62261,NaN,NaN
2021-03-02,NaN,191.258,340.707,NaN,NaN,-1.48699,-2.60779,NaN,NaN
2021-03-03,NaN,189.774,338.105,NaN,NaN,-1.47814,-2.59296,NaN,NaN
2021-03-04,NaN,188.299,335.518,NaN,NaN,-1.46929,-2.57813,NaN,NaN
2021-03-05,NaN,186.834,332.945,NaN,NaN,-1.46045,-2.56329,NaN,NaN
2021-03-06,NaN,185.376,330.387,NaN,NaN,-1.45162,-2.54846,NaN,NaN
2021-03-07,NaN,183.928,327.844,NaN,NaN,-1.4428,-2.53363,NaN,NaN
2021-03-08,NaN,182.489,325.316,NaN,NaN,-1.43399,-2.5188,NaN,NaN
2021-03-09,NaN,181.058,322.803,NaN,NaN,-1.42519,-2.50398,NaN,NaN
2021-03-10,NaN,179.636,320.305,NaN,NaN,-1.4164,-2.48916,NaN,NaN
2021-03-11,NaN,178.223,317.821,NaN,NaN,-1.40762,-2.47436,NaN,NaN
2021-03-12,NaN,176.819,315.352,NaN,NaN,-1.39886,-2.45956,NaN,NaN
2021-03-13,NaN,175.423,312.898,NaN,NaN,-1.39011,-2.44478,NaN,NaN
2021-03-14,NaN,174.036,310.459,NaN,NaN,-1.38137,-2.43001,NaN,NaN
2021-03-15,NaN,172.658,308.034,NaN,NaN,-1.37265,-2.41525,NaN,NaN
2021-03-16,NaN,171.289,305.625,NaN,NaN,-1.36395,-2.40051,NaN,NaN
2021-03-17,NaN,169.928,303.23,NaN,NaN,-1.35526,-2.38579,NaN,NaN
2021-03-18,NaN,168.576,300.849,NaN,NaN,-1.34659,-2.37109,NaN,NaN
2021-03-19,NaN,167.233,298.484,NaN,NaN,-1.33794,-2.35641,NaN,NaN
2021-03-20,NaN,165.898,296.133,NaN,NaN,-1.32931,-2.34175,NaN,NaN
2021-03-21,NaN,164.572,293.797,NaN,NaN,-1.3207,-2.32711,NaN,NaN
2021-03-22,NaN,163.254,291.475,NaN,NaN,-1.31211,-2.3125,NaN,NaN
2021-03-23,NaN,161.945,289.168,NaN,NaN,-1.30354,-2.29792,NaN,NaN
2021-03-24,NaN,160.645,286.876,NaN,NaN,-1.295,-2.28336,NaN,NaN
2021-03-25,NaN,159.353,284.598,NaN,NaN,-1.28647,-2.26883,NaN,NaN
2021-03-26,NaN,158.07,282.334,NaN,NaN,-1.27797,-2.25433,NaN,NaN
2021-03-27,NaN,156.795,280.085,NaN,NaN,-1.26949,-2.23987,NaN,NaN
2021-03-28,NaN,155.529,277.851,NaN,NaN,-1.26104,-2.22543,NaN,NaN
2021-03-29,NaN,154.271,275.631,NaN,NaN,-1.25261,-2.21103,NaN,NaN
2021-03-30,NaN,153.022,273.425,NaN,NaN,-1.24421,-2.19666,NaN,NaN
2021-03-31,NaN,151.781,271.234,NaN,NaN,-1.23583,-2.18232,NaN,NaN
2021-04-01,NaN,150.548,269.057,NaN,NaN,-1.22748,-2.16803,NaN,NaN
2021-04-02,NaN,149.323,266.894,NaN,NaN,-1.21915,-2.15377,NaN,NaN
2021-04-03,NaN,148.107,264.746,NaN,NaN,-1.21085,-2.13955,NaN,NaN
2021-04-04,NaN,146.9,262.612,NaN,NaN,-1.20258,-2.12536,NaN,NaN
2021-04-05,NaN,145.7,260.492,NaN,NaN,-1.19434,-2.11122,NaN,NaN
2021-04-06,NaN,144.509,258.386,NaN,NaN,-1.18613,-2.09712,NaN,NaN
2021-04-07,NaN,143.326,256.294,NaN,NaN,-1.17795,-2.08306,NaN,NaN
2021-04-08,NaN,142.151,254.216,NaN,NaN,-1.16979,-2.06905,NaN,NaN
2021-04-09,NaN,140.984,252.152,NaN,NaN,-1.16167,-2.05508,NaN,NaN
2021-04-10,NaN,139.826,250.102,NaN,NaN,-1.15358,-2.04115,NaN,NaN
2021-04-11,NaN,138.675,248.066,NaN,NaN,-1.14551,-2.02727,NaN,NaN
2021-04-12,NaN,137.533,246.044,NaN,NaN,-1.13748,-2.01344,NaN,NaN
2021-04-13,NaN,136.398,244.036,NaN,NaN,-1.12948,-1.99965,NaN,NaN
2021-04-14,NaN,135.272,242.042,NaN,NaN,-1.12151,-1.98591,NaN,NaN
2021-04-15,NaN,134.153,240.061,NaN,NaN,-1.11358,-1.97222,NaN,NaN
2021-04-16,NaN,133.042,238.094,NaN,NaN,-1.10567,-1.95858,NaN,NaN
2021-04-17,NaN,131.94,236.14,NaN,NaN,-1.0978,-1.94499,NaN,NaN
2021-04-18,NaN,130.845,234.2,NaN,NaN,-1.08996,-1.93145,NaN,NaN
2021-04-19,NaN,129.758,232.274,NaN,NaN,-1.08216,-1.91796,NaN,NaN
2021-04-20,NaN,128.679,230.361,NaN,NaN,-1.07439,-1.90452,NaN,NaN
2021-04-21,NaN,127.607,228.462,NaN,NaN,-1.06665,-1.89113,NaN,NaN
2021-04-22,NaN,126.543,226.575,NaN,NaN,-1.05895,-1.8778,NaN,NaN
2021-04-23,NaN,125.487,224.703,NaN,NaN,-1.05128,-1.86452,NaN,NaN
2021-04-24,NaN,124.439,222.843,NaN,NaN,-1.04365,-1.8513,NaN,NaN
2021-04-25,NaN,123.398,220.997,NaN,NaN,-1.03605,-1.83813,NaN,NaN
2021-04-26,NaN,122.365,219.164,NaN,NaN,-1.02849,-1.82502,NaN,NaN
2021-04-27,NaN,121.339,217.343,NaN,NaN,-1.02096,-1.81196,NaN,NaN
2021-04-28,NaN,120.321,215.536,NaN,NaN,-1.01347,-1.79896,NaN,NaN
2021-04-29,NaN,119.31,213.742,NaN,NaN,-1.00601,-1.78601,NaN,NaN
2021-04-30,NaN,118.307,211.961,NaN,NaN,-0.99859,-1.77313,NaN,NaN
2021-05-01,NaN,117.311,210.193,NaN,NaN,-0.99121,-1.7603,NaN,NaN
2021-05-02,NaN,116.323,208.437,NaN,NaN,-0.98386,-1.74752,NaN,NaN
2021-05-03,NaN,115.342,206.694,NaN,NaN,-0.97655,-1.73481,NaN,NaN
2021-05-04,NaN,114.368,204.964,NaN,NaN,-0.96928,-1.72216,NaN,NaN
2021-05-05,NaN,113.401,203.247,NaN,NaN,-0.96204,-1.70956,NaN,NaN
2021-05-06,NaN,112.442,201.542,NaN,NaN,-0.95484,-1.69702,NaN,NaN
2021-05-07,NaN,111.49,199.85,NaN,NaN,-0.94768,-1.68455,NaN,NaN
2021-05-08,NaN,110.545,198.17,NaN,NaN,-0.94055,-1.67213,NaN,NaN
2021-05-09,NaN,109.607,196.502,NaN,NaN,-0.93347,-1.65978,NaN,NaN
2021-05-10,NaN,108.676,194.847,NaN,NaN,-0.92642,-1.64748,NaN,NaN
2021-05-11,NaN,107.752,193.204,NaN,NaN,-0.9194,-1.63525,NaN,NaN
2021-05-12,NaN,106.836,191.574,NaN,NaN,-0.91243,-1.62308,NaN,NaN
2021-05-13,NaN,105.926,189.955,NaN,NaN,-0.90549,-1.61097,NaN,NaN
2021-05-14,NaN,105.023,188.349,NaN,NaN,-0.89859,-1.59892,NaN,NaN
2021-05-15,NaN,104.127,186.754,NaN,NaN,-0.89173,-1.58693,NaN,NaN
2021-05-16,NaN,103.238,185.172,NaN,NaN,-0.88491,-1.57501,NaN,NaN
2021-05-17,NaN,102.355,183.601,NaN,NaN,-0.87812,-1.56315,NaN,NaN
2021-05-18,NaN,101.48,182.043,NaN,NaN,-0.87137,-1.55135,NaN,NaN
2021-05-19,NaN,100.611,180.496,NaN,NaN,-0.86466,-1.53961,NaN,NaN
2021-05-20,NaN,99.749,178.96,NaN,NaN,-0.85799,-1.52794,NaN,NaN
2021-05-21,NaN,98.893,177.437,NaN,NaN,-0.85136,-1.51633,NaN,NaN
2021-05-22,NaN,98.044,175.925,NaN,NaN,-0.84476,-1.50478,NaN,NaN
2021-05-23,NaN,97.202,174.424,NaN,NaN,-0.83821,-1.4933,NaN,NaN
2021-05-24,NaN,96.366,172.935,NaN,NaN,-0.83169,-1.48188,NaN,NaN
2021-05-25,NaN,95.537,171.458,NaN,NaN,-0.82521,-1.47052,NaN,NaN
2021-05-26,NaN,94.714,169.991,NaN,NaN,-0.81877,-1.45923,NaN,NaN
