Date,Confirmed,Exposed,Active,Recovered,Deaths,Diff Exposed,Diff Active,Diff Recovered,Diff Deaths
2020-05-06,16310,3845,5434,10611,265,-38,-293,324,8
2020-05-07,16349,3807,5141,10935,273,-38,-276,306,8
2020-05-08,16387,3768,4865,11241,281,-38,-259,290,7
2020-05-09,16424,3731,4605,11531,288,-37,-244,274,7
2020-05-10,16461,3693,4361,11805,295,-37,-229,260,6
2020-05-11,16498,3657,4132,12065,301,-37,-216,246,6
2020-05-12,16535,3620,3916,12312,307,-36,-203,233,6
2020-05-13,16571,3584,3713,12545,313,-36,-191,221,6
2020-05-14,16607,3548,3522,12766,319,-35,-180,210,5
2020-05-15,16642,3512,3342,12976,324,-35,-169,199,5
2020-05-16,16677,3477,3173,13175,329,-35,-159,189,5
2020-05-17,16712,3443,3014,13364,334,-34,-150,180,4
2020-05-18,16747,3408,2865,13544,338,-34,-141,171,4
2020-05-19,16781,3374,2724,13715,342,-34,-133,162,4
2020-05-20,16815,3340,2591,13877,347,-33,-125,154,4
2020-05-21,16847,3307,2466,14031,350,-33,-118,147,4
2020-05-22,16881,3274,2349,14178,354,-33,-111,140,3
2020-05-23,16914,3241,2238,14318,358,-32,-104,133,3
2020-05-24,16947,3209,2134,14452,361,-32,-98,127,3
2020-05-25,16978,3177,2035,14579,364,-32,-93,121,3
2020-05-26,17010,3145,1943,14700,367,-31,-87,116,3
2020-05-27,17042,3113,1856,14816,370,-31,-82,111,3
2020-05-28,17073,3082,1774,14926,373,-31,-77,106,3
2020-05-29,17103,3051,1696,15032,375,-31,-73,101,3
2020-05-30,17134,3021,1623,15133,378,-30,-69,97,2
2020-05-31,17164,2991,1554,15230,380,-30,-65,93,2
2020-06-01,17195,2961,1489,15323,383,-30,-61,89,2
2020-06-02,17224,2931,1428,15411,385,-29,-58,85,2
2020-06-03,17253,2902,1370,15496,387,-29,-55,82,2
2020-06-04,17282,2873,1315,15578,389,-29,-52,78,2
2020-06-05,17311,2844,1264,15656,391,-28,-49,75,2
2020-06-06,17340,2816,1215,15732,393,-28,-46,72,2
2020-06-07,17368,2788,1169,15804,395,-28,-44,70,2
2020-06-08,17395,2760,1125,15874,396,-28,-41,67,2
2020-06-09,17423,2732,1084,15941,398,-27,-39,65,2
2020-06-10,17450,2705,1045,16005,400,-27,-37,62,2
2020-06-11,17477,2678,1008,16068,401,-27,-35,60,2
2020-06-12,17505,2651,974,16128,403,-27,-33,58,1
2020-06-13,17531,2624,941,16186,404,-26,-31,56,1
2020-06-14,17557,2598,909,16242,406,-26,-30,54,1
2020-06-15,17583,2572,880,16296,407,-26,-28,52,1
2020-06-16,17608,2546,852,16348,408,-25,-27,51,1
2020-06-17,17634,2521,825,16399,410,-25,-25,49,1
2020-06-18,17659,2496,800,16448,411,-25,-24,48,1
2020-06-19,17684,2471,776,16496,412,-25,-23,46,1
2020-06-20,17708,2446,753,16542,413,-24,-22,45,1
2020-06-21,17733,2422,732,16587,414,-24,-20,44,1
2020-06-22,17757,2397,711,16631,415,-24,-19,42,1
2020-06-23,17781,2373,692,16673,416,-24,-19,41,1
2020-06-24,17804,2350,673,16714,417,-23,-18,40,1
2020-06-25,17829,2326,656,16755,418,-23,-17,39,1
2020-06-26,17852,2303,639,16794,419,-23,-16,38,1
2020-06-27,17875,2280,623,16832,420,-23,-15,37,1
2020-06-28,17898,2257,608,16869,421,-23,-15,36,1
2020-06-29,17920,2235,593,16905,422,-22,-14,35,1
2020-06-30,17942,2212,579,16940,423,-22,-13,35,1
2020-07-01,17965,2190,566,16975,424,-22,-13,34,1
2020-07-02,17987,2168,553,17009,425,-22,-12,33,1
2020-07-03,18009,2147,541,17042,426,-21,-12,32,1
2020-07-04,18030,2125,530,17074,426,-21,-11,32,1
2020-07-05,18051,2104,519,17105,427,-21,-11,31,1
2020-07-06,18072,2083,508,17136,428,-21,-10,30,1
2020-07-07,18094,2062,498,17167,429,-21,-10,30,1
2020-07-08,18113,2041,488,17196,429,-20,-9,29,1
2020-07-09,18134,2021,479,17225,430,-20,-9,29,1
2020-07-10,18155,2001,470,17254,431,-20,-9,28,1
2020-07-11,18175,1981,461,17282,432,-20,-8,27,1
2020-07-12,18194,1961,453,17309,432,-20,-8,27,1
2020-07-13,18214,1941,445,17336,433,-19,-8,26,1
2020-07-14,18234,1922,437,17363,434,-19,-7,26,1
2020-07-15,18252,1903,429,17389,434,-19,-7,26,1
2020-07-16,18271,1884,422,17414,435,-19,-7,25,1
2020-07-17,18290,1865,415,17440,435,-19,-7,25,1
2020-07-18,18308,1846,408,17464,436,-18,-6,24,1
2020-07-19,18328,1828,402,17489,437,-18,-6,24,1
2020-07-20,18346,1809,396,17513,437,-18,-6,24,1
2020-07-21,18364,1791,390,17536,438,-18,-6,23,1
2020-07-22,18381,1773,384,17559,438,-18,-6,23,1
2020-07-23,18399,1756,378,17582,439,-18,-6,23,1
2020-07-24,18418,1738,373,17605,440,-17,-5,22,1
2020-07-25,18434,1721,367,17627,440,-17,-5,22,1
2020-07-26,18452,1704,362,17649,441,-17,-5,22,1
2020-07-27,18468,1686,357,17670,441,-17,-5,21,1
2020-07-28,18486,1670,352,17692,442,-17,-5,21,1
2020-07-29,18502,1653,347,17713,442,-17,-5,21,1
2020-07-30,18518,1636,342,17733,443,-16,-5,20,1
2020-07-31,18535,1620,338,17754,443,-16,-4,20,1
2020-08-01,18551,1604,333,17774,444,-16,-4,20,0
2020-08-02,18567,1588,329,17794,444,-16,-4,20,0
2020-08-03,18583,1572,325,17813,445,-16,-4,19,0
2020-08-04,18599,1556,321,17833,445,-16,-4,19,0
2020-08-05,18615,1541,317,17852,446,-15,-4,19,0
2020-08-06,18630,1525,313,17871,446,-15,-4,19,0
2020-08-07,18645,1510,309,17889,447,-15,-4,18,0
2020-08-08,18660,1495,305,17908,447,-15,-4,18,0
2020-08-09,18675,1480,301,17926,448,-15,-4,18,0
2020-08-10,18690,1465,298,17944,448,-15,-4,18,0
2020-08-11,18705,1450,294,17962,449,-15,-3,18,0
2020-08-12,18719,1436,291,17979,449,-14,-3,17,0
2020-08-13,18733,1422,287,17997,449,-14,-3,17,0
2020-08-14,18748,1407,284,18014,450,-14,-3,17,0
2020-08-15,18762,1393,281,18031,450,-14,-3,17,0
2020-08-16,18776,1379,278,18047,451,-14,-3,17,0
2020-08-17,18789,1366,274,18064,451,-14,-3,16,0
2020-08-18,18802,1352,271,18080,451,-14,-3,16,0
2020-08-19,18816,1338,268,18096,452,-13,-3,16,0
2020-08-20,18829,1325,265,18112,452,-13,-3,16,0
2020-08-21,18843,1312,262,18128,453,-13,-3,16,0
2020-08-22,18856,1299,259,18144,453,-13,-3,15,0
2020-08-23,18869,1286,257,18159,453,-13,-3,15,0
2020-08-24,18883,1273,254,18175,454,-13,-3,15,0
2020-08-25,18895,1260,251,18190,454,-13,-3,15,0
2020-08-26,18908,1247,248,18205,455,-12,-3,15,0
2020-08-27,18920,1235,246,18219,455,-12,-3,15,0
2020-08-28,18932,1223,243,18234,455,-12,-3,14,0
2020-08-29,18945,1210,240,18249,456,-12,-3,14,0
2020-08-30,18957,1198,238,18263,456,-12,-3,14,0
2020-08-31,18968,1186,235,18277,456,-12,-3,14,0
2020-09-01,18981,1174,233,18291,457,-12,-2,14,0
2020-09-02,18992,1163,230,18305,457,-12,-2,14,0
2020-09-03,19004,1151,228,18319,457,-12,-2,14,0
2020-09-04,19015,1140,225,18332,458,-11,-2,13,0
2020-09-05,19027,1128,223,18346,458,-11,-2,13,0
2020-09-06,19038,1117,221,18359,458,-11,-2,13,0
2020-09-07,19049,1106,218,18372,459,-11,-2,13,0
2020-09-08,19060,1095,216,18385,459,-11,-2,13,0
2020-09-09,19071,1084,214,18398,459,-11,-2,13,0
2020-09-10,19083,1073,212,18411,460,-11,-2,13,0
2020-09-11,19092,1062,209,18423,460,-11,-2,12,0
2020-09-12,19103,1052,207,18436,460,-11,-2,12,0
2020-09-13,19114,1041,205,18448,461,-10,-2,12,0
2020-09-14,19124,1031,203,18460,461,-10,-2,12,0
2020-09-15,19134,1020,201,18472,461,-10,-2,12,0
2020-09-16,19145,1010,199,18484,462,-10,-2,12,0
2020-09-17,19155,1000,197,18496,462,-10,-2,12,0
2020-09-18,19165,990,195,18508,462,-10,-2,12,0
2020-09-19,19175,980,193,18520,462,-10,-2,11,0
2020-09-20,19185,970,191,18531,463,-10,-2,11,0
2020-09-21,19194,961,189,18542,463,-10,-2,11,0
2020-09-22,19204,951,187,18554,463,-10,-2,11,0
2020-09-23,19214,942,185,18565,464,-9,-2,11,0
2020-09-24,19223,932,183,18576,464,-9,-2,11,0
2020-09-25,19232,923,181,18587,464,-9,-2,11,0
2020-09-26,19241,914,179,18598,464,-9,-2,11,0
2020-09-27,19251,904,178,18608,465,-9,-2,11,0
2020-09-28,19260,895,176,18619,465,-9,-2,10,0
2020-09-29,19268,886,174,18629,465,-9,-2,10,0
2020-09-30,19277,878,172,18640,465,-9,-2,10,0
2020-10-01,19287,869,171,18650,466,-9,-2,10,0
2020-10-02,19295,860,169,18660,466,-9,-2,10,0
2020-10-03,19303,851,167,18670,466,-9,-2,10,0
2020-10-04,19311,843,165,18680,466,-8,-2,10,0
2020-10-05,19321,835,164,18690,467,-8,-2,10,0
2020-10-06,19329,826,162,18700,467,-8,-2,10,0
2020-10-07,19336,818,160,18709,467,-8,-2,10,0
2020-10-08,19345,810,159,18719,467,-8,-2,9,0
2020-10-09,19353,802,157,18728,468,-8,-2,9,0
2020-10-10,19362,794,156,18738,468,-8,-2,9,0
2020-10-11,19369,786,154,18747,468,-8,-2,9,0
2020-10-12,19376,778,152,18756,468,-8,-2,9,0
2020-10-13,19385,770,151,18765,469,-8,-2,9,0
2020-10-14,19392,762,149,18774,469,-8,-2,9,0
2020-10-15,19400,755,148,18783,469,-8,-1,9,0
2020-10-16,19407,747,146,18792,469,-7,-1,9,0
2020-10-17,19415,740,145,18801,469,-7,-1,9,0
2020-10-18,19423,732,144,18809,470,-7,-1,9,0
2020-10-19,19430,725,142,18818,470,-7,-1,8,0
2020-10-20,19437,718,141,18826,470,-7,-1,8,0
2020-10-21,19444,711,139,18835,470,-7,-1,8,0
2020-10-22,19452,703,138,18843,471,-7,-1,8,0
2020-10-23,19458,696,136,18851,471,-7,-1,8,0
2020-10-24,19466,689,135,18860,471,-7,-1,8,0
2020-10-25,19473,683,134,18868,471,-7,-1,8,0
2020-10-26,19479,676,132,18876,471,-7,-1,8,0
2020-10-27,19486,669,131,18883,472,-7,-1,8,0
2020-10-28,19493,662,130,18891,472,-7,-1,8,0
2020-10-29,19499,656,128,18899,472,-7,-1,8,0
2020-10-30,19506,649,127,18907,472,-6,-1,8,0
2020-10-31,19512,643,126,18914,472,-6,-1,8,0
2020-11-01,19519,636,125,18922,472,-6,-1,7,0
2020-11-02,19525,630,123,18929,473,-6,-1,7,0
2020-11-03,19531,624,122,18936,473,-6,-1,7,0
2020-11-04,19538,617,121,18944,473,-6,-1,7,0
2020-11-05,19544,611,120,18951,473,-6,-1,7,0
2020-11-06,19549,605,118,18958,473,-6,-1,7,0
2020-11-07,19556,599,117,18965,474,-6,-1,7,0
2020-11-08,19562,593,116,18972,474,-6,-1,7,0
2020-11-09,19568,587,115,18979,474,-6,-1,7,0
2020-11-10,19574,581,114,18986,474,-6,-1,7,0
2020-11-11,19580,575,113,18993,474,-6,-1,7,0
2020-11-12,19585,570,112,18999,474,-6,-1,7,0
2020-11-13,19591,564,110,19006,475,-6,-1,7,0
2020-11-14,19597,558,109,19013,475,-6,-1,7,0
2020-11-15,19602,553,108,19019,475,-6,-1,6,0
2020-11-16,19608,547,107,19026,475,-5,-1,6,0
2020-11-17,19613,542,106,19032,475,-5,-1,6,0
2020-11-18,19618,536,105,19038,475,-5,-1,6,0
2020-11-19,19625,531,104,19045,476,-5,-1,6,0
2020-11-20,19630,526,103,19051,476,-5,-1,6,0
2020-11-21,19635,520,102,19057,476,-5,-1,6,0
2020-11-22,19640,515,101,19063,476,-5,-1,6,0
2020-11-23,19645,510,100,19069,476,-5,-1,6,0
2020-11-24,19650,505,99,19075,476,-5,-1,6,0
2020-11-25,19655,500,98,19081,476,-5,-1,6,0
2020-11-26,19661,495,97,19087,477,-5,-1,6,0
2020-11-27,19665,490,96,19092,477,-5,-1,6,0
2020-11-28,19670,485,95,19098,477,-5,-1,6,0
2020-11-29,19675,480,94,19104,477,-5,-1,6,0
2020-11-30,19679,475,93,19109,477,-5,-1,6,0
2020-12-01,19684,471,92,19115,477,-5,-1,5,0
2020-12-02,19688,466,91,19120,477,-5,-1,5,0
2020-12-03,19694,461,90,19126,478,-5,-1,5,0
2020-12-04,19698,457,89,19131,478,-5,-1,5,0
2020-12-05,19704,452,89,19137,478,-5,-1,5,0
2020-12-06,19708,448,88,19142,478,-4,-1,5,0
2020-12-07,19712,443,87,19147,478,-4,-1,5,0
2020-12-08,19716,439,86,19152,478,-4,-1,5,0
2020-12-09,19720,434,85,19157,478,-4,-1,5,0
2020-12-10,19725,430,84,19162,479,-4,-1,5,0
2020-12-11,19729,426,83,19167,479,-4,-1,5,0
2020-12-12,19733,421,82,19172,479,-4,-1,5,0
2020-12-13,19738,417,82,19177,479,-4,-1,5,0
2020-12-14,19742,413,81,19182,479,-4,-1,5,0
2020-12-15,19746,409,80,19187,479,-4,-1,5,0
2020-12-16,19750,405,79,19192,479,-4,-1,5,0
2020-12-17,19753,401,78,19196,479,-4,-1,5,0
2020-12-18,19758,397,78,19201,479,-4,-1,5,0
2020-12-19,19763,393,77,19206,480,-4,-1,5,0
2020-12-20,19766,389,76,19210,480,-4,-1,5,0
2020-12-21,19770,385,75,19215,480,-4,-1,4,0
2020-12-22,19774,381,75,19219,480,-4,-1,4,0
2020-12-23,19778,377,74,19224,480,-4,-1,4,0
2020-12-24,19781,373,73,19228,480,-4,-1,4,0
2020-12-25,19785,370,72,19233,480,-4,-1,4,0
2020-12-26,19789,366,72,19237,480,-4,-1,4,0
2020-12-27,19792,362,71,19241,480,-4,-1,4,0
2020-12-28,19796,359,70,19245,481,-4,-1,4,0
2020-12-29,19801,355,70,19250,481,-4,-1,4,0
2020-12-30,19804,352,69,19254,481,-4,-1,4,0
2020-12-31,19807,348,68,19258,481,-3,-1,4,0
2021-01-01,19810,345,67,19262,481,-3,-1,4,0
2021-01-02,19814,341,67,19266,481,-3,-1,4,0
2021-01-03,19817,338,66,19270,481,-3,-1,4,0
2021-01-04,19820,334,65,19274,481,-3,-1,4,0
2021-01-05,19824,331,65,19278,481,-3,-1,4,0
2021-01-06,19827,328,64,19282,481,-3,-1,4,0
2021-01-07,19831,324,64,19285,482,-3,-1,4,0
2021-01-08,19834,321,63,19289,482,-3,-1,4,0
2021-01-09,19837,318,62,19293,482,-3,-1,4,0
2021-01-10,19841,315,62,19297,482,-3,-1,4,0
2021-01-11,19843,312,61,19300,482,-3,-1,4,0
2021-01-12,19846,309,60,19304,482,-3,-1,4,0
2021-01-13,19850,305,60,19308,482,-3,-1,4,0
2021-01-14,19852,302,59,19311,482,-3,-1,4,0
2021-01-15,19856,299,59,19315,482,-3,-1,3,0
2021-01-16,19858,296,58,19318,482,-3,-1,3,0
2021-01-17,19861,293,57,19322,482,-3,-1,3,0
2021-01-18,19865,290,57,19325,483,-3,-1,3,0
2021-01-19,19867,288,56,19328,483,-3,-1,3,0
2021-01-20,19871,285,56,19332,483,-3,-1,3,0
2021-01-21,19873,282,55,19335,483,-3,-1,3,0
2021-01-22,19876,279,55,19338,483,-3,-1,3,0
2021-01-23,19879,276,54,19342,483,-3,-1,3,0
2021-01-24,19882,273,54,19345,483,-3,-1,3,0
2021-01-25,19884,271,53,19348,483,-3,-1,3,0
2021-01-26,19886,268,52,19351,483,-3,-1,3,0
2021-01-27,19889,265,52,19354,483,-3,-1,3,0
2021-01-28,19891,263,51,19357,483,-3,-1,3,0
2021-01-29,19895,260,51,19361,483,-3,-1,3,0
2021-01-30,19898,257,50,19364,484,-3,-1,3,0
2021-01-31,19901,255,50,19367,484,-3,0,3,0
2021-02-01,19903,252,49,19370,484,-3,0,3,0
2021-02-02,19905,250,49,19372,484,-2,0,3,0
2021-02-03,19907,247,48,19375,484,-2,0,3,0
2021-02-04,19910,245,48,19378,484,-2,0,3,0
2021-02-05,19912,242,47,19381,484,-2,0,3,0
2021-02-06,19915,240,47,19384,484,-2,0,3,0
2021-02-07,19918,238,47,19387,484,-2,0,3,0
2021-02-08,19920,235,46,19390,484,-2,0,3,0
2021-02-09,19922,233,46,19392,484,-2,0,3,0
2021-02-10,19924,231,45,19395,484,-2,0,3,0
2021-02-11,19927,228,45,19398,484,-2,0,3,0
2021-02-12,19928,226,44,19400,484,-2,0,3,0
2021-02-13,19932,224,44,19403,485,-2,0,3,0
2021-02-14,19934,221,43,19406,485,-2,0,3,0
2021-02-15,19936,219,43,19408,485,-2,0,3,0
2021-02-16,19938,217,42,19411,485,-2,0,3,0
2021-02-17,19940,215,42,19413,485,-2,0,3,0
2021-02-18,19943,213,42,19416,485,-2,0,2,0
2021-02-19,19944,211,41,19418,485,-2,0,2,0
2021-02-20,19947,208,41,19421,485,-2,0,2,0
2021-02-21,19948,206,40,19423,485,-2,0,2,0
2021-02-22,19951,204,40,19426,485,-2,0,2,0
2021-02-23,19953,202,40,19428,485,-2,0,2,0
2021-02-24,19954,200,39,19430,485,-2,0,2,0
2021-02-25,19957,198,39,19433,485,-2,0,2,0
2021-02-26,19958,196,38,19435,485,-2,0,2,0
2021-02-27,19960,194,38,19437,485,-2,0,2,0
2021-02-28,19963,192,38,19440,485,-2,0,2,0
2021-03-01,19964,190,37,19442,485,-2,0,2,0
2021-03-02,19967,189,37,19444,486,-2,0,2,0
2021-03-03,19969,187,37,19446,486,-2,0,2,0
2021-03-04,19970,185,36,19448,486,-2,0,2,0
2021-03-05,19973,183,36,19451,486,-2,0,2,0
2021-03-06,19974,181,35,19453,486,-2,0,2,0
2021-03-07,19976,179,35,19455,486,-2,0,2,0
2021-03-08,19978,178,35,19457,486,-2,0,2,0
2021-03-09,19979,176,34,19459,486,-2,0,2,0
2021-03-10,19981,174,34,19461,486,-2,0,2,0
2021-03-11,19983,172,34,19463,486,-2,0,2,0
2021-03-12,19984,171,33,19465,486,-2,0,2,0
2021-03-13,19986,169,33,19467,486,-2,0,2,0
2021-03-14,19988,167,33,19469,486,-2,0,2,0
2021-03-15,19989,165,32,19471,486,-2,0,2,0
2021-03-16,19991,164,32,19473,486,-2,0,2,0
2021-03-17,19993,162,32,19475,486,-2,0,2,0
2021-03-18,19994,161,31,19477,486,-2,0,2,0
2021-03-19,19996,159,31,19479,486,-2,0,2,0
2021-03-20,19997,157,31,19480,486,-2,0,2,0
2021-03-21,19998,156,30,19482,486,-2,0,2,0
2021-03-22,20001,154,30,19484,487,-2,0,2,0
2021-03-23,20003,153,30,19486,487,-2,0,2,0
2021-03-24,20005,151,30,19488,487,-2,0,2,0
2021-03-25,20005,150,29,19489,487,-1,0,2,0
2021-03-26,20007,148,29,19491,487,-1,0,2,0
2021-03-27,20009,147,29,19493,487,-1,0,2,0
2021-03-28,20010,145,28,19495,487,-1,0,2,0
2021-03-29,20011,144,28,19496,487,-1,0,2,0
2021-03-30,20013,142,28,19498,487,-1,0,2,0
2021-03-31,20015,141,28,19500,487,-1,0,2,0
2021-04-01,20015,139,27,19501,487,-1,0,2,0
2021-04-02,20017,138,27,19503,487,-1,0,2,0
2021-04-03,20018,137,27,19504,487,-1,0,2,0
2021-04-04,20019,135,26,19506,487,-1,0,2,0
2021-04-05,20021,134,26,19508,487,-1,0,2,0
2021-04-06,20022,133,26,19509,487,-1,0,2,0
2021-04-07,20024,131,26,19511,487,-1,0,2,0
2021-04-08,20024,130,25,19512,487,-1,0,2,0
2021-04-09,20026,129,25,19514,487,-1,0,2,0
2021-04-10,20027,127,25,19515,487,-1,0,1,0
2021-04-11,20029,126,25,19517,487,-1,0,1,0
2021-04-12,20029,125,24,19518,487,-1,0,1,0
2021-04-13,20031,124,24,19520,487,-1,0,1,0
2021-04-14,20032,122,24,19521,487,-1,0,1,0
2021-04-15,20034,121,24,19523,487,-1,0,1,0
2021-04-16,20035,120,23,19524,488,-1,0,1,0
2021-04-17,20036,119,23,19525,488,-1,0,1,0
2021-04-18,20038,118,23,19527,488,-1,0,1,0
2021-04-19,20039,116,23,19528,488,-1,0,1,0
2021-04-20,20041,115,23,19530,488,-1,0,1,0
2021-04-21,20041,114,22,19531,488,-1,0,1,0
2021-04-22,20042,113,22,19532,488,-1,0,1,0
2021-04-23,20044,112,22,19534,488,-1,0,1,0
2021-04-24,20045,111,22,19535,488,-1,0,1,0
2021-04-25,20045,110,21,19536,488,-1,0,1,0
2021-04-26,20046,108,21,19537,488,-1,0,1,0
2021-04-27,20048,107,21,19539,488,-1,0,1,0
2021-04-28,20049,106,21,19540,488,-1,0,1,0
2021-04-29,20050,105,21,19541,488,-1,0,1,0
2021-04-30,20050,104,20,19542,488,-1,0,1,0
2021-05-01,20052,103,20,19544,488,-1,0,1,0
