Date,State,Confirmed,Deaths,Recovered,Order For Place,Estimated Population 2019,Estimated Population,City Ibge Code,Infected Per Confirmed,Infected,Closed,Active,Diff Confirmed,Diff Infected,Diff Recovered,Diff Deaths,Diff Closed,Diff Active,Diff2 Infected,Diff2 Recovered,Diff2 Deaths,Diff2 Closed,Diff2 Active,Diff3 Infected,Diff4 Infected,Diff5 Infected,μ closed,Infected Per 1Mi,Deaths Per 1Mi,Recovered Per 1Mi,Closed Per 1Mi,Active Per 1Mi
2020-03-20,MT,1,0,1,1,3484466,3561482,51,6.8,7,1,6,,,,,,,,,,,,,,,0.0,1.97,0.0,0.281,0.281,1.68
2020-03-22,MT,2,0,3,2,3484466,3561482,51,6.8,14,3,11,,,,,,,,,,,,,,,0.0,3.93,0.0,0.842,0.842,3.09
2020-03-23,MT,6,0,9,3,3484466,3561482,51,6.8,41,9,32,,,,,,,,,,,,,,,0.0,11.51,0.0,2.53,2.53,8.99
2020-03-24,MT,7,0,11,4,3484466,3561482,51,6.8,48,11,37,,,,,,,,,,,,,,,0.0,13.48,0.0,3.09,3.09,10.39
2020-03-25,MT,9,0,16,5,3484466,3561482,51,6.8,61,16,45,,,,,,,,,,,,,,,0.0,17.13,0.0,4.49,4.49,12.64
2020-03-26,MT,11,0,21,6,3484466,3561482,51,6.8,75,21,54,,,,,,,,,,,,,,,0.0,21.06,0.0,5.9,5.9,15.16
2020-03-27,MT,11,0,23,7,3484466,3561482,51,6.8,75,23,52,,,,,,,,,,,,,,,0.0,21.06,0.0,6.46,6.46,14.6
2020-03-30,MT,18,0,46,8,3484466,3561482,51,6.8,122,46,76,,,,,,,,,,,,,,,0.0,34.26,0.0,12.92,12.92,21.34
2020-03-31,MT,25,0,59,9,3484466,3561482,51,6.8,170,59,111,,,,,,,,,,,,,,,0.0,47.73,0.0,16.57,16.57,31.17
2020-04-01,MT,28,0,64,10,3484466,3561482,51,6.8,190,64,126,,,,,,,,,,,,,,,0.0,53.35,0.0,17.97,17.97,35.38
2020-04-02,MT,41,0,94,11,3484466,3561482,51,6.8,279,94,185,,,,,,,,,,,,,,,0.0,78.34,0.0,26.39,26.39,51.94
2020-04-03,MT,44,1,105,12,3484466,3561482,51,6.8,299,106,193,8.29,56.43,23.14,0.143,23.29,33.14,,,,,,,,,0.0094,83.95,0.281,29.48,29.76,54.19
2020-04-04,MT,60,1,146,13,3484466,3561482,51,6.8,408,147,261,7.57,51.43,21.43,0.143,21.57,29.86,,,,,,,,,0.0068,114.56,0.281,40.99,41.27,73.28
2020-04-05,MT,60,1,158,14,3484466,3561482,51,6.8,408,159,249,8.86,60.29,24.86,0.143,25.0,35.29,,,,,,,,,0.0063,114.56,0.281,44.36,44.64,69.91
2020-04-06,MT,76,1,208,15,3484466,3561482,51,6.8,517,209,308,9.57,65.0,28.0,0.286,28.29,36.71,0.571,1.57,0.0286,1.6,-1.0286,,,,0.0048,145.16,0.281,58.4,58.68,86.48
2020-04-07,MT,78,1,209,16,3484466,3561482,51,6.8,530,210,320,9.71,66.14,30.0,0.143,30.14,36.0,1.94,2.14,0.0286,2.17,-0.2286,,,,0.0048,148.81,0.281,58.68,58.96,89.85
2020-04-08,MT,90,1,238,17,3484466,3561482,51,6.8,612,239,373,8.71,59.29,31.0,0.286,31.29,28.0,-0.8,1.54,0.0571,1.6,-2.4,,,,0.0042,171.84,0.281,66.83,67.11,104.73
2020-04-09,MT,108,2,290,18,3484466,3561482,51,6.8,734,292,442,9.0,61.14,32.14,0.286,32.43,28.71,-1.3429,1.46,0.0286,1.49,-2.8286,-0.6171,,,0.0068,206.09,0.562,81.43,81.99,124.11
2020-04-10,MT,112,2,315,19,3484466,3561482,51,6.8,762,317,445,8.29,56.29,32.57,0.429,33.0,23.29,-1.3714,1.09,0.0571,1.14,-2.5143,-0.8914,,,0.0063,213.96,0.562,88.45,89.01,124.95
2020-04-11,MT,121,3,363,20,3484466,3561482,51,6.8,823,366,457,8.57,58.29,35.29,0.429,35.71,22.57,-2.5143,0.171,0.0286,0.2,-2.7143,-0.1486,,,0.0082,231.08,0.842,101.92,102.77,128.32
2020-04-12,MT,123,3,383,21,3484466,3561482,51,6.8,836,386,450,8.71,59.29,35.43,0.429,35.86,23.43,-2.5143,-0.4,0.0286,-0.3714,-2.1429,-0.08,0.185,,0.0078,234.73,0.842,107.54,108.38,126.35
2020-04-13,MT,134,4,436,22,3484466,3561482,51,6.8,911,440,471,6.86,46.71,31.86,0.429,32.29,14.43,-1.5429,-0.9143,-0.0286,-0.9429,-0.6,-0.2686,0.31,,0.0091,255.79,1.12,122.42,123.54,132.25
2020-04-14,MT,138,4,456,23,3484466,3561482,51,6.8,938,460,478,7.14,48.57,30.14,0.429,30.57,18.0,-1.7429,-1.1143,-0.0286,-1.1429,-0.6,0.309,0.2,,0.0087,263.37,1.12,128.04,129.16,134.21
2020-04-15,MT,151,4,486,24,3484466,3561482,51,6.8,1027,490,537,7.14,48.57,28.0,0.286,28.29,20.29,-2.7143,-1.4,-0.0286,-1.4286,-1.2857,0.657,0.303,0.008,0.0082,288.36,1.12,136.46,137.58,150.78
2020-04-16,MT,156,5,513,25,3484466,3561482,51,6.8,1061,518,543,7.29,49.57,29.71,0.286,30.0,19.57,-0.9714,-0.8286,-0.0286,-0.8571,-0.1143,0.851,0.379,-0.0617,0.0097,297.91,1.4,144.04,145.45,152.46
2020-04-17,MT,162,5,526,26,3484466,3561482,51,6.8,1102,531,571,6.71,45.71,28.43,0.286,28.71,17.0,0.771,1.46,-0.0286,1.43,-0.6571,1.43,0.225,-0.0679,0.0094,309.42,1.4,147.69,149.1,160.33
2020-04-18,MT,171,5,559,27,3484466,3561482,51,6.8,1163,564,599,6.14,41.86,27.71,0.286,28.0,13.86,2.71,2.26,0.0,2.26,0.457,1.63,0.0011,-0.1488,0.0089,326.55,1.4,156.96,158.36,168.19
2020-04-19,MT,174,5,591,28,3484466,3561482,51,6.8,1183,596,587,7.71,52.43,37.43,0.286,37.71,14.71,5.43,3.66,0.0286,3.69,1.74,1.43,-0.1394,-0.1735,0.0084,332.17,1.4,165.94,167.35,164.82
2020-04-20,MT,181,6,635,29,3484466,3561482,51,6.8,1231,641,590,9.14,62.14,39.29,0.286,39.57,22.57,5.43,3.03,0.0571,3.09,2.34,0.663,-0.4411,-0.1458,0.0094,345.64,1.68,178.3,179.98,165.66
2020-04-21,MT,181,6,650,30,3484466,3561482,51,6.8,1231,656,575,11.29,76.71,48.0,0.429,48.43,28.29,6.2,3.0,0.0571,3.06,3.14,0.154,-0.488,-0.0409,0.0091,345.64,1.68,182.51,184.19,161.45
2020-04-22,MT,205,6,748,31,3484466,3561482,51,6.8,1394,754,640,10.71,72.86,43.57,0.571,44.14,28.71,4.09,0.771,0.0571,0.829,3.26,-0.7714,-0.504,0.0034,0.008,391.41,1.68,210.02,211.71,179.7
2020-04-23,MT,220,7,788,32,3484466,3561482,51,6.8,1496,795,701,10.71,72.86,42.71,0.571,43.29,29.57,3.49,0.457,0.0857,0.543,2.94,-0.8114,-0.2034,0.108,0.0088,420.05,1.97,221.26,223.22,196.83
2020-04-24,MT,241,8,862,33,3484466,3561482,51,6.8,1639,870,769,10.71,72.86,41.29,0.571,41.86,31.0,1.57,-1.3714,0.0571,-1.3143,2.89,-1.0857,-0.1223,0.152,0.0092,460.2,2.25,242.03,244.28,215.92
2020-04-25,MT,246,9,864,34,3484466,3561482,51,6.8,1673,873,800,11.71,79.57,41.57,0.714,42.29,37.29,1.37,-1.0286,0.0,-1.0286,2.4,-0.3543,0.0983,0.16,0.0103,469.75,2.53,242.6,245.12,224.63
2020-04-26,MT,249,9,890,35,3484466,3561482,51,6.8,1693,899,794,12.43,84.57,41.14,0.714,41.86,42.71,0.771,-0.4,-0.0286,-0.4286,1.2,-0.4571,0.271,0.083,0.01,475.36,2.53,249.9,252.42,222.94
2020-04-27,MT,256,10,924,36,3484466,3561482,51,6.8,1741,934,807,11.71,79.71,38.43,0.571,39.0,40.71,2.31,1.97,-0.0286,1.94,0.371,-0.28,0.295,0.12,0.0107,488.84,2.81,259.44,262.25,226.59
2020-04-28,MT,263,11,941,37,3484466,3561482,51,6.8,1788,952,836,11.29,76.71,40.71,0.429,41.14,35.57,1.2,2.49,-0.0571,2.43,-1.2286,0.543,0.211,0.116,0.0116,502.04,3.09,264.22,267.3,234.73
2020-04-29,MT,292,11,1036,38,3484466,3561482,51,6.8,1986,1047,939,12.43,84.43,51.14,0.429,51.57,32.86,0.171,2.49,-0.0571,2.43,-2.2571,0.389,0.478,0.0139,0.0105,557.63,3.09,290.89,293.98,263.65
2020-04-30,MT,302,11,1057,39,3484466,3561482,51,6.8,2054,1068,986,12.57,85.57,54.0,0.429,54.43,31.14,4.09,5.17,-0.0571,5.11,-1.0286,0.703,0.68,0.0718,0.0103,576.73,3.09,296.79,299.88,276.85
2020-05-01,MT,320,11,1147,40,3484466,3561482,51,6.8,2176,1158,1018,12.57,85.43,53.57,0.429,54.0,31.43,2.71,3.0,-0.0286,2.97,-0.2571,1.93,0.341,0.0711,0.0095,610.98,3.09,322.06,325.15,285.84
2020-05-02,MT,333,12,1222,41,3484466,3561482,51,6.8,2264,1234,1030,14.71,100.14,64.29,0.286,64.57,35.57,5.83,3.94,0.0,3.94,1.89,3.12,0.654,-0.0359,0.0097,635.69,3.37,343.12,346.48,289.21
2020-05-03,MT,337,12,1268,42,3484466,3561482,51,6.8,2292,1280,1012,13.29,90.29,55.71,0.286,56.0,34.29,10.86,5.14,0.0286,5.17,5.69,2.25,0.567,-0.1602,0.0094,643.55,3.37,356.03,359.4,284.15
2020-05-04,MT,344,13,1299,43,3484466,3561482,51,6.8,2339,1312,1027,16.71,113.57,70.86,0.429,71.29,42.29,15.77,7.69,0.0286,7.71,8.06,3.66,0.298,-0.0533,0.0099,656.75,3.65,364.74,368.39,288.36
2020-05-05,MT,366,13,1391,44,3484466,3561482,51,6.8,2489,1404,1085,20.57,139.86,79.71,0.571,80.29,59.57,15.31,7.63,0.114,7.74,7.57,3.54,-0.1211,-0.2057,0.0093,698.87,3.65,390.57,394.22,304.65
2020-05-06,MT,385,13,1426,45,3484466,3561482,51,6.8,2618,1439,1179,24.14,164.29,92.0,0.571,92.57,71.71,21.0,12.77,0.114,12.89,8.11,3.42,0.0743,-0.219,0.009,735.09,3.65,400.4,404.05,331.04
2020-05-07,MT,419,14,1553,46,3484466,3561482,51,6.8,2849,1567,1282,26.0,176.71,102.43,0.857,103.29,73.43,23.51,14.57,0.114,14.69,8.83,2.51,-0.3749,-0.2523,0.0089,799.95,3.93,436.05,439.99,359.96
2020-05-08,MT,464,15,1705,47,3484466,3561482,51,6.8,3155,1720,1435,28.71,195.29,119.57,0.857,120.43,74.86,27.97,19.29,0.114,19.4,8.57,2.62,-0.528,-0.1694,0.0087,885.87,4.21,478.73,482.95,402.92
2020-05-09,MT,502,16,1866,48,3484466,3561482,51,6.8,3414,1882,1532,34.0,231.14,143.71,1.0,144.71,86.43,28.34,19.66,0.171,19.83,8.51,1.78,-0.9634,-0.2085,0.0085,958.59,4.49,523.94,528.43,430.16
2020-05-10,MT,519,18,1985,49,3484466,3561482,51,6.8,3529,2003,1526,41.14,279.71,176.14,1.14,177.29,102.43,28.4,18.06,0.143,18.2,10.2,0.897,-0.968,-0.0832,0.009,990.88,5.05,557.35,562.41,428.47
2020-05-11,MT,545,19,2136,50,3484466,3561482,51,6.8,3706,2155,1551,45.0,306.0,190.29,1.43,191.71,114.29,29.91,17.8,0.143,17.94,11.97,-1.3943,-0.968,-0.0037,0.0088,1040.58,5.33,599.75,605.09,435.49
2020-05-12,MT,604,20,2397,51,3484466,3561482,51,6.8,4107,2417,1690,46.86,318.71,192.71,1.57,194.29,124.43,28.0,17.71,0.0571,17.77,10.23,-2.3257,-0.7909,0.251,0.0083,1153.17,5.62,673.03,678.65,474.52
2020-05-13,MT,673,21,2659,52,3484466,3561482,51,6.8,4576,2680,1896,50.71,344.86,208.57,1.57,210.14,134.71,21.0,11.69,0.0857,11.77,9.23,-2.2229,-0.5463,0.405,0.0078,1284.86,5.9,746.6,752.5,532.36
2020-05-14,MT,734,24,2885,53,3484466,3561482,51,6.8,4991,2909,2082,54.57,371.14,232.29,1.29,233.57,137.57,16.71,8.29,0.0571,8.34,8.37,-2.1714,0.293,0.511,0.0083,1401.38,6.74,810.06,816.79,584.59
2020-05-15,MT,792,26,3054,54,3484466,3561482,51,6.8,5386,3080,2306,56.57,384.71,234.57,1.57,236.14,148.57,17.29,8.74,0.0,8.74,8.54,-1.8343,1.05,0.537,0.0084,1512.29,7.3,857.51,864.81,647.48
2020-05-16,MT,857,27,3326,55,3484466,3561482,51,6.8,5828,3353,2475,57.29,389.57,231.71,1.71,233.43,156.14,19.06,10.0,-0.0286,9.97,9.09,0.0686,1.59,0.56,0.0081,1636.4,7.58,933.88,941.46,694.94
2020-05-17,MT,901,27,3611,56,3484466,3561482,51,6.8,6127,3638,2489,59.57,405.14,236.43,1.57,238.0,167.14,18.83,9.37,0.0571,9.43,9.4,2.95,1.89,0.377,0.0074,1720.35,7.58,1013.9,1021.48,698.87
2020-05-18,MT,941,30,3778,57,3484466,3561482,51,6.8,6399,3808,2591,64.71,440.14,258.57,1.43,260.0,180.14,21.34,13.51,-0.0286,13.49,7.86,5.71,2.26,0.0848,0.0079,1796.72,8.42,1060.79,1069.22,727.51
2020-05-19,MT,1005,32,4019,58,3484466,3561482,51,6.8,6834,4051,2783,68.43,465.29,279.14,1.57,280.71,184.57,31.46,20.11,0.0286,20.14,11.31,7.3,2.18,-0.2951,0.0079,1918.86,8.99,1128.46,1137.45,781.42
2020-05-20,MT,1090,32,4314,59,3484466,3561482,51,6.8,7412,4346,3066,72.29,491.43,302.14,1.43,303.57,187.86,45.83,34.37,0.0286,34.4,11.43,9.45,1.48,-0.6766,0.0074,2081.16,8.99,1211.29,1220.28,860.88
2020-05-21,MT,1187,34,4695,60,3484466,3561482,51,6.8,8072,4729,3343,80.43,546.86,332.29,1.86,334.14,212.71,55.54,43.29,0.0286,43.31,12.23,10.97,0.111,-1.0107,0.0072,2266.47,9.55,1318.27,1327.82,938.65
2020-05-22,MT,1271,37,5008,61,3484466,3561482,51,6.8,8643,5045,3598,93.29,634.29,408.29,1.71,410.0,224.29,66.06,50.86,0.114,50.97,15.09,10.34,-1.4891,-1.2117,0.0073,2426.8,10.39,1406.16,1416.55,1010.25
2020-05-23,MT,1363,37,5441,62,3484466,3561482,51,6.8,9268,5478,3790,105.57,717.86,475.0,1.57,476.57,241.29,76.17,54.11,0.286,54.4,21.77,6.26,-2.7977,-1.1744,0.0068,2602.29,10.39,1527.73,1538.12,1064.16
2020-05-24,MT,1464,40,5937,63,3484466,3561482,51,6.8,9955,5977,3978,117.0,795.57,533.43,2.14,535.57,260.0,83.17,58.69,0.2,58.89,24.29,-0.1486,-3.8789,-0.4967,0.0067,2795.18,11.23,1667.0,1678.23,1116.95
2020-05-25,MT,1594,42,6636,64,3484466,3561482,51,6.8,10839,6678,4161,128.29,872.29,572.71,2.86,575.57,296.71,77.14,44.91,0.257,45.17,31.97,-4.5429,-4.3931,0.347,0.0063,3043.4,11.79,1863.27,1875.06,1168.33
2020-05-26,MT,1744,43,7344,65,3484466,3561482,51,6.8,11859,7387,4472,141.57,962.71,625.71,2.86,628.57,334.14,54.8,33.06,0.343,33.4,21.4,-8.4286,-2.3726,0.912,0.0058,3329.79,12.07,2062.06,2074.14,1255.66
2020-05-27,MT,1909,47,8048,66,3484466,3561482,51,6.8,12981,8095,4886,150.0,1020.0,632.86,3.0,635.86,384.14,43.34,29.54,0.286,29.83,13.51,-11.6229,0.246,1.58,0.0058,3644.83,13.2,2259.73,2272.93,1371.9
2020-05-28,MT,2085,54,8704,67,3484466,3561482,51,6.8,14178,8758,5420,145.86,991.86,640.29,3.29,643.57,348.29,34.03,22.26,0.343,22.6,11.43,-5.6,1.76,1.9,0.0062,3980.93,15.16,2443.93,2459.09,1521.84
2020-05-29,MT,2262,57,9388,68,3484466,3561482,51,6.8,15382,9445,5937,148.86,1012.29,681.14,3.57,684.71,327.57,25.06,17.37,0.343,17.71,7.34,1.08,4.01,0.902,0.006,4318.99,16.0,2635.98,2651.99,1667.0
2020-05-30,MT,2413,58,9871,69,3484466,3561482,51,6.8,16408,9929,6479,153.29,1042.43,684.0,4.57,688.57,353.86,49.14,40.57,0.257,40.83,8.31,4.27,5.11,0.0512,0.0058,4607.07,16.29,2771.6,2787.88,1819.19
2020-05-31,MT,2485,63,10419,70,3484466,3561482,51,6.8,16898,10482,6416,160.0,1088.0,712.57,4.57,717.14,370.86,60.2,45.26,0.314,45.57,14.63,11.65,2.14,-0.5385,0.006,4744.65,17.69,2925.47,2943.16,1801.5
2020-06-01,MT,2636,67,11404,71,3484466,3561482,51,6.8,17925,11471,6454,186.14,1265.71,835.71,4.29,840.0,425.71,64.69,51.46,0.514,51.97,12.71,13.91,0.502,-1.6197,0.0058,5033.02,18.81,3202.04,3220.85,1812.17
2020-06-02,MT,2817,75,12132,72,3484466,3561482,51,6.8,19156,12207,6949,190.14,1292.86,866.57,4.86,871.43,421.43,92.26,76.37,0.514,76.89,15.37,5.09,-0.9303,-1.7995,0.0061,5378.66,21.06,3406.45,3427.51,1951.15
2020-06-03,MT,3029,79,13036,73,3484466,3561482,51,6.8,20597,13115,7482,196.43,1335.71,938.43,6.14,944.57,391.14,94.6,82.03,0.771,82.8,11.8,3.59,-4.0834,-0.6249,0.006,5783.27,22.18,3660.27,3682.46,2100.81
2020-06-04,MT,3388,84,14554,74,3484466,3561482,51,6.8,23038,14638,8400,221.14,1503.71,1065.86,7.14,1073.0,430.71,74.6,69.6,1.0,70.6,4.0,-0.3829,-3.8914,-0.2256,0.0057,6468.66,23.59,4086.5,4110.09,2358.57
2020-06-05,MT,3593,91,15454,75,3484466,3561482,51,6.8,24432,15545,8887,229.57,1561.0,1122.71,8.43,1131.14,429.86,78.14,70.74,1.14,71.89,6.26,-8.7714,-0.9863,0.748,0.0059,6860.07,25.55,4339.2,4364.76,2495.31
2020-06-06,MT,3788,101,16440,76,3484466,3561482,51,6.8,25758,16541,9217,241.0,1638.71,1183.71,9.29,1193.0,445.71,62.77,57.94,1.03,58.97,3.8,-5.5486,-0.6263,2.03,0.0061,7232.38,28.36,4616.06,4644.41,2587.97
2020-06-07,MT,4033,113,17880,77,3484466,3561482,51,6.8,27424,17993,9431,247.57,1683.57,1220.29,10.57,1230.86,452.71,48.4,53.94,1.14,55.09,-6.6857,0.16,2.81,2.22,0.0063,7700.17,31.73,5020.38,5052.11,2648.05
2020-06-08,MT,4243,126,19263,78,3484466,3561482,51,6.8,28852,19389,9463,242.57,1649.57,1228.14,11.29,1239.43,410.14,66.86,72.06,1.11,73.17,-6.3143,0.457,6.05,1.55,0.0065,8101.12,35.38,5408.7,5444.08,2657.04
2020-06-09,MT,4504,140,20418,79,3484466,3561482,51,6.8,30627,20558,10069,256.71,1745.71,1335.57,12.86,1348.43,397.29,75.4,84.06,1.0,85.06,-9.6571,13.67,7.21,1.6,0.0068,8599.51,39.31,5733.01,5772.32,2827.19
2020-06-10,MT,4762,153,21578,80,3484466,3561482,51,6.8,32382,21731,10651,278.71,1895.29,1483.0,14.0,1497.0,398.29,80.43,87.46,0.657,88.11,-7.6857,21.48,6.74,-0.1456,0.007,9092.28,42.96,6058.71,6101.67,2990.61
2020-06-11,MT,5086,163,23151,81,3484466,3561482,51,6.8,34585,23314,11271,296.43,2015.71,1604.0,14.29,1618.29,397.43,131.14,116.94,0.886,117.83,13.31,30.5,7.39,-1.3246,0.007,9710.85,45.77,6500.38,6546.15,3164.69
2020-06-12,MT,5390,181,24803,82,3484466,3561482,51,6.8,36652,24984,11668,306.71,2085.71,1657.57,13.86,1671.43,414.29,155.8,130.26,0.829,131.09,24.71,33.88,2.08,-2.7689,0.0072,10291.22,50.82,6964.24,7015.06,3276.16
2020-06-13,MT,5739,199,26821,83,3484466,3561482,51,6.8,39025,27020,12005,339.0,2305.29,1812.86,15.71,1828.57,476.71,219.34,180.23,0.971,181.2,38.14,37.38,-0.5726,-3.3024,0.0074,10957.52,55.88,7530.85,7586.73,3370.79
2020-06-14,MT,6108,213,29108,84,3484466,3561482,51,6.8,41534,29321,12213,371.29,2524.71,1986.86,17.0,2003.86,520.86,244.8,162.14,1.17,163.31,81.49,24.09,-6.6354,-3.6937,0.0073,11662.0,59.81,8173.0,8232.81,3429.19
2020-06-15,MT,6390,223,30866,85,3484466,3561482,51,6.8,43452,31089,12363,440.0,2992.0,2384.14,18.86,2403.0,589.0,267.34,171.71,1.29,173.0,94.34,18.62,-9.768,-1.8187,0.0072,12200.54,62.61,8666.62,8729.23,3471.31
2020-06-16,MT,6877,250,33108,86,3484466,3561482,51,6.8,46764,33358,13406,476.43,3239.71,2414.71,20.14,2434.86,804.86,251.6,175.06,1.34,176.4,75.2,-2.68,-11.0834,-1.0889,0.0075,13130.49,70.2,9296.13,9366.33,3764.16
2020-06-17,MT,7361,272,35486,87,3484466,3561482,51,6.8,50055,35758,14297,503.29,3422.43,2516.14,20.29,2536.43,886.0,248.89,177.31,1.49,178.8,70.09,-14.96,-7.0103,0.934,0.0076,14054.54,76.37,9963.83,10040.2,4014.34
2020-06-18,MT,8166,295,39840,88,3484466,3561482,51,6.8,55529,40135,15394,524.0,3563.29,2688.14,22.43,2710.57,852.71,205.94,135.06,1.17,136.23,69.71,-18.0343,-6.0171,2.51,0.0074,15591.54,82.83,11186.35,11269.19,4322.36
2020-06-19,MT,8725,322,41706,89,3484466,3561482,51,6.8,59330,42028,17302,554.29,3769.14,2873.43,24.43,2897.86,871.29,170.0,132.49,0.914,133.4,36.6,-10.96,-1.9669,2.84,0.0077,16658.8,90.41,11710.29,11800.71,4858.09
2020-06-20,MT,9262,341,44434,90,3484466,3561482,51,6.8,62982,44775,18207,591.43,4021.71,3059.43,24.71,3084.14,937.57,177.17,133.31,1.11,134.43,42.74,-11.4686,2.78,2.05,0.0076,17684.21,95.75,12476.27,12572.01,5112.2
2020-06-21,MT,9776,370,47925,91,3484466,3561482,51,6.8,66477,48295,18182,601.43,4089.71,3077.14,24.71,3101.86,987.86,196.8,150.51,0.714,151.23,45.57,-12.5143,3.14,1.51,0.0077,18665.54,103.89,13456.48,13560.37,5105.18
2020-06-22,MT,10270,394,50980,92,3484466,3561482,51,6.8,69836,51374,18462,633.57,4308.29,3182.71,25.86,3208.57,1099.71,191.54,143.89,0.6,144.49,47.06,-1.0514,3.25,1.7,0.0077,19608.69,110.63,14314.27,14424.89,5183.8
2020-06-23,MT,11017,423,54524,93,3484466,3561482,51,6.8,74916,54947,19969,668.71,4547.29,3440.71,26.0,3466.71,1080.57,143.37,102.14,0.371,102.51,40.86,-2.3314,1.54,-0.0494,0.0077,21035.06,118.77,15309.36,15428.13,5606.94
2020-06-24,MT,11571,445,57026,94,3484466,3561482,51,6.8,78683,57471,21212,695.14,4726.86,3592.86,27.43,3620.29,1106.57,164.74,138.29,0.657,138.94,25.8,5.29,6.53,-0.0869,0.0077,22092.77,124.95,16011.87,16136.82,5955.95
2020-06-25,MT,12601,476,62119,95,3484466,3561482,51,6.8,85687,62595,23092,696.86,4738.57,3570.14,26.57,3596.71,1141.86,165.51,170.17,0.714,170.89,-5.3714,-3.76,2.53,-1.2171,0.0076,24059.37,133.65,17441.9,17575.55,6483.82
2020-06-26,MT,13406,504,65791,96,3484466,3561482,51,6.8,91161,66295,24866,722.57,4913.43,3768.57,28.0,3796.57,1116.86,223.23,198.0,1.09,199.09,24.14,20.13,2.71,0.709,0.0076,25596.37,141.51,18472.93,18614.44,6981.92
2020-06-27,MT,14128,533,69584,97,3484466,3561482,51,6.8,96070,70117,25953,755.29,5135.86,4033.57,29.43,4063.0,1072.86,172.74,152.77,1.09,153.86,18.89,11.62,-2.8366,-2.091,0.0076,26974.73,149.66,19537.93,19687.59,7287.13
2020-06-28,MT,14654,556,72916,98,3484466,3561482,51,6.8,99647,73472,26175,832.86,5663.43,4430.71,31.43,4462.14,1201.29,244.03,229.91,1.46,231.37,12.66,11.2,5.09,0.0974,0.0076,27979.08,156.11,20473.5,20629.61,7349.47
2020-06-29,MT,15328,590,77360,99,3484466,3561482,51,6.8,104230,77950,26280,822.14,5590.57,4356.71,32.86,4389.57,1201.0,222.86,213.06,1.63,214.69,8.17,-8.8971,-3.9257,-0.1673,0.0076,29265.91,165.66,21721.29,21886.96,7378.95
2020-06-30,MT,16304,629,82759,100,3484466,3561482,51,6.8,110867,83388,27479,876.29,5958.71,4719.71,33.86,4753.57,1205.14,221.51,213.69,1.69,215.37,6.14,21.68,3.02,1.74,0.0075,31129.46,176.61,23237.24,23413.85,7715.61
2020-07-01,MT,17401,665,88041,101,3484466,3561482,51,6.8,118327,88706,29621,886.43,6027.71,4833.86,36.14,4870.0,1157.71,178.74,204.29,1.34,205.63,-26.8857,0.503,1.87,-3.3445,0.0075,33224.09,186.72,24720.33,24907.05,8317.04
2020-07-02,MT,18356,706,92616,102,3484466,3561482,51,6.8,124821,93322,31499,918.14,6243.43,5102.0,37.86,5139.86,1103.57,281.14,273.11,1.06,274.17,6.97,26.73,5.84,-1.5211,0.0076,35047.49,198.23,26004.9,26203.14,8844.35
2020-07-03,MT,19540,741,98829,103,3484466,3561482,51,6.8,132872,99570,33302,964.29,6557.14,5452.14,38.14,5490.29,1066.86,246.54,242.83,0.543,243.37,3.17,20.55,-11.6343,-7.0562,0.0074,37308.06,208.06,27749.4,27957.46,9350.6
2020-07-04,MT,20333,786,103421,104,3484466,3561482,51,6.8,138264,104207,34057,1028.86,6996.29,5722.29,38.14,5760.43,1235.86,356.51,333.54,0.0571,333.6,22.91,20.33,-11.5314,-7.4642,0.0075,38822.04,220.69,29038.75,29259.45,9562.59
2020-07-05,MT,21081,821,108630,105,3484466,3561482,51,6.8,143351,109451,33900,1057.57,7191.43,5933.86,36.57,5970.43,1221.0,324.26,290.83,0.571,291.4,32.86,-36.4914,-32.2594,-8.6889,0.0075,40250.38,230.52,30501.35,30731.87,9518.51
2020-07-06,MT,22078,857,115525,106,3484466,3561482,51,6.8,150130,116382,33748,1148.57,7810.29,6501.57,36.43,6538.0,1272.29,280.37,242.29,-0.1714,242.11,38.26,-57.1543,-35.4514,-1.7047,0.0074,42153.8,240.63,32437.34,32677.97,9475.83
2020-07-07,MT,23506,896,122815,107,3484466,3561482,51,6.8,159841,123711,36130,1156.57,7864.71,6556.14,40.71,6596.86,1267.86,98.69,132.09,-0.3143,131.77,-33.0857,-134.5657,-37.6,0.304,0.0072,44880.47,251.58,34484.24,34735.82,10144.65
2020-07-08,MT,24804,921,129578,108,3484466,3561482,51,6.8,168667,130499,38168,1170.43,7959.0,6663.57,37.29,6700.86,1258.14,-39.2286,26.8,-0.2286,26.57,-65.8,-156.7086,-20.1577,13.43,0.0071,47358.66,258.6,36383.17,36641.77,10716.89
2020-07-09,MT,26396,961,138127,109,3484466,3561482,51,6.8,179493,139088,40405,1101.43,7489.71,6382.71,36.57,6419.29,1070.43,-316.3143,-193.5143,0.171,-193.3429,-122.9714,-167.6743,-10.0114,18.06,0.0069,50398.4,269.83,38783.57,39053.41,11345.0
2020-07-10,MT,27636,1026,144722,110,3484466,3561482,51,6.8,187925,145748,42177,1028.71,6995.29,6067.86,35.43,6103.29,892.0,-459.2857,-292.6857,-0.2857,-292.9714,-166.3143,-137.28,34.91,22.09,0.007,52765.96,288.08,40635.33,40923.41,11842.54
2020-07-11,MT,28526,1047,150066,111,3484466,3561482,51,6.8,193977,151113,42864,916.0,6228.71,5534.0,37.29,5571.29,657.43,-558.0,-378.3143,0.371,-377.9429,-180.0571,-107.2114,54.86,19.99,0.0069,54465.25,293.98,42135.83,42429.81,12035.44
2020-07-12,MT,28791,1077,153309,112,3484466,3561482,51,6.8,195779,154386,41393,818.86,5568.29,5092.71,39.29,5132.0,436.29,-587.7143,-389.4286,0.257,-389.1714,-198.5429,39.99,72.87,18.76,0.007,54971.22,302.4,43046.41,43348.81,11622.41
2020-07-13,MT,29279,1105,158000,113,3484466,3561482,51,6.8,199097,159105,39992,760.14,5169.0,4772.0,39.14,4811.14,357.86,-575.2857,-369.3143,0.486,-368.8286,-206.4571,117.58,79.8,-0.731,0.0069,55902.85,310.26,44363.55,44673.82,11229.03
2020-07-14,MT,29918,1157,161553,114,3484466,3561482,51,6.8,203442,162710,40732,669.29,4551.14,4435.57,37.86,4473.43,77.71,-116.3714,-14.6857,0.286,-14.4,-101.9714,196.7,83.77,-10.3417,0.0071,57122.85,324.86,45361.17,45686.04,11436.81
2020-07-15,MT,30536,1196,165227,115,3484466,3561482,51,6.8,207645,166423,41222,605.71,4118.86,4221.29,37.86,4259.14,-140.2857,128.6,166.97,0.171,167.14,-38.5429,261.7,31.26,-23.4809,0.0072,58302.98,335.82,46392.77,46728.58,11574.4
2020-07-16,MT,31717,1235,171531,116,3484466,3561482,51,6.8,215676,172766,42910,830.43,5646.86,5460.57,38.71,5499.29,147.57,425.49,407.51,0.0286,407.54,17.94,311.63,3.15,-30.5042,0.0071,60557.94,346.77,48162.82,48509.58,12048.36
2020-07-17,MT,32321,1291,175771,117,3484466,3561482,51,6.8,219783,177062,42721,913.43,6211.29,5927.57,40.14,5967.71,243.57,720.8,534.63,0.371,535.0,185.8,196.27,-44.5303,-36.5895,0.0073,61711.11,362.49,49353.33,49715.82,11995.29
2020-07-18,MT,32766,1312,179615,118,3484466,3561482,51,6.8,222809,180927,41882,1073.0,7296.43,6809.57,39.29,6848.86,447.57,982.89,684.71,-0.0571,684.66,298.23,133.32,-72.7246,-21.5534,0.0073,62560.75,368.39,50432.66,50801.04,11759.71
2020-07-19,MT,34604,1348,191533,119,3484466,3561482,51,6.8,235307,192881,42426,1199.29,8155.14,7108.71,39.71,7148.43,1006.71,864.97,539.86,-0.1714,539.69,325.29,-25.9543,-99.1783,-13.824,0.007,66069.97,378.49,53779.02,54157.51,11912.46
2020-07-20,MT,35673,1386,199493,120,3484466,3561482,51,6.8,242576,200879,41697,1328.43,9033.29,7644.86,37.57,7682.43,1350.86,795.2,438.2,-0.3714,437.83,357.37,-101.92,-76.5109,8.29,0.0069,68110.97,389.16,56014.04,56403.21,11707.77
2020-07-21,MT,37429,1432,209220,121,3484466,3561482,51,6.8,254517,210652,43865,1466.43,9971.71,8159.86,37.86,8197.71,1774.0,295.71,57.31,-0.2,57.11,238.6,-184.2571,-65.9714,17.58,0.0068,71463.79,402.08,58745.21,59147.29,12316.5
2020-07-22,MT,38931,1474,214988,122,3484466,3561482,51,6.8,264731,216462,48269,1498.14,10187.29,8118.57,38.29,8156.86,2030.43,211.2,85.11,0.0,85.11,126.09,-186.2857,-3.072,27.0,0.0068,74331.7,413.87,60364.76,60778.63,13553.07
2020-07-23,MT,41016,1498,225045,123,3484466,3561482,51,6.8,278909,226543,52366,1290.43,8775.0,7096.14,38.29,7134.43,1640.57,61.6,19.29,0.143,19.43,42.17,-196.5371,15.17,23.41,0.0066,78312.62,420.61,63188.58,63609.19,14703.43
2020-07-24,MT,42586,1556,232890,124,3484466,3561482,51,6.8,289585,234446,55139,1354.57,9211.14,7534.29,39.71,7574.0,1637.14,-66.4571,-27.6286,0.371,-27.2571,-39.2,-41.3143,35.84,23.41,0.0066,81310.25,436.9,65391.32,65828.21,15482.04
2020-07-25,MT,43253,1580,236445,125,3484466,3561482,51,6.8,294120,238025,56095,1373.71,9341.29,7741.29,38.29,7779.57,1561.71,-187.4857,-61.9714,0.8,-61.1714,-126.3143,-26.0743,40.52,1.75,0.0066,82583.6,443.64,66389.5,66833.13,15750.47
2020-07-26,MT,43637,1616,241206,126,3484466,3561482,51,6.8,296732,242822,53910,1417.57,9639.43,8021.71,39.71,8061.43,1578.0,89.14,162.34,0.514,162.86,-73.7143,-5.0571,51.07,-2.6795,0.0067,83317.0,453.74,67726.3,68180.04,15136.96
2020-07-27,MT,45155,1664,252233,127,3484466,3561482,51,6.8,307054,253897,53157,1360.29,9249.86,7808.71,42.29,7851.0,1398.86,80.83,168.34,0.514,168.86,-88.0286,16.33,5.7,-6.5303,0.0066,86215.23,467.22,70822.48,71289.7,14925.53
2020-07-28,MT,47045,1700,263409,128,3484466,3561482,51,6.8,319906,265109,54797,1356.0,9220.71,7907.86,40.86,7948.71,1272.0,36.31,123.34,0.514,123.86,-87.5429,58.79,1.77,-8.5929,0.0064,89823.84,477.33,73960.5,74437.83,15386.01
2020-07-29,MT,48854,1752,271140,129,3484466,3561482,51,6.8,332207,272892,59315,1414.0,9615.29,8376.0,42.29,8418.29,1197.0,15.17,138.17,-0.4286,137.74,-122.5714,-12.8114,3.19,-13.1527,0.0064,93277.74,491.93,76131.23,76623.16,16654.58
2020-07-30,MT,50538,1794,279706,130,3484466,3561482,51,6.8,343658,281500,62158,1400.43,9522.86,8358.0,40.86,8398.86,1124.0,106.49,166.2,0.0286,166.23,-59.7429,-17.2171,-2.4423,0.056,0.0064,96492.98,503.72,78536.41,79040.13,17452.85
2020-07-31,MT,52078,1842,288245,131,3484466,3561482,51,6.8,354130,290087,64043,1428.71,9715.29,8712.57,37.57,8750.14,965.14,25.09,118.6,-0.7143,117.89,-92.8,10.89,-14.6971,0.622,0.0063,99433.33,517.2,80934.0,81451.2,17982.12
2020-08-01,MT,53151,1876,295077,132,3484466,3561482,51,6.8,361427,296953,64474,1438.57,9782.29,8639.71,42.43,8682.14,1100.14,-5.2571,85.09,-1.1143,83.97,-89.2286,4.11,5.98,-1.2706,0.0063,101482.19,526.75,82852.31,83379.05,18103.14
2020-08-02,MT,53440,1902,299712,133,3484466,3561482,51,6.8,363392,301614,61778,1374.43,9346.14,8500.86,37.29,8538.14,808.0,90.74,164.09,-0.7714,163.31,-72.5714,-14.6914,4.88,0.215,0.0063,102033.93,534.05,84153.73,84687.78,17346.15
2020-08-03,MT,55156,1927,313221,134,3484466,3561482,51,6.8,375061,315148,59913,1410.14,9589.0,8801.43,36.71,8838.14,750.86,35.74,67.34,-0.4,66.94,-31.2,17.09,-3.1646,2.57,0.0061,105310.37,541.07,87946.82,88487.88,16822.49
2020-08-04,MT,57115,1997,323887,135,3484466,3561482,51,6.8,388382,325884,62498,1467.14,9976.57,9178.43,37.0,9215.43,761.14,33.03,108.51,-1.4857,107.03,-74.0,7.19,-1.3669,-3.9065,0.0061,109050.67,560.72,90941.64,91502.36,17548.31
2020-08-05,MT,58475,2013,330646,136,3484466,3561482,51,6.8,397630,332659,64971,1455.0,9894.0,9049.29,35.57,9084.86,809.14,110.54,122.09,0.457,122.54,-12.0,-4.9371,-1.856,-2.4325,0.0061,111647.34,565.21,92839.44,93404.66,18242.69
2020-08-06,MT,60409,2051,341316,137,3484466,3561482,51,6.8,410781,343367,67414,1462.86,9947.43,9182.29,35.0,9217.29,730.14,30.69,38.2,-0.4286,37.77,-7.0857,-2.72,-13.552,-1.5415,0.006,115339.91,575.88,95835.39,96411.27,18928.64
2020-08-07,MT,62348,2101,352494,138,3484466,3561482,51,6.8,423966,354595,69371,1455.71,9898.86,9111.29,39.57,9150.86,748.0,66.06,67.57,-0.2286,67.34,-1.2857,-23.9714,-7.2811,-1.1984,0.0059,119042.02,589.92,98973.97,99563.89,19478.13
2020-08-08,MT,63336,2125,358422,139,3484466,3561482,51,6.8,430685,360547,70138,1432.71,9742.43,8992.43,34.57,9027.0,715.43,22.14,21.2,0.0571,21.26,0.886,-50.6686,-10.872,1.03,0.0059,120928.59,596.66,100638.44,101235.1,19693.49
2020-08-09,MT,63680,2147,363988,140,3484466,3561482,51,6.8,433024,366135,66889,1515.71,10306.86,9516.29,35.86,9552.14,754.71,-86.8286,-82.6857,-0.2857,-82.9714,-3.8571,-29.2171,-7.3589,5.18,0.0059,121585.34,602.84,102201.27,102804.11,18781.23
2020-08-10,MT,65346,2204,377000,141,3484466,3561482,51,6.8,444353,379204,65149,1471.29,10004.71,9155.29,35.86,9191.14,813.57,-142.8,-88.9143,-1.1143,-90.0286,-52.7714,-59.2971,3.27,2.46,0.0058,124766.32,618.84,105854.81,106473.65,18292.67
2020-08-11,MT,67144,2239,386834,142,3484466,3561482,51,6.8,456579,389073,67506,1399.0,9513.29,8768.86,33.57,8802.43,710.86,-115.4,-63.9429,-0.3429,-64.2857,-51.1143,-39.5143,12.36,5.23,0.0058,128199.16,628.67,108616.02,109244.69,18954.47
2020-08-12,MT,69085,2264,397260,143,3484466,3561482,51,6.8,469778,399524,70254,1350.71,9184.86,8666.71,34.0,8700.71,484.14,-230.4286,-152.6,-1.1143,-153.7143,-76.7143,-7.6229,5.02,3.38,0.0057,131905.2,635.69,111543.45,112179.14,19726.06
2020-08-13,MT,70708,2302,405403,144,3484466,3561482,51,6.8,480814,407705,73109,1347.86,9165.43,8672.71,32.86,8705.57,459.86,-175.4286,-67.9714,-1.5143,-69.4857,-105.9429,11.15,15.28,-0.0178,0.0056,135003.91,646.36,113829.86,114476.22,20527.69
2020-08-14,MT,72141,2336,413876,145,3484466,3561482,51,6.8,490559,416212,74347,1346.29,9154.71,8753.29,30.29,8783.57,371.14,-124.9429,-10.6,-0.5143,-11.1143,-113.8286,-4.12,9.57,-2.68,0.0056,137740.13,655.91,116208.93,116864.83,20875.3
2020-08-15,MT,72791,2363,419089,146,3484466,3561482,51,6.8,494979,421452,73527,1342.29,9127.57,8815.43,28.29,8843.71,283.86,-87.0286,37.46,-0.6286,36.83,-123.8571,17.1,3.18,-0.1646,0.0056,138981.19,663.49,117672.64,118336.13,20645.06
2020-08-16,MT,73115,2377,424697,147,3484466,3561482,51,6.8,497182,427074,70108,1307.14,8888.57,8715.86,31.0,8746.86,141.71,-136.0,59.97,-0.7429,59.23,-195.2286,8.31,-1.0354,-2.5925,0.0056,139599.75,667.42,119247.27,119914.69,19685.06
2020-08-17,MT,74770,2416,438273,148,3484466,3561482,51,6.8,508436,440689,67747,1286.71,8749.71,8854.0,30.86,8884.86,-135.1429,-144.9429,-15.0857,-0.4857,-15.5714,-129.3714,8.28,4.2,-0.317,0.0055,142759.67,678.37,123059.16,123737.53,19022.14
2020-08-18,MT,76540,2437,448542,149,3484466,3561482,51,6.8,520472,450979,69493,1247.86,8485.43,8972.57,29.14,9001.71,-516.2857,-133.8571,-32.6,-0.0857,-32.6857,-101.1714,5.98,2.32,0.419,0.0054,146139.16,684.27,125942.51,126626.78,19512.38
2020-08-19,MT,78235,2481,458271,150,3484466,3561482,51,6.8,531998,460752,71246,1239.71,8430.0,8677.86,27.86,8705.71,-275.7143,-83.5429,-4.2571,-0.5429,-4.8,-78.7429,16.86,7.98,0.985,0.0054,149375.46,696.62,128674.24,129370.86,20004.59
2020-08-20,MT,79715,2518,467381,151,3484466,3561482,51,6.8,542062,469899,72163,1243.86,8458.29,8652.43,27.86,8680.29,-222.0,-57.1429,-39.3714,0.0,-39.3714,-17.7714,28.68,5.28,-0.6247,0.0054,152201.25,707.01,131232.17,131939.18,20262.07
2020-08-21,MT,80876,2540,476684,152,3484466,3561482,51,6.8,549957,479224,70733,1245.71,8470.86,8694.57,28.29,8722.86,-252.0,-51.6857,-104.8857,-0.4857,-105.3714,53.69,48.22,3.89,-1.5888,0.0053,154418.02,713.19,133844.28,134557.47,19860.55
2020-08-22,MT,81469,2558,479834,153,3484466,3561482,51,6.8,553989,482392,71597,1244.71,8464.0,8657.14,30.86,8688.0,-224.0,-1.5429,-15.8286,-0.1714,-16.0,14.46,34.66,1.07,-5.5173,0.0053,155550.13,718.24,134728.74,135446.99,20103.15
2020-08-23,MT,81822,2572,485264,154,3484466,3561482,51,6.8,556390,487836,68554,1209.86,8227.0,8448.14,26.71,8474.86,-247.8571,107.23,30.97,0.114,31.09,76.14,25.42,-5.6274,-5.0533,0.0053,156224.29,722.17,136253.39,136975.56,19248.73
2020-08-24,MT,83490,2614,499135,155,3484466,3561482,51,6.8,567732,501749,65983,1238.57,8422.29,8598.71,27.0,8625.71,-203.4286,89.77,39.2,0.0,39.2,50.57,22.23,-19.6057,-4.9307,0.0052,159408.92,733.96,140148.12,140882.08,18526.84
2020-08-25,MT,85253,2653,509142,156,3484466,3561482,51,6.8,579720,511795,67925,1322.71,8994.43,8807.29,28.43,8835.71,158.71,69.94,53.37,-0.3143,53.06,16.89,0.543,-19.9897,-3.5038,0.0052,162774.93,744.91,142957.9,143702.82,19072.12
2020-08-26,MT,86704,2668,517408,157,3484466,3561482,51,6.8,589587,520076,69511,1311.71,8919.71,8890.57,28.29,8918.86,0.857,59.46,-76.5429,0.286,-76.2571,135.71,-49.8114,-20.7657,-0.8096,0.0051,165545.41,749.13,145278.85,146027.97,19517.44
2020-08-27,MT,88385,2707,527572,158,3484466,3561482,51,6.8,601018,530279,70739,1296.14,8813.71,8924.0,29.29,8953.29,-139.5714,1.17,-101.2571,-0.1429,-101.4,102.57,-65.2857,-16.4457,3.81,0.0051,168755.03,760.08,148132.72,148892.79,19862.24
2020-08-28,MT,90135,2739,538335,159,3484466,3561482,51,6.8,612918,541074,71844,1253.57,8524.29,8065.43,28.14,8093.57,430.71,-141.8286,-165.7429,0.0286,-165.7143,23.89,-78.4114,-9.6754,5.58,0.0051,172096.34,769.06,151154.77,151923.83,20172.5
2020-08-29,MT,90651,2756,542068,160,3484466,3561482,51,6.8,616427,544824,71603,1239.43,8428.14,8092.43,26.29,8118.71,309.43,-236.6571,-275.3429,-0.3429,-275.6857,39.03,-60.0,-0.568,7.92,0.0051,173081.6,773.84,152202.93,152976.77,20104.83
2020-08-30,MT,90895,2777,547732,161,3484466,3561482,51,6.8,618086,550509,67577,1218.43,8285.29,7978.57,28.57,8007.14,278.14,-322.1143,-402.1714,-0.6,-402.7714,80.66,-47.8343,7.91,6.0,0.005,173547.42,779.73,153793.28,154573.01,18974.4
2020-08-31,MT,92265,2811,555593,162,3484466,3561482,51,6.8,627402,558404,68998,1137.71,7736.43,7513.86,26.57,7540.43,196.0,-240.5429,-164.6286,-0.3714,-165.0,-75.5429,-52.6514,18.85,5.02,0.005,176163.18,789.28,156000.51,156789.79,19373.4
2020-09-01,MT,93929,2837,565789,163,3484466,3561482,51,6.8,638717,568626,70091,1059.29,7203.14,6913.14,26.29,6939.43,263.71,-238.0,-178.0,-0.1714,-178.1714,-59.8286,-25.7543,13.54,6.35,0.005,179340.23,796.58,158863.36,159659.94,19680.29
2020-09-02,MT,95233,2868,573258,164,3484466,3561482,51,6.8,647584,576126,71458,1076.71,7321.57,7242.29,26.29,7268.57,53.0,-405.0857,-183.6857,-0.9429,-184.6286,-220.4571,15.82,15.42,3.95,0.005,181829.92,805.28,160960.52,161765.8,20064.12
2020-09-03,MT,96349,2893,580169,165,3484466,3561482,51,6.8,655173,583062,72111,1064.43,7238.14,7202.43,25.43,7227.86,10.29,-365.4286,-48.5714,-0.3714,-48.9429,-316.4857,7.7,31.16,0.685,0.005,183960.78,812.3,162901.01,163713.31,20247.47
2020-09-04,MT,97550,2923,586727,166,3484466,3561482,51,6.8,663340,589650,73690,920.57,6259.86,7060.14,23.86,7084.0,-824.1429,-243.0286,106.54,-0.3429,106.2,-349.2286,29.26,27.66,1.1,0.005,186253.92,820.73,164742.37,165563.1,20690.82
2020-09-05,MT,98188,2940,592764,167,3484466,3561482,51,6.8,667678,595704,71974,869.0,5909.29,7271.0,24.71,7295.71,-1386.4286,-202.0286,83.71,-0.1143,83.6,-285.6286,103.17,22.27,-1.8633,0.0049,187471.96,825.5,166437.45,167262.95,20209.0
2020-09-06,MT,98346,2955,598149,168,3484466,3561482,51,6.8,668753,601104,67649,880.57,5988.0,7445.86,24.57,7470.43,-1482.4286,-91.7143,175.2,-0.2286,174.97,-266.6857,112.56,19.04,-9.9328,0.0049,187773.8,829.71,167949.47,168779.18,18994.62
2020-09-07,MT,98709,2978,605014,169,3484466,3561482,51,6.8,671221,607992,63229,928.14,6311.43,7660.86,25.71,7686.57,-1375.1429,110.77,172.14,0.114,172.26,-61.4857,127.17,6.1,-10.7248,0.0049,188466.77,836.17,169877.03,170713.2,17753.56
2020-09-08,MT,100012,3010,616686,170,3484466,3561482,51,6.8,680082,619696,60386,997.0,6779.57,8078.43,24.29,8102.71,-1323.1429,197.37,121.26,0.0571,121.31,76.06,102.89,-18.4994,-13.5712,0.0049,190954.78,845.15,173154.32,173999.48,16955.3
2020-09-09,MT,101397,3040,625379,171,3484466,3561482,51,6.8,689500,628419,61081,1002.0,6813.71,7920.86,24.43,7945.29,-1131.5714,392.83,239.4,0.2,239.6,153.23,59.77,-25.9611,-10.9877,0.0048,193599.18,853.58,175595.16,176448.74,17150.44
2020-09-10,MT,102846,3073,633795,172,3484466,3561482,51,6.8,699353,636868,62485,1014.14,6896.14,7877.29,25.0,7902.29,-1006.1429,312.4,70.06,-0.5143,69.54,242.86,10.67,-45.5851,-5.2834,0.0048,196365.73,862.84,177958.22,178821.06,17544.66
2020-09-11,MT,104529,3093,643276,173,3484466,3561482,51,6.8,710797,646369,64428,1169.43,7952.14,8642.86,25.57,8668.43,-716.2857,207.11,-34.8571,-0.1714,-35.0286,242.14,-17.2457,-35.9017,2.0,0.0048,199579.0,868.46,180620.31,181488.77,18090.22
2020-09-12,MT,105202,3111,648210,174,3484466,3561482,51,6.8,715374,651321,64053,1157.86,7873.43,8011.14,23.14,8034.29,-160.8571,164.14,-23.4286,-0.5143,-23.9429,188.09,-100.7543,-20.3154,5.28,0.0048,200864.13,873.51,182005.69,182879.21,17984.93
2020-09-13,MT,105445,3130,653290,175,3484466,3561482,51,6.8,717026,656420,60606,1149.29,7815.14,7904.14,23.43,7927.57,-112.4286,111.14,-37.8571,-0.5714,-38.4286,149.57,-76.6229,-8.5143,14.39,0.0048,201327.99,878.85,183432.07,184310.91,17017.07
2020-09-14,MT,106895,3157,665514,176,3484466,3561482,51,6.8,726886,668671,58215,1122.71,7634.43,7803.71,21.86,7825.57,-191.1429,-110.9429,-207.1429,-0.8,-207.9429,97.0,-41.8114,0.448,10.48,0.0047,204096.5,886.43,186864.34,187750.77,16345.72
2020-09-15,MT,108117,3172,672764,177,3484466,3561482,51,6.8,735196,675936,59260,1095.86,7451.86,7688.0,22.14,7710.14,-258.2857,-70.7143,-71.4286,-0.3714,-71.8,1.09,-31.8971,26.36,5.01,0.0047,206429.8,890.64,188900.01,189790.65,16639.14
2020-09-16,MT,109442,3204,680708,178,3484466,3561482,51,6.8,744206,683912,60294,1087.86,7397.43,7607.14,21.57,7628.71,-231.2857,-1.9429,7.46,-0.6857,6.77,-8.7143,-15.0057,16.5,2.28,0.0047,208959.64,899.63,191130.55,192030.17,16929.47
2020-09-17,MT,110705,3226,688421,179,3484466,3561482,51,6.8,752794,691647,61147,1105.86,7519.86,7654.0,21.29,7675.29,-155.4286,4.66,8.91,-0.2,8.71,-4.0571,31.05,4.72,-1.3712,0.0047,211371.0,905.8,193296.22,194202.02,17168.98
2020-09-18,MT,112200,3248,697092,180,3484466,3561482,51,6.8,762960,700340,62620,1147.86,7805.43,7941.43,20.0,7961.43,-156.0,36.11,189.23,-0.6571,188.57,-152.4571,5.86,2.87,-8.0041,0.0046,214225.43,911.98,195730.88,196642.86,17582.57
2020-09-19,MT,112817,3262,701460,181,3484466,3561482,51,6.8,767156,704722,62434,1126.14,7657.71,7848.29,20.86,7869.14,-211.4286,44.29,41.49,-0.8,40.69,3.6,-18.1886,-6.408,-4.3947,0.0046,215403.59,915.91,196957.33,197873.24,17530.34
2020-09-20,MT,113186,3279,706868,182,3484466,3561482,51,6.8,769665,710147,59518,1122.43,7632.43,8634.14,18.86,8653.0,-1020.5714,-41.4,4.14,-0.6286,3.51,-44.9143,-17.56,-13.6606,-1.1573,0.0046,216108.07,920.68,198475.8,199396.49,16711.58
2020-09-21,MT,114930,3297,721104,183,3484466,3561482,51,6.8,781524,724401,57123,1120.43,7618.86,7814.57,17.57,7832.14,-213.2857,-92.8857,-37.6571,-0.2286,-37.8857,-55.0,-47.0457,-5.4766,-0.8798,0.0046,219437.86,925.74,202473.02,203398.75,16039.11
2020-09-22,MT,116000,3318,727702,184,3484466,3561482,51,6.8,788800,731020,57780,1075.43,7312.86,7674.71,18.14,7692.86,-380.0,-83.1429,-37.7143,-0.7143,-38.4286,-44.7143,-37.2571,-1.0617,3.91,0.0045,221480.83,931.63,204325.62,205257.25,16223.58
2020-09-23,MT,117299,3336,741147,185,3484466,3561482,51,6.8,797633,744483,53150,1079.57,7341.0,7753.14,18.86,7772.0,-431.0,-199.1143,-313.6571,-0.1714,-313.8286,114.71,-21.52,-1.5314,4.06,0.0045,223960.98,936.69,208100.73,209037.42,14923.56
2020-09-24,MT,118548,3349,743123,186,3484466,3561482,51,6.8,806126,746472,59654,1065.0,7242.0,7659.71,17.29,7677.0,-435.0,-142.0,-103.9143,0.114,-103.8,-38.2,-23.4971,13.15,1.92,0.0045,226345.66,940.34,208655.55,209595.89,16749.77
2020-09-25,MT,119728,3375,750815,187,3484466,3561482,51,6.8,814150,754190,59960,976.0,6636.86,7065.86,18.0,7083.86,-447.0,-149.0,-303.0286,-0.1714,-303.2,154.2,-25.2171,6.66,1.52,0.0045,228598.66,947.64,210815.33,211762.97,16835.69
2020-09-26,MT,120374,3394,755732,188,3484466,3561482,51,6.8,818543,759126,59417,1016.0,6908.86,7295.0,18.14,7313.14,-404.2857,-210.3714,-225.8571,-0.0571,-225.9143,15.54,18.69,4.1,1.86,0.0045,229832.13,952.97,212195.93,213148.91,16683.22
2020-09-27,MT,120641,3400,760486,189,3484466,3561482,51,6.8,820359,763886,56473,965.86,6567.86,6159.57,17.29,6176.86,391.0,-209.2286,-82.2286,0.0571,-82.1714,-127.0571,-3.9714,6.54,-3.3506,0.0045,230342.03,954.66,213530.77,214485.43,15856.6
2020-09-28,MT,121762,3423,770565,190,3484466,3561482,51,6.8,827982,773988,53994,924.86,6289.14,6623.86,18.57,6642.43,-353.2857,-105.6857,-149.4571,-0.0857,-149.5429,43.86,-1.0171,7.78,-1.1787,0.0044,232482.43,961.12,216360.77,217321.89,15160.54
2020-09-29,MT,123112,3445,778767,191,3484466,3561482,51,6.8,837162,782212,54950,911.14,6195.86,7248.57,17.57,7266.14,-1070.2857,-161.8571,-174.6571,0.171,-174.4857,12.63,9.19,-3.6069,-0.7529,0.0044,235060.01,967.29,218663.75,219631.04,15428.97
2020-09-30,MT,124060,3457,784264,192,3484466,3561482,51,6.8,843608,787721,55887,898.29,6108.43,6318.57,17.57,6336.14,-227.7143,-154.0857,-4.6571,0.0286,-4.6286,-149.4571,13.67,0.763,-1.1746,0.0044,236869.93,970.66,220207.21,221177.87,15692.06
2020-10-01,MT,125022,3479,789490,193,3484466,3561482,51,6.8,850150,792969,57181,897.0,6099.57,6421.71,19.0,6440.71,-341.1429,-164.4,-213.2286,-0.3143,-213.5429,49.14,0.651,0.336,-2.7888,0.0044,238706.81,976.84,221674.57,222651.41,16055.39
2020-10-02,MT,126106,3498,801555,194,3484466,3561482,51,6.8,857521,805053,52468,852.57,5797.43,6136.29,17.43,6153.71,-356.2857,-140.8857,-327.4571,-0.1143,-327.5714,186.69,-0.1543,0.665,-0.8974,0.0043,240776.45,982.18,225062.21,226044.38,14732.07
2020-10-03,MT,126662,3517,799962,195,3484466,3561482,51,6.8,861302,803479,57823,804.0,5467.14,5557.71,17.0,5574.71,-107.5714,-102.4286,-85.8,-0.4571,-86.2571,-16.1714,0.663,-6.1669,-0.8519,0.0044,241838.09,987.51,224614.92,225602.43,16235.66
2020-10-04,MT,126920,3533,805438,196,3484466,3561482,51,6.8,863056,808971,54085,807.57,5491.43,5611.29,17.0,5628.29,-136.8571,-162.6286,-300.1714,-0.8286,-301.0,138.37,12.52,-8.0937,-1.0944,0.0044,242330.58,992.0,226152.48,227144.49,15186.09
2020-10-05,MT,127730,3545,813519,197,3484466,3561482,51,6.8,868564,817064,51500,823.0,5596.29,5889.57,15.29,5904.86,-308.5714,-150.7714,-126.9429,-0.7143,-127.6571,-23.1143,-17.1657,-3.496,-1.7685,0.0043,243877.13,995.37,228421.48,229416.86,14460.27
2020-10-06,MT,128740,3564,817671,198,3484466,3561482,51,6.8,875432,821235,54197,777.43,5286.43,4920.86,14.86,4935.71,350.71,-101.8,-54.4,-0.8571,-55.2571,-46.5429,-39.8171,-5.136,2.87,0.0043,245805.54,1000.71,229587.29,230588.0,15217.54
2020-10-07,MT,129713,3576,823543,199,3484466,3561482,51,6.8,882048,827119,54929,741.71,5043.57,5501.57,13.86,5515.43,-471.8571,-226.7143,-167.4,-0.8286,-168.2286,-58.4857,-17.6343,-8.1771,5.18,0.0043,247663.19,1004.08,231236.04,232240.12,15423.07
2020-10-08,MT,130783,3586,830717,200,3484466,3561482,51,6.8,889324,834303,55021,729.14,4958.14,5285.71,12.71,5298.43,-340.2857,-301.5143,-130.6857,-0.3143,-131.0,-170.5143,-25.0171,8.18,3.62,0.0043,249706.16,1006.88,233250.37,234257.26,15448.91
2020-10-09,MT,131548,3602,836001,201,3484466,3561482,51,6.8,894526,839603,54923,640.86,4357.86,4774.29,12.86,4787.14,-429.2857,-250.8,51.66,-0.0857,51.57,-302.3714,-28.3657,17.83,5.11,0.0043,251166.79,1011.38,234734.02,235745.4,15421.39
2020-10-10,MT,131854,3614,838473,202,3484466,3561482,51,6.8,896607,842087,54520,601.29,4088.71,5236.14,13.71,5249.86,-1161.1429,-275.8571,-158.6286,0.286,-158.3429,-117.5143,23.74,14.62,5.38,0.0043,251751.1,1014.75,235428.12,236442.86,15308.23
2020-10-11,MT,132024,3622,842438,203,3484466,3561482,51,6.8,897763,846060,51703,593.0,4032.43,5179.14,14.43,5193.57,-1161.1429,-243.6286,-137.0286,0.343,-136.6857,-106.9429,49.31,20.44,-1.0951,0.0043,252075.68,1016.99,236541.42,237558.41,14517.27
2020-10-12,MT,132216,3635,846939,204,3484466,3561482,51,6.8,899069,850574,48495,538.86,3664.29,4708.43,15.29,4723.71,-1059.4286,-108.0286,-23.8,0.229,-23.5714,-84.4571,55.48,18.71,-4.3561,0.0043,252442.38,1020.64,237805.22,238825.86,13616.52
2020-10-13,MT,132949,3660,854324,205,3484466,3561482,51,6.8,904053,857984,46069,550.0,3740.0,4600.57,14.43,4615.0,-875.0,-54.9714,-73.4571,-0.0286,-73.4857,18.51,77.17,2.71,-5.0891,0.0043,253841.8,1027.66,239878.79,240906.45,12935.35
2020-10-14,MT,133864,3677,859797,206,3484466,3561482,51,6.8,910275,863474,46801,561.43,3817.71,4655.29,14.0,4669.29,-851.5714,26.6,-101.2286,-0.1143,-101.3429,127.94,65.17,-3.9554,-7.9186,0.0043,255588.83,1032.44,241415.51,242447.95,13140.88
2020-10-15,MT,134555,3693,863676,207,3484466,3561482,51,6.8,914974,867369,47605,560.86,3813.86,4868.86,13.57,4882.43,-1068.5714,109.97,-69.8,-0.6571,-70.4571,180.43,37.26,-10.8229,-6.6635,0.0043,256908.22,1036.93,242504.67,243541.59,13366.63
2020-10-16,MT,135398,3703,868205,208,3484466,3561482,51,6.8,920706,871908,48798,612.57,4165.43,4673.0,13.86,4686.86,-521.4286,82.2,-51.4286,-0.5714,-52.0,134.2,29.53,-19.1566,-2.4341,0.0042,258517.66,1039.74,243776.33,244816.06,13701.6
2020-10-17,MT,135784,3712,871060,209,3484466,3561482,51,6.8,923331,874772,48559,619.71,4214.14,4359.43,12.0,4371.43,-157.2857,78.29,-37.5429,-0.7143,-38.2571,116.54,1.37,-14.6114,,0.0042,259254.71,1042.26,244577.96,245620.22,13634.49
2020-10-18,MT,135950,3717,876520,210,3484466,3561482,51,6.8,924460,880237,44223,610.43,4151.0,4343.43,11.57,4355.0,-204.0,92.69,-68.2286,-0.7143,-68.9429,161.63,-18.6171,-9.4651,,0.0042,259571.72,1043.67,246111.03,247154.7,12417.02
2020-10-19,MT,136504,3732,879650,211,3484466,3561482,51,6.8,928227,883382,44845,619.0,4209.14,4467.57,10.43,4478.0,-268.8571,33.43,-37.8571,-0.7714,-38.6286,72.06,-7.8914,,,0.0042,260629.42,1047.88,246989.88,248037.76,12591.67
2020-10-20,MT,137287,3744,884840,212,3484466,3561482,51,6.8,933552,888584,44968,629.0,4277.29,4527.71,10.0,4537.71,-260.4286,16.89,-49.5714,-0.3429,-49.9143,66.8,-10.0629,,,0.0042,262124.59,1051.25,248447.14,249498.38,12626.2
2020-10-21,MT,138137,3758,890201,213,3484466,3561482,51,6.8,939332,893959,45373,637.14,4332.57,4483.71,10.0,4493.71,-161.1429,42.74,20.57,-0.2571,20.31,22.43,,,,0.0042,263747.51,1055.18,249952.41,251007.59,12739.92
2020-10-22,MT,138888,3766,894949,214,3484466,3561482,51,6.8,944438,898715,45723,632.14,4298.57,4111.57,10.29,4121.86,176.71,27.97,-40.6571,0.0,-40.6571,68.63,,,,0.0042,265181.18,1057.42,251285.56,252342.99,12838.19
2020-10-23,MT,139801,3773,899899,215,3484466,3561482,51,6.8,950647,903672,46975,641.86,4364.71,4446.29,10.29,4456.57,-91.8571,,,,,,,,,0.0042,266924.56,1059.39,252675.43,253734.82,13189.73
2020-10-24,MT,140244,3782,902446,216,3484466,3561482,51,6.8,953659,906228,47431,639.57,4349.0,4264.29,10.43,4274.71,74.29,,,,,,,,,0.0042,267770.27,1061.92,253390.58,254452.5,13317.77
2020-10-25,MT,140375,3789,905301,217,3484466,3561482,51,6.8,954550,909090,45460,,,,,,,,,,,,,,,0.0042,268020.45,1063.88,254192.22,255256.1,12764.35
2020-10-26,MT,140997,3804,910774,218,3484466,3561482,51,6.8,958780,914578,44202,,,,,,,,,,,,,,,0.0042,269208.16,1068.09,255728.94,256797.03,12411.13
2020-10-27,MT,141764,3817,914690,219,3484466,3561482,51,6.8,963995,918507,45488,,,,,,,,,,,,,,,0.0042,270672.43,1071.74,256828.48,257900.22,12772.21
